#	<x>	stDevX	<E>	stDevE
0	3.14533	0	6.0763	0
1	2.39625	2.77079	5.65032	5.86331
2	2.50664	3.79396	6.9797	8.81824
3	2.74343	4.67292	7.38844	11.2994
4	2.39993	5.27663	7.13907	13.2935
5	2.09365	5.69647	6.31141	14.7376
6	1.94681	6.02996	5.7399	15.8465
7	1.52796	6.20429	5.31919	16.7358
8	1.0866	6.23718	5.73534	17.7059
9	0.540452	6.11611	6.33149	18.8014
10	0.031175	5.86983	7.21674	20.0914
11	0.0900645	5.66819	7.16503	21.2963
12	0.21505	5.52213	6.4647	22.2549
13	0.327352	5.42138	6.01374	23.0579
14	0.388605	5.3479	5.89213	23.8028
15	0.408427	5.28849	5.97618	24.545
16	0.262444	5.20239	5.71758	25.2041
17	0.286278	5.13016	4.90867	25.6608
18	0.298074	5.06762	4.74216	26.074
19	0.320868	5.01609	4.91046	26.5192
20	0.317524	4.96895	4.85849	26.9472
21	0.318827	4.92663	5.05241	27.4099
22	0.356105	4.89595	5.24633	27.9051
23	0.381751	4.87368	5.37094	28.4166
24	0.463077	4.87011	5.45013	28.9347
25	0.569132	4.88881	5.82018	29.5148
26	0.624311	4.91888	5.60087	30.0423
27	0.665053	4.95697	5.63775	30.5674
28	0.595629	4.98255	5.459	31.051
29	0.58058	5.00594	5.28962	31.4968
30	0.54382	5.02336	4.51406	31.7994
31	0.527803	5.03865	4.03	32.0161
32	0.529558	5.05492	3.60167	32.1601
33	0.552454	5.07566	3.26957	32.2506
34	0.506203	5.08912	2.97651	32.2962
35	0.482588	5.0993	2.85309	32.3263
36	0.458362	5.10619	2.67138	32.332
37	0.434415	5.10993	2.70083	32.3477
38	0.389997	5.10739	2.73209	32.3732
39	0.416865	5.10988	2.67893	32.3947
40	0.424853	5.1143	2.56024	32.4022
41	0.435686	5.12097	2.41652	32.3921
42	0.464232	5.13248	2.39627	32.3834
43	0.51918	5.15257	2.5245	32.3982
44	0.567662	5.17999	2.5223	32.4163
45	0.564161	5.20691	2.49437	32.4337
46	0.547553	5.23145	2.50905	32.4564
47	0.534071	5.25412	2.48533	32.4788
48	0.556826	5.28009	2.60969	32.5216
49	0.539099	5.30359	2.66419	32.5745
50	0.559022	5.32989	2.66167	32.629
51	0.574028	5.35824	2.72044	32.6936
52	0.554484	5.38388	2.82146	32.7736
53	0.543023	5.40795	2.89752	32.8651
54	0.499065	5.42616	2.92611	32.9615
55	0.5084	5.44571	2.94761	33.0616
56	0.531412	5.46836	2.90532	33.157
57	0.533948	5.49135	2.79958	33.2394
58	0.51902	5.51242	2.74764	33.3161
59	0.531254	5.53509	2.70698	33.3886
60	0.500876	5.5539	2.63921	33.4535
61	0.478921	5.56999	2.54786	33.508
62	0.454587	5.58315	2.47477	33.5546
63	0.406502	5.59047	2.42414	33.5963
64	0.372974	5.59388	2.36851	33.6325
65	0.389885	5.59962	2.42756	33.6772
66	0.396388	5.60638	2.32595	33.7108
67	0.370424	5.61021	2.32703	33.7458
68	0.400811	5.61792	2.33162	33.7827
69	0.431718	5.62946	2.37253	33.8256
70	0.432904	5.64126	2.3793	33.8703
71	0.432249	5.65309	2.40715	33.9193
72	0.426073	5.6643	2.44156	33.9732
73	0.41901	5.6748	2.45822	34.0299
74	0.42332	5.68591	2.50296	34.0925
75	0.411218	5.69574	2.55604	34.1617
76	0.420234	5.70671	2.56065	34.232
77	0.440405	5.72003	2.65719	34.3136
78	0.443876	5.7338	2.71709	34.4023
79	0.444628	5.74771	2.77754	34.498
80	0.449018	5.76215	2.86016	34.6029
81	0.459979	5.77783	2.92676	34.7151
82	0.495164	5.79736	2.94297	34.829
83	0.483814	5.81565	2.90295	34.9384
84	0.442818	5.82949	2.92448	35.0501
85	0.452995	5.84446	2.9257	35.1617
86	0.456748	5.85986	2.91989	35.2727
87	0.4475	5.87428	2.93471	35.3851
88	0.451008	5.8891	2.99683	35.5039
89	0.456513	5.90452	3.06371	35.6294
90	0.471806	5.92153	3.12187	35.7608
91	0.494795	5.94092	3.17132	35.8969
92	0.482478	5.95901	3.20739	36.0363
93	0.45342	5.97409	3.17136	36.1715
94	0.454823	5.98931	3.10402	36.2994
95	0.440619	6.0031	3.03384	36.4199
96	0.460036	6.01887	2.97292	36.534
97	0.46804	6.03544	2.87848	36.6383
98	0.45792	6.05098	2.76307	36.731
99	0.44377	6.06511	2.78127	36.8255
100	0.43581	6.07846	2.78158	36.9199
101	0.3883	6.08715	2.92403	37.0284
102	0.337925	6.09095	3.08783	37.1528
103	0.324705	6.09357	3.11214	37.2792
104	0.321277	6.09597	3.14188	37.4081
105	0.296324	6.09607	3.08477	37.5311
106	0.264502	6.09324	3.15672	37.6607
107	0.224813	6.08676	3.25268	37.7991
108	0.197902	6.0779	3.33753	37.9452
109	0.194677	6.06894	3.38322	38.095
110	0.195687	6.06028	3.37186	38.2432
111	0.188684	6.05116	3.38079	38.3916
112	0.173806	6.04084	3.41012	38.5423
113	0.195714	6.03278	3.45293	38.6963
114	0.229701	6.02805	3.55124	38.8589
115	0.240403	6.02446	3.50466	39.0165
116	0.253209	6.02219	3.49069	39.1722
117	0.258627	6.02055	3.48159	39.3264
118	0.264581	6.01956	3.43235	39.4756
119	0.272863	6.01945	3.42153	39.6232
120	0.278941	6.01998	3.44574	39.7724
121	0.275922	6.02034	3.43065	39.9197
122	0.283888	6.02151	3.32455	40.057
123	0.281691	6.02258	3.34419	40.1956
124	0.289658	6.02444	3.13474	40.315
125	0.289862	6.02639	3.13211	40.434
126	0.275675	6.02718	3.12638	40.552
127	0.269714	6.02752	3.08564	40.6662
128	0.270074	6.02798	3.07993	40.7797
129	0.272691	6.02876	3.06273	40.8913
130	0.270773	6.02945	3.02922	40.9998
131	0.274275	6.03052	3.02188	41.1074
132	0.277732	6.03197	3.03578	41.216
133	0.295704	6.03504	3.01225	41.3223
134	0.30588	6.03904	2.98664	41.4263
135	0.314432	6.04383	2.9628	41.5279
136	0.321419	6.04925	2.89548	41.6237
137	0.32609	6.05511	2.83913	41.7145
138	0.340702	6.06225	2.80528	41.8024
139	0.336497	6.06905	2.7853	41.8884
140	0.333354	6.07562	2.8036	41.976
141	0.337598	6.08257	2.81525	42.0644
142	0.343863	6.09007	2.81835	42.1529
143	0.335206	6.09687	2.85083	42.2441
144	0.338004	6.10393	2.87928	42.3375
145	0.339543	6.11114	2.92033	42.4341
146	0.339798	6.11839	2.91211	42.5299
147	0.350781	6.12656	2.9569	42.6292
148	0.344475	6.13424	2.98704	42.7307
149	0.341323	6.14167	3.0008	42.8332
150	0.335678	6.14866	3.0251	42.9374
151	0.331937	6.15537	3.05591	43.044
152	0.324655	6.16152	3.0519	43.1499
153	0.334787	6.1685	3.05686	43.256
154	0.342309	6.1761	3.06425	43.3625
155	0.348636	6.18423	3.06577	43.4689
156	0.340718	6.19174	3.03506	43.5726
157	0.33142	6.19852	3.02961	43.6756
158	0.333232	6.20546	3.03297	43.7787
159	0.35096	6.21382	3.05754	43.8835
160	0.357217	6.22268	3.04377	43.987
161	0.367799	6.23237	3.03767	44.0898
162	0.386314	6.24351	3.05976	44.1941
163	0.401934	6.25585	3.08629	44.3002
164	0.416631	6.26932	3.11194	44.4081
165	0.417301	6.28281	3.11466	44.516
166	0.398846	6.29486	3.07065	44.6202
167	0.397713	6.3068	3.05421	44.723
168	0.398502	6.31879	3.06449	44.8263
169	0.390525	6.33015	3.07869	44.9304
170	0.393316	6.34171	3.08042	45.0345
171	0.395006	6.35339	3.07772	45.1382
172	0.411124	6.36627	3.08252	45.242
173	0.401039	6.37837	3.07918	45.3453
174	0.389847	6.38962	3.08814	45.4491
175	0.380241	6.40012	3.09097	45.5528
176	0.371615	6.40997	3.09203	45.6565
177	0.364502	6.41929	3.07944	45.7589
178	0.378801	6.42967	3.05937	45.8597
179	0.382098	6.44028	3.06596	45.9607
180	0.377513	6.45055	3.08222	46.0627
181	0.372309	6.46042	3.0755	46.1641
182	0.36546	6.46979	3.0693	46.2647
183	0.368492	6.47937	3.09746	46.3673
184	0.363807	6.4886	3.08506	46.4687
185	0.360954	6.49763	3.08007	46.5695
186	0.353139	6.50608	3.09893	46.6715
187	0.342771	6.51378	3.11644	46.7745
188	0.331951	6.5207	3.13794	46.8789
189	0.323133	6.52699	3.15141	46.9841
190	0.323631	6.53332	3.18535	47.0915
191	0.328908	6.54005	3.20084	47.1997
192	0.33075	6.54692	3.20801	47.3082
193	0.321053	6.5531	3.20967	47.4166
194	0.309261	6.55846	3.24183	47.5271
195	0.301998	6.56331	3.26103	47.6386
196	0.288064	6.56718	3.26441	47.7502
197	0.274552	6.57013	3.29528	47.8636
198	0.268022	6.57263	3.27531	47.9754
199	0.265345	6.57498	3.22067	48.0831
200	0.261943	6.57711	3.15987	48.1863
201	0.251003	6.57851	3.12274	48.2866
202	0.239072	6.57911	3.07357	48.3833
203	0.229533	6.57907	3.03507	48.4772
204	0.223088	6.57863	3.02537	48.5701
205	0.219516	6.57798	3.03016	48.6633
206	0.215597	6.5771	3.02961	48.7562
207	0.213596	6.57612	2.99815	48.8469
208	0.210494	6.57497	2.99491	48.9371
209	0.207284	6.57364	2.9653	49.0251
210	0.213406	6.57277	2.96292	49.1129
211	0.204954	6.57137	2.96879	49.2009
212	0.207885	6.57021	2.97131	49.2889
213	0.196254	6.5683	2.98238	49.3775
214	0.192951	6.5662	2.96819	49.4651
215	0.190246	6.56397	2.94021	49.5505
216	0.183034	6.5613	2.95849	49.6371
217	0.176241	6.55821	2.95129	49.7231
218	0.16269	6.55426	2.97757	49.8107
219	0.160548	6.55021	2.95753	49.8969
220	0.155616	6.54589	2.944	49.9819
221	0.149983	6.54124	2.91246	50.0648
222	0.155629	6.53702	2.92292	50.1482
223	0.156361	6.5329	2.92649	50.2317
224	0.150861	6.52847	2.94632	50.3165
225	0.14792	6.52389	2.96524	50.4023
226	0.147614	6.51934	2.97517	50.4887
227	0.146858	6.5148	2.9799	50.5753
228	0.140302	6.50987	2.97718	50.6615
229	0.132538	6.50449	2.95907	50.7465
230	0.132085	6.49913	2.96877	50.8319
231	0.127899	6.49354	2.96019	50.9166
232	0.12664	6.48793	2.94989	51.0005
233	0.131657	6.4827	2.91391	51.082
234	0.139365	6.47803	2.90948	51.163
235	0.133344	6.47301	2.88134	51.2422
236	0.12458	6.46747	2.84775	51.319
237	0.115263	6.46138	2.81286	51.3935
238	0.108239	6.45489	2.79901	51.467
239	0.105716	6.4483	2.79611	51.5402
240	0.108291	6.44192	2.78083	51.6124
241	0.106859	6.43551	2.76937	51.6837
242	0.106118	6.4291	2.73538	51.7528
243	0.102819	6.42254	2.74481	51.8224
244	0.0981372	6.41573	2.75801	51.8928
245	0.0956887	6.40882	2.77772	51.9644
246	0.093981	6.40185	2.7929	52.0369
247	0.0964462	6.3951	2.79825	52.1097
248	0.101076	6.38869	2.8199	52.1837
249	0.101411	6.38235	2.83066	52.2583
250	0.0971468	6.37579	2.82815	52.3327
251	0.0971647	6.36929	2.8353	52.4074
252	0.0993503	6.36297	2.85031	52.483
253	0.0953506	6.35645	2.80235	52.5555
254	0.0943985	6.34993	2.76046	52.6252
255	0.100252	6.34382	2.75674	52.6947
256	0.101287	6.33782	2.73698	52.7629
257	0.100801	6.33183	2.73049	52.8306
258	0.0979416	6.32572	2.69877	52.8963
259	0.101825	6.31989	2.69059	52.9614
260	0.108456	6.31452	2.68274	53.026
261	0.115567	6.30963	2.68763	53.0908
262	0.115404	6.30477	2.67438	53.1547
263	0.118288	6.30013	2.65218	53.2173
264	0.1252	6.29595	2.65812	53.2801
265	0.123125	6.29169	2.66644	53.3435
266	0.127177	6.28771	2.68655	53.4079
267	0.125619	6.28367	2.71397	53.4741
268	0.120161	6.27934	2.70728	53.5397
269	0.120549	6.27506	2.69218	53.6044
270	0.119261	6.27075	2.65689	53.6668
271	0.125136	6.26683	2.66126	53.7295
272	0.125826	6.26298	2.64843	53.7914
273	0.128719	6.25935	2.61242	53.851
274	0.137687	6.25629	2.6239	53.9113
275	0.132525	6.25294	2.61113	53.9708
276	0.127983	6.24936	2.60907	54.0301
277	0.122599	6.2455	2.59395	54.0885
278	0.12218	6.24163	2.56849	54.1454
279	0.122888	6.23785	2.55223	54.2012
280	0.124468	6.23419	2.53853	54.2562
281	0.129402	6.23086	2.5294	54.3106
282	0.131041	6.22766	2.52911	54.3649
283	0.126374	6.22421	2.53577	54.4197
284	0.126613	6.2208	2.51549	54.4732
285	0.121945	6.21715	2.48165	54.5247
286	0.120954	6.21348	2.46017	54.5749
287	0.119954	6.20978	2.47893	54.6263
288	0.121202	6.20618	2.47765	54.6775
289	0.117141	6.20237	2.46519	54.728
290	0.119419	6.19873	2.45075	54.7776
291	0.115062	6.19487	2.4682	54.8282
292	0.108815	6.19067	2.48694	54.88
293	0.0955483	6.18573	2.52031	54.9336
294	0.095463	6.18082	2.53064	54.9878
295	0.0959901	6.17598	2.51722	55.0412
296	0.0970615	6.17123	2.48435	55.0927
297	0.0993533	6.16665	2.45935	55.1428
298	0.101079	6.1622	2.47455	55.1936
299	0.110083	6.1583	2.49414	55.2456
300	0.111389	6.1545	2.48559	55.2971
301	0.109913	6.15065	2.47326	55.3479
302	0.109118	6.14679	2.48466	55.3993
303	0.106166	6.14278	2.49275	55.4511
304	0.106439	6.13882	2.46864	55.5016
305	0.110935	6.13515	2.48574	55.553
306	0.112212	6.13157	2.48466	55.6043
307	0.110157	6.12791	2.47353	55.655
308	0.114025	6.12449	2.48087	55.706
309	0.1161	6.12122	2.49513	55.7579
310	0.114272	6.11787	2.5117	55.8107
311	0.116846	6.1147	2.51037	55.8633
312	0.113586	6.11136	2.51323	55.9161
313	0.117227	6.10826	2.50038	55.9682
314	0.120086	6.10534	2.49491	56.0199
315	0.12803	6.1029	2.49331	56.0715
316	0.126151	6.10037	2.46777	56.1217
317	0.121716	6.09761	2.46683	56.1718
318	0.119592	6.09476	2.46293	56.2216
319	0.120081	6.09197	2.46455	56.2715
320	0.110773	6.08867	2.48913	56.3228
321	0.110595	6.08539	2.50663	56.375
322	0.1092	6.08206	2.52816	56.4284
323	0.10767	6.07867	2.54324	56.4826
324	0.110471	6.07546	2.55241	56.5373
325	0.10954	6.07222	2.56288	56.5925
326	0.111462	6.06911	2.55929	56.6475
327	0.121352	6.06657	2.58569	56.7039
328	0.117166	6.06382	2.59858	56.7609
329	0.120467	6.06128	2.61773	56.819
330	0.130673	6.05931	2.6372	56.8781
331	0.135384	6.05763	2.62922	56.9367
332	0.139319	6.05618	2.6505	56.9965
333	0.141898	6.05488	2.66109	57.0567
334	0.140274	6.05352	2.64933	57.1163
335	0.145476	6.05246	2.64221	57.1754
336	0.142125	6.05123	2.62918	57.2338
337	0.143429	6.05008	2.61941	57.2916
338	0.136205	6.04857	2.62335	57.3495
339	0.128528	6.04665	2.62074	57.4073
340	0.127821	6.04472	2.62491	57.4652
341	0.120418	6.0424	2.63076	57.5235
342	0.114711	6.0398	2.63894	57.5821
343	0.110203	6.03697	2.65131	57.6413
344	0.0996846	6.0336	2.68315	57.7022
345	0.0969523	6.03011	2.69878	57.7639
346	0.0936457	6.02646	2.7052	57.8258
347	0.0947053	6.02288	2.69918	57.8874
348	0.0947841	6.01934	2.71353	57.9497
349	0.0905905	6.0156	2.72901	58.0127
350	0.0896208	6.01182	2.71615	58.0751
351	0.090101	6.0081	2.71615	58.1373
352	0.0871243	6.00423	2.72414	58.1999
353	0.0869627	6.00039	2.72143	58.2623
354	0.0865773	5.99654	2.72928	58.3251
355	0.0859117	5.99269	2.72945	58.3878
356	0.0938056	5.98927	2.73366	58.4507
357	0.100096	5.9862	2.74821	58.5143
358	0.103331	5.98333	2.75807	58.5783
359	0.10594	5.98061	2.77301	58.6431
360	0.115368	5.97841	2.79722	58.709
361	0.125925	5.97678	2.81345	58.7758
362	0.130377	5.9754	2.80274	58.8419
363	0.131931	5.97411	2.78756	58.9071
364	0.126853	5.97258	2.76841	58.9713
365	0.120952	5.97075	2.75624	59.0348
366	0.112889	5.96851	2.76038	59.0984
367	0.106463	5.96596	2.74978	59.1614
368	0.103156	5.96326	2.74412	59.2241
369	0.100778	5.96045	2.74367	59.2867
370	0.099787	5.95761	2.74005	59.349
371	0.0953552	5.95455	2.7301	59.4107
372	0.092123	5.95135	2.7132	59.4716
373	0.0925744	5.94819	2.70155	59.5317
374	0.0987602	5.94537	2.71557	59.5925
375	0.10275	5.94277	2.73793	59.6545
376	0.103764	5.94024	2.75432	59.7172
377	0.107935	5.93794	2.74178	59.7792
378	0.115001	5.93602	2.74529	59.8413
379	0.12342	5.93455	2.75934	59.9041
380	0.126013	5.93323	2.76975	59.9673
381	0.127129	5.93197	2.7613	60.0301
382	0.131664	5.93096	2.75692	60.0926
383	0.133233	5.93005	2.7587	60.1551
384	0.127983	5.92887	2.76356	60.2178
385	0.127048	5.92767	2.76502	60.2805
386	0.128162	5.92653	2.76294	60.343
387	0.125021	5.92525	2.77194	60.4059
388	0.122871	5.92387	2.7609	60.4683
389	0.120393	5.92237	2.7756	60.5312
390	0.118704	5.92081	2.78371	60.5946
391	0.117781	5.91921	2.7811	60.6577
392	0.117917	5.91764	2.77382	60.7205
393	0.114982	5.91593	2.77913	60.7834
394	0.117575	5.91436	2.78994	60.8468
395	0.11813	5.91284	2.80452	60.9109
396	0.118085	5.91132	2.80636	60.975
397	0.114993	5.90967	2.81103	61.0392
398	0.115791	5.90807	2.8064	61.1032
399	0.114739	5.90643	2.81268	61.1674
400	0.11024	5.90457	2.82137	61.232
401	0.118381	5.90314	2.84051	61.2975
402	0.124828	5.90204	2.83983	61.3629
403	0.130336	5.90123	2.84164	61.4283
404	0.126185	5.90022	2.86163	61.4946
405	0.121659	5.89899	2.88011	61.5618
406	0.119829	5.89769	2.88671	61.6292
407	0.120235	5.89642	2.89046	61.6967
408	0.118495	5.89508	2.88563	61.764
409	0.122329	5.89394	2.88901	61.8313
410	0.122024	5.89279	2.90296	61.8992
411	0.125281	5.89182	2.91558	61.9677
412	0.125462	5.89087	2.92466	62.0365
413	0.121229	5.88972	2.92585	62.1054
414	0.117397	5.88839	2.91313	62.1735
415	0.111794	5.8868	2.90436	62.2412
416	0.107138	5.88499	2.89403	62.3082
417	0.103116	5.883	2.87746	62.3744
418	0.0960871	5.88068	2.90152	62.4417
419	0.0915639	5.87816	2.91384	62.5095
420	0.0888178	5.87551	2.92739	62.5779
421	0.0885952	5.87287	2.94101	62.6469
422	0.0879772	5.87021	2.95411	62.7164
423	0.0919068	5.86776	2.97026	62.7867
424	0.090693	5.86527	2.97882	62.8572
425	0.0950299	5.86299	2.98705	62.9281
426	0.0913945	5.86056	2.98405	62.9988
427	0.0899863	5.85807	2.99748	63.0701
428	0.0907954	5.85563	3.00357	63.1415
429	0.0915044	5.85324	2.99597	63.2126
430	0.0922371	5.8509	2.96356	63.2819
431	0.0947574	5.84869	2.94718	63.3505
432	0.0973946	5.84663	2.93	63.4181
433	0.102134	5.8448	2.92044	63.4852
434	0.101906	5.84297	2.92171	63.5522
435	0.0950302	5.84083	2.9336	63.6198
436	0.0943873	5.83867	2.94491	63.6879
437	0.0938674	5.8365	2.9519	63.7562
438	0.0931392	5.8343	2.9453	63.8241
439	0.0910735	5.83202	2.94728	63.892
440	0.0948437	5.82993	2.96001	63.9605
441	0.0963195	5.82792	2.96789	64.0293
442	0.0972493	5.82597	2.96395	64.0978
443	0.096177	5.82398	2.97182	64.1666
444	0.0913263	5.82177	2.97338	64.2355
445	0.0814613	5.81911	2.99628	64.3053
446	0.0705916	5.81595	3.03088	64.3767
447	0.0660771	5.81258	3.03538	64.4482
448	0.067034	5.80928	3.04456	64.5201
449	0.0698782	5.80613	3.05051	64.5921
450	0.0690003	5.80295	3.04678	64.664
451	0.0642966	5.79956	3.03959	64.7354
452	0.0577399	5.79588	3.05648	64.8075
453	0.0560026	5.79213	3.06333	64.8798
454	0.0520736	5.78822	3.04863	64.9514
455	0.0492487	5.78418	3.04109	65.0226
456	0.0512728	5.78026	3.05195	65.0941
457	0.0534349	5.77646	3.06393	65.1662
458	0.0524666	5.77262	3.04908	65.2375
459	0.0530413	5.76883	3.02066	65.3074
460	0.0491853	5.76487	2.98786	65.3757
461	0.0476558	5.76085	2.98862	65.4439
462	0.0490427	5.75692	2.97423	65.5115
463	0.0488246	5.75299	2.97112	65.5788
464	0.04603	5.74895	2.98034	65.6464
465	0.0407663	5.74467	2.98212	65.7141
466	0.0410322	5.74043	2.98672	65.7819
467	0.0418393	5.73624	2.98345	65.8495
468	0.0393415	5.73195	2.98117	65.9169
469	0.0378506	5.7276	2.97268	65.9839
470	0.0375179	5.72326	2.97346	66.0508
471	0.0337191	5.71876	2.97823	66.1179
472	0.0323807	5.71421	2.96697	66.1844
473	0.0328004	5.7097	2.9512	66.2501
474	0.0327873	5.7052	2.94695	66.3155
475	0.0329093	5.70072	2.95181	66.3812
476	0.0317197	5.69621	2.95514	66.4468
477	0.0307421	5.69166	2.96702	66.513
478	0.0281091	5.68701	2.97883	66.5797
479	0.0249569	5.68224	2.97867	66.6462
480	0.0237786	5.67742	2.97106	66.7124
481	0.0212479	5.67251	2.97443	66.7786
482	0.0237719	5.66773	2.97944	66.845
483	0.0291453	5.6632	2.97848	66.9113
484	0.0353942	5.65898	2.97891	66.9776
485	0.0372759	5.65486	2.96438	67.0431
486	0.0391865	5.65083	2.95656	67.1082
487	0.0400881	5.64686	2.93895	67.1725
488	0.0411094	5.64296	2.92015	67.2358
489	0.0472872	5.63934	2.92725	67.2994
490	0.0492171	5.63583	2.92628	67.3629
491	0.0481803	5.63228	2.93087	67.4266
492	0.0501022	5.62883	2.93017	67.4901
493	0.0565811	5.62568	2.93418	67.5538
494	0.0591081	5.62266	2.94375	67.6178
495	0.0616383	5.61977	2.95006	67.6821
496	0.0622681	5.61691	2.95267	67.7464
497	0.0676726	5.61431	2.96136	67.8111
498	0.0699227	5.61182	2.96182	67.8757
499	0.0689815	5.6093	2.9566	67.94
500	0.064902	5.60661	2.94464	68.0037
501	0.0641296	5.60389	2.94045	68.0672
502	0.0655265	5.60125	2.94614	68.1309
503	0.0670225	5.59868	2.95243	68.1948
504	0.066987	5.59612	2.94306	68.2582
505	0.0719156	5.5938	2.96271	68.3224
506	0.0703337	5.59141	2.9669	68.3868
507	0.0675539	5.58891	2.95598	68.4506
508	0.066437	5.58637	2.92126	68.5128
509	0.0684644	5.58393	2.90219	68.5741
510	0.0710879	5.58161	2.90557	68.6355
511	0.0740485	5.57944	2.90347	68.6968
512	0.0771341	5.57741	2.91115	68.7583
513	0.0757932	5.57534	2.91874	68.8202
514	0.0712774	5.57307	2.92414	68.8822
515	0.0697476	5.57074	2.92893	68.9443
516	0.0711299	5.56849	2.90912	69.0056
517	0.0748301	5.56641	2.88781	69.0658
518	0.0781746	5.56448	2.88819	69.1261
519	0.0832732	5.56279	2.89782	69.1866
520	0.0855625	5.5612	2.89815	69.2472
521	0.0840361	5.55955	2.88479	69.3071
522	0.0792827	5.55771	2.87395	69.3665
523	0.077196	5.55578	2.83844	69.4243
524	0.0758176	5.55381	2.80359	69.4805
525	0.0759124	5.55184	2.78792	69.536
526	0.0753053	5.54986	2.77045	69.5907
527	0.0742684	5.54784	2.75562	69.6447
528	0.0710848	5.54569	2.73432	69.6977
529	0.0669508	5.54337	2.7297	69.7505
530	0.0630654	5.54089	2.73906	69.8037
531	0.0616616	5.53836	2.74534	69.8571
532	0.0614351	5.53584	2.74694	69.9105
533	0.0620672	5.53334	2.74978	69.964
534	0.0608981	5.53081	2.75204	70.0176
535	0.0576218	5.52814	2.7598	70.0715
536	0.0505884	5.52518	2.77562	70.126
537	0.0438439	5.52195	2.77056	70.1802
538	0.0391753	5.51852	2.76737	70.2343
539	0.0373829	5.51502	2.7658	70.2883
540	0.0356188	5.51146	2.77166	70.3425
541	0.0373306	5.50799	2.77222	70.3966
542	0.0347523	5.50441	2.77114	70.4507
543	0.0334504	5.50079	2.74791	70.5037
544	0.0324612	5.49714	2.73302	70.5561
545	0.0312726	5.49345	2.73014	70.6083
546	0.0364381	5.48999	2.73204	70.6606
547	0.0369977	5.48657	2.73034	70.7127
548	0.0343871	5.48305	2.7293	70.7648
549	0.0333861	5.47949	2.73573	70.8171
550	0.033162	5.47594	2.73856	70.8695
551	0.0312855	5.47231	2.73692	70.9218
552	0.0333653	5.46879	2.73441	70.9739
553	0.0357945	5.46538	2.71629	71.0252
554	0.0332009	5.46187	2.71972	71.0767
555	0.034128	5.45841	2.72747	71.1284
556	0.0329111	5.45491	2.72817	71.1801
557	0.0347085	5.4515	2.7384	71.2323
558	0.0383362	5.44825	2.75118	71.2849
559	0.035945	5.44491	2.76174	71.3379
560	0.0341301	5.4415	2.76772	71.3912
561	0.0306711	5.43796	2.77088	71.4445
562	0.0289908	5.43436	2.76852	71.4977
563	0.0279271	5.43072	2.76561	71.5508
564	0.0293185	5.42715	2.75723	71.6034
565	0.0310719	5.42367	2.74244	71.6555
566	0.0318939	5.42023	2.71748	71.7064
567	0.0306064	5.41675	2.71694	71.7572
568	0.0292146	5.41322	2.71963	71.8082
569	0.0247839	5.40952	2.72921	71.8595
570	0.0217706	5.4057	2.73157	71.9109
571	0.0183357	5.40174	2.73017	71.9621
572	0.0182273	5.3978	2.7267	72.0132
573	0.0191554	5.3939	2.72594	72.0643
574	0.0193065	5.39002	2.69941	72.1142
575	0.0176955	5.38608	2.69796	72.164
576	0.0142552	5.38201	2.68871	72.2133
577	0.0113327	5.37784	2.68479	72.2625
578	0.00794986	5.37353	2.68073	72.3115
579	0.00389351	5.36906	2.68461	72.3606
580	-0.00133216	5.36439	2.68092	72.4096
581	-0.0054336	5.35957	2.69133	72.4589
582	-0.00902666	5.3546	2.69343	72.5083
583	-0.00894542	5.34965	2.69307	72.5576
584	-0.00900449	5.34472	2.69296	72.607
585	-0.0120954	5.33966	2.70171	72.6566
586	-0.0162401	5.33445	2.71617	72.7068
587	-0.0179441	5.32918	2.7121	72.7568
588	-0.0189823	5.32388	2.70642	72.8065
589	-0.0182157	5.31862	2.70519	72.8562
590	-0.0186926	5.31336	2.70612	72.9059
591	-0.0172157	5.30817	2.70367	72.9554
592	-0.0185504	5.30294	2.70648	73.005
593	-0.0188895	5.29771	2.69677	73.0542
594	-0.0174504	5.29255	2.69371	73.1032
595	-0.0170931	5.28741	2.69029	73.1521
596	-0.0165689	5.28231	2.68591	73.2007
597	-0.0157222	5.27726	2.68775	73.2494
598	-0.0168091	5.27218	2.67823	73.2977
599	-0.0176325	5.26707	2.68323	73.3461
600	-0.0206522	5.26185	2.6817	73.3945
601	-0.0204805	5.25665	2.66881	73.4423
602	-0.023321	5.25135	2.65659	73.4895
603	-0.0254801	5.24597	2.64619	73.5364
604	-0.0266722	5.24056	2.64922	73.5833
605	-0.0297675	5.23503	2.65153	73.6303
606	-0.031906	5.22943	2.64828	73.6771
607	-0.0324893	5.22382	2.63437	73.7233
608	-0.0342737	5.21815	2.62901	73.7693
609	-0.0344079	5.21248	2.63406	73.8155
610	-0.0313974	5.20695	2.6409	73.8619
611	-0.0317726	5.20142	2.64221	73.9084
612	-0.0317651	5.1959	2.64062	73.9547
613	-0.0308357	5.19043	2.63174	74.0007
614	-0.0286512	5.18506	2.62871	74.0465
615	-0.0251328	5.17985	2.63344	74.0925
616	-0.0275837	5.17455	2.62066	74.1379
617	-0.0276797	5.16925	2.62612	74.1836
618	-0.0280152	5.16396	2.63679	74.2296
619	-0.0286511	5.15865	2.63972	74.2758
620	-0.027925	5.15338	2.63993	74.3219
621	-0.0279791	5.14812	2.64091	74.368
622	-0.0289549	5.14284	2.62837	74.4136
623	-0.0293056	5.13755	2.62553	74.4591
624	-0.0295361	5.13226	2.62032	74.5043
625	-0.0289849	5.12701	2.59748	74.5486
626	-0.0277365	5.12182	2.57061	74.5918
627	-0.0263304	5.1167	2.55724	74.6345
628	-0.0274753	5.11154	2.54504	74.6766
629	-0.0327127	5.10619	2.54765	74.7188
630	-0.0355099	5.10073	2.55117	74.7612
631	-0.0365901	5.09525	2.54653	74.8033
632	-0.0377396	5.08973	2.54116	74.8452
633	-0.03577	5.0843	2.53455	74.8869
634	-0.0331202	5.07899	2.54002	74.9287
635	-0.0304967	5.07379	2.54326	74.9706
636	-0.0263142	5.06877	2.54157	75.0125
637	-0.0207204	5.06398	2.55453	75.0548
638	-0.0168062	5.05936	2.55375	75.0971
639	-0.0135584	5.05488	2.56169	75.1397
640	-0.0144538	5.05037	2.5628	75.1823
641	-0.0128635	5.04593	2.56003	75.2247
642	-0.011541	5.04156	2.57101	75.2676
643	-0.00745541	5.03736	2.58514	75.311
644	-0.00394871	5.0333	2.59612	75.3549
645	-0.00349661	5.02927	2.5902	75.3984
646	-0.00447775	5.02521	2.59923	75.4424
647	-0.00267612	5.02124	2.6029	75.4864
648	0.000848255	5.0174	2.60698	75.5305
649	0.00270999	5.01366	2.60351	75.5746
650	0.00344217	5.00994	2.60888	75.6187
651	0.00430409	5.00628	2.6047	75.6628
652	0.00772015	5.00275	2.61287	75.7071
653	0.0113623	4.99937	2.62629	75.7519
654	0.00935101	4.99593	2.62354	75.7965
655	0.00599103	4.99236	2.61919	75.841
656	0.00382823	4.98871	2.62221	75.8856
657	0.00509281	4.98512	2.62582	75.9303
658	0.00562117	4.98156	2.62542	75.9749
659	0.00429225	4.97796	2.62446	76.0195
660	0.00555396	4.97441	2.6176	76.0638
661	0.00757092	4.97096	2.61701	76.1081
662	0.00868088	4.96755	2.60792	76.1519
663	0.00878926	4.96415	2.61546	76.1961
664	0.0105313	4.96083	2.62494	76.2406
665	0.00984099	4.95749	2.62791	76.2851
666	0.00682339	4.95404	2.63562	76.33
667	0.00980724	4.95072	2.64058	76.375
668	0.0107328	4.94744	2.63531	76.4198
669	0.014744	4.94432	2.63639	76.4646
670	0.0153511	4.94123	2.63354	76.5093
671	0.0175304	4.93824	2.63591	76.554
672	0.0152596	4.93516	2.63753	76.5988
673	0.0145153	4.93206	2.62475	76.6431
674	0.0129313	4.92891	2.62499	76.6873
675	0.0140923	4.92581	2.62856	76.7317
676	0.0142129	4.92272	2.63684	76.7764
677	0.0167689	4.91974	2.63959	76.8211
678	0.0135556	4.91664	2.642	76.8659
679	0.00951034	4.91339	2.65081	76.911
680	0.006697	4.91004	2.6581	76.9564
681	0.00846783	4.90677	2.65324	77.0016
682	0.0114895	4.90362	2.64737	77.0465
683	0.0100135	4.90043	2.64502	77.0913
684	0.00979034	4.89723	2.64489	77.1361
685	0.00882425	4.894	2.64543	77.1808
686	0.00841137	4.89076	2.63613	77.2252
687	0.0107311	4.88762	2.64205	77.2698
688	0.012808	4.88456	2.63864	77.3143
689	0.0131842	4.88153	2.64342	77.3589
690	0.0158495	4.8786	2.64967	77.4037
691	0.0167489	4.87572	2.65788	77.4488
692	0.0134047	4.87271	2.66683	77.4942
693	0.0129226	4.8697	2.67472	77.5399
694	0.0130922	4.86669	2.6807	77.5858
695	0.0118576	4.86365	2.68508	77.6318
696	0.0120537	4.86062	2.6879	77.6779
697	0.0109281	4.85756	2.67484	77.7235
698	0.0137364	4.8546	2.68248	77.7693
699	0.0142045	4.85168	2.6861	77.8153
700	0.0161105	4.84883	2.68885	77.8613
701	0.0175914	4.84604	2.6914	77.9075
702	0.0175818	4.84326	2.69788	77.9538
703	0.0176773	4.84049	2.70648	78.0004
704	0.0191611	4.83778	2.71516	78.0473
705	0.0220386	4.83519	2.72572	78.0946
706	0.0268408	4.83278	2.74196	78.1425
707	0.0270286	4.83039	2.74957	78.1906
708	0.0255517	4.82794	2.74595	78.2386
709	0.0257438	4.82551	2.74311	78.2864
710	0.0252369	4.82307	2.74093	78.3342
711	0.0263387	4.82067	2.74416	78.382
712	0.0284371	4.81836	2.7498	78.43
713	0.0311542	4.81615	2.74746	78.4779
714	0.0338101	4.81405	2.7466	78.5257
715	0.0332285	4.81194	2.74402	78.5734
716	0.0295575	4.80969	2.74606	78.6211
717	0.0265879	4.80733	2.75838	78.6693
718	0.0280387	4.80504	2.76135	78.7176
719	0.0278259	4.80274	2.75528	78.7656
720	0.0244757	4.80032	2.7387	78.8129
721	0.0237678	4.79789	2.71911	78.8595
722	0.0225137	4.79541	2.70495	78.9056
723	0.0183754	4.79278	2.69002	78.9511
724	0.0149787	4.79004	2.6821	78.9962
725	0.0118055	4.78718	2.67016	79.0409
726	0.0109917	4.7843	2.66546	79.0854
727	0.0103227	4.7814	2.65148	79.1293
728	0.00875504	4.77845	2.63374	79.1726
729	0.0111697	4.77559	2.62493	79.2155
730	0.0113601	4.77275	2.60679	79.2577
731	0.0113372	4.76991	2.5948	79.2995
732	0.0128589	4.76713	2.58652	79.3409
733	0.0119833	4.76433	2.57282	79.3818
734	0.00805507	4.76139	2.56069	79.4223
735	0.00929041	4.7585	2.55419	79.4624
736	0.0092742	4.75562	2.5519	79.5025
737	0.0108303	4.7528	2.54669	79.5424
738	0.0114736	4.75001	2.5385	79.582
739	0.0118317	4.74724	2.54101	79.6216
740	0.0107568	4.74443	2.5396	79.6611
741	0.011988	4.74168	2.54561	79.7009
742	0.0131076	4.73897	2.54875	79.7408
743	0.0115589	4.73621	2.54707	79.7806
744	0.00969411	4.73339	2.54597	79.8203
745	0.0109141	4.73062	2.54583	79.86
746	0.00931945	4.7278	2.54456	79.8996
747	0.00768303	4.72492	2.54357	79.9392
748	0.00660751	4.72201	2.5417	79.9787
749	0.00588022	4.71908	2.54151	80.0182
750	0.00601533	4.71616	2.54553	80.0578
751	0.00649329	4.71327	2.54966	80.0975
752	0.00784663	4.71043	2.54821	80.1372
753	0.00939588	4.70765	2.54292	80.1766
754	0.0097222	4.70489	2.54015	80.216
755	0.00862537	4.70209	2.53695	80.2552
756	0.00867942	4.6993	2.53771	80.2944
757	0.00678298	4.69645	2.53616	80.3336
758	0.00492629	4.69354	2.53989	80.3728
759	0.00424915	4.69061	2.54699	80.4123
760	0.00265897	4.68763	2.54262	80.4516
761	0.00105035	4.68459	2.53605	80.4907
762	-0.00196081	4.68145	2.52844	80.5295
763	-0.00393709	4.67825	2.52838	80.5683
764	-0.0020859	4.67512	2.52526	80.6069
765	-0.00166702	4.67201	2.5212	80.6454
766	-0.0012606	4.66892	2.51635	80.6837
767	-0.000837971	4.66586	2.52228	80.7221
768	-0.00164829	4.66277	2.53158	80.7609
769	0.000757296	4.65977	2.53614	80.7999
770	0.00241881	4.65684	2.5454	80.8391
771	0.00496006	4.654	2.54801	80.8785
772	0.00570999	4.6512	2.54888	80.9178
773	0.00599616	4.64841	2.54596	80.9571
774	0.0058483	4.64563	2.55377	80.9966
775	0.00756602	4.64291	2.55383	81.036
776	0.0111865	4.64033	2.56389	81.0759
777	0.0112407	4.63775	2.5701	81.1159
778	0.0101479	4.63514	2.57719	81.1562
779	0.010964	4.63256	2.58476	81.1967
780	0.0115443	4.63001	2.58155	81.2371
781	0.0140068	4.62756	2.58048	81.2774
782	0.0139866	4.6251	2.58253	81.3178
783	0.0117311	4.62257	2.58318	81.3581
784	0.00914154	4.61996	2.58199	81.3985
785	0.00810696	4.61731	2.57457	81.4385
786	0.00554255	4.61458	2.56317	81.4781
787	0.00476935	4.61182	2.56657	81.5179
788	0.00522537	4.60909	2.56578	81.5575
789	0.0051594	4.60636	2.56736	81.5972
790	0.00183522	4.60352	2.56883	81.637
791	0.00310221	4.60072	2.57202	81.6768
792	0.00489223	4.598	2.57224	81.7167
793	0.00713045	4.59536	2.5756	81.7566
794	0.00925375	4.5928	2.57077	81.7964
795	0.0107562	4.5903	2.57683	81.8363
796	0.00969944	4.58776	2.5763	81.8762
797	0.00868361	4.5852	2.57931	81.9162
798	0.00791399	4.58261	2.57706	81.9561
799	0.00351239	4.57987	2.58651	81.9963
800	0.00230116	4.5771	2.59173	82.0367
801	0.00235046	4.57433	2.59636	82.0772
802	0.00185243	4.57155	2.59952	82.1179
803	0.00135192	4.56876	2.60548	82.1587
804	0.000559318	4.56594	2.61133	82.1997
805	0.00054911	4.56313	2.61194	82.2407
806	0.00368048	4.56044	2.61243	82.2817
807	0.00470132	4.55778	2.6162	82.3228
808	0.0055711	4.55516	2.61908	82.364
809	0.00596627	4.55257	2.62029	82.4052
810	0.00795303	4.55004	2.6245	82.4465
811	0.0108084	4.54762	2.63099	82.4881
812	0.0123144	4.54526	2.61755	82.5291
813	0.0149868	4.54299	2.59821	82.5695
814	0.018064	4.54084	2.58886	82.6095
815	0.0203095	4.53877	2.58515	82.6494
816	0.0222931	4.53678	2.57042	82.6887
817	0.0229606	4.53481	2.55509	82.7275
818	0.023826	4.53287	2.55013	82.7661
819	0.0243215	4.53096	2.54061	82.8044
820	0.0234107	4.52902	2.53785	82.8425
821	0.0223447	4.52705	2.53481	82.8805
822	0.0195461	4.52498	2.54082	82.9187
823	0.018192	4.52287	2.53477	82.9567
824	0.0165932	4.52071	2.53507	82.9947
825	0.0144681	4.51848	2.53493	83.0326
826	0.0126347	4.51619	2.53324	83.0705
827	0.0117516	4.51387	2.53969	83.1086
828	0.0131424	4.51161	2.54364	83.1468
829	0.013937	4.50938	2.54809	83.1852
830	0.0123418	4.50709	2.55128	83.2236
831	0.0126415	4.50482	2.54564	83.2618
832	0.0118537	4.50253	2.54958	83.3002
833	0.00969947	4.50017	2.55588	83.3387
834	0.00706413	4.49772	2.56175	83.3775
835	0.00531391	4.49522	2.56061	83.4162
836	0.00529046	4.49272	2.56646	83.455
837	0.00816874	4.49032	2.57764	83.4943
838	0.00735246	4.4879	2.58128	83.5336
839	0.00459548	4.48539	2.57055	83.5726
840	0.00248582	4.48282	2.57039	83.6115
841	0.00351265	4.48028	2.5566	83.65
842	0.00433369	4.47777	2.54345	83.688
843	0.002722	4.47521	2.5311	83.7255
844	-0.000567314	4.47255	2.52661	83.7629
845	-0.00267769	4.46982	2.52577	83.8002
846	-0.00405606	4.46704	2.52971	83.8376
847	-0.00474865	4.46425	2.53395	83.8752
848	-0.0055506	4.46143	2.52968	83.9126
849	-0.00530745	4.45862	2.53658	83.9503
850	-0.00760334	4.45575	2.54239	83.9881
851	-0.00803014	4.45286	2.54604	84.026
852	-0.00616062	4.45004	2.54992	84.0641
853	-0.0060676	4.44723	2.55599	84.1023
854	-0.00611389	4.44442	2.55949	84.1406
855	-0.00800609	4.44156	2.5675	84.1792
856	-0.00694077	4.43873	2.57131	84.2179
857	-0.00493113	4.43598	2.57767	84.2569
858	-0.00315258	4.43329	2.58148	84.2959
859	-0.00186029	4.43065	2.58634	84.3351
860	-0.00334311	4.42797	2.58901	84.3743
861	-0.00455629	4.42524	2.58989	84.4136
862	-0.00770839	4.42242	2.58669	84.4527
863	-0.00890808	4.41956	2.58158	84.4917
864	-0.00846161	4.41672	2.56198	84.5299
865	-0.0106381	4.41381	2.56191	84.5682
866	-0.0101724	4.41092	2.56832	84.6066
867	-0.00950076	4.40806	2.57295	84.6452
868	-0.00912805	4.40522	2.57689	84.6839
869	-0.00870884	4.40239	2.57776	84.7226
870	-0.00938982	4.39955	2.58337	84.7615
871	-0.00968512	4.3967	2.58728	84.8005
872	-0.010426	4.39383	2.59468	84.8398
873	-0.0105173	4.39097	2.599	84.8791
874	-0.0117821	4.38806	2.59487	84.9183
875	-0.0154799	4.38504	2.60085	84.9577
876	-0.0168798	4.38197	2.60547	84.9973
877	-0.0155586	4.37895	2.60315	85.0367
878	-0.0140292	4.37599	2.59494	85.0759
879	-0.0159565	4.37297	2.589	85.1148
880	-0.0161141	4.36995	2.58365	85.1535
881	-0.0143362	4.36699	2.58693	85.1923
882	-0.0158407	4.36398	2.59241	85.2313
883	-0.014337	4.36104	2.56947	85.2695
884	-0.014902	4.35807	2.56347	85.3075
885	-0.0151553	4.35511	2.55479	85.3452
886	-0.0162535	4.35211	2.55485	85.3829
887	-0.0167284	4.3491	2.55038	85.4204
888	-0.0179763	4.34605	2.54883	85.4578
889	-0.0152378	4.3431	2.55177	85.4953
890	-0.0119679	4.34027	2.55929	85.5331
891	-0.0121902	4.33743	2.56068	85.5709
892	-0.00980713	4.33467	2.5611	85.6087
893	-0.00892338	4.33195	2.54493	85.6459
894	-0.00836187	4.32926	2.53613	85.6828
895	-0.00789834	4.32658	2.52436	85.7193
896	-0.00550824	4.32399	2.53218	85.7561
897	-0.00493021	4.32142	2.53974	85.7931
898	-0.00455148	4.31886	2.53961	85.83
899	-0.00358153	4.31635	2.53988	85.867
900	-0.00306799	4.31385	2.54224	85.9041
901	-0.00317345	4.31135	2.54464	85.9412
902	-0.00340788	4.30886	2.54473	85.9782
903	-0.00249537	4.30639	2.53902	86.0151
904	-0.00306572	4.30391	2.53357	86.0518
905	-0.00278401	4.30145	2.52632	86.0883
906	-0.0044698	4.29893	2.51372	86.1243
907	-0.00600124	4.29637	2.51024	86.1601
908	-0.0069266	4.29377	2.50192	86.1957
909	-0.00868066	4.29113	2.50237	86.2313
910	-0.00896014	4.28848	2.5047	86.2669
911	-0.00966504	4.28581	2.50371	86.3026
912	-0.0100196	4.28313	2.50759	86.3383
913	-0.00986602	4.28047	2.51078	86.3741
914	-0.011498	4.27775	2.51275	86.4099
915	-0.0118041	4.27503	2.51086	86.4457
916	-0.00995693	4.27237	2.50763	86.4814
917	-0.00981379	4.26972	2.50632	86.517
918	-0.0108648	4.26704	2.50996	86.5527
919	-0.0138905	4.26427	2.521	86.5888
920	-0.013946	4.26149	2.52471	86.625
921	-0.0150894	4.25869	2.52339	86.6611
922	-0.0123297	4.25598	2.52187	86.6972
923	-0.0131699	4.25324	2.51587	86.733
924	-0.0106986	4.25059	2.5132	86.7687
925	-0.00989731	4.24798	2.49893	86.804
926	-0.00904932	4.24539	2.4843	86.8388
927	-0.00962198	4.24279	2.48876	86.8737
928	-0.00952709	4.24019	2.49086	86.9086
929	-0.00777818	4.23766	2.49454	86.9437
930	-0.00680198	4.23516	2.49755	86.9789
931	-0.00520421	4.23272	2.49954	87.0141
932	-0.00255267	4.23037	2.50582	87.0495
933	-0.00160048	4.22806	2.51408	87.0851
934	0.000868445	4.22583	2.5192	87.1209
935	0.00397643	4.2237	2.53074	87.1571
936	0.00604158	4.22165	2.53428	87.1934
937	0.00966656	4.21971	2.54497	87.23
938	0.0154219	4.21797	2.55703	87.267
939	0.0192018	4.21636	2.56353	87.3042
940	0.022219	4.21484	2.55584	87.3411
941	0.0248188	4.21341	2.55299	87.3779
942	0.0261371	4.21203	2.55197	87.4147
943	0.0267621	4.21067	2.55251	87.4514
944	0.0263592	4.20931	2.55527	87.4883
945	0.0279557	4.20799	2.55781	87.5252
946	0.0278849	4.20668	2.56202	87.5622
947	0.0269639	4.20533	2.56616	87.5994
948	0.0260229	4.20397	2.56741	87.6366
949	0.0255572	4.20258	2.56503	87.6737
950	0.0242512	4.20116	2.55891	87.7105
951	0.0240959	4.19974	2.56049	87.7474
952	0.0238032	4.19831	2.56704	87.7846
953	0.0262446	4.19696	2.57235	87.8218
954	0.0255526	4.19559	2.57865	87.8593
955	0.0249671	4.1942	2.58198	87.8968
956	0.0276569	4.19291	2.5892	87.9346
957	0.0271126	4.19159	2.59413	87.9725
958	0.0300909	4.19038	2.59545	88.0104
959	0.0317247	4.18922	2.59785	88.0484
960	0.0324485	4.18809	2.5902	88.0862
961	0.0338553	4.18701	2.58411	88.1237
962	0.0323829	4.18588	2.58088	88.1611
963	0.0314547	4.18472	2.58529	88.1986
964	0.0309642	4.18355	2.58294	88.2361
965	0.0319374	4.18242	2.58722	88.2736
966	0.0327678	4.18131	2.59295	88.3114
967	0.0351392	4.18028	2.59586	88.3492
968	0.0340016	4.17922	2.59847	88.3871
969	0.0319507	4.17809	2.60248	88.4251
970	0.0295738	4.17689	2.60147	88.463
971	0.0276013	4.17562	2.60509	88.501
972	0.0287475	4.1744	2.60558	88.5391
973	0.0294323	4.1732	2.58919	88.5766
974	0.0298281	4.17202	2.57867	88.6138
975	0.0280497	4.17078	2.57135	88.6507
976	0.0295134	4.16959	2.55917	88.6872
977	0.0272462	4.16833	2.53829	88.723
978	0.0257063	4.16703	2.52908	88.7585
979	0.0255657	4.16572	2.51092	88.7934
980	0.0253191	4.1644	2.50903	88.8282
981	0.0269014	4.16314	2.50478	88.8629
982	0.0300887	4.16199	2.50001	88.8975
983	0.0297338	4.16082	2.50514	88.9322
984	0.0302595	4.15967	2.5044	88.9668
985	0.0309299	4.15855	2.49867	89.0013
986	0.0300095	4.1574	2.49377	89.0355
987	0.0295918	4.15624	2.48698	89.0696
988	0.026693	4.15499	2.49313	89.1038
989	0.0242187	4.15366	2.49088	89.138
990	0.0237783	4.15232	2.48779	89.172
991	0.0229416	4.15096	2.4935	89.2063
992	0.0220334	4.14957	2.49951	89.2407
993	0.0218457	4.14818	2.50588	89.2752
994	0.0221274	4.14679	2.51035	89.31
995	0.021009	4.14538	2.5153	89.3448
996	0.0218339	4.14399	2.51794	89.3797
997	0.0203475	4.14256	2.52097	89.4148
998	0.0197321	4.14111	2.52422	89.4499
999	0.0192976	4.13966	2.51726	89.4847
1000	0.0182264	4.13816	2.52101	89.5197
1001	0.016495	4.13662	2.51901	89.5546
1002	0.0146579	4.13502	2.51577	89.5894
1003	0.0145295	4.13342	2.51978	89.6243
1004	0.0140623	4.13181	2.52313	89.6593
1005	0.0141907	4.13021	2.52772	89.6944
1006	0.0135173	4.12858	2.53005	89.7296
1007	0.0127995	4.12694	2.53353	89.7649
1008	0.0128086	4.1253	2.53398	89.8002
1009	0.0115466	4.12362	2.53512	89.8355
1010	0.0107632	4.12192	2.53872	89.8709
1011	0.00946937	4.12019	2.53688	89.9062
1012	0.00898203	4.11844	2.53582	89.9415
1013	0.00722328	4.11663	2.53895	89.9769
1014	0.00379665	4.11473	2.54949	90.0126
1015	0.000364871	4.11271	2.55949	90.0486
1016	-0.000609697	4.11067	2.55707	90.0845
1017	-0.000813636	4.10863	2.55607	90.1204
1018	0.00117989	4.10665	2.55547	90.1562
1019	0.00220249	4.10471	2.56009	90.1921
1020	0.00175429	4.10276	2.56413	90.2282
1021	0.00142494	4.1008	2.56986	90.2644
1022	0.00225711	4.09886	2.57071	90.3007
1023	-0.00015411	4.09686	2.56463	90.3367
1024	0.000343478	4.09487	2.55997	90.3726
1025	-0.00151668	4.09283	2.56231	90.4086
1026	-0.00473567	4.09069	2.57288	90.4448
1027	-0.00606146	4.08852	2.5756	90.4812
1028	-0.00708877	4.08631	2.5766	90.5175
1029	-0.00673143	4.08412	2.57616	90.5538
1030	-0.00569314	4.08196	2.57683	90.5902
1031	-0.00526192	4.07982	2.57664	90.6265
1032	-0.00297595	4.07776	2.57889	90.6628
1033	-0.00273784	4.0757	2.57982	90.6992
1034	-0.00161298	4.07368	2.57992	90.7356
1035	-0.00155497	4.07167	2.57931	90.7719
1036	-0.00340608	4.0696	2.56522	90.8078
1037	-0.00372608	4.06753	2.55331	90.8433
1038	-0.00702206	4.06535	2.55388	90.8788
1039	-0.0105378	4.06307	2.5547	90.9144
1040	-0.00931679	4.06084	2.55438	90.9498
1041	-0.00839467	4.05863	2.55716	90.9854
1042	-0.00891121	4.05641	2.55656	91.021
1043	-0.0095672	4.05417	2.5591	91.0566
1044	-0.0113339	4.05188	2.5628	91.0923
1045	-0.0140168	4.04951	2.56797	91.1281
1046	-0.0133147	4.04717	2.57093	91.164
1047	-0.0145798	4.04479	2.57107	91.2
1048	-0.013638	4.04244	2.57751	91.2361
1049	-0.0124221	4.04014	2.58131	91.2723
1050	-0.0123964	4.03783	2.58	91.3084
1051	-0.012184	4.03554	2.57277	91.3443
1052	-0.012467	4.03324	2.57595	91.3804
1053	-0.0124093	4.03095	2.57531	91.4163
1054	-0.0117308	4.02868	2.57624	91.4523
1055	-0.0118915	4.02641	2.57708	91.4883
1056	-0.00868728	4.02423	2.58237	91.5244
1057	-0.00890899	4.02206	2.57672	91.5604
1058	-0.00763774	4.01993	2.57616	91.5963
1059	-0.0068123	4.01782	2.57748	91.6323
1060	-0.00765673	4.0157	2.57524	91.6682
1061	-0.00899988	4.01353	2.56787	91.7038
1062	-0.00938162	4.01136	2.56584	91.7393
1063	-0.00905634	4.0092	2.56675	91.7749
1064	-0.00915768	4.00704	2.56444	91.8104
1065	-0.00815685	4.00491	2.55445	91.8456
1066	-0.00943933	4.00274	2.55519	91.8808
1067	-0.00869302	4.0006	2.55521	91.9159
1068	-0.00835574	3.99848	2.55154	91.951
1069	-0.00621115	3.99642	2.55148	91.986
1070	-0.00497527	3.99441	2.54939	92.0209
1071	-0.00473057	3.9924	2.54738	92.0558
1072	-0.0060652	3.99036	2.55036	92.0908
1073	-0.00646135	3.9883	2.54539	92.1256
1074	-0.00636988	3.98625	2.53588	92.16
1075	-0.0079991	3.98416	2.53924	92.1946
1076	-0.0102168	3.982	2.54328	92.2293
1077	-0.0111275	3.97982	2.54855	92.2642
1078	-0.0127817	3.97758	2.55214	92.2991
1079	-0.0130152	3.97535	2.55137	92.334
1080	-0.0117078	3.97315	2.55346	92.3689
1081	-0.0116685	3.97096	2.55239	92.4038
1082	-0.0117509	3.96878	2.54999	92.4387
1083	-0.0115199	3.9666	2.54845	92.4734
1084	-0.0109788	3.96444	2.54652	92.5081
1085	-0.00956966	3.96232	2.54426	92.5427
1086	-0.00781557	3.96026	2.5373	92.5771
1087	-0.00833648	3.95819	2.53149	92.6113
1088	-0.00978975	3.95608	2.5365	92.6456
1089	-0.00909774	3.95399	2.54015	92.6801
1090	-0.0129276	3.95179	2.5541	92.7149
1091	-0.0166657	3.94948	2.56373	92.75
1092	-0.0188832	3.9471	2.56488	92.7852
1093	-0.019766	3.9447	2.56907	92.8204
1094	-0.0211535	3.94226	2.57079	92.8557
1095	-0.0216766	3.93981	2.57183	92.8911
1096	-0.0228733	3.93733	2.5754	92.9265
1097	-0.0228398	3.93484	2.57885	92.962
1098	-0.0240139	3.93233	2.58414	92.9976
1099	-0.025164	3.92979	2.58435	93.0333
1100	-0.0268458	3.9272	2.59059	93.0691
1101	-0.0278511	3.92458	2.59412	93.105
1102	-0.0274257	3.92197	2.59341	93.1409
1103	-0.0301221	3.91929	2.59932	93.1769
1104	-0.031298	3.91658	2.59863	93.2129
1105	-0.0308859	3.91388	2.59821	93.2489
1106	-0.0292544	3.91123	2.60131	93.285
1107	-0.0295643	3.90858	2.6034	93.3211
1108	-0.0292418	3.90594	2.60402	93.3572
1109	-0.0286606	3.90333	2.60627	93.3933
1110	-0.0282348	3.90072	2.60829	93.4296
1111	-0.02979	3.89808	2.60891	93.4658
1112	-0.0334285	3.89533	2.61735	93.5022
1113	-0.0351174	3.89253	2.61856	93.5387
1114	-0.0363574	3.8897	2.61817	93.5752
1115	-0.0357569	3.88688	2.61802	93.6116
1116	-0.0356721	3.88408	2.62074	93.6481
1117	-0.0356588	3.88128	2.61405	93.6844
1118	-0.0349014	3.8785	2.61496	93.7207
1119	-0.0347325	3.87573	2.61356	93.757
1120	-0.0349912	3.87296	2.6141	93.7932
1121	-0.0357966	3.87017	2.61807	93.8296
1122	-0.0357711	3.86738	2.62307	93.8661
1123	-0.0356023	3.8646	2.62609	93.9026
1124	-0.0334303	3.86189	2.631	93.9393
1125	-0.0322597	3.85921	2.63323	93.9761
1126	-0.0326225	3.85653	2.63552	94.0129
1127	-0.0331103	3.85383	2.63932	94.0498
1128	-0.0339949	3.85112	2.64391	94.0868
1129	-0.0338405	3.84841	2.64743	94.1239
1130	-0.033894	3.8457	2.65134	94.1612
1131	-0.0332726	3.84302	2.64445	94.1982
1132	-0.0330584	3.84034	2.6371	94.2349
1133	-0.0316137	3.83771	2.62885	94.2714
1134	-0.0322102	3.83506	2.6238	94.3078
1135	-0.0332631	3.83239	2.62149	94.344
1136	-0.0342105	3.82969	2.61713	94.3802
1137	-0.033321	3.82702	2.61337	94.4162
1138	-0.0311123	3.82442	2.61018	94.452
1139	-0.0296276	3.82187	2.61224	94.488
1140	-0.0287717	3.81934	2.61273	94.5239
1141	-0.0283141	3.81684	2.61828	94.56
1142	-0.0283387	3.81433	2.61037	94.5958
1143	-0.0286704	3.81182	2.60741	94.6316
1144	-0.0290929	3.80929	2.60675	94.6673
1145	-0.0295766	3.80676	2.60428	94.7029
1146	-0.0292905	3.80424	2.60696	94.7386
1147	-0.0306829	3.80167	2.60378	94.7742
1148	-0.0320896	3.79908	2.60208	94.8097
1149	-0.033251	3.79644	2.5997	94.8451
1150	-0.0345682	3.79378	2.59895	94.8805
1151	-0.0350243	3.7911	2.59954	94.9159
1152	-0.035631	3.78841	2.6018	94.9514
1153	-0.0365796	3.78569	2.60398	94.9869
1154	-0.0360166	3.783	2.60178	95.0223
1155	-0.0372199	3.78027	2.59846	95.0576
1156	-0.0370268	3.77754	2.59571	95.0929
1157	-0.0357631	3.77486	2.59204	95.128
1158	-0.0379436	3.77212	2.59173	95.163
1159	-0.0377184	3.76939	2.59189	95.1981
1160	-0.037822	3.76666	2.59192	95.2332
1161	-0.0366691	3.76396	2.59351	95.2683
1162	-0.0366629	3.76127	2.59522	95.3034
1163	-0.0394722	3.7585	2.60495	95.3388
1164	-0.0414917	3.75567	2.607	95.3743
1165	-0.0414236	3.75285	2.6034	95.4096
1166	-0.0418797	3.75002	2.59983	95.4448
1167	-0.0436309	3.74714	2.60027	95.4801
1168	-0.0448453	3.74423	2.60199	95.5153
1169	-0.043904	3.74134	2.60137	95.5505
1170	-0.0413646	3.73854	2.59538	95.5856
1171	-0.0404735	3.73576	2.5907	95.6205
1172	-0.0413491	3.73297	2.59365	95.6554
1173	-0.0426165	3.73013	2.59671	95.6905
1174	-0.0408186	3.72736	2.60054	95.7256
1175	-0.0392014	3.72463	2.60204	95.7608
1176	-0.0374146	3.72196	2.59656	95.7958
1177	-0.0335577	3.7194	2.59702	95.8308
1178	-0.0322201	3.71689	2.59634	95.8658
1179	-0.0307967	3.71442	2.59684	95.9007
1180	-0.0307527	3.71195	2.59779	95.9357
1181	-0.0289928	3.70954	2.60218	95.9708
1182	-0.0281542	3.70716	2.60021	96.0058
1183	-0.0278957	3.70478	2.59711	96.0408
1184	-0.0280785	3.7024	2.59898	96.0757
1185	-0.0278354	3.70004	2.59932	96.1107
1186	-0.0278121	3.69767	2.59931	96.1457
1187	-0.031122	3.69521	2.60406	96.1807
1188	-0.0332164	3.6927	2.60605	96.2159
1189	-0.0340937	3.69016	2.60782	96.251
1190	-0.0344945	3.68761	2.60338	96.2861
1191	-0.0354403	3.68504	2.59819	96.3209
1192	-0.0348385	3.68249	2.59086	96.3556
1193	-0.0363628	3.6799	2.58914	96.3901
1194	-0.0362211	3.67731	2.58811	96.4247
1195	-0.036666	3.67471	2.59083	96.4593
1196	-0.0371283	3.67211	2.59075	96.4938
1197	-0.0377424	3.66948	2.59222	96.5285
1198	-0.0391429	3.66683	2.59257	96.5631
1199	-0.0412605	3.66411	2.59534	96.5977
1200	-0.0425055	3.66136	2.59686	96.6325
1201	-0.0428375	3.6586	2.60155	96.6673
1202	-0.0418937	3.65587	2.606	96.7022
1203	-0.0409622	3.65318	2.60995	96.7373
1204	-0.040552	3.65049	2.61195	96.7724
1205	-0.0421713	3.64777	2.61421	96.8075
1206	-0.041666	3.64506	2.61447	96.8427
1207	-0.0419507	3.64234	2.61578	96.8779
1208	-0.0436442	3.63958	2.61429	96.913
1209	-0.0464707	3.63675	2.62116	96.9483
1210	-0.0484115	3.63385	2.61952	96.9835
1211	-0.0513763	3.63088	2.62838	97.019
1212	-0.0514618	3.62791	2.6253	97.0544
1213	-0.0518314	3.62493	2.62634	97.0898
1214	-0.051025	3.62197	2.63107	97.1253
1215	-0.0498392	3.61906	2.63296	97.1609
1216	-0.0488252	3.61617	2.6356	97.1965
1217	-0.0489825	3.61329	2.63705	97.2321
1218	-0.0468943	3.61046	2.63877	97.2678
1219	-0.043787	3.60773	2.63413	97.3034
1220	-0.0415622	3.60506	2.64021	97.3391
1221	-0.0405864	3.60243	2.64274	97.3748
1222	-0.0393553	3.59983	2.64622	97.4107
1223	-0.0394959	3.59723	2.64173	97.4464
1224	-0.0383748	3.59467	2.64769	97.4823
1225	-0.0405292	3.59205	2.65079	97.5182
1226	-0.0401079	3.58944	2.65045	97.5541
1227	-0.0401558	3.58684	2.65101	97.5901
1228	-0.0400463	3.58424	2.65358	97.626
1229	-0.0394654	3.58165	2.65531	97.6621
1230	-0.0385717	3.5791	2.6592	97.6982
1231	-0.039407	3.57653	2.65942	97.7343
1232	-0.038176	3.57399	2.6575	97.7703
1233	-0.0373015	3.57148	2.65737	97.8064
1234	-0.0376171	3.56897	2.64098	97.8419
1235	-0.0391487	3.56641	2.62352	97.8769
1236	-0.0413959	3.56379	2.60981	97.9116
1237	-0.043653	3.56112	2.6077	97.9461
1238	-0.0431444	3.55845	2.60262	97.9806
1239	-0.0416724	3.55584	2.59066	98.0146
1240	-0.0405336	3.55326	2.58762	98.0486
1241	-0.041553	3.55065	2.58081	98.0823
1242	-0.0415859	3.54804	2.57668	98.1159
1243	-0.042337	3.54542	2.57259	98.1494
1244	-0.0409936	3.54283	2.5733	98.1829
1245	-0.0406032	3.54026	2.57061	98.2164
1246	-0.0409052	3.53768	2.5689	98.2497
1247	-0.0407625	3.53511	2.56858	98.2831
1248	-0.0400408	3.53257	2.56868	98.3164
1249	-0.0379691	3.53008	2.57004	98.3498
1250	-0.0366478	3.52764	2.57237	98.3832
1251	-0.0355892	3.52522	2.5762	98.4167
1252	-0.0335408	3.52287	2.57728	98.4502
1253	-0.0314388	3.52058	2.57608	98.4837
1254	-0.0320033	3.51827	2.57624	98.5172
1255	-0.0322278	3.51597	2.57584	98.5506
1256	-0.0317082	3.51367	2.57149	98.584
1257	-0.031208	3.5114	2.56924	98.6172
1258	-0.0280149	3.50922	2.57167	98.6505
1259	-0.0266927	3.50707	2.57256	98.6838
1260	-0.0256637	3.50496	2.57383	98.7172
1261	-0.0260557	3.50284	2.57495	98.7506
1262	-0.027251	3.50069	2.57581	98.7839
1263	-0.0274275	3.49853	2.57617	98.8173
1264	-0.0270367	3.49639	2.57531	98.8507
1265	-0.0282376	3.49422	2.57237	98.8839
1266	-0.0271136	3.49208	2.56807	98.917
1267	-0.0259294	3.48997	2.56565	98.9501
1268	-0.024271	3.48792	2.5713	98.9833
1269	-0.0243583	3.48586	2.57166	99.0164
1270	-0.024234	3.48381	2.57136	99.0496
1271	-0.0242993	3.48176	2.56767	99.0827
1272	-0.0219067	3.47978	2.56321	99.1156
1273	-0.0201632	3.47785	2.56589	99.1486
1274	-0.0202979	3.47592	2.5702	99.1817
1275	-0.0207181	3.47398	2.57211	99.2148
1276	-0.0218168	3.47201	2.57673	99.2481
1277	-0.021865	3.47004	2.57774	99.2813
1278	-0.0238063	3.46802	2.577	99.3146
1279	-0.0241727	3.46599	2.57026	99.3476
1280	-0.0241168	3.46396	2.56449	99.3805
1281	-0.0240884	3.46194	2.55959	99.4132
1282	-0.0235445	3.45994	2.55715	99.4458
1283	-0.0218179	3.45798	2.55251	99.4783
1284	-0.0206565	3.45606	2.55073	99.5108
1285	-0.0195241	3.45417	2.54927	99.5432
1286	-0.0204588	3.45226	2.54661	99.5755
1287	-0.0221881	3.4503	2.54562	99.6078
1288	-0.0214181	3.44837	2.54602	99.64
1289	-0.0227038	3.4464	2.54782	99.6723
1290	-0.0225997	3.44444	2.54794	99.7046
1291	-0.0242865	3.44243	2.5485	99.737
1292	-0.0247151	3.44042	2.54205	99.7691
1293	-0.0250945	3.43839	2.53724	99.8011
1294	-0.0260933	3.43634	2.53429	99.8329
1295	-0.0288247	3.43421	2.53978	99.865
1296	-0.0289822	3.43208	2.5411	99.897
1297	-0.0285403	3.42997	2.54214	99.9291
1298	-0.0276446	3.42789	2.54001	99.9611
1299	-0.0253955	3.42586	2.5337	99.9929
1300	-0.0232435	3.4239	2.52783	100.025
1301	-0.0219535	3.42198	2.52313	100.056
1302	-0.020537	3.4201	2.52437	100.088
1303	-0.0200526	3.41823	2.5255	100.119
1304	-0.0187265	3.41641	2.52516	100.151
1305	-0.0171979	3.41462	2.52725	100.182
1306	-0.0151903	3.4129	2.53026	100.214
1307	-0.0137165	3.41122	2.53356	100.246
1308	-0.0123363	3.40957	2.53717	100.278
1309	-0.0114154	3.40796	2.53977	100.309
1310	-0.0116296	3.40634	2.53931	100.341
1311	-0.00985953	3.40477	2.54131	100.373
1312	-0.00907579	3.40322	2.54125	100.405
1313	-0.00741806	3.40172	2.54325	100.437
1314	-0.00846334	3.4002	2.53946	100.469
1315	-0.00824985	3.39868	2.5361	100.501
1316	-0.00840028	3.39716	2.53368	100.532
1317	-0.00914021	3.39562	2.52344	100.564
1318	-0.00916929	3.39408	2.52711	100.595
1319	-0.00850493	3.39256	2.5293	100.627
1320	-0.00853362	3.39104	2.53324	100.658
1321	-0.00710896	3.38956	2.53586	100.69
1322	-0.00594133	3.38812	2.53622	100.722
1323	-0.00708175	3.38665	2.53982	100.753
1324	-0.00825118	3.38514	2.54323	100.785
1325	-0.00985413	3.3836	2.54844	100.817
1326	-0.00903239	3.38208	2.55292	100.849
1327	-0.00962523	3.38054	2.55351	100.881
1328	-0.0096847	3.379	2.5569	100.913
1329	-0.00904732	3.37748	2.55779	100.946
1330	-0.00875639	3.37598	2.56108	100.978
1331	-0.00948378	3.37445	2.56368	101.01
1332	-0.00964001	3.37292	2.56424	101.043
1333	-0.0106273	3.37137	2.56603	101.075
1334	-0.0107852	3.36981	2.56835	101.107
1335	-0.0097326	3.36828	2.55931	101.14
1336	-0.00835245	3.3668	2.55966	101.172
1337	-0.00827583	3.36531	2.54797	101.204
1338	-0.00931512	3.3638	2.55203	101.236
1339	-0.0103547	3.36226	2.5567	101.268
1340	-0.0106612	3.36072	2.55736	101.3
1341	-0.0106122	3.35918	2.55594	101.332
1342	-0.0109788	3.35763	2.55413	101.364
1343	-0.011917	3.35606	2.55346	101.396
1344	-0.0126006	3.35447	2.55555	101.428
1345	-0.0136725	3.35285	2.55815	101.46
1346	-0.0150514	3.35119	2.55495	101.492
1347	-0.016087	3.34951	2.54947	101.523
1348	-0.0168958	3.34781	2.54987	101.555
1349	-0.0178173	3.34609	2.55043	101.587
1350	-0.0194465	3.34432	2.5552	101.619
1351	-0.0213016	3.34251	2.55985	101.651
1352	-0.0207056	3.34071	2.56131	101.683
1353	-0.0205593	3.33892	2.56158	101.715
1354	-0.0215518	3.3371	2.56359	101.747
1355	-0.0220438	3.33527	2.56754	101.779
1356	-0.0228534	3.33343	2.56292	101.811
1357	-0.0215242	3.33162	2.56735	101.844
1358	-0.0199352	3.32985	2.57117	101.876
1359	-0.0199866	3.32808	2.57106	101.908
1360	-0.0217904	3.32627	2.57674	101.941
1361	-0.0228598	3.32443	2.57793	101.973
1362	-0.0233504	3.32258	2.57797	102.005
1363	-0.0235236	3.32073	2.57892	102.038
1364	-0.0244482	3.31885	2.58076	102.07
1365	-0.023478	3.317	2.58294	102.103
1366	-0.0220474	3.31519	2.58038	102.135
1367	-0.0234256	3.31335	2.57773	102.168
1368	-0.0226467	3.31153	2.5742	102.2
1369	-0.0206097	3.30976	2.57863	102.232
1370	-0.0207016	3.308	2.57465	102.264
1371	-0.0199194	3.30625	2.57308	102.297
1372	-0.0180532	3.30456	2.57092	102.329
1373	-0.0166626	3.30291	2.57143	102.361
1374	-0.0153431	3.3013	2.57526	102.393
1375	-0.0145651	3.29971	2.57757	102.425
1376	-0.0161319	3.29808	2.58085	102.458
1377	-0.0174305	3.29641	2.58372	102.49
1378	-0.0192623	3.2947	2.58847	102.523
1379	-0.0204739	3.29295	2.58664	102.555
1380	-0.0184906	3.29126	2.58432	102.588
1381	-0.0169344	3.28962	2.5799	102.62
1382	-0.0146268	3.28804	2.57877	102.652
1383	-0.0148433	3.28645	2.57817	102.684
1384	-0.0146799	3.28487	2.58031	102.717
1385	-0.0134631	3.28332	2.5772	102.749
1386	-0.0132503	3.28179	2.57923	102.781
1387	-0.0141616	3.28022	2.57841	102.813
1388	-0.0152464	3.27864	2.57702	102.845
1389	-0.013059	3.27711	2.57419	102.877
1390	-0.0126492	3.27559	2.57128	102.909
1391	-0.0118942	3.2741	2.56956	102.941
1392	-0.0124812	3.27259	2.57	102.973
1393	-0.0112962	3.27111	2.57236	103.005
1394	-0.0105541	3.26966	2.57207	103.037
1395	-0.00927048	3.26824	2.56961	103.069
1396	-0.00781127	3.26686	2.56653	103.101
1397	-0.00696677	3.26551	2.55529	103.132
1398	-0.00660414	3.26416	2.55554	103.164
1399	-0.00719521	3.26281	2.55693	103.195
1400	-0.00895217	3.2614	2.55734	103.227
1401	-0.00948995	3.25999	2.55824	103.258
1402	-0.00962731	3.25857	2.55411	103.289
1403	-0.0090709	3.25717	2.54518	103.321
1404	-0.00864466	3.25578	2.53759	103.351
1405	-0.00699159	3.25443	2.53134	103.382
1406	-0.00770083	3.25307	2.52308	103.413
1407	-0.00897522	3.25168	2.51542	103.443
1408	-0.00749038	3.25033	2.51142	103.473
1409	-0.00770251	3.24897	2.50287	103.503
1410	-0.0073823	3.24762	2.49811	103.533
1411	-0.00733643	3.24628	2.49722	103.563
1412	-0.00786665	3.24492	2.49503	103.593
1413	-0.00857261	3.24355	2.49057	103.622
1414	-0.00900799	3.24216	2.48535	103.652
1415	-0.00921834	3.24077	2.48272	103.681
1416	-0.00916422	3.23939	2.48639	103.71
1417	-0.0097995	3.23798	2.48895	103.74
1418	-0.00845802	3.23662	2.48828	103.769
1419	-0.00854266	3.23525	2.49101	103.799
1420	-0.00683462	3.23393	2.49376	103.829
1421	-0.00717356	3.23261	2.4977	103.858
1422	-0.00759922	3.23127	2.50015	103.888
1423	-0.0081212	3.22992	2.50366	103.918
1424	-0.00859845	3.22856	2.5076	103.948
1425	-0.00757914	3.22723	2.51272	103.978
1426	-0.00828697	3.22588	2.51637	104.008
1427	-0.00841145	3.22453	2.51754	104.038
1428	-0.00801912	3.22319	2.51202	104.069
1429	-0.00717208	3.22187	2.51098	104.099
1430	-0.0071427	3.22056	2.51108	104.129
1431	-0.00854149	3.21921	2.51675	104.159
1432	-0.00873647	3.21786	2.52064	104.189
1433	-0.00743339	3.21654	2.52518	104.219
1434	-0.00743074	3.21522	2.52751	104.25
1435	-0.00821276	3.21389	2.53128	104.28
1436	-0.00816377	3.21255	2.53461	104.311
1437	-0.00730054	3.21125	2.53697	104.341
1438	-0.00632076	3.20996	2.53965	104.372
1439	-0.00645531	3.20868	2.535	104.403
1440	-0.00719598	3.20738	2.5317	104.433
1441	-0.00881268	3.20603	2.53536	104.464
1442	-0.00920318	3.20468	2.53316	104.494
1443	-0.0107355	3.20329	2.53562	104.525
1444	-0.0118058	3.20187	2.53961	104.555
1445	-0.0139492	3.2004	2.54664	104.586
1446	-0.0143205	3.19892	2.55137	104.617
1447	-0.015089	3.19742	2.55468	104.648
1448	-0.0155637	3.1959	2.55939	104.679
1449	-0.0168641	3.19436	2.5618	104.71
1450	-0.0155689	3.19285	2.5662	104.742
1451	-0.0142568	3.19138	2.56843	104.773
1452	-0.0129858	3.18994	2.57022	104.804
1453	-0.0115603	3.18854	2.57346	104.836
1454	-0.0119064	3.18713	2.57542	104.867
1455	-0.0112467	3.18575	2.57742	104.899
1456	-0.0115621	3.18435	2.58064	104.93
1457	-0.00997545	3.183	2.58272	104.962
1458	-0.00745238	3.18171	2.58767	104.994
1459	-0.00542157	3.18048	2.59008	105.026
1460	-0.00377439	3.17929	2.58526	105.057
1461	-0.0033297	3.17812	2.57885	105.089
1462	-0.00271168	3.17696	2.57536	105.12
1463	-0.00231308	3.17582	2.57383	105.152
1464	-0.00296238	3.17466	2.57015	105.183
1465	-0.0037276	3.17348	2.56424	105.214
1466	-0.0033689	3.17231	2.55944	105.245
1467	-0.00314907	3.17115	2.55538	105.276
1468	-0.00256033	3.17	2.55209	105.306
1469	-0.00243019	3.16886	2.54875	105.337
1470	-0.00177355	3.16774	2.54598	105.368
1471	-0.00111037	3.16663	2.54652	105.398
1472	-0.00182441	3.16551	2.54804	105.429
1473	-0.00111605	3.16441	2.54972	105.46
1474	-0.00187109	3.16329	2.55127	105.49
1475	-0.00259177	3.16215	2.55129	105.521
1476	-0.0016298	3.16104	2.54903	105.551
1477	-6.05477e-06	3.15997	2.54919	105.582
1478	0.000445264	3.15891	2.54865	105.613
1479	0.000813284	3.15787	2.53856	105.643
1480	0.00202897	3.15685	2.53436	105.673
1481	0.00222518	3.15585	2.53579	105.703
1482	0.0025263	3.15485	2.5372	105.734
1483	0.00202345	3.15384	2.53659	105.764
1484	0.00169341	3.15282	2.54105	105.794
1485	0.00123242	3.15179	2.54079	105.824
1486	-0.000665851	3.15072	2.54309	105.855
1487	-0.00422401	3.14955	2.5508	105.885
1488	-0.00711567	3.14831	2.55316	105.916
1489	-0.00944719	3.14701	2.55447	105.947
1490	-0.012522	3.14563	2.56394	105.977
1491	-0.0142825	3.14421	2.56883	106.008
1492	-0.0138033	3.1428	2.56967	106.039
1493	-0.0142523	3.14138	2.56717	106.07
1494	-0.014372	3.13995	2.5651	106.101
1495	-0.0154284	3.13851	2.56186	106.132
1496	-0.0137538	3.1371	2.56139	106.163
1497	-0.0137426	3.1357	2.56464	106.194
1498	-0.0130859	3.13432	2.56705	106.224
1499	-0.0134933	3.13293	2.57138	106.255
1500	-0.0141565	3.13152	2.57517	106.287
1501	-0.0150456	3.13009	2.57882	106.318
1502	-0.0144167	3.12868	2.57764	106.349
1503	-0.0156389	3.12723	2.58042	106.38
1504	-0.0178092	3.12574	2.58472	106.411
1505	-0.0198935	3.12419	2.58658	106.443
1506	-0.0218289	3.12259	2.5878	106.474
1507	-0.0235445	3.12095	2.59018	106.505
1508	-0.0249781	3.11927	2.59043	106.537
1509	-0.0248694	3.1176	2.5934	106.568
1510	-0.0238565	3.11595	2.59413	106.6
1511	-0.0230495	3.11433	2.59283	106.631
1512	-0.0231764	3.11271	2.58484	106.662
1513	-0.0241887	3.11106	2.57956	106.693
1514	-0.0238014	3.10942	2.57756	106.724
1515	-0.0225192	3.10782	2.58091	106.755
1516	-0.0211342	3.10625	2.5734	106.786
1517	-0.0197064	3.10472	2.56695	106.817
1518	-0.0193864	3.1032	2.56468	106.848
1519	-0.0179394	3.10172	2.56414	106.878
1520	-0.0154326	3.10031	2.56399	106.909
1521	-0.0147414	3.09891	2.5636	106.939
1522	-0.0155897	3.0975	2.56377	106.97
1523	-0.0146686	3.09611	2.5661	107.001
1524	-0.0149457	3.09471	2.56353	107.031
1525	-0.0166215	3.09327	2.56487	107.062
1526	-0.0180692	3.0918	2.56774	107.092
1527	-0.0178225	3.09033	2.5713	107.123
1528	-0.0180959	3.08886	2.5656	107.154
1529	-0.019432	3.08735	2.56791	107.184
1530	-0.0196133	3.08584	2.56772	107.215
1531	-0.0195971	3.08433	2.57116	107.246
1532	-0.01983	3.08282	2.5723	107.276
1533	-0.0182579	3.08135	2.57479	107.307
1534	-0.0180534	3.07989	2.57876	107.338
1535	-0.0182977	3.07842	2.58036	107.369
1536	-0.0204885	3.0769	2.58561	107.4
1537	-0.0216076	3.07534	2.58788	107.431
1538	-0.0216325	3.0738	2.58943	107.462
1539	-0.0202751	3.07228	2.59023	107.493
1540	-0.0209654	3.07075	2.58955	107.524
1541	-0.0211375	3.06922	2.58592	107.555
1542	-0.0212624	3.06768	2.58829	107.586
1543	-0.0230834	3.0661	2.59452	107.618
1544	-0.0248865	3.06448	2.60088	107.649
1545	-0.0250005	3.06285	2.60389	107.68
1546	-0.0230318	3.06128	2.60957	107.712
1547	-0.0216909	3.05974	2.61037	107.743
1548	-0.0208094	3.05822	2.61268	107.775
1549	-0.0202362	3.05672	2.61636	107.807
1550	-0.0200767	3.05523	2.61498	107.838
1551	-0.0209052	3.05371	2.6128	107.87
1552	-0.0201157	3.05222	2.61021	107.901
1553	-0.0197536	3.05074	2.61287	107.933
1554	-0.0203617	3.04924	2.61627	107.965
1555	-0.0201724	3.04775	2.61574	107.996
1556	-0.020082	3.04626	2.61504	108.028
1557	-0.0205183	3.04477	2.61105	108.059
1558	-0.0202632	3.04328	2.61326	108.091
1559	-0.0195373	3.04181	2.6139	108.122
1560	-0.0197611	3.04033	2.61226	108.154
1561	-0.019661	3.03886	2.61472	108.185
1562	-0.0201127	3.03738	2.61658	108.217
1563	-0.0202088	3.0359	2.61557	108.248
1564	-0.0196323	3.03444	2.61087	108.28
1565	-0.0185385	3.033	2.61067	108.311
1566	-0.0176904	3.03159	2.60718	108.342
1567	-0.0186122	3.03015	2.60531	108.374
1568	-0.0188563	3.02871	2.59836	108.405
1569	-0.0188216	3.02727	2.59423	108.436
1570	-0.018918	3.02583	2.59566	108.467
1571	-0.018082	3.02441	2.59357	108.498
1572	-0.0166998	3.02303	2.5881	108.528
1573	-0.0143755	3.02171	2.59006	108.559
1574	-0.0139186	3.0204	2.58978	108.59
1575	-0.0129237	3.01911	2.58879	108.621
1576	-0.0122954	3.01785	2.58568	108.651
1577	-0.0120709	3.01659	2.58489	108.682
1578	-0.0125141	3.01532	2.5845	108.713
1579	-0.0128004	3.01404	2.58623	108.743
1580	-0.0130969	3.01276	2.58794	108.774
1581	-0.0138427	3.01146	2.58955	108.805
1582	-0.0142956	3.01015	2.58831	108.835
1583	-0.0138013	3.00886	2.59157	108.866
1584	-0.0139338	3.00756	2.59427	108.897
1585	-0.0144547	3.00625	2.59404	108.928
1586	-0.0147782	3.00493	2.59834	108.959
1587	-0.01487	3.00361	2.59867	108.99
1588	-0.0149191	3.00229	2.6017	109.021
1589	-0.0159287	3.00095	2.60525	109.052
1590	-0.0158052	2.99961	2.60568	109.083
1591	-0.0156543	2.99828	2.60742	109.114
1592	-0.0153822	2.99695	2.60558	109.145
1593	-0.0158598	2.99561	2.60412	109.176
1594	-0.0159952	2.99427	2.60624	109.207
1595	-0.016047	2.99293	2.60451	109.238
1596	-0.015999	2.9916	2.60666	109.269
1597	-0.0162664	2.99026	2.60949	109.3
1598	-0.0170084	2.9889	2.60943	109.331
1599	-0.0177167	2.98752	2.60981	109.362
1600	-0.0180923	2.98613	2.61129	109.393
1601	-0.0179437	2.98476	2.61095	109.424
1602	-0.0188625	2.98335	2.61273	109.455
1603	-0.0209668	2.9819	2.61918	109.487
1604	-0.0204323	2.98046	2.62024	109.518
1605	-0.0199095	2.97904	2.62128	109.549
1606	-0.0195989	2.97762	2.62309	109.581
1607	-0.0195374	2.97621	2.6237	109.612
1608	-0.01905	2.97481	2.61863	109.643
1609	-0.0184041	2.97343	2.61643	109.674
1610	-0.0177379	2.97207	2.61865	109.705
1611	-0.0179489	2.9707	2.61367	109.737
1612	-0.0187692	2.96931	2.61069	109.768
1613	-0.0200652	2.96789	2.61295	109.799
1614	-0.0217176	2.96643	2.61549	109.83
1615	-0.0232455	2.96494	2.61961	109.861
1616	-0.0237	2.96343	2.6187	109.892
1617	-0.0240446	2.96192	2.61486	109.923
1618	-0.0233585	2.96042	2.61358	109.954
1619	-0.0227723	2.95894	2.61083	109.985
1620	-0.0218007	2.95749	2.60821	110.016
1621	-0.0220304	2.95603	2.60761	110.047
1622	-0.0224298	2.95457	2.61031	110.078
1623	-0.023514	2.95307	2.61411	110.108
1624	-0.0243661	2.95156	2.61556	110.139
1625	-0.0245569	2.95004	2.61456	110.17
1626	-0.025551	2.94851	2.60781	110.201
1627	-0.0261029	2.94695	2.60326	110.232
1628	-0.0266056	2.94539	2.60077	110.263
1629	-0.0260893	2.94384	2.60295	110.293
1630	-0.0263759	2.94229	2.60558	110.324
1631	-0.0269533	2.94072	2.60804	110.355
1632	-0.0265594	2.93916	2.60981	110.385
1633	-0.0264558	2.93761	2.61013	110.416
1634	-0.02703	2.93604	2.6081	110.447
1635	-0.0272739	2.93447	2.60681	110.478
1636	-0.0285366	2.93287	2.60223	110.508
1637	-0.0288941	2.93126	2.60105	110.539
1638	-0.0290777	2.92965	2.59969	110.569
1639	-0.030152	2.92801	2.60139	110.6
1640	-0.0301878	2.92638	2.59974	110.63
1641	-0.0291736	2.92477	2.60269	110.661
1642	-0.0287674	2.92317	2.60479	110.691
1643	-0.0283273	2.92158	2.60575	110.722
1644	-0.0277922	2.92001	2.60585	110.752
1645	-0.0273756	2.91845	2.60405	110.783
1646	-0.0274865	2.91688	2.60493	110.814
1647	-0.0287674	2.91529	2.60403	110.844
1648	-0.0292499	2.91369	2.60205	110.875
1649	-0.0289454	2.91209	2.59952	110.905
1650	-0.0279262	2.91052	2.59455	110.935
1651	-0.0273818	2.90897	2.59114	110.965
1652	-0.0267147	2.90743	2.59062	110.996
1653	-0.0258858	2.90592	2.58952	111.026
1654	-0.0265712	2.90439	2.58621	111.056
1655	-0.0263895	2.90286	2.58876	111.086
1656	-0.0273312	2.90132	2.58689	111.116
1657	-0.0269977	2.89978	2.58688	111.146
1658	-0.0278326	2.89822	2.59017	111.176
1659	-0.0280488	2.89666	2.59194	111.206
1660	-0.0273979	2.89512	2.59159	111.236
1661	-0.0263984	2.8936	2.59223	111.266
1662	-0.0256277	2.8921	2.59318	111.296
1663	-0.0262964	2.89059	2.59359	111.327
1664	-0.0274869	2.88905	2.5965	111.357
1665	-0.0286397	2.88748	2.59547	111.387
1666	-0.0293937	2.88589	2.59593	111.417
1667	-0.0292567	2.88431	2.59705	111.447
1668	-0.0285862	2.88275	2.59824	111.477
1669	-0.0284848	2.88119	2.59244	111.507
1670	-0.0297153	2.8796	2.59091	111.538
1671	-0.0305531	2.87799	2.58977	111.567
1672	-0.0313834	2.87637	2.59137	111.597
1673	-0.031985	2.87473	2.59407	111.628
1674	-0.0324344	2.87308	2.59682	111.658
1675	-0.0331001	2.87141	2.59516	111.688
1676	-0.0327725	2.86976	2.59649	111.718
1677	-0.0324978	2.86811	2.59066	111.748
1678	-0.0320252	2.86647	2.59026	111.778
1679	-0.0321818	2.86484	2.59002	111.808
1680	-0.0320684	2.8632	2.59243	111.838
1681	-0.0332384	2.86154	2.59568	111.868
1682	-0.0333395	2.85988	2.59922	111.898
1683	-0.0339179	2.8582	2.59906	111.928
1684	-0.0344819	2.85652	2.59844	111.958
1685	-0.0344711	2.85483	2.59499	111.988
1686	-0.0344098	2.85315	2.5944	112.018
1687	-0.0325653	2.85151	2.59547	112.048
1688	-0.0331876	2.84986	2.59703	112.078
1689	-0.0335736	2.8482	2.59697	112.108
1690	-0.0338505	2.84653	2.59565	112.138
1691	-0.0338888	2.84487	2.59757	112.168
1692	-0.0333341	2.84322	2.59972	112.198
1693	-0.0329657	2.84158	2.60138	112.228
1694	-0.0325676	2.83995	2.60406	112.258
1695	-0.0321708	2.83833	2.60522	112.288
1696	-0.0319827	2.83672	2.5953	112.318
1697	-0.0316986	2.83512	2.59036	112.348
1698	-0.0327769	2.83349	2.58728	112.378
1699	-0.0332054	2.83185	2.58525	112.407
1700	-0.0328125	2.83022	2.58107	112.437
1701	-0.032117	2.82861	2.57579	112.466
1702	-0.0314433	2.82702	2.57365	112.496
1703	-0.0310168	2.82544	2.57402	112.525
1704	-0.0312371	2.82386	2.5726	112.554
1705	-0.030583	2.82229	2.57126	112.584
1706	-0.0304399	2.82073	2.56769	112.613
1707	-0.0307002	2.81916	2.56274	112.642
1708	-0.0300717	2.81761	2.56211	112.671
1709	-0.030848	2.81604	2.55604	112.7
1710	-0.0309922	2.81447	2.55222	112.728
1711	-0.0297663	2.81293	2.54712	112.757
1712	-0.0289648	2.81141	2.5462	112.786
1713	-0.0290618	2.80988	2.54426	112.814
1714	-0.0298576	2.80834	2.54449	112.843
1715	-0.0306876	2.80679	2.54264	112.871
1716	-0.0298769	2.80525	2.54403	112.9
1717	-0.0297356	2.80371	2.54584	112.928
1718	-0.0296909	2.80218	2.54575	112.957
1719	-0.0302962	2.80064	2.5486	112.986
1720	-0.0309147	2.79908	2.54988	113.014
1721	-0.0302585	2.79754	2.55079	113.043
1722	-0.0303008	2.796	2.5506	113.071
1723	-0.0309571	2.79444	2.54884	113.1
1724	-0.0309003	2.79289	2.54913	113.129
1725	-0.0311488	2.79133	2.5484	113.157
1726	-0.0308626	2.78978	2.54911	113.186
1727	-0.0291734	2.78827	2.54571	113.214
1728	-0.027451	2.78681	2.547	113.243
1729	-0.0266535	2.78536	2.54661	113.271
1730	-0.0260973	2.78393	2.54713	113.3
1731	-0.0250267	2.78252	2.54992	113.328
1732	-0.0253138	2.78111	2.55111	113.357
1733	-0.0253243	2.7797	2.55297	113.386
1734	-0.0256482	2.77829	2.5517	113.414
1735	-0.024987	2.77689	2.55281	113.443
1736	-0.024187	2.77551	2.55182	113.471
1737	-0.0236063	2.77415	2.54622	113.5
1738	-0.0227792	2.7728	2.54518	113.528
1739	-0.0228957	2.77146	2.54647	113.557
1740	-0.0234593	2.7701	2.54326	113.585
1741	-0.0228769	2.76876	2.54503	113.613
1742	-0.0238283	2.76739	2.54868	113.642
1743	-0.022732	2.76606	2.55098	113.67
1744	-0.0206164	2.76477	2.55704	113.699
1745	-0.018682	2.76353	2.56102	113.728
1746	-0.0179425	2.76231	2.56374	113.756
1747	-0.0178031	2.7611	2.56272	113.785
1748	-0.0190596	2.75985	2.56282	113.814
1749	-0.0194763	2.7586	2.55668	113.842
1750	-0.0193573	2.75735	2.55415	113.871
1751	-0.0193767	2.7561	2.5572	113.9
1752	-0.0188104	2.75486	2.55854	113.928
1753	-0.0181203	2.75365	2.5594	113.957
1754	-0.0170304	2.75246	2.56366	113.986
1755	-0.0160377	2.75129	2.56766	114.014
1756	-0.0177649	2.75008	2.57144	114.043
1757	-0.019483	2.74884	2.5744	114.072
1758	-0.0205288	2.74757	2.56791	114.101
1759	-0.0209576	2.74629	2.56772	114.13
1760	-0.0203212	2.74502	2.57086	114.159
1761	-0.0209121	2.74375	2.56966	114.187
1762	-0.0217371	2.74245	2.56823	114.216
1763	-0.0223133	2.74114	2.56746	114.245
1764	-0.022456	2.73983	2.56819	114.274
1765	-0.0222549	2.73853	2.56913	114.303
1766	-0.022358	2.73722	2.56872	114.331
1767	-0.0230459	2.7359	2.5713	114.36
1768	-0.0224152	2.73459	2.56814	114.389
1769	-0.0214656	2.73331	2.56907	114.418
1770	-0.0208547	2.73204	2.56613	114.446
1771	-0.0208268	2.73078	2.56578	114.475
1772	-0.020798	2.72952	2.56517	114.504
1773	-0.0215622	2.72824	2.56555	114.532
1774	-0.0206634	2.72698	2.56525	114.561
1775	-0.0197354	2.72574	2.56266	114.589
1776	-0.018592	2.72453	2.55932	114.618
1777	-0.0178923	2.72334	2.55599	114.646
1778	-0.0178287	2.72216	2.55105	114.674
1779	-0.0180693	2.72096	2.5503	114.703
1780	-0.0187683	2.71976	2.54929	114.731
1781	-0.019814	2.71852	2.55099	114.759
1782	-0.0209408	2.71727	2.55377	114.787
1783	-0.0219613	2.71598	2.55567	114.816
1784	-0.0221883	2.7147	2.55772	114.844
1785	-0.0226761	2.7134	2.55545	114.872
1786	-0.0218928	2.71213	2.55255	114.901
1787	-0.0221446	2.71084	2.55159	114.929
1788	-0.0213862	2.70958	2.54968	114.957
1789	-0.0199108	2.70835	2.55276	114.985
1790	-0.0217581	2.70708	2.55424	115.014
1791	-0.0226982	2.70579	2.55441	115.042
1792	-0.0228213	2.7045	2.55086	115.07
1793	-0.0234688	2.70319	2.55388	115.098
1794	-0.0239452	2.70188	2.55481	115.126
1795	-0.0235981	2.70057	2.55697	115.155
1796	-0.0227756	2.69928	2.55932	115.183
1797	-0.0213474	2.69803	2.56098	115.211
1798	-0.0204231	2.69679	2.56265	115.24
1799	-0.0189664	2.6956	2.56279	115.268
1800	-0.0191978	2.6944	2.56174	115.297
1801	-0.0189996	2.6932	2.5585	115.325
1802	-0.0186732	2.69202	2.55672	115.353
1803	-0.0189907	2.69082	2.55617	115.381
1804	-0.0193693	2.68962	2.55519	115.409
1805	-0.0198422	2.68841	2.55242	115.438
1806	-0.0202443	2.68719	2.55233	115.466
1807	-0.021406	2.68595	2.55325	115.494
1808	-0.0207039	2.68472	2.55312	115.522
1809	-0.020215	2.6835	2.55276	115.55
1810	-0.0194141	2.68231	2.55221	115.578
1811	-0.0182981	2.68114	2.5556	115.606
1812	-0.0181775	2.67997	2.55921	115.634
1813	-0.0192581	2.67878	2.55827	115.663
1814	-0.0192105	2.67759	2.5574	115.691
1815	-0.0190641	2.67641	2.5553	115.719
1816	-0.0198773	2.6752	2.54893	115.747
1817	-0.0202279	2.67399	2.54564	115.775
1818	-0.0202265	2.67279	2.54216	115.802
1819	-0.0203642	2.67157	2.53849	115.83
1820	-0.0205611	2.67036	2.5399	115.858
1821	-0.0208429	2.66914	2.54122	115.886
1822	-0.0203456	2.66793	2.53986	115.913
1823	-0.0210431	2.66671	2.5408	115.941
1824	-0.0204584	2.6655	2.53782	115.969
1825	-0.0207026	2.66428	2.53269	115.996
1826	-0.0215871	2.66305	2.53496	116.024
1827	-0.0216797	2.66182	2.53584	116.051
1828	-0.0203213	2.66061	2.53928	116.079
1829	-0.0212337	2.65939	2.53988	116.107
1830	-0.021489	2.65816	2.53942	116.134
1831	-0.0228866	2.6569	2.53723	116.162
1832	-0.0235606	2.65563	2.53661	116.189
1833	-0.0238774	2.65435	2.53771	116.217
1834	-0.024046	2.65306	2.53958	116.244
1835	-0.0258063	2.65174	2.54089	116.272
1836	-0.0268167	2.65039	2.53741	116.3
1837	-0.02789	2.64902	2.53454	116.327
1838	-0.0286524	2.64763	2.53635	116.355
1839	-0.0296747	2.64622	2.5381	116.382
1840	-0.0300702	2.6448	2.53451	116.41
1841	-0.0301891	2.64338	2.53255	116.437
1842	-0.0304181	2.64196	2.53293	116.464
1843	-0.0318355	2.6405	2.5367	116.492
1844	-0.0322051	2.63903	2.53775	116.519
1845	-0.0325168	2.63756	2.53446	116.547
1846	-0.0332852	2.63608	2.53434	116.574
1847	-0.0347724	2.63455	2.53461	116.602
1848	-0.0350458	2.63303	2.53662	116.629
1849	-0.0358223	2.63148	2.53815	116.657
1850	-0.0360941	2.62993	2.53616	116.684
1851	-0.0366081	2.62837	2.52945	116.711
1852	-0.0362877	2.62682	2.52942	116.739
1853	-0.0371759	2.62525	2.53086	116.766
1854	-0.0366751	2.62369	2.53061	116.793
1855	-0.0363389	2.62214	2.53113	116.821
1856	-0.0356216	2.62061	2.53012	116.848
1857	-0.0352971	2.61909	2.53009	116.875
1858	-0.0346901	2.61758	2.52983	116.902
1859	-0.0344877	2.61607	2.53047	116.93
1860	-0.034438	2.61457	2.53065	116.957
1861	-0.0349793	2.61306	2.53233	116.984
1862	-0.0354584	2.61154	2.53113	117.011
1863	-0.0361922	2.61	2.53194	117.039
1864	-0.0367851	2.60845	2.53083	117.066
1865	-0.0360675	2.60692	2.52794	117.093
1866	-0.0356978	2.60539	2.5281	117.12
1867	-0.0354522	2.60388	2.52881	117.147
1868	-0.0355118	2.60236	2.52825	117.174
1869	-0.0357019	2.60084	2.52888	117.201
1870	-0.0356318	2.59932	2.52648	117.229
1871	-0.0355705	2.5978	2.52616	117.256
1872	-0.035581	2.59629	2.52683	117.283
1873	-0.0346928	2.59479	2.52892	117.31
1874	-0.0344809	2.59331	2.53067	117.337
1875	-0.0343466	2.59182	2.53113	117.364
1876	-0.0350469	2.59032	2.53347	117.391
1877	-0.0357445	2.58881	2.53283	117.419
1878	-0.0351566	2.58731	2.531	117.446
1879	-0.0352461	2.58581	2.53433	117.473
1880	-0.0355481	2.5843	2.53518	117.5
1881	-0.035025	2.58281	2.53593	117.527
1882	-0.0352703	2.58131	2.53318	117.555
1883	-0.0363165	2.57979	2.52695	117.582
1884	-0.0360458	2.57828	2.52235	117.608
1885	-0.0366351	2.57675	2.51979	117.635
1886	-0.0369858	2.57522	2.52176	117.662
1887	-0.0382723	2.57365	2.52354	117.689
1888	-0.0406176	2.57204	2.52679	117.716
1889	-0.0427871	2.57037	2.52773	117.743
1890	-0.0438081	2.56869	2.52439	117.77
1891	-0.042527	2.56703	2.52476	117.797
1892	-0.0412956	2.56541	2.52509	117.824
1893	-0.0406396	2.5638	2.52526	117.851
1894	-0.039299	2.56222	2.52689	117.878
1895	-0.0394475	2.56064	2.52629	117.905
1896	-0.037788	2.55909	2.53027	117.932
1897	-0.0379362	2.55755	2.52969	117.959
1898	-0.0393926	2.55597	2.53269	117.986
1899	-0.0408322	2.55436	2.52949	118.013
1900	-0.0425795	2.55272	2.53364	118.04
1901	-0.0426502	2.55107	2.53373	118.067
1902	-0.0416575	2.54944	2.53512	118.094
1903	-0.0411041	2.54783	2.53846	118.121
1904	-0.0401463	2.54624	2.53896	118.148
1905	-0.0403613	2.54465	2.53829	118.175
1906	-0.0399895	2.54307	2.54075	118.203
1907	-0.0400612	2.54149	2.54197	118.23
1908	-0.0402851	2.5399	2.54427	118.257
1909	-0.040043	2.53832	2.54478	118.284
1910	-0.0409873	2.53672	2.5418	118.311
1911	-0.0404682	2.53513	2.54008	118.339
1912	-0.0407734	2.53353	2.53607	118.366
1913	-0.0399994	2.53196	2.53464	118.393
1914	-0.0379134	2.53043	2.53672	118.42
1915	-0.0373571	2.52892	2.53739	118.447
1916	-0.0375909	2.5274	2.53564	118.474
1917	-0.0380765	2.52587	2.53513	118.501
1918	-0.0395261	2.52431	2.53799	118.528
1919	-0.0399685	2.52274	2.54133	118.555
1920	-0.0411216	2.52115	2.54253	118.582
1921	-0.0407875	2.51956	2.54516	118.609
1922	-0.0415924	2.51796	2.54572	118.637
1923	-0.0414561	2.51636	2.54627	118.664
1924	-0.0413177	2.51477	2.54948	118.691
1925	-0.040453	2.51319	2.55063	118.718
1926	-0.0400622	2.51163	2.55169	118.746
1927	-0.0392661	2.51008	2.55104	118.773
1928	-0.0386546	2.50855	2.54941	118.8
1929	-0.038633	2.50702	2.54766	118.827
1930	-0.0390808	2.50549	2.54543	118.855
1931	-0.0392736	2.50394	2.54292	118.882
1932	-0.0378334	2.50244	2.5412	118.909
1933	-0.037349	2.50094	2.54226	118.936
1934	-0.0378464	2.49944	2.54479	118.963
1935	-0.0381123	2.49792	2.54681	118.99
1936	-0.038269	2.49641	2.54625	119.017
1937	-0.0377987	2.49491	2.54342	119.044
1938	-0.0366328	2.49343	2.54288	119.071
1939	-0.0355035	2.49198	2.54312	119.098
1940	-0.0367214	2.49051	2.54431	119.125
1941	-0.0372797	2.48902	2.54265	119.152
1942	-0.0358601	2.48757	2.54601	119.18
1943	-0.0342818	2.48615	2.5457	119.207
1944	-0.0330321	2.48476	2.54152	119.234
1945	-0.0321203	2.4834	2.54061	119.261
1946	-0.0319046	2.48204	2.53562	119.287
1947	-0.0316225	2.48069	2.53629	119.314
1948	-0.0323923	2.47932	2.53935	119.341
1949	-0.0331275	2.47793	2.54208	119.368
1950	-0.0328202	2.47655	2.54299	119.395
1951	-0.0328351	2.47518	2.54266	119.422
1952	-0.0338364	2.47378	2.54192	119.449
1953	-0.03405	2.47237	2.54433	119.476
1954	-0.034668	2.47096	2.54153	119.503
1955	-0.0343169	2.46955	2.54471	119.53
1956	-0.0336808	2.46816	2.54633	119.557
1957	-0.0349307	2.46674	2.54707	119.584
1958	-0.0361776	2.46529	2.55055	119.611
1959	-0.0363056	2.46384	2.5527	119.638
1960	-0.0365792	2.46239	2.5541	119.665
1961	-0.0371892	2.46092	2.55534	119.693
1962	-0.0379404	2.45944	2.55496	119.72
1963	-0.0374159	2.45797	2.55684	119.747
1964	-0.0372434	2.45651	2.55747	119.774
1965	-0.0371586	2.45504	2.55375	119.801
1966	-0.0366458	2.45359	2.55107	119.828
1967	-0.0352414	2.45218	2.55055	119.855
1968	-0.0340333	2.45079	2.55339	119.883
1969	-0.0337994	2.4494	2.55478	119.91
1970	-0.0344932	2.44801	2.55758	119.937
1971	-0.0349636	2.4466	2.55964	119.964
1972	-0.0356503	2.44518	2.56382	119.991
1973	-0.0349637	2.44377	2.56425	120.019
1974	-0.0349773	2.44237	2.56297	120.046
1975	-0.0351993	2.44096	2.56397	120.073
1976	-0.0349249	2.43955	2.56362	120.101
1977	-0.0346163	2.43816	2.56166	120.128
1978	-0.0349513	2.43676	2.56211	120.155
