#	<x>	stDevX	<E>	stDevE
0	3.16372	0	-1.078	0
1	3.12562	3.14467	2.8064	0.8642
2	3.44321	4.58797	5.25541	3.2922
3	3.44873	5.70766	6.4538	5.81866
4	3.00409	6.47415	6.03221	7.78793
5	2.73766	7.0522	5.7642	9.40417
6	2.2864	7.42175	6.16598	10.9877
7	1.7989	7.60929	6.29504	12.4665
8	1.38965	7.66754	6.54965	13.9048
9	0.851269	7.57477	6.58306	15.2483
10	0.35672	7.3612	6.45905	16.4688
11	0.387424	7.18419	5.60642	17.3828
12	0.409115	7.03546	4.99044	18.0889
13	0.487385	6.92521	4.9868	18.767
14	0.4343	6.81585	5.33377	19.5076
15	0.37923	6.70593	5.4563	20.251
16	0.271808	6.58241	5.31671	20.9358
17	0.303233	6.4775	5.01534	21.5301
18	0.294713	6.3803	4.94327	22.0921
19	0.392098	6.31283	4.79588	22.6078
20	0.480441	6.27073	4.68725	23.0888
21	0.470545	6.23152	4.51468	23.524
22	0.44372	6.19134	3.97069	23.8404
23	0.493169	6.16527	3.73333	24.1066
24	0.621859	6.16782	3.53561	24.3329
25	0.772808	6.2015	3.90829	24.6311
26	0.831572	6.24713	3.56252	24.8613
27	0.872449	6.30068	3.42354	25.0654
28	0.779999	6.33737	3.62238	25.3062
29	0.721502	6.36407	3.56448	25.5355
30	0.676453	6.38358	3.3539	25.7268
31	0.662157	6.40153	3.24956	25.9002
32	0.718447	6.43003	3.38406	26.0973
33	0.75002	6.46439	3.31903	26.2832
34	0.659777	6.48405	3.29877	26.4658
35	0.632477	6.49991	3.14906	26.6238
36	0.597167	6.51078	3.23533	26.7964
37	0.549408	6.51484	2.94579	26.9226
38	0.512074	6.51394	2.96422	27.053
39	0.510278	6.51378	3.03627	27.1955
40	0.493076	6.51193	3.13269	27.3534
41	0.498218	6.51181	3.17275	27.5176
42	0.543926	6.51945	3.25044	27.6933
43	0.603216	6.53658	3.44456	27.8976
44	0.6003	6.5537	3.50024	28.1089
45	0.558797	6.56516	3.56113	28.3279
46	0.514877	6.57078	3.59942	28.551
47	0.463611	6.56966	3.68493	28.7847
48	0.435853	6.56532	3.72952	29.023
49	0.38707	6.55488	3.68	29.2525
50	0.340125	6.53875	3.6438	29.4753
51	0.33969	6.52347	3.70615	29.7051
52	0.327955	6.50745	3.73163	29.9367
53	0.336334	6.49341	3.77699	30.1727
54	0.307566	6.4763	3.64822	30.3897
55	0.331558	6.46319	3.62254	30.6018
56	0.363416	6.45497	3.51173	30.7981
57	0.361719	6.44716	2.97429	30.9233
58	0.369893	6.44098	2.7874	31.0245
59	0.386651	6.4375	2.73233	31.119
60	0.385806	6.43439	2.71592	31.2121
61	0.376327	6.43055	2.61797	31.2933
62	0.36259	6.42546	2.55992	31.3679
63	0.346185	6.4188	2.52622	31.4391
64	0.331822	6.41085	2.49888	31.5077
65	0.349972	6.4056	2.58442	31.5875
66	0.347567	6.4005	2.66776	31.678
67	0.335448	6.39434	2.7073	31.7736
68	0.352023	6.3906	2.66506	31.8644
69	0.399975	6.39292	2.79331	31.9708
70	0.387001	6.39399	2.80978	32.0792
71	0.399934	6.39686	2.84867	32.1922
72	0.403527	6.40042	2.89883	32.3109
73	0.404849	6.40436	2.85451	32.4245
74	0.422455	6.41056	2.87475	32.5403
75	0.410325	6.41557	2.94652	32.6641
76	0.410566	6.42081	2.99865	32.7936
77	0.442587	6.42984	3.07454	32.9313
78	0.449094	6.43975	3.06512	33.0676
79	0.448477	6.44972	3.02907	33.1995
80	0.447831	6.45973	3.07014	33.3355
81	0.44214	6.46924	3.10936	33.4754
82	0.460864	6.48091	3.17432	33.6219
83	0.473333	6.49402	3.17201	33.7676
84	0.428102	6.50232	3.29103	33.9257
85	0.43431	6.51142	3.28522	34.0824
86	0.433836	6.52057	3.26216	34.2359
87	0.463765	6.533	3.22321	34.3847
88	0.493679	6.54865	3.12016	34.5221
89	0.485562	6.56347	3.00218	34.6466
90	0.477734	6.57752	2.92639	34.763
91	0.488568	6.59273	2.9484	34.8813
92	0.487549	6.60786	2.95094	34.9997
93	0.462063	6.6204	2.98997	35.1218
94	0.44922	6.63168	3.02065	35.2467
95	0.435576	6.64164	3.04387	35.3736
96	0.422336	6.65033	3.05539	35.5013
97	0.395066	6.65637	3.07161	35.6303
98	0.37423	6.66043	3.11066	35.7628
99	0.357291	6.66294	3.13143	35.8969
100	0.359931	6.66584	3.00063	36.0176
101	0.332098	6.66613	3.03844	36.1418
102	0.264887	6.65998	3.27914	36.2892
103	0.217561	6.64943	3.33748	36.4417
104	0.195892	6.63702	3.33279	36.5931
105	0.180415	6.62338	3.33576	36.7442
106	0.156798	6.60774	3.39833	36.9007
107	0.133633	6.59016	3.48539	37.0649
108	0.101739	6.56984	3.59436	37.2388
109	0.0797968	6.54776	3.59618	37.412
110	0.0893955	6.52691	3.56663	37.5816
111	0.0977081	6.50717	3.55199	37.7491
112	0.0915604	6.48714	3.57557	37.9181
113	0.0906064	6.46733	3.59355	38.088
114	0.121514	6.45068	3.58633	38.2564
115	0.146045	6.43656	3.59754	38.4252
116	0.156192	6.42361	3.55795	38.5896
117	0.176227	6.41272	3.56716	38.7541
118	0.195916	6.40383	3.56782	38.918
119	0.206282	6.39607	3.5265	39.0775
120	0.228234	6.39047	3.47513	39.2316
121	0.237162	6.38583	3.45165	39.3831
122	0.235704	6.38119	3.41337	39.5305
123	0.231909	6.37636	3.43244	39.679
124	0.223222	6.3709	3.35594	39.8203
125	0.228459	6.36604	3.28191	39.9544
126	0.221854	6.36074	3.30599	40.0903
127	0.198418	6.35351	3.32365	40.2272
128	0.19444	6.34608	3.28151	40.36
129	0.187637	6.33821	3.26388	40.4908
130	0.175667	6.32945	3.29834	40.6243
131	0.178649	6.3211	3.30962	40.7582
132	0.178729	6.31291	3.32567	40.8932
133	0.177744	6.30479	3.34689	41.0295
134	0.194602	6.29825	3.37555	41.1678
135	0.21032	6.2932	3.38783	41.3068
136	0.22598	6.28959	3.40409	41.4466
137	0.231421	6.28656	3.41363	41.5868
138	0.251439	6.28532	3.46968	41.7313
139	0.244135	6.28355	3.41295	41.8705
140	0.236725	6.28126	3.4098	42.0089
141	0.218893	6.27756	3.43978	42.1494
142	0.206995	6.27298	3.45618	42.2908
143	0.201523	6.26805	3.51239	42.4365
144	0.205918	6.26359	3.52772	42.5828
145	0.205901	6.25923	3.53415	42.7293
146	0.202282	6.25468	3.55233	42.8767
147	0.195389	6.24966	3.54312	43.0228
148	0.190803	6.24437	3.49033	43.1641
149	0.185644	6.23877	3.44563	43.3014
150	0.184907	6.23322	3.38423	43.4332
151	0.178895	6.22728	3.3818	43.5645
152	0.17032	6.22075	3.36292	43.6938
153	0.167395	6.2141	3.34416	43.8212
154	0.166863	6.20751	3.29257	43.9442
155	0.173825	6.20158	3.27869	44.0657
156	0.178903	6.19616	3.22771	44.1828
157	0.1656	6.18978	3.16077	44.2943
158	0.153933	6.18258	3.18292	44.4073
159	0.160633	6.17601	3.1508	44.5175
160	0.172988	6.17051	3.12603	44.6255
161	0.188773	6.16634	3.09746	44.731
162	0.199141	6.16306	3.11669	44.8378
163	0.223112	6.16173	3.15648	44.9475
164	0.247015	6.16231	3.20121	45.0604
165	0.261291	6.16406	3.1602	45.1698
166	0.256651	6.16549	3.04889	45.2704
167	0.250992	6.16653	3.07243	45.3726
168	0.25521	6.16794	3.06365	45.4739
169	0.243089	6.16847	3.08868	45.577
170	0.233053	6.16828	3.10225	45.6808
171	0.230321	6.16794	3.11181	45.7852
172	0.254029	6.16945	3.17457	45.8941
173	0.275734	6.17264	3.14195	46.0003
174	0.27816	6.17605	3.15139	46.107
175	0.275809	6.17931	3.13007	46.2118
176	0.284919	6.18328	3.13813	46.3171
177	0.299269	6.18836	3.17688	46.425
178	0.315302	6.19464	3.23576	46.537
179	0.331184	6.20212	3.29556	46.6532
180	0.325251	6.20917	3.24899	46.7657
181	0.327485	6.21639	3.2747	46.8799
182	0.334363	6.22413	3.27523	46.9938
183	0.341857	6.23242	3.26808	47.1069
184	0.35179	6.24144	3.23481	47.2172
185	0.35256	6.25051	3.23354	47.3273
186	0.34865	6.25929	3.19355	47.4342
187	0.334046	6.26701	3.24735	47.5447
188	0.325486	6.27411	3.2855	47.6578
189	0.321056	6.28089	3.30186	47.7718
190	0.324521	6.28794	3.31425	47.8864
191	0.336494	6.29585	3.31109	48.0005
192	0.333306	6.30353	3.30417	48.1139
193	0.339559	6.31166	3.27911	48.2252
194	0.331358	6.31921	3.30393	48.338
195	0.320376	6.32598	3.32294	48.4519
196	0.308202	6.33189	3.34931	48.5674
197	0.290274	6.33654	3.40124	48.6864
198	0.27243	6.33994	3.44505	48.8081
199	0.271329	6.34329	3.43528	48.9289
200	0.275103	6.34692	3.42918	49.0489
201	0.26317	6.34974	3.38963	49.1658
202	0.262132	6.35251	3.37349	49.2814
203	0.258522	6.35506	3.38906	49.3977
204	0.254839	6.35737	3.40291	49.5148
205	0.252511	6.35955	3.42306	49.633
206	0.250992	6.36164	3.44229	49.7522
207	0.246641	6.36347	3.46042	49.8724
208	0.24823	6.36543	3.4274	49.99
209	0.248903	6.36746	3.42907	50.1075
210	0.251467	6.3697	3.43897	50.2254
211	0.255032	6.3722	3.45566	50.3441
212	0.253525	6.37463	3.45013	50.4622
213	0.253324	6.37706	3.46033	50.5807
214	0.255645	6.37968	3.47085	50.6996
215	0.251954	6.38207	3.46752	50.8181
216	0.24385	6.38393	3.48971	50.9377
217	0.238654	6.38546	3.46671	51.0556
218	0.227305	6.38626	3.45	51.172
219	0.22442	6.38689	3.3939	51.2844
220	0.217934	6.38712	3.39298	51.3965
221	0.214121	6.38712	3.37738	51.5073
222	0.217214	6.38736	3.35388	51.6163
223	0.226703	6.38826	3.35749	51.7253
224	0.227092	6.38922	3.3373	51.8327
225	0.224785	6.39005	3.32162	51.9389
226	0.227929	6.39112	3.31397	52.0443
227	0.228261	6.39223	3.30465	52.149
228	0.233155	6.3937	3.25634	52.2502
229	0.229396	6.39494	3.22309	52.349
230	0.228957	6.39617	3.18869	52.4454
231	0.223622	6.39708	3.18307	52.5413
232	0.222832	6.39797	3.18441	52.6371
233	0.240763	6.40004	3.23168	52.7358
234	0.253762	6.40299	3.25761	52.836
235	0.260331	6.40638	3.27099	52.9369
236	0.256639	6.40954	3.27745	53.038
237	0.25383	6.41254	3.285	53.1394
238	0.251464	6.41539	3.24175	53.2379
239	0.256547	6.4186	3.25853	53.3372
240	0.263107	6.42224	3.27463	53.4374
241	0.270315	6.42635	3.28911	53.5383
242	0.278255	6.43098	3.30166	53.6399
243	0.276156	6.43549	3.27845	53.7397
244	0.26886	6.43953	3.28011	53.8395
245	0.25631	6.44279	3.3078	53.9409
246	0.255355	6.44601	3.32888	54.0434
247	0.257133	6.44935	3.3105	54.1446
248	0.25515	6.45257	3.30586	54.2453
249	0.251633	6.45559	3.30454	54.3457
250	0.247339	6.45835	3.2625	54.4433
251	0.242907	6.46084	3.19736	54.5366
252	0.241853	6.46329	3.17844	54.6286
253	0.232506	6.46516	3.11482	54.7164
254	0.231754	6.46701	3.12713	54.8049
255	0.241654	6.46949	3.13585	54.8938
256	0.245214	6.4722	3.10206	54.9804
257	0.249762	6.47522	3.08384	55.0658
258	0.246383	6.47803	3.06166	55.1497
259	0.245925	6.48083	3.04126	55.2322
260	0.248266	6.48379	3.03901	55.3144
261	0.253667	6.4871	3.02492	55.3957
262	0.257544	6.49065	2.98589	55.4744
263	0.256906	6.49417	2.95729	55.5513
264	0.256064	6.49766	2.94515	55.6274
265	0.255069	6.50109	2.91204	55.7013
266	0.252687	6.50438	2.91741	55.7755
267	0.2529	6.5077	2.93253	55.8506
268	0.247962	6.51073	2.94124	55.926
269	0.245212	6.5136	2.94653	56.0018
270	0.246627	6.51657	2.92249	56.0759
271	0.251713	6.51986	2.91639	56.1496
272	0.252254	6.52319	2.89388	56.2219
273	0.253824	6.52663	2.87793	56.2931
274	0.263992	6.53068	2.88104	56.3645
275	0.258637	6.53442	2.8566	56.4343
276	0.246654	6.53745	2.87042	56.5049
277	0.232961	6.53967	2.87752	56.5758
278	0.226838	6.54154	2.87273	56.6463
279	0.225757	6.54336	2.86127	56.7161
280	0.22369	6.54507	2.86047	56.7858
281	0.227779	6.54703	2.85562	56.8552
282	0.228229	6.54904	2.81902	56.9223
283	0.225494	6.5509	2.82272	56.9895
284	0.227058	6.55286	2.83763	57.0576
285	0.231683	6.55511	2.8579	57.1268
286	0.23683	6.55768	2.87754	57.1971
287	0.239727	6.56042	2.9043	57.2689
288	0.239132	6.56315	2.92544	57.3419
289	0.234099	6.56558	2.91512	57.4141
290	0.2363	6.56816	2.86905	57.4836
291	0.24007	6.57097	2.83522	57.5511
292	0.236387	6.57357	2.83	57.6182
293	0.233213	6.576	2.84805	57.6863
294	0.231478	6.57833	2.86684	57.7554
295	0.220028	6.58002	2.87842	57.8251
296	0.221479	6.5818	2.88993	57.8954
297	0.223987	6.58373	2.90774	57.9667
298	0.222098	6.58558	2.92459	58.0388
299	0.229333	6.58785	2.95055	58.1124
300	0.231359	6.59024	2.96098	58.1865
301	0.230485	6.5926	2.96799	58.2609
302	0.227372	6.59479	2.99525	58.3368
303	0.227435	6.59699	3.0226	58.4142
304	0.236921	6.59975	3.06479	58.4938
305	0.246643	6.60307	3.10779	58.5759
306	0.254902	6.60686	3.13648	58.6594
307	0.255557	6.6107	3.14553	58.7434
308	0.25909	6.61475	3.1523	58.8276
309	0.259432	6.61882	3.14823	58.9114
310	0.257271	6.62276	3.15904	58.9958
311	0.249067	6.62625	3.15368	59.0797
312	0.249475	6.62977	3.11815	59.1616
313	0.256447	6.63369	3.07677	59.2409
314	0.26406	6.63804	3.06517	59.3196
315	0.274952	6.64301	3.05502	59.3975
316	0.283692	6.64846	3.02025	59.4734
317	0.288251	6.65417	3.01322	59.5488
318	0.285375	6.65972	3.03034	59.6251
319	0.283826	6.66518	3.0366	59.7016
320	0.275036	6.67015	3.04407	59.7785
321	0.282606	6.67554	3.04794	59.8555
322	0.290642	6.68138	3.05937	59.933
323	0.292348	6.68731	3.05984	60.0105
324	0.293561	6.6933	3.0752	60.0887
325	0.292538	6.69924	3.08038	60.1671
326	0.293435	6.70522	3.05095	60.2438
327	0.300925	6.71161	3.06259	60.321
328	0.298252	6.71785	3.06824	60.3984
329	0.299632	6.72417	3.07421	60.4761
330	0.307432	6.73091	3.04726	60.5522
331	0.311244	6.73785	3.0283	60.6271
332	0.313922	6.74493	3.04423	60.7029
333	0.312806	6.75195	3.04096	60.7784
334	0.309667	6.75879	3.01436	60.8523
335	0.310893	6.76569	2.9901	60.9248
336	0.305789	6.7723	2.99205	60.9974
337	0.309191	6.7791	3.01071	61.0709
338	0.301211	6.78546	3.04184	61.146
339	0.293247	6.79138	3.07004	61.2225
340	0.291286	6.7972	3.07624	61.2993
341	0.284638	6.80265	3.06558	61.3754
342	0.286682	6.80821	3.06997	61.4516
343	0.285526	6.81371	3.05652	61.527
344	0.278236	6.81882	3.06113	61.6026
345	0.270737	6.82352	3.05827	61.678
346	0.267763	6.82806	3.06367	61.7535
347	0.269192	6.83268	3.06268	61.8289
348	0.273901	6.83755	3.07861	61.9051
349	0.278526	6.84267	3.08217	61.9814
350	0.277192	6.84772	3.05679	62.0562
351	0.280134	6.85292	3.02157	62.1291
352	0.283359	6.8583	3.03013	62.2023
353	0.289026	6.86397	3.04352	62.2762
354	0.284643	6.86941	3.06401	62.351
355	0.284982	6.87487	3.07901	62.4266
356	0.29238	6.88071	3.1077	62.5036
357	0.29503	6.88669	3.10776	62.5805
358	0.29746	6.8928	3.11649	62.6578
359	0.29779	6.89892	3.12918	62.7356
360	0.297998	6.90505	3.13784	62.8138
361	0.295339	6.91103	3.13366	62.8917
362	0.295254	6.91701	3.13835	62.9698
363	0.299222	6.92319	3.15163	63.0484
364	0.293136	6.92904	3.16016	63.1274
365	0.281209	6.93428	3.18008	63.2074
366	0.270343	6.93894	3.17829	63.2871
367	0.260124	6.94307	3.21693	63.3688
368	0.252699	6.94682	3.23481	63.4512
369	0.255825	6.95074	3.23845	63.5338
370	0.256216	6.95467	3.23449	63.6161
371	0.248312	6.9582	3.23965	63.6985
372	0.246083	6.96162	3.24748	63.7812
373	0.24887	6.96518	3.23976	63.8634
374	0.251913	6.9689	3.22442	63.9447
375	0.255875	6.97283	3.2337	64.0264
376	0.255952	6.97677	3.23386	64.1079
377	0.260714	6.98095	3.2001	64.1877
378	0.262297	6.98521	3.18728	64.2667
379	0.264729	6.9896	3.16811	64.3446
380	0.261841	6.99384	3.16223	64.4221
381	0.260028	6.998	3.13043	64.4979
382	0.261435	7.00222	3.13071	64.5736
383	0.266001	7.00668	3.14172	64.6498
384	0.258907	7.01077	3.13921	64.7258
385	0.257421	7.01479	3.15644	64.8026
386	0.258908	7.01889	3.16839	64.8799
387	0.256509	7.02287	3.17576	64.9575
388	0.256602	7.02685	3.17478	65.0349
389	0.256448	7.03083	3.17779	65.1124
390	0.256188	7.0348	3.17493	65.1896
391	0.256047	7.03876	3.1767	65.2669
392	0.257301	7.04278	3.17293	65.3439
393	0.255869	7.04674	3.14116	65.4191
394	0.260131	7.05091	3.1412	65.4943
395	0.262382	7.05519	3.13379	65.5691
396	0.259998	7.05935	3.13203	65.6437
397	0.257474	7.06339	3.13025	65.7181
398	0.258993	7.06751	3.13081	65.7924
399	0.255827	7.07146	3.13744	65.867
400	0.256017	7.07543	3.13641	65.9414
401	0.264127	7.0798	3.15625	66.0168
402	0.271472	7.08454	3.16026	66.0923
403	0.27656	7.08953	3.14356	66.1668
404	0.274609	7.09443	3.09634	66.239
405	0.275551	7.09936	3.07312	66.3099
406	0.275115	7.10428	3.06255	66.3802
407	0.27612	7.10924	3.04197	66.4494
408	0.270579	7.11393	3.02554	66.5177
409	0.275553	7.11886	3.01495	66.5855
410	0.27549	7.12379	3.02591	66.6537
411	0.27638	7.12876	3.04364	66.7227
412	0.271579	7.13349	3.04699	66.7918
413	0.267862	7.13804	3.06089	66.8616
414	0.262322	7.14232	3.06261	66.9313
415	0.256215	7.1463	3.05309	67.0005
416	0.252052	7.15007	3.03908	67.069
417	0.249368	7.15372	3.03479	67.1372
418	0.239298	7.15687	3.03975	67.2055
419	0.234288	7.15979	3.02516	67.2731
420	0.230699	7.16253	3.03044	67.3409
421	0.225807	7.16504	3.02924	67.4085
422	0.225365	7.16753	3.02867	67.476
423	0.231296	7.17031	3.04556	67.5443
424	0.231296	7.17309	3.04972	67.6128
425	0.236089	7.17611	3.06646	67.682
426	0.234442	7.17906	3.07787	67.7516
427	0.233523	7.18196	3.08077	67.8214
428	0.234285	7.1849	3.09425	67.8917
429	0.232083	7.18774	3.09211	67.9618
430	0.231522	7.19056	3.06757	68.0307
431	0.227818	7.1932	3.024	68.0974
432	0.228112	7.19586	3.00178	68.163
433	0.226485	7.19844	2.99927	68.2284
434	0.223871	7.2009	2.99466	68.2935
435	0.216036	7.20299	3.00719	68.3592
436	0.212544	7.20492	3.02148	68.4255
437	0.20854	7.20666	3.02607	68.4919
438	0.205003	7.20824	3.03057	68.5586
439	0.204006	7.20978	3.04664	68.6259
440	0.200036	7.21113	3.04915	68.6932
441	0.197273	7.21236	3.06047	68.761
442	0.19326	7.21341	3.07081	68.8293
443	0.191976	7.2144	3.0577	68.8969
444	0.188778	7.21525	3.06802	68.9649
445	0.181278	7.21574	3.0787	69.0333
446	0.171707	7.2158	3.10323	69.1028
447	0.166838	7.21563	3.11289	69.1727
448	0.169486	7.2156	3.10225	69.2421
449	0.171618	7.21568	3.09206	69.3109
450	0.168377	7.21561	3.09544	69.3798
451	0.166991	7.21549	3.09474	69.4485
452	0.163819	7.21523	3.10644	69.5178
453	0.161579	7.21487	3.10708	69.587
454	0.159091	7.2144	3.10541	69.6561
455	0.159498	7.21397	3.0921	69.7245
456	0.160032	7.21356	3.08895	69.7927
457	0.160288	7.21318	3.08555	69.8606
458	0.16113	7.21285	3.07581	69.9281
459	0.160775	7.21251	3.07488	69.9954
460	0.154562	7.21189	3.07949	70.0629
461	0.152682	7.2112	3.03541	70.1282
462	0.15643	7.21068	2.98444	70.1912
463	0.159643	7.21033	2.95135	70.2525
464	0.16039	7.21002	2.91711	70.3122
465	0.159134	7.20966	2.91335	70.3717
466	0.165322	7.2096	2.92346	70.4316
467	0.16556	7.20955	2.90812	70.4908
468	0.161436	7.20932	2.89397	70.5493
469	0.158387	7.20896	2.89171	70.6076
470	0.156023	7.2085	2.88434	70.6655
471	0.152048	7.20787	2.87723	70.7231
472	0.149372	7.20713	2.84535	70.7791
473	0.148578	7.20635	2.84129	70.8349
474	0.145232	7.20544	2.83432	70.8904
475	0.145865	7.20456	2.84038	70.9461
476	0.144608	7.20363	2.81622	71.0007
477	0.145153	7.20274	2.82241	71.0555
478	0.151071	7.20213	2.84208	71.1111
479	0.155382	7.20172	2.85685	71.1674
480	0.15658	7.20138	2.85883	71.2238
481	0.154429	7.20095	2.8672	71.2805
482	0.153134	7.20047	2.86545	71.3371
483	0.156347	7.20014	2.85734	71.3932
484	0.160072	7.19999	2.84319	71.4487
485	0.157119	7.19971	2.85291	71.5046
486	0.156887	7.19943	2.84932	71.5603
487	0.155436	7.1991	2.85214	71.616
488	0.154975	7.19875	2.83141	71.6708
489	0.152606	7.1983	2.82348	71.7252
490	0.153186	7.19789	2.80999	71.779
491	0.152742	7.19746	2.81318	71.8329
492	0.152673	7.19705	2.81667	71.8868
493	0.15478	7.19673	2.80914	71.9405
494	0.157202	7.19653	2.81172	71.9942
495	0.157103	7.19633	2.8064	72.0476
496	0.158182	7.19619	2.79753	72.1006
497	0.161676	7.19622	2.78555	72.153
498	0.164685	7.19638	2.78216	72.2052
499	0.16271	7.19646	2.77814	72.2572
500	0.156025	7.19626	2.77089	72.3089
501	0.155728	7.19604	2.76836	72.3604
502	0.158046	7.19594	2.77192	72.4121
503	0.156788	7.19579	2.75757	72.463
504	0.154481	7.19554	2.74986	72.5137
505	0.157173	7.19542	2.7575	72.5646
506	0.157401	7.19532	2.75221	72.6152
507	0.154077	7.19508	2.75203	72.6658
508	0.150647	7.19469	2.73197	72.7155
509	0.149718	7.19427	2.71381	72.7644
510	0.150904	7.19391	2.70773	72.813
511	0.153021	7.19365	2.69943	72.8612
512	0.154905	7.19349	2.69761	72.9092
513	0.152349	7.19321	2.70093	72.9574
514	0.148232	7.19276	2.69716	73.0054
515	0.145123	7.19219	2.71196	73.0541
516	0.145317	7.19163	2.72379	73.1032
517	0.147905	7.19119	2.72131	73.1522
518	0.152081	7.19094	2.73675	73.2018
519	0.159168	7.19101	2.75709	73.2523
520	0.164168	7.1913	2.774	73.3036
521	0.162492	7.19153	2.78945	73.3554
522	0.159383	7.19162	2.79922	73.4077
523	0.158679	7.1917	2.79357	73.4597
524	0.156062	7.19166	2.79517	73.5117
525	0.153018	7.1915	2.77367	73.5627
526	0.152411	7.19132	2.76248	73.6132
527	0.156371	7.19132	2.76939	73.664
528	0.159848	7.19148	2.77163	73.7149
529	0.15905	7.1916	2.76662	73.7655
530	0.154304	7.19153	2.76769	73.8161
531	0.152803	7.1914	2.76263	73.8665
532	0.151115	7.1912	2.76932	73.9172
533	0.154778	7.19117	2.77496	73.968
534	0.157919	7.19128	2.78273	74.0192
535	0.159101	7.19145	2.78331	74.0704
536	0.157783	7.19156	2.77157	74.121
537	0.157579	7.19168	2.75591	74.1709
538	0.15706	7.19177	2.74611	74.2204
539	0.153668	7.19173	2.73558	74.2693
540	0.152017	7.19162	2.73449	74.3183
541	0.151026	7.19148	2.73634	74.3672
542	0.149768	7.19129	2.73551	74.4161
543	0.146994	7.19098	2.69655	74.4633
544	0.145561	7.19062	2.69048	74.5102
545	0.143685	7.19019	2.68351	74.5568
546	0.146725	7.1899	2.67637	74.6031
547	0.14615	7.18958	2.67895	74.6495
548	0.143784	7.18918	2.67218	74.6955
549	0.142741	7.18873	2.66678	74.7413
550	0.140042	7.18818	2.66824	74.7872
551	0.136757	7.18749	2.66789	74.833
552	0.140317	7.18696	2.67681	74.8791
553	0.14474	7.18663	2.66721	74.9248
554	0.144457	7.18629	2.66434	74.9704
555	0.14643	7.18604	2.67297	75.0164
556	0.145641	7.18576	2.67943	75.0625
557	0.145051	7.18547	2.67735	75.1086
558	0.14761	7.18529	2.68706	75.1551
559	0.150014	7.18521	2.69637	75.2019
560	0.150685	7.18517	2.70906	75.2492
561	0.14697	7.18498	2.72004	75.297
562	0.144761	7.18471	2.71224	75.3444
563	0.14633	7.1845	2.6894	75.3909
564	0.145081	7.18425	2.68088	75.4369
565	0.147584	7.18411	2.69004	75.4833
566	0.149115	7.18404	2.68349	75.5295
567	0.147375	7.1839	2.67242	75.5751
568	0.143101	7.18359	2.66861	75.6206
569	0.139322	7.18313	2.6631	75.6658
570	0.13382	7.18244	2.65701	75.7107
571	0.130756	7.18164	2.64638	75.7551
572	0.130586	7.18083	2.6126	75.7982
573	0.13115	7.18005	2.59361	75.8404
574	0.131591	7.1793	2.54428	75.8805
575	0.131225	7.17854	2.5386	75.9204
576	0.126176	7.17757	2.54176	75.9605
577	0.12194	7.17644	2.52938	76
578	0.119213	7.1752	2.51688	76.0389
579	0.114385	7.17377	2.51125	76.0776
580	0.109468	7.17214	2.50397	76.116
581	0.10933	7.17051	2.5079	76.1546
582	0.108024	7.16884	2.50226	76.1929
583	0.104316	7.16703	2.4876	76.2306
584	0.105082	7.16525	2.48326	76.2681
585	0.107727	7.16359	2.47559	76.3053
586	0.10638	7.16188	2.47595	76.3425
587	0.104672	7.16011	2.48407	76.38
588	0.101322	7.15821	2.47873	76.4173
589	0.102133	7.15636	2.48086	76.4547
590	0.103641	7.15457	2.4864	76.4923
591	0.103505	7.15279	2.49303	76.5301
592	0.103079	7.15099	2.4882	76.5678
593	0.103871	7.14924	2.49283	76.6056
594	0.106458	7.1476	2.49804	76.6436
595	0.10618	7.14596	2.49106	76.6814
596	0.109469	7.14445	2.48439	76.7188
597	0.110033	7.14298	2.49004	76.7565
598	0.108582	7.14146	2.46889	76.7933
599	0.109651	7.13999	2.46146	76.8298
600	0.109023	7.1385	2.46114	76.8663
601	0.107643	7.13696	2.45434	76.9025
602	0.107597	7.13543	2.4457	76.9383
603	0.10391	7.13376	2.44643	76.9741
604	0.101029	7.13197	2.4482	77.01
605	0.0960031	7.12999	2.46589	77.0467
606	0.0913537	7.12783	2.48613	77.0841
607	0.087687	7.12553	2.4924	77.1218
608	0.0859393	7.12317	2.49762	77.1597
609	0.085527	7.12079	2.48355	77.197
610	0.0882711	7.11854	2.49371	77.2347
611	0.0897673	7.11636	2.49688	77.2725
612	0.0908455	7.11423	2.49904	77.3104
613	0.0906141	7.1121	2.49593	77.3482
614	0.0914269	7.11	2.49357	77.3858
615	0.092774	7.10798	2.48569	77.4232
616	0.0920172	7.10592	2.48501	77.4605
617	0.0938161	7.10395	2.49027	77.498
618	0.0993183	7.10221	2.50253	77.536
619	0.0991562	7.10047	2.49844	77.5738
620	0.0991456	7.09873	2.49702	77.6115
621	0.102451	7.09714	2.50559	77.6496
622	0.100278	7.09546	2.50722	77.6877
623	0.0990344	7.09375	2.49617	77.7254
624	0.0980491	7.092	2.50093	77.7632
625	0.0967515	7.0902	2.50178	77.8011
626	0.0978239	7.08846	2.50483	77.8391
627	0.0956123	7.08664	2.50052	77.8769
628	0.0965619	7.08486	2.50785	77.915
629	0.0956834	7.08305	2.51565	77.9534
630	0.0932725	7.08115	2.52417	77.9921
631	0.090687	7.07916	2.5283	78.0309
632	0.0881437	7.07708	2.52918	78.0698
633	0.0851611	7.07488	2.52228	78.1084
634	0.086023	7.07273	2.52931	78.1473
635	0.0895567	7.07072	2.52327	78.1859
636	0.0926765	7.06885	2.51616	78.2242
637	0.0976133	7.06718	2.51621	78.2625
638	0.0978451	7.06552	2.51943	78.3009
639	0.0983803	7.06389	2.51944	78.3393
640	0.0938996	7.0621	2.5129	78.3775
641	0.0921635	7.06024	2.50747	78.4154
642	0.0912469	7.05835	2.51934	78.4538
643	0.0910423	7.05646	2.52284	78.4923
644	0.0939187	7.05469	2.52531	78.5308
645	0.0925223	7.05288	2.5354	78.5698
646	0.0884289	7.05091	2.54605	78.6092
647	0.0880801	7.04893	2.55349	78.6488
648	0.0926137	7.04714	2.5601	78.6887
649	0.0957008	7.04547	2.57432	78.7292
650	0.0943162	7.04376	2.5843	78.77
651	0.0939784	7.04204	2.59076	78.811
652	0.0968324	7.04044	2.59479	78.8522
653	0.100037	7.03898	2.60703	78.8939
654	0.0980335	7.03744	2.62224	78.9361
655	0.0940104	7.03575	2.64101	78.979
656	0.0899279	7.0339	2.6565	79.0225
657	0.0871141	7.03196	2.66712	79.0665
658	0.086413	7.02999	2.67071	79.1105
659	0.0842405	7.02795	2.67725	79.1548
660	0.0855673	7.02597	2.67842	79.1991
661	0.0865229	7.02403	2.67731	79.2433
662	0.0850737	7.02204	2.6723	79.2873
663	0.0848742	7.02005	2.67549	79.3314
664	0.08088	7.01791	2.67141	79.3753
665	0.0783564	7.01568	2.66709	79.4191
666	0.076205	7.01337	2.66602	79.4628
667	0.0754087	7.01105	2.65925	79.5062
668	0.0733403	7.00865	2.6482	79.5491
669	0.0747871	7.00631	2.6456	79.592
670	0.0777893	7.00409	2.64683	79.6348
671	0.0799395	7.00197	2.63483	79.6772
672	0.0778666	6.99977	2.61911	79.719
673	0.0771417	6.99756	2.6038	79.7601
674	0.0835074	6.99559	2.61299	79.8016
675	0.0883285	6.99382	2.60879	79.8429
676	0.0895863	6.9921	2.59231	79.8835
677	0.0860127	6.99025	2.59181	79.9242
678	0.0805768	6.98819	2.59376	79.9648
679	0.0770376	6.98601	2.58968	80.0053
680	0.0762458	6.98381	2.58034	80.0455
681	0.0806803	6.98178	2.56465	80.085
682	0.0840951	6.97989	2.56277	80.1244
683	0.0848567	6.97804	2.55123	80.1634
684	0.0830927	6.97612	2.55205	80.2024
685	0.0830281	6.97421	2.55889	80.2416
686	0.0826383	6.97229	2.56004	80.2809
687	0.0851125	6.97047	2.56532	80.3203
688	0.0901506	6.96885	2.57067	80.36
689	0.0935997	6.96737	2.57361	80.3997
690	0.100371	6.96615	2.58939	80.44
691	0.103809	6.96506	2.58674	80.4802
692	0.103477	6.96397	2.57921	80.5201
693	0.104899	6.96294	2.58321	80.5602
694	0.106254	6.96196	2.59171	80.6005
695	0.104271	6.96092	2.59734	80.6411
696	0.104575	6.95989	2.59011	80.6813
697	0.106745	6.95894	2.59754	80.7218
698	0.110275	6.95814	2.60667	80.7627
699	0.111057	6.95737	2.61512	80.8038
700	0.114334	6.95673	2.61905	80.8451
701	0.116465	6.95617	2.62407	80.8865
702	0.115146	6.95557	2.61417	80.9276
703	0.111308	6.95482	2.60781	80.9684
704	0.111345	6.95409	2.6059	81.0091
705	0.1137	6.95344	2.61567	81.0502
706	0.113171	6.95279	2.60913	81.091
707	0.110252	6.95202	2.61418	81.1319
708	0.108759	6.9512	2.61674	81.173
709	0.109923	6.95044	2.62014	81.2141
710	0.108599	6.94962	2.60881	81.2549
711	0.107263	6.94877	2.61191	81.2957
712	0.106766	6.94789	2.60624	81.3363
713	0.106403	6.94701	2.60482	81.3768
714	0.106822	6.94615	2.60009	81.4171
715	0.102959	6.94515	2.60335	81.4575
716	0.103172	6.94416	2.60748	81.4981
717	0.102926	6.94317	2.60224	81.5384
718	0.104194	6.94223	2.60272	81.5788
719	0.101175	6.94118	2.60577	81.6193
720	0.0963047	6.93996	2.60045	81.6595
721	0.0927916	6.93861	2.59318	81.6994
722	0.0907721	6.93719	2.58673	81.7391
723	0.0873021	6.93565	2.58129	81.7786
724	0.0806314	6.93386	2.59196	81.8185
725	0.0745516	6.93185	2.6067	81.8588
726	0.0729102	6.92979	2.60866	81.8993
727	0.0707204	6.92766	2.60895	81.9397
728	0.0693941	6.92548	2.60075	81.9798
729	0.0703345	6.92334	2.57874	82.0191
730	0.0667538	6.92108	2.58247	82.0585
731	0.0654232	6.91877	2.58247	82.0979
732	0.0659595	6.91649	2.58211	82.1373
733	0.0671748	6.91426	2.57074	82.1762
734	0.0676885	6.91206	2.5701	82.2151
735	0.071051	6.90999	2.57388	82.2541
736	0.0732679	6.908	2.57995	82.2933
737	0.0739153	6.90604	2.57791	82.3325
738	0.0740128	6.9041	2.58179	82.3717
739	0.0746645	6.90218	2.59343	82.4114
740	0.075237	6.90029	2.59119	82.451
741	0.0740502	6.89836	2.58641	82.4904
742	0.0775543	6.89657	2.57713	82.5294
743	0.0800123	6.89487	2.58835	82.5688
744	0.0812817	6.89322	2.59683	82.6085
745	0.0824875	6.89162	2.60387	82.6485
746	0.0793804	6.88992	2.59998	82.6883
747	0.0755475	6.88808	2.59029	82.7277
748	0.0726966	6.88614	2.57685	82.7666
749	0.0688505	6.88407	2.57626	82.8055
750	0.0687168	6.88199	2.57843	82.8445
751	0.0706492	6.88	2.58105	82.8835
752	0.0731689	6.8781	2.58509	82.9227
753	0.0748987	6.87627	2.59219	82.9621
754	0.0779803	6.87455	2.60172	83.0018
755	0.0793575	6.87289	2.61103	83.0419
756	0.0786978	6.87122	2.61352	83.082
757	0.0767077	6.86947	2.60445	83.1218
758	0.0777065	6.86777	2.60159	83.1615
759	0.0773281	6.86606	2.60516	83.2012
760	0.0794131	6.86443	2.61526	83.2414
761	0.0789473	6.86279	2.62498	83.2818
762	0.0768109	6.86108	2.63056	83.3225
763	0.0788006	6.85944	2.62629	83.363
764	0.0775281	6.85776	2.62536	83.4034
765	0.0762654	6.85604	2.62703	83.4439
766	0.074695	6.85427	2.62908	83.4844
767	0.0755314	6.85254	2.6271	83.5248
768	0.0783215	6.85091	2.62897	83.5653
769	0.0815875	6.84941	2.63868	83.6061
770	0.0858376	6.84806	2.63504	83.6468
771	0.0879949	6.84679	2.6345	83.6874
772	0.0885827	6.84555	2.63436	83.728
773	0.0911547	6.84441	2.6336	83.7686
774	0.0910494	6.84326	2.62772	83.8089
775	0.0938388	6.84223	2.62481	83.8492
776	0.0950455	6.84123	2.62904	83.8895
777	0.0912452	6.84011	2.63565	83.9301
778	0.0897775	6.83894	2.63845	83.9707
779	0.0900895	6.83778	2.63705	84.0113
780	0.0899368	6.83663	2.63616	84.0519
781	0.0885378	6.83542	2.632	84.0922
782	0.0892277	6.83425	2.625	84.1323
783	0.0895842	6.83309	2.61473	84.172
784	0.0891821	6.83193	2.60064	84.2112
785	0.0879893	6.83072	2.58352	84.2498
786	0.086735	6.82947	2.57609	84.2881
787	0.0856224	6.82819	2.57289	84.3263
788	0.0884045	6.82702	2.58348	84.3648
789	0.0897955	6.82589	2.58352	84.4033
790	0.0882384	6.82472	2.58356	84.4418
791	0.089125	6.82358	2.57891	84.4801
792	0.090691	6.8225	2.57475	84.5183
793	0.0940964	6.82154	2.58488	84.5568
794	0.0961066	6.82066	2.58946	84.5955
795	0.0969702	6.81982	2.58678	84.634
796	0.0962563	6.81895	2.58074	84.6723
797	0.0933518	6.81798	2.58117	84.7106
798	0.0914267	6.81695	2.57966	84.7489
799	0.090121	6.81588	2.59028	84.7875
800	0.0906424	6.81483	2.6022	84.8265
801	0.0917321	6.81382	2.60354	84.8655
802	0.0926289	6.81285	2.60786	84.9047
803	0.0916794	6.81185	2.60993	84.9439
804	0.0930374	6.8109	2.60431	84.983
805	0.0931088	6.80996	2.60886	85.0221
806	0.0935078	6.80903	2.61536	85.0615
807	0.0925279	6.80807	2.62244	85.1011
808	0.0920482	6.8071	2.62851	85.1409
809	0.0943937	6.80622	2.62658	85.1807
810	0.0972054	6.80544	2.62255	85.2202
811	0.100388	6.80477	2.61945	85.2597
812	0.104409	6.80425	2.60474	85.2986
813	0.107275	6.80383	2.59252	85.337
814	0.110314	6.80353	2.57013	85.3747
815	0.112759	6.80331	2.57523	85.4125
816	0.114017	6.80313	2.58111	85.4506
817	0.115503	6.80301	2.58739	85.4888
818	0.115477	6.8029	2.59093	85.5271
819	0.115883	6.8028	2.5949	85.5656
820	0.116557	6.80272	2.6049	85.6044
821	0.117945	6.8027	2.61077	85.6434
822	0.117007	6.80265	2.60662	85.6822
823	0.116692	6.80259	2.59655	85.7206
824	0.113037	6.8024	2.60257	85.7593
825	0.109923	6.80211	2.60341	85.7979
826	0.108545	6.80177	2.60304	85.8366
827	0.10834	6.80143	2.60503	85.8753
828	0.106414	6.80103	2.60167	85.9138
829	0.104322	6.80055	2.59998	85.9523
830	0.102269	6.80001	2.59959	85.9908
831	0.100194	6.7994	2.60589	86.0294
832	0.0993223	6.79876	2.60782	86.0681
833	0.095577	6.798	2.61644	86.1071
834	0.0946157	6.7972	2.62694	86.1465
835	0.094272	6.7964	2.63665	86.1861
836	0.0937079	6.79558	2.63961	86.2259
837	0.0929513	6.79474	2.64216	86.2657
838	0.0898802	6.79379	2.63966	86.3054
839	0.0870416	6.79275	2.63874	86.3451
840	0.084851	6.79164	2.6398	86.3848
841	0.084996	6.79054	2.61309	86.4235
842	0.0846406	6.78943	2.59986	86.4618
843	0.0821062	6.78824	2.58936	86.4997
844	0.0780842	6.78691	2.58776	86.5375
845	0.0750548	6.78548	2.584	86.5752
846	0.0731504	6.78399	2.58496	86.6129
847	0.0709214	6.78243	2.59041	86.6508
848	0.0697423	6.78083	2.59305	86.6887
849	0.0691673	6.77921	2.58825	86.7265
850	0.0695699	6.77762	2.5816	86.764
851	0.0713025	6.77608	2.58127	86.8016
852	0.073478	6.77463	2.57345	86.8388
853	0.0754045	6.77325	2.58343	86.8763
854	0.0782398	6.77196	2.59441	86.9142
855	0.0777834	6.77067	2.59828	86.9523
856	0.0764826	6.76933	2.60099	86.9904
857	0.0761483	6.76799	2.60529	87.0286
858	0.0733306	6.76655	2.61111	87.0671
859	0.0714032	6.76506	2.61665	87.1057
860	0.0684315	6.76346	2.62745	87.1446
861	0.0674217	6.76184	2.62833	87.1836
862	0.0656031	6.76015	2.62147	87.2223
863	0.0655025	6.75847	2.60596	87.2605
864	0.0657811	6.75681	2.59284	87.2982
865	0.0637768	6.75507	2.59385	87.3359
866	0.0624585	6.7533	2.58694	87.3734
867	0.061387	6.7515	2.57458	87.4104
868	0.060849	6.74968	2.55678	87.4469
869	0.0615443	6.74789	2.5573	87.4833
870	0.0572608	6.74596	2.5711	87.5202
871	0.0558049	6.74398	2.57863	87.5573
872	0.0542448	6.74196	2.58731	87.5948
873	0.0528978	6.73989	2.59131	87.6323
874	0.0508677	6.73776	2.58134	87.6695
875	0.0460275	6.73547	2.58817	87.7069
876	0.0438373	6.73312	2.59219	87.7444
877	0.041085	6.73067	2.59282	87.7819
878	0.0392682	6.72817	2.58991	87.8193
879	0.0370112	6.7256	2.59349	87.8569
880	0.0364788	6.72301	2.59316	87.8943
881	0.036206	6.72042	2.59815	87.932
882	0.034151	6.71777	2.60824	87.97
883	0.0359283	6.71518	2.58101	88.007
884	0.0359621	6.7126	2.57681	88.0439
885	0.0355477	6.71001	2.56739	88.0805
886	0.0357124	6.70742	2.56446	88.1169
887	0.0370149	6.70489	2.56337	88.1533
888	0.0361018	6.70233	2.55373	88.1894
889	0.0376541	6.69983	2.55597	88.2255
890	0.0393434	6.69739	2.55	88.2614
891	0.0380539	6.69492	2.54689	88.2972
892	0.0357905	6.69237	2.55412	88.3332
893	0.0338368	6.68976	2.56136	88.3695
894	0.0323274	6.68711	2.56969	88.406
895	0.0305635	6.6844	2.57514	88.4427
896	0.0290782	6.68165	2.57958	88.4795
897	0.0274215	6.67884	2.57428	88.5162
898	0.0259639	6.676	2.56682	88.5525
899	0.0260784	6.67316	2.56636	88.5889
900	0.0256622	6.67031	2.56569	88.6252
901	0.0253263	6.66746	2.55857	88.6612
902	0.026133	6.66464	2.55813	88.6973
903	0.0267943	6.66185	2.55781	88.7333
904	0.0264786	6.65905	2.56229	88.7694
905	0.0275293	6.65629	2.56047	88.8055
906	0.0297941	6.65362	2.55881	88.8415
907	0.0274732	6.65087	2.55002	88.8772
908	0.027995	6.64814	2.52788	88.9121
909	0.0255577	6.64534	2.51537	88.9467
910	0.0245238	6.64251	2.5193	88.9813
911	0.0225052	6.63961	2.52593	89.0162
912	0.0206043	6.63666	2.53554	89.0513
913	0.0203339	6.6337	2.54577	89.0868
914	0.0190618	6.63071	2.54689	89.1223
915	0.0187492	6.62771	2.55324	89.158
916	0.0199106	6.62476	2.55682	89.1938
917	0.0193393	6.62179	2.55883	89.2297
918	0.0180254	6.61879	2.56233	89.2657
919	0.0168082	6.61575	2.56298	89.3017
920	0.0170663	6.61272	2.5577	89.3375
921	0.0161053	6.60967	2.5548	89.3731
922	0.0190117	6.60672	2.556	89.4088
923	0.0181917	6.60374	2.54994	89.4443
924	0.019909	6.60083	2.54597	89.4797
925	0.0224857	6.59801	2.53756	89.5148
926	0.0229267	6.5952	2.53398	89.5497
927	0.0230781	6.59241	2.533	89.5846
928	0.0254775	6.5897	2.52748	89.6193
929	0.0293796	6.58712	2.53225	89.6542
930	0.0306487	6.58459	2.53394	89.689
931	0.0325115	6.58213	2.53563	89.724
932	0.0329433	6.57968	2.53633	89.7589
933	0.0321284	6.57721	2.53226	89.7937
934	0.0346307	6.57483	2.52057	89.8281
935	0.0375552	6.57255	2.52462	89.8627
936	0.039654	6.57034	2.52819	89.8973
937	0.044963	6.5683	2.5384	89.9323
938	0.048469	6.56639	2.54459	89.9674
939	0.0507486	6.56456	2.54603	90.0026
940	0.0524971	6.56278	2.54051	90.0376
941	0.0534173	6.56104	2.54485	90.0727
942	0.0552106	6.55936	2.55191	90.108
943	0.0556942	6.5577	2.53992	90.143
944	0.0546102	6.55601	2.53589	90.1778
945	0.0527023	6.55426	2.53679	90.2126
946	0.0520382	6.55249	2.52493	90.247
947	0.0527534	6.55075	2.51149	90.2809
948	0.0522967	6.549	2.49718	90.3144
949	0.0529005	6.54727	2.49032	90.3477
950	0.0521802	6.54552	2.49053	90.3809
951	0.0520337	6.54377	2.48808	90.4141
952	0.0536317	6.54208	2.49806	90.4476
953	0.0575947	6.54052	2.5116	90.4815
954	0.0587841	6.539	2.51274	90.5154
955	0.0585553	6.53747	2.51367	90.5494
956	0.0582904	6.53594	2.51167	90.5833
957	0.0583627	6.53442	2.51263	90.6172
958	0.0597068	6.53294	2.50968	90.6509
959	0.0610604	6.53151	2.5059	90.6846
960	0.0597854	6.53004	2.50864	90.7183
961	0.0589775	6.52855	2.50716	90.752
962	0.0574067	6.52701	2.50038	90.7855
963	0.0557299	6.52542	2.50014	90.8189
964	0.0565778	6.52387	2.4997	90.8523
965	0.0578735	6.52235	2.50321	90.8858
966	0.0573519	6.52083	2.50294	90.9193
967	0.0570526	6.51929	2.49949	90.9527
968	0.0551883	6.5177	2.50456	90.9862
969	0.0527025	6.51604	2.50527	91.0197
970	0.050615	6.51431	2.51056	91.0534
971	0.048589	6.51252	2.51119	91.0871
972	0.0467798	6.51067	2.51345	91.1209
973	0.0473155	6.50885	2.51886	91.1548
974	0.0461656	6.50699	2.52119	91.1888
975	0.0455449	6.50512	2.52263	91.2228
976	0.0447432	6.50322	2.51859	91.2567
977	0.0418655	6.50124	2.51213	91.2904
978	0.0400876	6.4992	2.50089	91.3237
979	0.0397127	6.49716	2.49673	91.3568
980	0.0428848	6.49521	2.49829	91.39
981	0.0448816	6.49334	2.49822	91.4232
982	0.0479491	6.49157	2.50877	91.4567
983	0.045897	6.48974	2.51559	91.4905
984	0.0428955	6.48781	2.52314	91.5244
985	0.0406311	6.48582	2.52429	91.5584
986	0.0389434	6.48377	2.52081	91.5922
987	0.0383274	6.48171	2.5235	91.6262
988	0.0366963	6.4796	2.52216	91.66
989	0.0364624	6.47749	2.52728	91.694
990	0.0362393	6.47538	2.53122	91.7282
991	0.0334401	6.47318	2.54124	91.7626
992	0.0321434	6.47094	2.54473	91.7972
993	0.0323389	6.46871	2.5496	91.8319
994	0.0315455	6.46646	2.55458	91.8667
995	0.0327347	6.46426	2.55975	91.9017
996	0.032703	6.46205	2.55788	91.9366
997	0.0321227	6.45983	2.55134	91.9713
998	0.0318621	6.45761	2.54606	92.0058
999	0.0300709	6.45533	2.54261	92.0402
1000	0.0310202	6.45309	2.5384	92.0745
1001	0.0304534	6.45084	2.53889	92.1087
1002	0.0289942	6.44854	2.53515	92.1428
1003	0.0313129	6.44632	2.53522	92.177
1004	0.0326095	6.44414	2.54205	92.2113
1005	0.0333141	6.44199	2.5377	92.2454
1006	0.031401	6.43978	2.5201	92.2791
1007	0.0324897	6.43761	2.51526	92.3125
1008	0.0332872	6.43547	2.51753	92.346
1009	0.0320984	6.4333	2.52549	92.3797
1010	0.0316648	6.43112	2.53075	92.4136
1011	0.0324234	6.42896	2.52091	92.4472
1012	0.0322168	6.4268	2.51836	92.4807
1013	0.031134	6.42461	2.51192	92.514
1014	0.0276154	6.42231	2.52118	92.5476
1015	0.023499	6.41989	2.53667	92.5816
1016	0.021986	6.41743	2.53183	92.6155
1017	0.0203041	6.41491	2.52179	92.649
1018	0.0192684	6.41237	2.51872	92.6824
1019	0.0184026	6.40981	2.51743	92.7158
1020	0.0176831	6.40722	2.51669	92.7492
1021	0.0183008	6.40466	2.518	92.7826
1022	0.0186468	6.40212	2.51479	92.8158
1023	0.0146884	6.39945	2.52296	92.8493
1024	0.0134578	6.39675	2.52155	92.8828
1025	0.0104495	6.39396	2.52966	92.9165
1026	0.00816433	6.39111	2.53376	92.9503
1027	0.0074677	6.38824	2.53492	92.9842
1028	0.00675762	6.38534	2.53816	93.0181
1029	0.00707942	6.38247	2.537	93.052
1030	0.00572771	6.37955	2.54082	93.086
1031	0.0059792	6.37665	2.54208	93.12
1032	0.0078052	6.37381	2.54808	93.1542
1033	0.00887419	6.371	2.55286	93.1886
1034	0.00931181	6.36822	2.55797	93.2231
1035	0.0089595	6.36543	2.55767	93.2575
1036	0.0080864	6.36261	2.55884	93.292
1037	0.00806912	6.3598	2.55846	93.3265
1038	0.00490171	6.35689	2.55707	93.3609
1039	0.00270445	6.35392	2.54461	93.3949
1040	0.00241935	6.35095	2.54583	93.4289
1041	0.00134593	6.34794	2.553	93.4632
1042	0.00102227	6.34493	2.55025	93.4974
1043	2.07628e-05	6.3419	2.55306	93.5316
1044	-0.001187	6.33883	2.5519	93.5658
1045	-0.00296309	6.33571	2.5517	93.5999
1046	-0.00359646	6.33257	2.55534	93.6342
1047	-0.00252128	6.32948	2.55885	93.6686
1048	-0.000915795	6.32643	2.56648	93.7032
1049	0.000481099	6.32344	2.57248	93.7379
1050	-0.00115468	6.3204	2.57894	93.7729
1051	0.00116192	6.31743	2.58188	93.8079
1052	0.00182064	6.31449	2.58407	93.843
1053	0.00233258	6.31157	2.58585	93.8781
1054	0.00170379	6.30863	2.58505	93.9132
1055	0.00168083	6.3057	2.58474	93.9483
1056	0.00357141	6.30283	2.58349	93.9833
1057	0.00443246	6.29999	2.5769	94.0181
1058	0.00771888	6.29725	2.579	94.0529
1059	0.00990545	6.29459	2.57952	94.0878
1060	0.00966855	6.29192	2.57975	94.1227
1061	0.00802379	6.28921	2.57323	94.1573
1062	0.00949406	6.28654	2.57365	94.1919
1063	0.0102689	6.2839	2.57552	94.2266
1064	0.00986541	6.28126	2.57678	94.2613
1065	0.0122919	6.27869	2.58223	94.2962
1066	0.0140635	6.27618	2.57783	94.3309
1067	0.0146921	6.27369	2.57812	94.3657
1068	0.0151997	6.27122	2.57504	94.4003
1069	0.0172843	6.26882	2.57533	94.4349
1070	0.0174046	6.26643	2.57067	94.4693
1071	0.0164505	6.26401	2.571	94.5038
1072	0.0142068	6.26153	2.57286	94.5383
1073	0.0124274	6.259	2.57831	94.573
1074	0.0113703	6.25643	2.56545	94.6072
1075	0.00787434	6.25377	2.55991	94.6413
1076	0.00485694	6.25101	2.55781	94.6753
1077	0.00330004	6.24822	2.56202	94.7094
1078	0.00334715	6.24543	2.56743	94.7437
1079	0.00373637	6.24265	2.5669	94.7779
1080	0.00451967	6.2399	2.56608	94.8121
1081	0.00410613	6.23715	2.56374	94.8462
1082	0.00468767	6.23441	2.56121	94.8803
1083	0.00492151	6.23169	2.56192	94.9143
1084	0.00625584	6.22901	2.56649	94.9485
1085	0.00950185	6.22643	2.56875	94.9827
1086	0.0101205	6.22387	2.57412	95.0171
1087	0.00892912	6.22129	2.57423	95.0514
1088	0.0078792	6.21867	2.56758	95.0856
1089	0.00700843	6.21603	2.56831	95.1198
1090	0.00459681	6.21332	2.5694	95.154
1091	0.0026761	6.21056	2.5657	95.188
1092	0.00232795	6.20779	2.56503	95.2221
1093	0.000390427	6.20497	2.5659	95.2561
1094	0.00102595	6.20217	2.56389	95.2901
1095	-8.27062e-05	6.19934	2.57057	95.3243
1096	-0.00254774	6.19644	2.58098	95.3587
1097	-0.00130196	6.19358	2.58677	95.3934
1098	-0.00266279	6.19068	2.59279	95.4282
1099	-0.00216561	6.18781	2.59944	95.4632
1100	-0.00232849	6.18493	2.60502	95.4983
1101	-0.00167001	6.18207	2.60874	95.5336
1102	-0.00150354	6.17923	2.61255	95.5689
1103	-0.00283044	6.17635	2.6153	95.6043
1104	-0.00257639	6.17348	2.61491	95.6397
1105	-0.00177848	6.17063	2.61112	95.675
1106	-0.0012913	6.16781	2.60876	95.7102
1107	-0.0019434	6.16497	2.60946	95.7454
1108	-0.00173836	6.16214	2.59279	95.7801
1109	-0.00095963	6.15934	2.58791	95.8146
1110	-0.00120065	6.15653	2.59069	95.8492
1111	-0.00205138	6.1537	2.57787	95.8834
1112	-0.00400095	6.15082	2.58146	95.9177
1113	-0.00478053	6.14792	2.57892	95.9519
1114	-0.00582959	6.14499	2.57597	95.986
1115	-0.00612332	6.14205	2.58232	96.0203
1116	-0.0075356	6.13908	2.5914	96.0549
1117	-0.00877142	6.13608	2.59497	96.0895
1118	-0.00923074	6.13306	2.59246	96.1241
1119	-0.00854915	6.13007	2.58234	96.1583
1120	-0.00701069	6.12713	2.58448	96.1926
1121	-0.00694718	6.12419	2.58378	96.2269
1122	-0.00491047	6.12132	2.58107	96.261
1123	-0.00515008	6.11844	2.57977	96.2952
1124	-0.00418715	6.1156	2.57625	96.3292
1125	-0.00461309	6.11275	2.56711	96.3629
1126	-0.00616363	6.10986	2.56088	96.3964
1127	-0.00804835	6.10691	2.5594	96.4299
1128	-0.0081411	6.10397	2.55747	96.4633
1129	-0.00748882	6.10104	2.55937	96.4967
1130	-0.00794108	6.09811	2.55924	96.5302
1131	-0.00723528	6.09521	2.56122	96.5637
1132	-0.00743945	6.0923	2.55914	96.5971
1133	-0.00556343	6.08945	2.5519	96.6303
1134	-0.00631397	6.08658	2.54397	96.6632
1135	-0.00559635	6.08374	2.53419	96.6958
1136	-0.00617169	6.08088	2.52658	96.7282
1137	-0.00423574	6.07808	2.52774	96.7607
1138	-0.00460482	6.07528	2.52728	96.7931
1139	-0.00381902	6.07251	2.53213	96.8256
1140	-0.00467143	6.06971	2.53463	96.8582
1141	-0.00559635	6.06689	2.53117	96.8907
1142	-0.00701618	6.06403	2.53046	96.9232
1143	-0.00675104	6.06118	2.53061	96.9556
1144	-0.00632711	6.05835	2.52902	96.988
1145	-0.00703302	6.0555	2.52661	97.0203
1146	-0.00847174	6.05261	2.52412	97.0525
1147	-0.0105036	6.04967	2.52422	97.0848
1148	-0.0120231	6.04668	2.52345	97.117
1149	-0.0123711	6.04369	2.51907	97.149
1150	-0.0144339	6.04064	2.52021	97.1811
1151	-0.0157138	6.03756	2.52122	97.2132
1152	-0.0174716	6.03443	2.52637	97.2454
1153	-0.0176586	6.03129	2.52872	97.2777
1154	-0.0179219	6.02816	2.53247	97.3101
1155	-0.0174483	6.02504	2.53474	97.3426
1156	-0.0163557	6.02196	2.53726	97.3751
1157	-0.0167256	6.01887	2.53839	97.4077
1158	-0.0176119	6.01575	2.54401	97.4404
1159	-0.0169623	6.01266	2.54154	97.473
1160	-0.0142522	6.00966	2.54538	97.5057
1161	-0.0124439	6.00671	2.54939	97.5385
1162	-0.0100119	6.00384	2.55622	97.5715
1163	-0.00959554	6.00098	2.56009	97.6047
1164	-0.00819893	5.99816	2.562	97.6378
1165	-0.00763625	5.99537	2.567	97.6711
1166	-0.00864551	5.99255	2.56377	97.7043
1167	-0.00784293	5.98976	2.55339	97.7372
1168	-0.00752968	5.98698	2.55595	97.7702
1169	-0.00693683	5.98422	2.55624	97.8031
1170	-0.00473406	5.98152	2.55076	97.8359
1171	-0.00420779	5.97885	2.54215	97.8684
1172	-0.00459521	5.97617	2.53611	97.9007
1173	-0.00424395	5.9735	2.53896	97.9331
1174	-0.00503917	5.97082	2.54471	97.9657
1175	-0.00511157	5.96813	2.55019	97.9984
1176	-0.00665246	5.9654	2.55675	98.0313
1177	-0.00515516	5.96272	2.56184	98.0643
1178	-0.0053919	5.96004	2.56459	98.0974
1179	-0.0065212	5.95732	2.56777	98.1306
1180	-0.00594411	5.95463	2.56965	98.1638
1181	-0.00375232	5.952	2.568	98.197
1182	-0.00340331	5.94939	2.56308	98.23
1183	4.478e-05	5.94688	2.56617	98.2631
1184	0.00200197	5.94443	2.55948	98.2959
1185	0.00349981	5.94203	2.55799	98.3288
1186	0.00540847	5.93968	2.56462	98.3618
1187	0.00440643	5.93731	2.56737	98.3949
1188	0.00440799	5.93495	2.56813	98.428
1189	0.00534981	5.93261	2.57423	98.4612
1190	0.00388113	5.93023	2.57503	98.4945
1191	0.00308248	5.92784	2.57046	98.5276
1192	0.00261346	5.92543	2.56993	98.5607
1193	0.000371714	5.92296	2.57336	98.5939
1194	-0.000768748	5.92046	2.56864	98.627
1195	-0.000648756	5.91797	2.55266	98.6596
1196	-0.00271227	5.91542	2.5417	98.6918
1197	-0.00336913	5.91286	2.54541	98.7242
1198	-0.0047853	5.91025	2.55008	98.7566
1199	-0.00730715	5.90758	2.55736	98.7893
1200	-0.00933314	5.90485	2.56328	98.8221
1201	-0.0102883	5.9021	2.56871	98.8551
1202	-0.00978524	5.89937	2.57164	98.8882
1203	-0.00914572	5.89666	2.57701	98.9214
1204	-0.00914378	5.89395	2.58242	98.9547
1205	-0.00928899	5.89124	2.58489	98.9881
1206	-0.00811689	5.88857	2.58683	99.0215
1207	-0.00779373	5.88591	2.58767	99.055
1208	-0.00933082	5.88321	2.59165	99.0886
1209	-0.011295	5.88045	2.59349	99.1222
1210	-0.0146428	5.8776	2.60063	99.156
1211	-0.0169933	5.87469	2.60059	99.1898
1212	-0.0172878	5.87178	2.59698	99.2234
1213	-0.0181418	5.86884	2.59534	99.2571
1214	-0.0187063	5.86589	2.59412	99.2906
1215	-0.0188449	5.86294	2.59624	99.3242
1216	-0.0196637	5.85997	2.59194	99.3577
1217	-0.0195831	5.857	2.58682	99.3911
1218	-0.019165	5.85405	2.58343	99.4243
1219	-0.0179544	5.85114	2.58866	99.4576
1220	-0.0175894	5.84824	2.58819	99.491
1221	-0.0186705	5.84532	2.58492	99.5242
1222	-0.0197931	5.84237	2.59132	99.5576
1223	-0.0214786	5.83937	2.59638	99.5912
1224	-0.020545	5.8364	2.60046	99.6248
1225	-0.0216555	5.8334	2.60201	99.6585
1226	-0.0216261	5.83041	2.60342	99.6922
1227	-0.0226867	5.82739	2.60754	99.726
1228	-0.0235338	5.82435	2.61003	99.7599
1229	-0.024828	5.82127	2.60838	99.7937
1230	-0.0242995	5.81822	2.59772	99.8272
1231	-0.0233202	5.8152	2.59607	99.8606
1232	-0.0240253	5.81215	2.60257	99.8942
1233	-0.0240003	5.80912	2.60822	99.928
1234	-0.0239694	5.80609	2.60701	99.9617
1235	-0.0252079	5.80302	2.60608	99.9954
1236	-0.0252245	5.79996	2.60047	100.029
1237	-0.0261855	5.79688	2.59549	100.062
1238	-0.0262534	5.79379	2.5959	100.096
1239	-0.0233597	5.79079	2.60304	100.129
1240	-0.0212986	5.78786	2.60777	100.163
1241	-0.0197028	5.78497	2.61537	100.197
1242	-0.0194506	5.78209	2.61064	100.231
1243	-0.0195139	5.77922	2.60016	100.264
1244	-0.0183493	5.77638	2.60231	100.297
1245	-0.0180675	5.77355	2.60369	100.331
1246	-0.0166395	5.77077	2.60863	100.365
1247	-0.0164269	5.76799	2.60635	100.398
1248	-0.014295	5.76528	2.60069	100.432
1249	-0.0122027	5.76263	2.60775	100.465
1250	-0.00972334	5.76005	2.61116	100.499
1251	-0.00853439	5.75751	2.60424	100.532
1252	-0.00565812	5.75506	2.60594	100.566
1253	-0.00414005	5.75265	2.61015	100.599
1254	-0.00565756	5.7502	2.61167	100.633
1255	-0.00576443	5.74775	2.60959	100.667
1256	-0.00395196	5.74535	2.61324	100.7
1257	-0.00187229	5.74301	2.6126	100.734
1258	0.000725697	5.74076	2.61448	100.767
1259	0.00161915	5.73852	2.60831	100.801
1260	0.0038659	5.73636	2.61165	100.835
1261	0.00441657	5.73421	2.61049	100.868
1262	0.00493211	5.73208	2.61357	100.902
1263	0.0048485	5.72995	2.61597	100.935
1264	0.00616825	5.72786	2.62271	100.969
1265	0.00792689	5.72582	2.63038	101.003
1266	0.00806671	5.72379	2.6325	101.037
1267	0.00856207	5.72178	2.63674	101.072
1268	0.00932804	5.71979	2.64272	101.106
1269	0.00949262	5.7178	2.64174	101.14
1270	0.00910312	5.71581	2.63894	101.174
1271	0.00874465	5.71381	2.63391	101.209
1272	0.0100675	5.71185	2.62736	101.242
1273	0.0114183	5.70993	2.62677	101.276
1274	0.0126398	5.70804	2.62952	101.31
1275	0.0128094	5.70617	2.6313	101.344
1276	0.0107066	5.70423	2.63287	101.378
1277	0.00896551	5.70225	2.62784	101.412
1278	0.00765483	5.70024	2.62376	101.446
1279	0.0069117	5.69821	2.60526	101.479
1280	0.00654181	5.69617	2.59697	101.512
1281	0.00727406	5.69415	2.59724	101.545
1282	0.00837596	5.69216	2.59748	101.578
1283	0.0088294	5.6902	2.59326	101.61
1284	0.00883527	5.68823	2.59109	101.643
1285	0.00886602	5.68627	2.58703	101.676
1286	0.00710552	5.68426	2.58696	101.708
1287	0.00590821	5.68222	2.58976	101.741
1288	0.00630759	5.68019	2.58892	101.774
1289	0.00591399	5.67815	2.59079	101.806
1290	0.00670944	5.67614	2.59306	101.839
1291	0.00565746	5.6741	2.59941	101.872
1292	0.00591928	5.67208	2.59607	101.905
1293	0.00587708	5.67005	2.59661	101.938
1294	0.00536424	5.66801	2.59847	101.971
1295	0.00280717	5.6659	2.6054	102.004
1296	0.00241109	5.66379	2.60787	102.037
1297	0.00295124	5.66169	2.60914	102.07
1298	0.0043018	5.65963	2.60906	102.103
1299	0.00685988	5.65764	2.60948	102.136
1300	0.00876496	5.65571	2.60803	102.169
1301	0.0101962	5.65382	2.60715	102.202
1302	0.0113682	5.65197	2.60429	102.235
1303	0.0124537	5.65015	2.60501	102.268
1304	0.0136824	5.64837	2.59997	102.301
1305	0.0152662	5.64663	2.59537	102.333
1306	0.0167998	5.64493	2.58969	102.366
1307	0.0181646	5.64328	2.58306	102.398
1308	0.0197666	5.64167	2.57806	102.43
1309	0.0200873	5.64007	2.57129	102.462
1310	0.0199897	5.63847	2.57089	102.494
1311	0.0223783	5.63694	2.57701	102.526
1312	0.0244669	5.63547	2.58005	102.558
1313	0.0248332	5.63402	2.58386	102.591
1314	0.0232255	5.63251	2.58749	102.623
1315	0.0229708	5.63101	2.59046	102.655
1316	0.0215204	5.62946	2.59393	102.688
1317	0.0195851	5.62787	2.58113	102.72
1318	0.016868	5.6262	2.57518	102.752
1319	0.0172799	5.62455	2.57614	102.784
1320	0.0163633	5.62287	2.57802	102.816
1321	0.0183489	5.62125	2.58689	102.848
1322	0.0195012	5.61966	2.59365	102.881
1323	0.0181914	5.61804	2.59313	102.913
1324	0.0167877	5.61638	2.59775	102.946
1325	0.0143106	5.61466	2.60429	102.978
1326	0.0141935	5.61293	2.60415	103.011
1327	0.0141103	5.61121	2.60762	103.044
1328	0.013238	5.60946	2.61218	103.077
1329	0.0139299	5.60774	2.61828	103.11
1330	0.0135139	5.606	2.62272	103.143
1331	0.0123635	5.60424	2.62866	103.176
1332	0.0119998	5.60246	2.63176	103.209
1333	0.0107548	5.60066	2.63533	103.243
1334	0.00938912	5.59882	2.63907	103.276
1335	0.00969572	5.59699	2.6259	103.31
1336	0.0112262	5.59521	2.61694	103.343
1337	0.0121236	5.59345	2.61219	103.375
1338	0.0134827	5.59173	2.61674	103.408
1339	0.0140266	5.59003	2.6201	103.441
1340	0.0129471	5.5883	2.62434	103.474
1341	0.0132886	5.58658	2.62797	103.507
1342	0.0133014	5.58486	2.62354	103.541
1343	0.0113014	5.58309	2.61417	103.573
1344	0.00948696	5.58128	2.61659	103.606
1345	0.00887192	5.57945	2.62124	103.639
1346	0.00768637	5.57759	2.62368	103.672
1347	0.00667528	5.5757	2.62701	103.705
1348	0.00703881	5.57383	2.62632	103.738
1349	0.0080485	5.57198	2.62861	103.771
1350	0.0087517	5.57016	2.62984	103.805
1351	0.00889477	5.56834	2.63077	103.838
1352	0.0103969	5.56657	2.63246	103.871
1353	0.010358	5.5648	2.6316	103.904
1354	0.0105865	5.56303	2.6356	103.937
1355	0.0107643	5.56127	2.6372	103.971
1356	0.0096456	5.55949	2.64051	104.004
1357	0.0104444	5.55772	2.64329	104.037
1358	0.0118204	5.556	2.63737	104.071
1359	0.0130228	5.55431	2.63754	104.104
1360	0.0110261	5.55257	2.63193	104.137
1361	0.00807613	5.55075	2.63783	104.17
1362	0.00779676	5.54893	2.63982	104.203
1363	0.00726008	5.54709	2.64465	104.237
1364	0.00609808	5.54523	2.64654	104.27
1365	0.00604177	5.54336	2.64826	104.304
1366	0.00524044	5.54148	2.64827	104.337
1367	0.00393141	5.53956	2.65017	104.371
1368	0.00392598	5.53764	2.6462	104.404
1369	0.00347882	5.53572	2.64187	104.437
1370	0.0030701	5.53378	2.6371	104.471
1371	0.00292801	5.53185	2.64178	104.504
1372	0.00428438	5.52995	2.64333	104.537
1373	0.00597588	5.5281	2.64366	104.57
1374	0.00778939	5.5263	2.64778	104.604
1375	0.00879316	5.52453	2.64681	104.637
1376	0.00832774	5.52275	2.64713	104.67
1377	0.00860954	5.52098	2.64839	104.704
1378	0.00815544	5.5192	2.65197	104.737
1379	0.00855425	5.51743	2.65403	104.771
1380	0.00949689	5.51569	2.64568	104.804
1381	0.0104042	5.51397	2.64673	104.837
1382	0.0108102	5.51227	2.64875	104.871
1383	0.0107173	5.51057	2.64712	104.904
1384	0.0110744	5.50888	2.64537	104.937
1385	0.00977241	5.50715	2.64246	104.97
1386	0.00884646	5.50541	2.64554	105.003
1387	0.00916954	5.50367	2.64063	105.036
1388	0.0093642	5.50194	2.63557	105.069
1389	0.00991374	5.50023	2.63199	105.102
1390	0.0118497	5.49857	2.62657	105.135
1391	0.0117077	5.49691	2.62852	105.167
1392	0.00944217	5.49519	2.63544	105.2
1393	0.00730928	5.49342	2.63854	105.233
1394	0.00774775	5.49166	2.63942	105.266
1395	0.00904794	5.48993	2.64136	105.299
1396	0.0104659	5.48825	2.64254	105.332
1397	0.0123849	5.48662	2.64124	105.365
1398	0.0125536	5.48499	2.63317	105.398
1399	0.00974244	5.4833	2.63268	105.431
1400	0.00955791	5.4816	2.6315	105.463
1401	0.00941659	5.47989	2.62367	105.496
1402	0.00832436	5.47816	2.61706	105.528
1403	0.00673815	5.47639	2.60255	105.56
1404	0.00607539	5.47461	2.59869	105.592
1405	0.00613659	5.47282	2.5979	105.623
1406	0.00471002	5.47101	2.59752	105.655
1407	0.00536283	5.46921	2.59191	105.687
1408	0.00468086	5.46739	2.58673	105.718
1409	0.00416273	5.46557	2.58574	105.749
1410	0.00311334	5.46371	2.5907	105.781
1411	0.00223416	5.46184	2.58894	105.812
1412	0.00302293	5.45999	2.59105	105.844
1413	0.00348115	5.45815	2.59259	105.875
1414	0.00327765	5.45631	2.58862	105.907
1415	0.0048674	5.45451	2.59179	105.938
1416	0.00511557	5.45273	2.58908	105.97
1417	0.00600755	5.45096	2.58209	106.001
1418	0.00792773	5.44925	2.57615	106.032
1419	0.00892359	5.44757	2.57791	106.063
1420	0.00922185	5.4459	2.58102	106.094
1421	0.00941417	5.44424	2.58164	106.125
1422	0.00959802	5.44258	2.5834	106.156
1423	0.00890191	5.44091	2.58404	106.188
1424	0.00814644	5.43921	2.58404	106.219
1425	0.00914895	5.43755	2.58718	106.25
1426	0.00904906	5.43588	2.58874	106.281
1427	0.00918173	5.43423	2.59332	106.313
1428	0.0107057	5.43261	2.60008	106.344
1429	0.010844	5.431	2.60456	106.376
1430	0.00929311	5.42934	2.61268	106.408
1431	0.00763575	5.42765	2.62007	106.44
1432	0.00950281	5.42601	2.6262	106.472
1433	0.0114604	5.42442	2.63292	106.505
1434	0.0102859	5.4228	2.63598	106.537
1435	0.00996885	5.42118	2.63746	106.57
1436	0.00861904	5.41952	2.63533	106.602
1437	0.00838134	5.41786	2.63305	106.634
1438	0.008267	5.4162	2.62922	106.667
1439	0.00822566	5.41453	2.62966	106.699
1440	0.00696247	5.41284	2.63471	106.731
1441	0.00617549	5.41112	2.63273	106.764
1442	0.00394708	5.40935	2.6311	106.796
1443	0.00120428	5.40751	2.63714	106.828
1444	-0.00121099	5.40561	2.63911	106.861
1445	-0.00379536	5.40364	2.64533	106.893
1446	-0.00453444	5.40166	2.64464	106.926
1447	-0.0054677	5.39965	2.64593	106.958
1448	-0.00666299	5.39761	2.64548	106.991
1449	-0.00556412	5.39561	2.65025	107.024
1450	-0.00440106	5.39363	2.65375	107.057
1451	-0.0029871	5.3917	2.65856	107.089
1452	-0.00150254	5.38981	2.66242	107.122
1453	0.000790385	5.38797	2.66521	107.155
1454	0.00133919	5.38616	2.65923	107.188
1455	0.00240271	5.38437	2.65708	107.221
1456	0.00314881	5.38261	2.65723	107.254
1457	0.00385714	5.38086	2.65986	107.287
1458	0.00622074	5.37918	2.66651	107.32
1459	0.00819246	5.37756	2.66899	107.353
1460	0.00944405	5.37596	2.66886	107.386
1461	0.0105656	5.3744	2.67032	107.419
1462	0.0107938	5.37285	2.67472	107.452
1463	0.0099367	5.37127	2.67467	107.486
1464	0.0088554	5.36967	2.67838	107.519
1465	0.00814398	5.36806	2.68059	107.552
1466	0.00667805	5.3664	2.68086	107.586
1467	0.00532824	5.36471	2.67954	107.619
1468	0.00361935	5.36298	2.68188	107.652
1469	0.00225028	5.36122	2.6854	107.686
1470	0.00233927	5.35946	2.68942	107.719
1471	0.00124508	5.35767	2.68734	107.753
1472	0.000952644	5.35588	2.68378	107.786
1473	0.00243714	5.35413	2.68093	107.819
1474	0.00326687	5.3524	2.68227	107.852
1475	0.00318439	5.35067	2.68632	107.886
1476	0.00349784	5.34895	2.68706	107.919
1477	0.00330944	5.34723	2.68524	107.953
1478	0.00388611	5.34552	2.68683	107.986
1479	0.00326824	5.3438	2.69076	108.019
1480	0.00243098	5.34206	2.69436	108.053
1481	0.00145473	5.3403	2.69104	108.086
1482	0.0027823	5.33857	2.69396	108.12
1483	0.00263005	5.33684	2.6974	108.153
1484	0.00212726	5.3351	2.696	108.187
1485	-0.000667809	5.33329	2.70537	108.221
1486	-0.004048	5.33139	2.71321	108.255
1487	-0.00751674	5.3294	2.72612	108.289
1488	-0.0108056	5.32734	2.73835	108.324
1489	-0.0143417	5.32518	2.74975	108.359
1490	-0.0154293	5.32299	2.7526	108.393
1491	-0.0149598	5.32082	2.75237	108.428
1492	-0.015354	5.31864	2.74073	108.463
1493	-0.0155773	5.31646	2.73333	108.497
1494	-0.0156947	5.31428	2.7259	108.532
1495	-0.0140622	5.31214	2.72552	108.566
1496	-0.0139195	5.31001	2.71951	108.6
1497	-0.0131508	5.3079	2.71962	108.634
1498	-0.0127011	5.3058	2.71825	108.668
1499	-0.0135495	5.30368	2.71858	108.702
1500	-0.0150658	5.30153	2.7171	108.736
1501	-0.0153708	5.29937	2.7099	108.769
1502	-0.0179913	5.29714	2.71278	108.803
1503	-0.0208582	5.29484	2.71535	108.837
1504	-0.0231856	5.29249	2.71542	108.871
1505	-0.0251084	5.29008	2.71093	108.905
1506	-0.0266734	5.28764	2.7136	108.938
1507	-0.0275449	5.28518	2.71101	108.972
1508	-0.0283973	5.2827	2.70818	109.006
1509	-0.0272047	5.28025	2.70509	109.039
1510	-0.0266946	5.27782	2.70214	109.073
1511	-0.0264683	5.27539	2.69179	109.106
1512	-0.0274937	5.27295	2.68567	109.139
1513	-0.0273249	5.2705	2.67992	109.172
1514	-0.0265343	5.26808	2.67969	109.204
1515	-0.0263197	5.26567	2.67416	109.237
1516	-0.0260822	5.26327	2.67183	109.27
1517	-0.0264418	5.26086	2.66913	109.302
1518	-0.02584	5.25846	2.66467	109.334
1519	-0.0236686	5.25613	2.66661	109.367
1520	-0.0229067	5.25381	2.66697	109.399
1521	-0.0230003	5.2515	2.66931	109.432
1522	-0.0221514	5.24921	2.67032	109.464
1523	-0.0224075	5.24691	2.67189	109.497
1524	-0.0220058	5.24463	2.66342	109.529
1525	-0.0223424	5.24234	2.66427	109.561
1526	-0.021888	5.24006	2.66951	109.594
1527	-0.0216643	5.2378	2.67362	109.626
1528	-0.0210288	5.23555	2.6725	109.659
1529	-0.0206381	5.23331	2.67167	109.691
1530	-0.0209549	5.23106	2.67554	109.724
1531	-0.0224991	5.22878	2.6796	109.757
1532	-0.0223255	5.22651	2.68059	109.789
1533	-0.0240693	5.22419	2.68094	109.822
1534	-0.0251853	5.22185	2.67983	109.855
1535	-0.0281458	5.21943	2.68609	109.887
1536	-0.0289467	5.217	2.6802	109.92
1537	-0.0283099	5.21458	2.68327	109.953
1538	-0.0272056	5.21219	2.68533	109.985
1539	-0.0279612	5.20979	2.68685	110.018
1540	-0.0277664	5.20739	2.68659	110.051
1541	-0.0272138	5.20501	2.68337	110.083
1542	-0.0282787	5.20261	2.67275	110.116
1543	-0.0308188	5.20014	2.67149	110.148
1544	-0.0311778	5.19766	2.66792	110.18
1545	-0.0299344	5.19522	2.66344	110.212
1546	-0.029354	5.1928	2.66149	110.244
1547	-0.0296141	5.19037	2.65946	110.276
1548	-0.0299346	5.18793	2.65863	110.308
1549	-0.0295394	5.18551	2.65611	110.34
1550	-0.0299406	5.18308	2.65625	110.372
1551	-0.0288564	5.18068	2.65887	110.404
1552	-0.0281405	5.1783	2.66012	110.436
1553	-0.0285139	5.17591	2.65925	110.468
1554	-0.0284256	5.17353	2.6573	110.5
1555	-0.0295318	5.17112	2.65395	110.532
1556	-0.030403	5.16869	2.64775	110.563
1557	-0.0305736	5.16625	2.64414	110.595
1558	-0.0308719	5.16382	2.64058	110.626
1559	-0.0316851	5.16136	2.63923	110.657
1560	-0.0331667	5.15887	2.63731	110.689
1561	-0.0345284	5.15634	2.63614	110.72
1562	-0.0346477	5.15382	2.6386	110.751
1563	-0.0337431	5.15132	2.64155	110.783
1564	-0.0316233	5.14888	2.64753	110.814
1565	-0.0299883	5.14647	2.64147	110.846
1566	-0.0295999	5.14409	2.64336	110.877
1567	-0.0300788	5.14169	2.64445	110.908
1568	-0.0305138	5.13928	2.64599	110.94
1569	-0.0315603	5.13685	2.65066	110.971
1570	-0.0316755	5.13441	2.6423	111.003
1571	-0.0327475	5.13196	2.64319	111.034
1572	-0.0335166	5.12948	2.64675	111.066
1573	-0.034936	5.12697	2.64958	111.097
1574	-0.0365339	5.12442	2.64865	111.129
1575	-0.0367648	5.12187	2.64741	111.16
1576	-0.0380658	5.11929	2.63928	111.191
1577	-0.038212	5.11671	2.62593	111.222
1578	-0.0375667	5.11414	2.61517	111.253
1579	-0.0377613	5.11158	2.60566	111.283
1580	-0.0386829	5.10899	2.60559	111.313
1581	-0.040002	5.10637	2.60736	111.344
1582	-0.0394772	5.10377	2.61031	111.374
1583	-0.0381124	5.1012	2.60981	111.405
1584	-0.0373459	5.09865	2.61079	111.435
1585	-0.0375818	5.0961	2.61174	111.465
1586	-0.0378684	5.09355	2.61058	111.496
1587	-0.0387581	5.09097	2.60808	111.526
1588	-0.0384822	5.0884	2.6055	111.556
1589	-0.038476	5.08584	2.60496	111.587
1590	-0.0378265	5.0833	2.60465	111.617
1591	-0.036231	5.08079	2.60544	111.647
1592	-0.0359204	5.0783	2.60717	111.677
1593	-0.0361696	5.0758	2.60814	111.708
1594	-0.0363746	5.0733	2.60631	111.738
1595	-0.0371481	5.07078	2.60801	111.768
1596	-0.037053	5.06827	2.60954	111.799
1597	-0.0364906	5.06577	2.60753	111.829
1598	-0.0358398	5.06329	2.6061	111.859
1599	-0.0347354	5.06084	2.60822	111.889
1600	-0.0338338	5.05842	2.61256	111.92
1601	-0.0331691	5.05601	2.61106	111.95
1602	-0.0335448	5.0536	2.61215	111.98
1603	-0.0353745	5.05114	2.61668	112.011
1604	-0.0349929	5.04869	2.61849	112.041
1605	-0.0341476	5.04627	2.61594	112.071
1606	-0.0350451	5.04383	2.61658	112.102
1607	-0.0364457	5.04135	2.61763	112.132
1608	-0.0371877	5.03886	2.61584	112.163
1609	-0.0366413	5.03638	2.61278	112.193
1610	-0.0365993	5.03391	2.60945	112.223
1611	-0.0369708	5.03142	2.60369	112.253
1612	-0.036371	5.02896	2.59618	112.283
1613	-0.0376923	5.02647	2.59538	112.313
1614	-0.0380964	5.02396	2.59361	112.343
1615	-0.0389001	5.02144	2.59338	112.372
1616	-0.0396162	5.0189	2.58863	112.402
1617	-0.0392231	5.01638	2.58436	112.431
1618	-0.0384615	5.01387	2.58269	112.461
1619	-0.0388756	5.01136	2.58428	112.49
1620	-0.0407258	5.00881	2.58571	112.52
1621	-0.0425195	5.00621	2.58827	112.549
1622	-0.0448969	5.00355	2.58755	112.579
1623	-0.046414	5.00086	2.58607	112.609
1624	-0.0464413	4.99817	2.58964	112.638
1625	-0.0475757	4.99546	2.59106	112.668
1626	-0.0488937	4.99271	2.59425	112.697
1627	-0.0482414	4.98998	2.59201	112.727
1628	-0.0480256	4.98726	2.59083	112.757
1629	-0.0472494	4.98456	2.59261	112.786
1630	-0.0464669	4.98188	2.5944	112.816
1631	-0.0463264	4.97921	2.5985	112.846
1632	-0.0467103	4.97653	2.60082	112.876
1633	-0.0473167	4.97384	2.60288	112.905
1634	-0.0481142	4.97113	2.60179	112.935
1635	-0.0489433	4.9684	2.59238	112.965
1636	-0.0496684	4.96566	2.58215	112.994
1637	-0.0509661	4.96288	2.57844	113.023
1638	-0.0508517	4.96012	2.57747	113.052
1639	-0.0516938	4.95733	2.566	113.081
1640	-0.0512659	4.95455	2.56152	113.11
1641	-0.0508639	4.95179	2.56464	113.139
1642	-0.0497632	4.94906	2.56359	113.168
1643	-0.0493228	4.94634	2.56425	113.197
1644	-0.0493738	4.94362	2.56622	113.225
1645	-0.0500933	4.94088	2.57058	113.254
1646	-0.0511159	4.93812	2.57318	113.283
1647	-0.0519401	4.93535	2.57449	113.312
1648	-0.0526781	4.93255	2.57398	113.342
1649	-0.0515824	4.92979	2.56828	113.37
1650	-0.0495898	4.92708	2.56406	113.399
1651	-0.0486513	4.92439	2.56341	113.428
1652	-0.0485263	4.92171	2.56046	113.457
1653	-0.0479181	4.91904	2.56282	113.485
1654	-0.0481651	4.91637	2.56398	113.514
1655	-0.0477218	4.91372	2.56509	113.543
1656	-0.0468354	4.91109	2.55793	113.571
1657	-0.0462768	4.90847	2.55232	113.6
1658	-0.047801	4.90582	2.55509	113.628
1659	-0.0478003	4.90317	2.55483	113.657
1660	-0.0468288	4.90054	2.5553	113.685
1661	-0.0457751	4.89795	2.55718	113.714
1662	-0.0457336	4.89535	2.55871	113.742
1663	-0.04535	4.89277	2.5582	113.771
1664	-0.0459459	4.89018	2.55253	113.799
1665	-0.0467048	4.88757	2.54886	113.827
1666	-0.0464076	4.88497	2.54459	113.856
1667	-0.0476752	4.88233	2.54422	113.884
1668	-0.0472507	4.87972	2.54346	113.912
1669	-0.047201	4.8771	2.54288	113.94
1670	-0.0476829	4.87448	2.53881	113.968
1671	-0.047871	4.87185	2.53745	113.996
1672	-0.0484618	4.86921	2.54262	114.024
1673	-0.0492098	4.86655	2.54616	114.052
1674	-0.0496213	4.86389	2.54732	114.081
1675	-0.0493077	4.86123	2.54848	114.109
1676	-0.0489636	4.85859	2.54793	114.137
1677	-0.0484704	4.85596	2.54994	114.165
1678	-0.0487382	4.85333	2.55345	114.193
1679	-0.0501306	4.85066	2.55963	114.222
1680	-0.0496881	4.84801	2.5586	114.25
1681	-0.0494373	4.84536	2.5589	114.279
1682	-0.0492759	4.84272	2.55851	114.307
1683	-0.0494292	4.84008	2.55786	114.336
1684	-0.0495196	4.83744	2.56219	114.364
1685	-0.0496598	4.83479	2.56126	114.393
1686	-0.0486821	4.83218	2.56256	114.421
1687	-0.0460754	4.82963	2.56873	114.45
1688	-0.0471457	4.82705	2.57152	114.478
1689	-0.0477503	4.82446	2.57353	114.507
1690	-0.0477932	4.82187	2.57061	114.536
1691	-0.047935	4.81928	2.5646	114.564
1692	-0.0483579	4.81669	2.56144	114.593
1693	-0.0498499	4.81405	2.56425	114.621
1694	-0.0511702	4.81139	2.56167	114.65
1695	-0.0510921	4.80873	2.55945	114.678
1696	-0.0502612	4.8061	2.56348	114.706
1697	-0.0500933	4.80347	2.56246	114.735
1698	-0.0502948	4.80084	2.55722	114.763
1699	-0.050293	4.79821	2.55548	114.791
1700	-0.0498506	4.79559	2.55375	114.819
1701	-0.0484286	4.79301	2.55089	114.847
1702	-0.0470597	4.79046	2.55071	114.876
1703	-0.0461566	4.78794	2.55174	114.904
1704	-0.0454536	4.78543	2.55662	114.932
1705	-0.0431019	4.78299	2.56295	114.96
1706	-0.0430186	4.78055	2.5635	114.989
1707	-0.0423704	4.77812	2.56293	115.017
1708	-0.0425575	4.7757	2.56161	115.045
1709	-0.0422381	4.77328	2.56429	115.074
1710	-0.0418841	4.77087	2.56407	115.102
1711	-0.0429015	4.76844	2.56546	115.13
1712	-0.0433405	4.766	2.56722	115.159
1713	-0.0442745	4.76355	2.56627	115.187
1714	-0.044673	4.76108	2.5612	115.215
1715	-0.0449122	4.75861	2.56051	115.244
1716	-0.0447657	4.75614	2.5644	115.272
1717	-0.0440417	4.7537	2.56824	115.3
1718	-0.0448291	4.75123	2.56897	115.329
1719	-0.0453378	4.74876	2.57116	115.357
1720	-0.0445539	4.74631	2.5731	115.386
1721	-0.0424715	4.74391	2.57582	115.414
1722	-0.0427055	4.7415	2.57492	115.443
1723	-0.0431375	4.73909	2.57902	115.472
1724	-0.0434605	4.73667	2.57933	115.5
1725	-0.0433894	4.73425	2.58005	115.529
1726	-0.043923	4.73183	2.58229	115.558
1727	-0.0421672	4.72945	2.58655	115.586
1728	-0.0404967	4.7271	2.59	115.615
1729	-0.0403034	4.72477	2.59385	115.644
1730	-0.0394159	4.72246	2.59651	115.673
1731	-0.0388457	4.72016	2.5987	115.702
1732	-0.0386049	4.71788	2.59716	115.731
1733	-0.0389945	4.71558	2.59548	115.76
1734	-0.0393411	4.71328	2.59376	115.789
1735	-0.0395161	4.71097	2.59168	115.818
1736	-0.0402525	4.70865	2.59222	115.847
1737	-0.0397748	4.70634	2.58962	115.875
1738	-0.0394973	4.70404	2.5893	115.904
1739	-0.0395243	4.70174	2.58958	115.933
1740	-0.039388	4.69945	2.58867	115.962
1741	-0.0403004	4.69714	2.58828	115.99
1742	-0.0410448	4.69481	2.58992	116.019
1743	-0.0398839	4.69251	2.58868	116.048
1744	-0.0374945	4.69027	2.5941	116.077
1745	-0.0354829	4.68808	2.59808	116.106
1746	-0.0345958	4.68591	2.59882	116.135
1747	-0.034719	4.68374	2.5947	116.164
1748	-0.0342354	4.68158	2.59528	116.192
1749	-0.0347046	4.67941	2.59659	116.221
1750	-0.0360447	4.67722	2.6012	116.25
1751	-0.0372139	4.67499	2.60322	116.279
1752	-0.038151	4.67275	2.59843	116.308
1753	-0.0383685	4.6705	2.59573	116.337
1754	-0.0382352	4.66826	2.59245	116.366
1755	-0.0396453	4.66599	2.59547	116.394
1756	-0.0402933	4.6637	2.59833	116.423
1757	-0.0387615	4.66145	2.60379	116.452
1758	-0.0383292	4.65921	2.6053	116.481
1759	-0.0383603	4.65697	2.60884	116.51
1760	-0.0375087	4.65476	2.61076	116.54
1761	-0.0398995	4.65249	2.6162	116.569
1762	-0.041477	4.65018	2.61913	116.598
1763	-0.0413483	4.64788	2.61651	116.627
1764	-0.0415016	4.64557	2.61829	116.657
1765	-0.0406849	4.64329	2.61602	116.686
1766	-0.0411979	4.641	2.61331	116.715
1767	-0.0409213	4.63871	2.61576	116.744
1768	-0.0404363	4.63644	2.6193	116.773
1769	-0.0399262	4.63418	2.62242	116.803
1770	-0.0384092	4.63196	2.62449	116.832
1771	-0.0379364	4.62976	2.61496	116.861
1772	-0.0369729	4.62757	2.61559	116.891
1773	-0.0347088	4.62545	2.61945	116.92
1774	-0.0322586	4.62338	2.61511	116.949
1775	-0.0310928	4.62134	2.61388	116.978
1776	-0.0301572	4.61932	2.61337	117.007
1777	-0.0303348	4.61731	2.61178	117.036
1778	-0.0301462	4.61529	2.60519	117.065
1779	-0.0287705	4.61332	2.5993	117.094
1780	-0.0299005	4.61131	2.59397	117.122
1781	-0.0314306	4.60928	2.58885	117.151
1782	-0.0320546	4.60723	2.57929	117.179
1783	-0.0330978	4.60515	2.57546	117.207
1784	-0.0340133	4.60306	2.56539	117.235
1785	-0.0330549	4.60099	2.56421	117.263
1786	-0.0326815	4.59893	2.56635	117.291
1787	-0.031861	4.59689	2.57028	117.319
1788	-0.0305349	4.59488	2.57464	117.347
1789	-0.0316354	4.59285	2.576	117.375
1790	-0.0327265	4.5908	2.5793	117.403
1791	-0.0318907	4.58876	2.5834	117.431
1792	-0.0322773	4.58672	2.58734	117.46
1793	-0.031912	4.58469	2.58979	117.488
1794	-0.0305038	4.5827	2.59395	117.517
1795	-0.0296393	4.58072	2.59772	117.545
1796	-0.0283938	4.57878	2.60141	117.574
1797	-0.027867	4.57685	2.60161	117.602
1798	-0.027122	4.57494	2.6038	117.631
1799	-0.0276542	4.57302	2.60525	117.66
1800	-0.0272898	4.5711	2.6047	117.689
1801	-0.0263264	4.56922	2.60355	117.717
1802	-0.0260139	4.56734	2.60209	117.746
1803	-0.0265453	4.56545	2.59714	117.774
1804	-0.0275297	4.56353	2.59597	117.803
1805	-0.0277976	4.56162	2.59732	117.831
1806	-0.0282622	4.55969	2.60003	117.86
1807	-0.0266536	4.5578	2.60391	117.889
1808	-0.0248534	4.55596	2.60818	117.917
1809	-0.0229218	4.55416	2.60886	117.946
1810	-0.0208705	4.55242	2.61272	117.975
1811	-0.0201087	4.55069	2.61331	118.004
1812	-0.020367	4.54896	2.6144	118.033
1813	-0.0204578	4.54722	2.61156	118.061
1814	-0.0210827	4.54548	2.61099	118.09
1815	-0.0226674	4.54369	2.61183	118.119
1816	-0.0230234	4.5419	2.6088	118.148
1817	-0.0238983	4.54009	2.61091	118.176
1818	-0.0252867	4.53825	2.60852	118.205
1819	-0.0252758	4.53642	2.61088	118.234
1820	-0.0255521	4.53457	2.61168	118.262
1821	-0.0248622	4.53275	2.6145	118.291
1822	-0.0248878	4.53092	2.61802	118.32
1823	-0.0231621	4.52914	2.61944	118.349
1824	-0.0223172	4.52737	2.61491	118.378
1825	-0.0210132	4.52564	2.61627	118.407
1826	-0.0208925	4.52392	2.61209	118.435
1827	-0.019386	4.52223	2.60956	118.464
1828	-0.0176896	4.52058	2.61385	118.493
1829	-0.0163751	4.51896	2.61669	118.521
1830	-0.0173125	4.51732	2.61683	118.55
1831	-0.0180027	4.51567	2.62106	118.579
1832	-0.0179257	4.51402	2.624	118.608
1833	-0.018028	4.51237	2.61967	118.637
1834	-0.019007	4.5107	2.62114	118.666
1835	-0.020225	4.509	2.6245	118.695
1836	-0.0213288	4.50727	2.62607	118.724
1837	-0.0220128	4.50553	2.62831	118.753
1838	-0.022872	4.50377	2.63329	118.782
1839	-0.0237859	4.502	2.63298	118.811
1840	-0.0238432	4.50022	2.63634	118.84
1841	-0.0232032	4.49846	2.64084	118.869
1842	-0.023763	4.49668	2.64322	118.899
1843	-0.0242811	4.4949	2.64574	118.928
1844	-0.0250717	4.4931	2.64449	118.957
1845	-0.0266214	4.49126	2.64464	118.987
1846	-0.0283383	4.48939	2.64556	119.016
1847	-0.0289003	4.4875	2.64296	119.045
1848	-0.0305298	4.48558	2.64705	119.075
1849	-0.0319945	4.48362	2.64868	119.104
1850	-0.0329573	4.48165	2.64775	119.133
1851	-0.032252	4.47969	2.64469	119.163
1852	-0.0325031	4.47773	2.64135	119.192
1853	-0.0315458	4.47579	2.64183	119.221
1854	-0.0307594	4.47387	2.63817	119.25
1855	-0.0308969	4.47194	2.64066	119.279
1856	-0.0305484	4.47003	2.63909	119.309
1857	-0.0296515	4.46814	2.64118	119.338
1858	-0.0290182	4.46627	2.64205	119.367
1859	-0.0280629	4.46442	2.63653	119.396
1860	-0.0285729	4.46256	2.63424	119.425
1861	-0.0299044	4.46067	2.63163	119.454
1862	-0.0307837	4.45876	2.62704	119.483
1863	-0.0308719	4.45685	2.62443	119.511
1864	-0.0303845	4.45495	2.62779	119.54
1865	-0.0294484	4.45307	2.62496	119.569
1866	-0.028503	4.45122	2.62547	119.598
1867	-0.0285321	4.44937	2.62476	119.626
1868	-0.0280086	4.44753	2.62451	119.655
1869	-0.0280319	4.4457	2.62508	119.684
1870	-0.0280093	4.44386	2.61978	119.712
1871	-0.0276281	4.44204	2.62271	119.741
1872	-0.0275673	4.44021	2.62549	119.77
1873	-0.0271089	4.4384	2.62792	119.798
1874	-0.0270493	4.4366	2.62762	119.827
1875	-0.0271959	4.43479	2.6278	119.856
1876	-0.0282241	4.43295	2.62929	119.885
1877	-0.0279165	4.43113	2.62881	119.913
1878	-0.0275234	4.42932	2.62897	119.942
1879	-0.0279078	4.4275	2.62388	119.971
1880	-0.0272634	4.42569	2.62486	119.999
1881	-0.0260873	4.42391	2.62215	120.028
1882	-0.0266407	4.42213	2.62139	120.056
1883	-0.0273231	4.42032	2.62144	120.085
1884	-0.0286241	4.41849	2.62334	120.114
1885	-0.0292956	4.41665	2.6255	120.142
1886	-0.0310644	4.41476	2.62772	120.171
1887	-0.033994	4.41281	2.63588	120.2
1888	-0.0356848	4.41082	2.63912	120.229
1889	-0.0358903	4.40883	2.64022	120.257
1890	-0.0350335	4.40686	2.63778	120.286
1891	-0.0345817	4.4049	2.63453	120.315
1892	-0.0330404	4.40298	2.63538	120.344
1893	-0.0311312	4.4011	2.63932	120.373
1894	-0.0300099	4.39925	2.64208	120.402
1895	-0.0288184	4.39743	2.64574	120.431
1896	-0.0278973	4.39563	2.64796	120.46
1897	-0.0288245	4.39381	2.64726	120.489
1898	-0.0308756	4.39195	2.6469	120.518
1899	-0.0316183	4.39007	2.64476	120.547
1900	-0.031193	4.3882	2.6463	120.576
1901	-0.0308898	4.38634	2.64644	120.605
1902	-0.0306858	4.38448	2.64298	120.634
1903	-0.028866	4.38267	2.64585	120.663
1904	-0.0281425	4.38088	2.64785	120.692
1905	-0.0279813	4.37909	2.63928	120.72
1906	-0.0271175	4.37732	2.63113	120.749
1907	-0.0266702	4.37556	2.63318	120.778
1908	-0.0266347	4.37381	2.6348	120.806
1909	-0.0274059	4.37203	2.63484	120.835
1910	-0.0282688	4.37024	2.63421	120.864
1911	-0.0286282	4.36845	2.63206	120.892
1912	-0.0286155	4.36665	2.62722	120.921
1913	-0.027662	4.36488	2.62136	120.949
1914	-0.027347	4.36312	2.6186	120.977
1915	-0.0277288	4.36134	2.60843	121.005
1916	-0.0277001	4.35957	2.5947	121.033
1917	-0.0285985	4.35779	2.59505	121.061
1918	-0.0291944	4.35598	2.59623	121.088
1919	-0.029641	4.35417	2.59798	121.116
1920	-0.0281415	4.3524	2.59877	121.144
1921	-0.0265892	4.35066	2.60207	121.172
1922	-0.0262854	4.34893	2.60425	121.2
1923	-0.0263589	4.3472	2.60546	121.227
1924	-0.0260121	4.34548	2.60937	121.255
1925	-0.0255313	4.34377	2.61404	121.284
1926	-0.0247544	4.34208	2.61424	121.312
1927	-0.0232877	4.34042	2.61755	121.34
1928	-0.0233837	4.33877	2.61786	121.368
1929	-0.02421	4.33709	2.61907	121.396
1930	-0.0244204	4.33541	2.6184	121.424
1931	-0.02333	4.33376	2.61998	121.452
1932	-0.022524	4.33213	2.61865	121.481
1933	-0.0230175	4.33049	2.61821	121.509
1934	-0.0240972	4.32882	2.61755	121.537
1935	-0.024303	4.32715	2.61196	121.565
1936	-0.0246539	4.32547	2.61069	121.593
1937	-0.0240327	4.32381	2.61138	121.621
1938	-0.023828	4.32216	2.61113	121.649
1939	-0.0238389	4.3205	2.61377	121.677
1940	-0.0245793	4.31883	2.61237	121.704
1941	-0.024882	4.31716	2.61162	121.732
1942	-0.0231693	4.31552	2.61411	121.76
1943	-0.021922	4.31391	2.61199	121.788
1944	-0.0204939	4.31234	2.61434	121.816
1945	-0.0203847	4.31077	2.60933	121.844
1946	-0.0198992	4.30921	2.60814	121.872
1947	-0.0193954	4.30767	2.61023	121.9
1948	-0.0196066	4.30612	2.61137	121.928
1949	-0.0198336	4.30457	2.61498	121.956
1950	-0.0198186	4.30302	2.61825	121.984
1951	-0.0197802	4.30147	2.62077	122.012
1952	-0.020207	4.29991	2.62421	122.04
1953	-0.019609	4.29837	2.62324	122.068
1954	-0.0196408	4.29682	2.62312	122.096
1955	-0.0183123	4.29531	2.626	122.124
1956	-0.0187441	4.29379	2.6277	122.152
1957	-0.0200803	4.29224	2.63101	122.181
1958	-0.0207458	4.29068	2.63327	122.209
1959	-0.0211542	4.2891	2.62587	122.237
1960	-0.0213515	4.28753	2.6263	122.265
1961	-0.021805	4.28594	2.62915	122.293
1962	-0.0216783	4.28436	2.63223	122.322
1963	-0.022384	4.28277	2.63275	122.35
1964	-0.0227277	4.28117	2.62961	122.378
1965	-0.0221258	4.27958	2.62459	122.406
1966	-0.0219694	4.278	2.62554	122.434
1967	-0.0218212	4.27642	2.62269	122.462
1968	-0.0218838	4.27484	2.62531	122.49
1969	-0.0215971	4.27327	2.62795	122.518
1970	-0.022709	4.27167	2.62904	122.547
1971	-0.0222846	4.27009	2.62828	122.575
1972	-0.021612	4.26852	2.63034	122.603
1973	-0.021022	4.26697	2.63266	122.631
1974	-0.0198259	4.26544	2.63338	122.659
1975	-0.0187178	4.26394	2.62772	122.687
1976	-0.0174572	4.26247	2.62922	122.715
1977	-0.0177755	4.261	2.63274	122.744
1978	-0.0175682	4.25952	2.63173	122.772
