#	<x>	stDevX	<E>	stDevE
0	1.27793	0	0.630917	0
1	1.471	1.37447	2.08342	1.35717
2	1.37614	1.94458	2.44132	2.4304
3	1.15267	2.28533	2.08827	3.13671
4	0.64393	2.36867	1.97249	3.68656
5	0.408296	2.35904	1.99784	4.1793
6	0.435851	2.36754	1.96078	4.6103
7	0.344032	2.35136	1.67442	4.91099
8	0.216003	2.30229	1.42446	5.1144
9	0.112962	2.23164	1.49647	5.33111
10	0.0738228	2.15973	1.51599	5.54444
11	0.113348	2.10771	1.37586	5.71074
12	0.164992	2.07606	1.26753	5.84361
13	0.0917457	2.03011	1.31848	5.98734
14	0.0773533	1.98559	1.31451	6.12703
15	0.0386022	1.93617	1.36867	6.277
16	-0.0698402	1.86561	1.53559	6.46283
17	-0.031275	1.80903	1.43387	6.62008
18	0.030067	1.77021	1.53486	6.79621
19	0.0533081	1.7394	1.61001	6.98421
20	0.0173586	1.70331	1.74032	7.19504
21	0.01603	1.66937	1.83531	7.41989
22	0.0262781	1.63973	1.7642	7.62408
23	0.0493367	1.61658	1.68081	7.80649
24	0.108867	1.60663	1.69497	7.98756
25	0.162878	1.60802	1.67025	8.15993
26	0.224076	1.62144	1.74583	8.34303
27	0.247272	1.63921	1.66072	8.5065
28	0.234287	1.65447	1.66523	8.66774
29	0.276299	1.67723	1.61432	8.8169
30	0.232972	1.69204	1.49546	8.94257
31	0.205338	1.70198	1.40587	9.05093
32	0.205525	1.71205	1.39579	9.15636
33	0.2058	1.72223	1.35051	9.25303
34	0.192713	1.73029	1.23715	9.32994
35	0.159843	1.73305	1.22213	9.40404
36	0.209011	1.74402	1.25427	9.48306
37	0.177652	1.74999	1.32133	9.57238
38	0.152469	1.75211	1.34435	9.66463
39	0.12077	1.74949	1.37566	9.76097
40	0.128545	1.74839	1.28595	9.84258
41	0.124374	1.74693	1.27416	9.92184
42	0.100276	1.7421	1.30693	10.0055
43	0.12434	1.74119	1.21193	10.0745
44	0.163975	1.74635	1.24079	10.1474
45	0.186373	1.75486	1.22403	10.2175
46	0.150382	1.75821	1.08439	10.2671
47	0.142732	1.76058	0.983674	10.3023
48	0.115607	1.75924	0.96012	10.3346
49	0.140544	1.7616	0.996092	10.3724
50	0.166548	1.76768	1.02791	10.4147
51	0.150808	1.77165	1.0441	10.4595
52	0.144147	1.7748	1.08684	10.5101
53	0.138407	1.77726	1.04548	10.5552
54	0.139148	1.77992	1.06197	10.6024
55	0.141536	1.78299	1.02307	10.6446
56	0.147139	1.78688	1.03697	10.6886
57	0.132317	1.78891	1.03341	10.7322
58	0.118174	1.7892	1.05558	10.7787
59	0.142777	1.79276	1.04892	10.8243
60	0.150022	1.7973	1.0609	10.8715
61	0.152642	1.80222	0.998997	10.9107
62	0.140947	1.80571	0.927849	10.9412
63	0.133762	1.80836	0.828748	10.9595
64	0.13514	1.81125	0.811271	10.976
65	0.109109	1.81101	0.816882	10.9936
66	0.093866	1.80904	0.854703	11.0162
67	0.104169	1.80842	0.804769	11.033
68	0.111495	1.80879	0.686686	11.036
69	0.112941	1.80941	0.666447	11.0371
70	0.133958	1.8126	0.689982	11.0415
71	0.136791	1.81615	0.699814	11.0476
72	0.129814	1.81893	0.655884	11.0489
73	0.132517	1.82207	0.659642	11.0512
74	0.135652	1.82561	0.682852	11.0566
75	0.126017	1.82808	0.699293	11.0643
76	0.121027	1.83003	0.729451	11.0758
77	0.130689	1.83311	0.750375	11.0899
78	0.120644	1.83511	0.757759	11.1051
79	0.118369	1.8369	0.765943	11.1214
80	0.109437	1.83776	0.785927	11.1402
81	0.102393	1.83789	0.793539	11.16
82	0.10497	1.83838	0.808179	11.1816
83	0.131481	1.84179	0.850161	11.2078
84	0.145393	1.84674	0.858796	11.2351
85	0.125826	1.84958	0.853601	11.2619
86	0.135481	1.85349	0.885639	11.2921
87	0.13353	1.8572	0.84143	11.3177
88	0.140006	1.86162	0.860104	11.3453
89	0.136316	1.86565	0.884412	11.3756
90	0.13495	1.86955	0.85821	11.403
91	0.146593	1.87468	0.888037	11.4337
92	0.152507	1.88041	0.878526	11.4633
93	0.14989	1.88587	0.887137	11.4938
94	0.135637	1.88986	0.90271	11.526
95	0.144652	1.89479	0.898694	11.5577
96	0.141521	1.89939	0.873269	11.5868
97	0.157396	1.90559	0.873828	11.6159
98	0.167504	1.91279	0.879358	11.6456
99	0.162626	1.91948	0.893011	11.6767
100	0.151123	1.92502	0.913637	11.7098
101	0.149993	1.93043	0.915336	11.743
102	0.142739	1.93512	0.918581	11.7765
103	0.114361	1.93705	0.981407	11.8161
104	0.0960806	1.93722	0.97721	11.8551
105	0.0983034	1.93765	0.972201	11.8936
106	0.0861346	1.93695	0.949429	11.9298
107	0.0781089	1.93553	0.942223	11.9652
108	0.0759856	1.93396	0.927086	11.9991
109	0.0675216	1.93164	0.930235	12.0332
110	0.0701191	1.92962	0.936239	12.0678
111	0.0745189	1.92807	0.949214	12.1036
112	0.0716046	1.92631	0.964252	12.1407
113	0.0611565	1.92362	0.970827	12.1783
114	0.0626807	1.92113	0.97711	12.2165
115	0.0717077	1.91953	0.940611	12.2511
116	0.0792856	1.91868	0.928294	12.2845
117	0.0828505	1.9182	0.928874	12.318
118	0.0884781	1.91827	0.932416	12.3517
119	0.0932307	1.9188	0.926464	12.3848
120	0.0934192	1.91938	0.913194	12.4166
121	0.0862123	1.91933	0.910279	12.4481
122	0.0901716	1.91968	0.912867	12.4798
123	0.0976609	1.92072	0.910522	12.5112
124	0.100766	1.92206	0.921728	12.5436
125	0.106552	1.92393	0.91368	12.5752
126	0.110316	1.92615	0.897156	12.6052
127	0.109892	1.92835	0.889365	12.6346
128	0.106498	1.93026	0.848171	12.6603
129	0.110823	1.93256	0.857465	12.6868
130	0.107412	1.93458	0.860715	12.7136
131	0.104479	1.93635	0.872264	12.7413
132	0.114009	1.93896	0.877691	12.7695
133	0.123495	1.9424	0.884224	12.7982
134	0.120889	1.94561	0.891311	12.8275
135	0.126566	1.94931	0.894698	12.8571
136	0.127656	1.9531	0.891598	12.8863
137	0.137862	1.95776	0.89904	12.9161
138	0.138315	1.96244	0.910702	12.9469
139	0.153594	1.96841	0.927408	12.979
140	0.165884	1.97538	0.921204	13.0105
141	0.165651	1.98232	0.933696	13.043
142	0.152846	1.98816	0.955318	13.0773
143	0.15609	1.99425	0.953339	13.1113
144	0.150419	1.99986	0.958213	13.1456
145	0.145841	2.00508	0.956678	13.1797
146	0.147101	2.01038	0.949166	13.2132
147	0.144498	2.01546	0.939061	13.2457
148	0.149694	2.02096	0.93479	13.2778
149	0.156923	2.02703	0.939626	13.3102
150	0.152518	2.03272	0.94769	13.3432
151	0.153575	2.03848	0.96046	13.3772
152	0.151461	2.04406	0.947034	13.41
153	0.147308	2.04928	0.949812	13.443
154	0.143091	2.05416	0.931447	13.4744
155	0.153417	2.05985	0.944153	13.5068
156	0.162087	2.06622	0.954214	13.5399
157	0.161529	2.07252	0.942377	13.572
158	0.153188	2.07815	0.94141	13.6039
159	0.149969	2.0835	0.936113	13.6354
160	0.150071	2.08885	0.905963	13.6644
161	0.149888	2.09418	0.885544	13.6918
162	0.152458	2.09969	0.875192	13.7183
163	0.154754	2.10536	0.879437	13.7452
164	0.159569	2.1114	0.885765	13.7724
165	0.153489	2.11694	0.899972	13.8008
166	0.158703	2.12288	0.88602	13.828
167	0.15964	2.12887	0.890846	13.8556
168	0.151249	2.1342	0.874808	13.8819
169	0.149802	2.1394	0.854892	13.9066
170	0.143365	2.14411	0.844547	13.9305
171	0.132365	2.14797	0.863121	13.9558
172	0.136268	2.15212	0.868513	13.9815
173	0.13639	2.15627	0.870991	14.0073
174	0.149233	2.16138	0.88417	14.0341
175	0.155296	2.16694	0.891545	14.0614
176	0.157507	2.17265	0.901058	14.0894
177	0.154514	2.17812	0.899499	14.1172
178	0.149886	2.18324	0.894619	14.1447
179	0.154782	2.1887	0.88722	14.1715
180	0.160489	2.19458	0.879747	14.1977
181	0.151753	2.19979	0.894383	14.225
182	0.148085	2.20472	0.888962	14.2518
183	0.14816	2.20965	0.9003	14.2794
184	0.150706	2.21475	0.896942	14.3068
185	0.153842	2.22007	0.900944	14.3343
186	0.157922	2.22568	0.898394	14.3617
187	0.157802	2.23126	0.89637	14.3888
188	0.161762	2.23712	0.905711	14.4166
189	0.151546	2.24222	0.924316	14.4457
190	0.144206	2.24678	0.935815	14.4756
191	0.136044	2.25074	0.952705	14.5066
192	0.140873	2.25505	0.959665	14.5381
193	0.150248	2.26002	0.971816	14.5704
194	0.157587	2.2655	0.989325	14.6038
195	0.158178	2.27102	0.987083	14.637
196	0.15751	2.27647	0.986354	14.6701
197	0.154596	2.2817	0.983105	14.7029
198	0.152153	2.28675	0.970879	14.7347
199	0.155251	2.292	0.97896	14.7671
200	0.153956	2.29715	0.95887	14.798
201	0.153962	2.3023	0.957512	14.8287
202	0.155209	2.30751	0.961858	14.8596
203	0.145235	2.31202	0.979552	14.8918
204	0.137722	2.316	0.973789	14.9234
205	0.133853	2.3197	0.977371	14.9553
206	0.132916	2.32333	0.983276	14.9875
207	0.13698	2.32724	0.978024	15.0192
208	0.141849	2.33149	0.965657	15.05
209	0.147657	2.33612	0.959585	15.0804
210	0.153336	2.34113	0.968815	15.1113
211	0.15487	2.34624	0.973222	15.1425
212	0.150589	2.35105	0.978629	15.174
213	0.151451	2.35591	0.990193	15.2062
214	0.14914	2.36059	0.990625	15.2383
215	0.140361	2.36468	0.998547	15.271
216	0.133735	2.3683	1.0043	15.3039
217	0.122955	2.3712	1.01253	15.3374
218	0.116395	2.37365	1.02203	15.3714
219	0.119134	2.37629	1.01605	15.4049
220	0.120722	2.37903	1.01962	15.4386
221	0.117502	2.38156	1.02591	15.4727
222	0.113106	2.3838	1.03808	15.5074
223	0.11106	2.3859	1.04192	15.5424
224	0.115125	2.38827	1.05197	15.578
225	0.119469	2.39094	1.05037	15.6133
226	0.11776	2.39349	1.05253	15.6487
227	0.120068	2.39619	1.04642	15.6837
228	0.119936	2.39888	1.05019	15.7188
229	0.116343	2.40134	1.05911	15.7544
230	0.110942	2.40344	1.06556	15.7904
231	0.108239	2.40537	1.06069	15.826
232	0.107665	2.40726	1.05981	15.8614
233	0.101109	2.40873	1.06462	15.8971
234	0.101155	2.41021	1.06994	15.933
235	0.110924	2.41232	1.08522	15.9698
236	0.108405	2.41428	1.08924	16.0069
237	0.1112	2.41641	1.0981	16.0444
238	0.10263	2.418	1.11441	16.0828
239	0.0992336	2.41937	1.11843	16.1215
240	0.0973053	2.42062	1.11431	16.1598
241	0.102385	2.4222	1.11469	16.198
242	0.109377	2.42424	1.13085	16.2372
243	0.117839	2.42681	1.14211	16.277
244	0.122994	2.42972	1.14185	16.3166
245	0.122858	2.43261	1.13583	16.3559
246	0.118612	2.43523	1.12392	16.3942
247	0.113238	2.43751	1.11414	16.4319
248	0.108952	2.43953	1.10917	16.4691
249	0.111198	2.44168	1.10776	16.5062
250	0.112443	2.44391	1.10389	16.543
251	0.115256	2.44633	1.09681	16.5792
252	0.113125	2.4486	1.0868	16.6147
253	0.115768	2.45105	1.0765	16.6495
254	0.117874	2.45362	1.06744	16.6837
255	0.116867	2.45613	1.0663	16.7177
256	0.118011	2.45872	1.06565	16.7516
257	0.116809	2.46122	1.07125	16.7858
258	0.120514	2.46396	1.0702	16.8199
259	0.118414	2.46657	1.07175	16.854
260	0.113257	2.46885	1.07162	16.888
261	0.103962	2.47056	1.08329	16.9226
262	0.103901	2.47227	1.08696	16.9575
263	0.105021	2.47406	1.07865	16.9917
264	0.107535	2.476	1.07614	17.0257
265	0.109327	2.47805	1.08016	17.0599
266	0.109477	2.48011	1.08037	17.094
267	0.109814	2.48219	1.08297	17.1283
268	0.105977	2.48404	1.0846	17.1625
269	0.110674	2.48617	1.08278	17.1966
270	0.115296	2.48859	1.08526	17.2308
271	0.116366	2.49107	1.07848	17.2645
272	0.114075	2.49341	1.07391	17.2978
273	0.111766	2.49561	1.0812	17.3315
274	0.113066	2.49789	1.07421	17.3647
275	0.112713	2.50015	1.0662	17.3974
276	0.117063	2.50267	1.07187	17.4304
277	0.120431	2.50539	1.07945	17.4638
278	0.113986	2.50773	1.08726	17.4975
279	0.113387	2.51003	1.08878	17.5313
280	0.106071	2.51189	1.10112	17.5658
281	0.101848	2.5135	1.09801	17.6
282	0.102441	2.51515	1.09478	17.6339
283	0.101801	2.51676	1.10039	17.6682
284	0.105876	2.51862	1.10197	17.7024
285	0.10461	2.5204	1.09758	17.7363
286	0.101386	2.522	1.09948	17.7703
287	0.101333	2.52359	1.09641	17.804
288	0.0940019	2.52476	1.10082	17.8379
289	0.0924673	2.52584	1.09485	17.8714
290	0.0870041	2.5266	1.09344	17.9048
291	0.0871156	2.52737	1.09324	17.9381
292	0.0845356	2.528	1.09132	17.9712
293	0.0862805	2.52874	1.09086	18.0042
294	0.0853724	2.52942	1.09872	18.0377
295	0.0846761	2.53008	1.10331	18.0713
296	0.0768797	2.53028	1.11409	18.1055
297	0.0729391	2.53026	1.11977	18.1399
298	0.0719639	2.5302	1.12305	18.1745
299	0.0712595	2.5301	1.11862	18.2088
300	0.0694899	2.52991	1.12117	18.2431
301	0.0714469	2.52983	1.12016	18.2773
302	0.075573	2.53	1.11631	18.3113
303	0.0700242	2.52986	1.11476	18.3451
304	0.0699721	2.52972	1.11918	18.379
305	0.0680102	2.52948	1.12289	18.4132
306	0.0669519	2.52919	1.12457	18.4473
307	0.0713301	2.52915	1.12868	18.4817
308	0.0787527	2.52954	1.12803	18.5159
309	0.0783082	2.52991	1.12345	18.5498
310	0.0792544	2.53034	1.11298	18.5831
311	0.0824448	2.53095	1.10201	18.6157
312	0.0788865	2.53137	1.09171	18.6476
313	0.0807724	2.5319	1.08324	18.679
314	0.0844126	2.53264	1.08597	18.7105
315	0.0852631	2.53343	1.07899	18.7416
316	0.0860209	2.53427	1.07215	18.7722
317	0.0850322	2.53506	1.07836	18.8032
318	0.0851846	2.53585	1.08646	18.8345
319	0.0822416	2.53649	1.08866	18.8659
320	0.0823491	2.53714	1.09083	18.8974
321	0.0844669	2.53791	1.08114	18.9282
322	0.0851802	2.53872	1.08136	18.9591
323	0.077386	2.53911	1.08543	18.9901
324	0.0720719	2.5392	1.0888	19.0213
325	0.0720923	2.5393	1.08963	19.0524
326	0.0689538	2.53923	1.09093	19.0836
327	0.0669591	2.53906	1.09622	19.115
328	0.0680992	2.53896	1.10078	19.1466
329	0.0699525	2.53897	1.10746	19.1785
330	0.0734767	2.53918	1.1096	19.2105
331	0.0746112	2.53945	1.10975	19.2425
332	0.074013	2.53969	1.1092	19.2743
333	0.0758767	2.54005	1.11103	19.3063
334	0.0739351	2.5403	1.09995	19.3375
335	0.0733893	2.54052	1.08703	19.368
336	0.0789445	2.54106	1.08476	19.3983
337	0.0754981	2.54141	1.08346	19.4286
338	0.0746225	2.54171	1.06945	19.458
339	0.0720688	2.54189	1.06466	19.4871
340	0.0740468	2.54217	1.05916	19.5158
341	0.0750212	2.54251	1.05887	19.5445
342	0.0784104	2.54304	1.05389	19.5729
343	0.0795122	2.54364	1.04741	19.6009
344	0.0788118	2.54419	1.05005	19.629
345	0.0785818	2.54474	1.05349	19.6573
346	0.0796488	2.54536	1.05129	19.6854
347	0.0754146	2.54574	1.04485	19.7131
348	0.0717365	2.54594	1.03431	19.7402
349	0.066518	2.54586	1.04496	19.7678
350	0.0688863	2.54591	1.04226	19.7953
351	0.0695733	2.54601	1.03804	19.8225
352	0.0698321	2.54612	1.03958	19.8497
353	0.0676261	2.54612	1.03048	19.8764
354	0.0698468	2.54624	1.02594	19.9029
355	0.076646	2.54673	1.03716	19.9299
356	0.0795254	2.54738	1.03613	19.9568
357	0.0763378	2.54785	1.0367	19.9837
358	0.0791852	2.54849	1.03919	20.0107
359	0.082473	2.54929	1.04329	20.0378
360	0.0884295	2.55042	1.05285	20.0655
361	0.0887495	2.55156	1.05409	20.0931
362	0.0840385	2.55246	1.06127	20.1212
363	0.0800295	2.55315	1.06466	20.1493
364	0.0795874	2.55382	1.06247	20.1773
365	0.0819364	2.55461	1.06907	20.2056
366	0.0831736	2.55548	1.06894	20.2338
367	0.0879456	2.55659	1.07226	20.2622
368	0.0884471	2.55773	1.07055	20.2905
369	0.0868782	2.55879	1.06605	20.3185
370	0.0881551	2.55992	1.05876	20.346
371	0.0866423	2.56097	1.05094	20.3732
372	0.0907402	2.56224	1.0572	20.4006
373	0.0882533	2.56338	1.0567	20.4279
374	0.0878699	2.5645	1.05608	20.4552
375	0.0864048	2.56555	1.04924	20.4821
376	0.0861143	2.56658	1.04022	20.5085
377	0.0861333	2.56762	1.03834	20.5347
378	0.0878418	2.56874	1.03732	20.5609
379	0.0866728	2.56981	1.04217	20.5873
380	0.0882724	2.57096	1.04428	20.6138
381	0.0902441	2.57221	1.04175	20.6401
382	0.0937819	2.57365	1.03222	20.6659
383	0.0954646	2.57517	1.03694	20.6918
384	0.0941523	2.57662	1.03473	20.7177
385	0.092231	2.57798	1.03789	20.7437
386	0.0951178	2.57948	1.0388	20.7697
387	0.0965264	2.58106	1.04202	20.7958
388	0.0912898	2.58237	1.05242	20.8224
389	0.0936809	2.5838	1.04759	20.8487
390	0.0938872	2.58525	1.04832	20.8751
391	0.0912208	2.58656	1.04541	20.9012
392	0.0884282	2.58773	1.03689	20.9269
393	0.0898206	2.58897	1.03126	20.9523
394	0.087626	2.5901	1.01752	20.977
395	0.0865119	2.59118	1.01773	21.0016
396	0.0833824	2.5921	1.0207	21.0264
397	0.0794104	2.59283	1.02365	21.0512
398	0.0797254	2.59357	1.02511	21.0762
399	0.0828492	2.59447	1.02321	21.101
400	0.0796886	2.59522	1.02927	21.126
401	0.0756519	2.59577	1.03665	21.1515
402	0.0752864	2.5963	1.04074	21.177
403	0.0758775	2.59686	1.0429	21.2027
404	0.073738	2.59732	1.03878	21.2281
405	0.0751445	2.59785	1.0433	21.2538
406	0.0775803	2.59851	1.04759	21.2796
407	0.0803566	2.5993	1.05309	21.3056
408	0.0779323	2.59998	1.05015	21.3315
409	0.0746699	2.6005	1.04829	21.3572
410	0.0732057	2.60095	1.04071	21.3825
411	0.071034	2.60129	1.03744	21.4077
412	0.0686712	2.60152	1.03448	21.4327
413	0.0703259	2.60184	1.0318	21.4575
414	0.0717924	2.60223	1.03096	21.4822
415	0.0709764	2.60258	1.02911	21.5068
416	0.0700168	2.60289	1.031	21.5315
417	0.0680837	2.60311	1.03143	21.5562
418	0.062694	2.60307	1.04233	21.5814
419	0.0593385	2.60287	1.04572	21.6067
420	0.057853	2.6026	1.0425	21.6318
421	0.0590612	2.60239	1.04559	21.6571
422	0.0610926	2.60229	1.04801	21.6824
423	0.0586708	2.60207	1.04758	21.7077
424	0.0609168	2.60197	1.0409	21.7327
425	0.0601505	2.60183	1.03912	21.7575
426	0.0611826	2.60174	1.04142	21.7824
427	0.0596649	2.60159	1.03677	21.807
428	0.0625225	2.60158	1.03803	21.8317
429	0.0633224	2.60161	1.03513	21.8563
430	0.0638675	2.60167	1.0392	21.8809
431	0.0615014	2.60162	1.04538	21.9059
432	0.0628507	2.60164	1.04854	21.931
433	0.0649933	2.60176	1.05236	21.9562
434	0.0642181	2.60185	1.05328	21.9815
435	0.0628153	2.60188	1.04789	22.0064
436	0.0631201	2.60192	1.05161	22.0315
437	0.061508	2.60189	1.04551	22.0563
438	0.0600858	2.6018	1.04781	22.0812
439	0.0582669	2.60162	1.04331	22.1058
440	0.0546703	2.60128	1.04632	22.1306
441	0.0556622	2.60098	1.04918	22.1554
442	0.0571301	2.60076	1.04762	22.1802
443	0.0553353	2.60046	1.05258	22.2052
444	0.0547576	2.60014	1.05201	22.2301
445	0.0569696	2.59992	1.05324	22.255
446	0.059043	2.59981	1.04499	22.2795
447	0.0605951	2.59977	1.04485	22.304
448	0.0627005	2.59984	1.05037	22.3287
449	0.0595147	2.59976	1.05353	22.3536
450	0.0529134	2.59937	1.05678	22.3785
451	0.0487269	2.59879	1.06172	22.4037
452	0.046471	2.5981	1.06135	22.4288
453	0.0473859	2.59747	1.06166	22.4539
454	0.0505707	2.59699	1.06435	22.4791
455	0.0540538	2.59667	1.07071	22.5046
456	0.053914	2.59636	1.07307	22.5302
457	0.0556957	2.59613	1.07726	22.5559
458	0.0548033	2.59586	1.08037	22.5817
459	0.0532316	2.59552	1.07985	22.6075
460	0.0503775	2.59505	1.0713	22.6329
461	0.0512987	2.59463	1.07062	22.6582
462	0.0546794	2.59438	1.07565	22.6837
463	0.0553352	2.59415	1.07492	22.7091
464	0.0569502	2.594	1.07444	22.7345
465	0.0548645	2.59376	1.07313	22.7598
466	0.0546895	2.59352	1.06224	22.7846
467	0.0561634	2.59335	1.05452	22.809
468	0.057115	2.59322	1.05472	22.8334
469	0.056231	2.59306	1.05532	22.8578
470	0.0535488	2.59277	1.05525	22.8821
471	0.0542686	2.59253	1.05148	22.9062
472	0.0548693	2.59231	1.04561	22.9301
473	0.0565574	2.59218	1.03943	22.9536
474	0.0599518	2.5922	1.03931	22.9772
475	0.0611688	2.59228	1.03978	23.0007
476	0.0602849	2.59233	1.04147	23.0242
477	0.060193	2.59237	1.03684	23.0476
478	0.0603646	2.59242	1.035	23.0708
479	0.0590797	2.59242	1.03848	23.0941
480	0.0579949	2.59237	1.03996	23.1175
481	0.0556794	2.59222	1.03846	23.1408
482	0.0552506	2.59205	1.03823	23.1641
483	0.0599075	2.5921	1.04244	23.1876
484	0.0591804	2.59211	1.03596	23.2107
485	0.0597692	2.59216	1.03122	23.2336
486	0.0591525	2.59218	1.02655	23.2562
487	0.0559847	2.59206	1.03047	23.279
488	0.0573991	2.59201	1.03565	23.3021
489	0.0541634	2.59181	1.04256	23.3254
490	0.0535652	2.59159	1.04061	23.3486
491	0.0515277	2.59128	1.03931	23.3717
492	0.0510223	2.59095	1.04092	23.3948
493	0.0519815	2.59067	1.0402	23.418
494	0.0518896	2.59039	1.04261	23.4411
495	0.0539728	2.5902	1.04487	23.4644
496	0.0527102	2.58996	1.0463	23.4877
497	0.0548896	2.58982	1.04718	23.5111
498	0.0581399	2.58983	1.0503	23.5345
499	0.0625521	2.59004	1.05514	23.5582
500	0.064036	2.59032	1.05313	23.5817
501	0.0654794	2.59066	1.05367	23.6052
502	0.0657964	2.59102	1.05633	23.6288
503	0.0667172	2.59142	1.05806	23.6525
504	0.0646162	2.59173	1.05558	23.6761
505	0.0625422	2.59195	1.05167	23.6994
506	0.0642867	2.59225	1.0533	23.7228
507	0.0653585	2.5926	1.05073	23.7461
508	0.0638101	2.59288	1.04683	23.7691
509	0.0622104	2.5931	1.04885	23.7922
510	0.0614819	2.59328	1.05292	23.8155
511	0.0633532	2.59355	1.05809	23.839
512	0.0619592	2.59376	1.05966	23.8626
513	0.0633356	2.59403	1.06437	23.8863
514	0.0621957	2.59425	1.06551	23.91
515	0.061836	2.59446	1.05763	23.9334
516	0.0635437	2.59475	1.05977	23.9569
517	0.0648831	2.5951	1.05877	23.9803
518	0.0648884	2.59545	1.05886	24.0036
519	0.0650169	2.5958	1.05937	24.027
520	0.0644175	2.59613	1.05895	24.0503
521	0.0605192	2.5963	1.05947	24.0736
522	0.0595313	2.59642	1.05892	24.0969
523	0.0621965	2.59666	1.05908	24.1202
524	0.0623539	2.59691	1.05721	24.1433
525	0.0612693	2.59711	1.05933	24.1666
526	0.060759	2.5973	1.0603	24.1898
527	0.059704	2.59744	1.06006	24.213
528	0.0580731	2.59751	1.06249	24.2363
529	0.0562561	2.5975	1.05592	24.2593
530	0.0554111	2.59746	1.05135	24.2821
531	0.0539873	2.59736	1.03817	24.3043
532	0.0569867	2.5974	1.03699	24.3264
533	0.056125	2.59739	1.03302	24.3483
534	0.0533525	2.59727	1.03076	24.3701
535	0.0525995	2.59712	1.03282	24.3919
536	0.0519962	2.59695	1.03023	24.4137
537	0.0515722	2.59676	1.02423	24.4351
538	0.0513723	2.59657	1.02597	24.4567
539	0.0520034	2.5964	1.02053	24.4779
540	0.0506491	2.59618	1.01889	24.4991
541	0.0498299	2.59593	1.01096	24.5199
542	0.0475631	2.59558	1.01301	24.5408
543	0.0490295	2.5953	1.00881	24.5615
544	0.0510077	2.5951	0.989524	24.5813
545	0.0511561	2.59492	0.98702	24.601
546	0.0511787	2.59474	0.983932	24.6206
547	0.0501781	2.59451	0.984278	24.6402
548	0.0511711	2.59433	0.983768	24.6597
549	0.0497981	2.5941	0.981375	24.6792
550	0.0504921	2.5939	0.983167	24.6986
551	0.0503778	2.5937	0.98491	24.7182
552	0.0517326	2.59355	0.986621	24.7378
553	0.0532405	2.59347	0.986814	24.7574
554	0.0521742	2.59335	0.987973	24.777
555	0.0476736	2.59304	0.992322	24.7968
556	0.0429653	2.59254	1.00063	24.8169
557	0.0392517	2.59188	1.00056	24.837
558	0.0373288	2.59114	0.9967	24.857
559	0.0386688	2.59046	0.992877	24.8767
560	0.0359833	2.58968	0.990747	24.8964
561	0.0350931	2.58885	0.991924	24.9161
562	0.0346651	2.58802	0.993266	24.9358
563	0.03173	2.58706	1.0002	24.9558
564	0.0334017	2.58618	1.00514	24.976
565	0.0347851	2.58536	1.00961	24.9963
566	0.0367555	2.58462	1.01644	25.017
567	0.0331221	2.58374	1.02176	25.0378
568	0.03229	2.58282	1.02175	25.0586
569	0.033884	2.58198	1.02201	25.0795
570	0.0353268	2.5812	1.02471	25.1004
571	0.0350678	2.58041	1.02363	25.1212
572	0.0343704	2.5796	1.02545	25.1421
573	0.0336912	2.57876	1.02747	25.1631
574	0.0330097	2.57789	1.02549	25.184
575	0.0326131	2.57702	1.02426	25.2048
576	0.03037	2.57605	1.02478	25.2256
577	0.0303637	2.57509	1.02558	25.2464
578	0.0296116	2.57409	1.02464	25.2672
579	0.0285723	2.57306	1.01823	25.2877
580	0.0290687	2.57206	1.01786	25.3082
581	0.028152	2.57102	1.0166	25.3285
582	0.023266	2.56978	1.02563	25.3493
583	0.0181542	2.56833	1.03481	25.3704
584	0.0155893	2.56678	1.03963	25.3917
585	0.0106202	2.56503	1.04549	25.4132
586	0.0077861	2.56317	1.0436	25.4346
587	0.00594913	2.56124	1.04076	25.4559
588	0.00639215	2.55933	1.03973	25.4771
589	0.00797127	2.55749	1.0407	25.4984
590	0.00879415	2.55569	1.03578	25.5194
591	0.00863424	2.55389	1.02889	25.5401
592	0.00521971	2.55196	1.03461	25.5611
593	0.00539036	2.55003	1.03442	25.582
594	0.00546421	2.54812	1.03722	25.603
595	0.00604831	2.54623	1.0365	25.624
596	0.00664241	2.54437	1.0373	25.645
597	0.00769602	2.54256	1.0382	25.666
598	0.00818974	2.54077	1.03847	25.687
599	0.0100769	2.53907	1.04184	25.7081
600	0.0110496	2.53741	1.04226	25.7292
601	0.0120839	2.5358	1.03827	25.7501
602	0.0122302	2.5342	1.03872	25.7711
603	0.012939	2.53263	1.0347	25.7918
604	0.0129713	2.53106	1.03175	25.8125
605	0.0132937	2.52952	1.02751	25.8329
606	0.0106829	2.52787	1.0217	25.8531
607	0.00804231	2.52612	1.01969	25.8732
608	0.00896512	2.52441	1.01826	25.8932
609	0.00810932	2.52267	1.01486	25.913
610	0.00928038	2.52098	1.01865	25.933
611	0.00922385	2.5193	1.02153	25.9531
612	0.00814005	2.51758	1.02179	25.9732
613	0.00761041	2.51584	1.02036	25.9932
614	0.00714349	2.51408	1.01665	26.0131
615	0.00664536	2.51231	1.01568	26.0329
616	0.00935803	2.51065	1.01935	26.0528
617	0.0117043	2.50909	1.02231	26.0729
618	0.00965344	2.50746	1.02721	26.0931
619	0.00768156	2.50575	1.02203	26.1131
620	0.00703336	2.50401	1.02166	26.133
621	0.00857903	2.50235	1.02427	26.1531
622	0.0095506	2.50072	1.02225	26.1731
623	0.00739376	2.49902	1.01453	26.1927
624	0.00970315	2.49741	1.01309	26.2123
625	0.0111154	2.49586	1.00906	26.2316
626	0.00919499	2.49424	1.00944	26.251
627	0.00985463	2.49265	1.01255	26.2705
628	0.00916523	2.49103	1.01197	26.29
629	0.00862308	2.4894	1.01247	26.3095
630	0.00623195	2.48768	1.01608	26.329
631	0.0061553	2.48596	1.01043	26.3484
632	0.00589434	2.48423	1.00848	26.3677
633	0.0064478	2.48253	1.00909	26.3869
634	0.00683901	2.48085	1.00906	26.4062
635	0.00942882	2.47928	1.01062	26.4255
636	0.00636073	2.47758	1.01311	26.4449
637	0.00403642	2.4758	1.0137	26.4643
638	0.00456372	2.47405	1.01259	26.4836
639	0.00602897	2.47236	1.01526	26.5031
640	0.00677364	2.4707	1.01553	26.5225
641	0.00775658	2.46908	1.01365	26.5419
642	0.00742409	2.46746	1.01444	26.5612
643	0.00917805	2.46591	1.017	26.5807
644	0.00962583	2.46437	1.01731	26.6001
645	0.0109329	2.4629	1.01989	26.6196
646	0.0125047	2.46149	1.02296	26.6393
647	0.0104469	2.46	1.02798	26.6591
648	0.0104485	2.45852	1.0247	26.6788
649	0.0111556	2.45707	1.02818	26.6986
650	0.0124061	2.45567	1.0319	26.7185
651	0.0135486	2.45432	1.03098	26.7384
652	0.0146135	2.45301	1.03426	26.7584
653	0.0121052	2.45161	1.03112	26.7782
654	0.00989176	2.45013	1.03364	26.7982
655	0.0114676	2.44871	1.03661	26.8182
656	0.0125897	2.44734	1.0387	26.8383
657	0.0133948	2.446	1.0383	26.8584
658	0.0151749	2.44474	1.04006	26.8785
659	0.0142502	2.44345	1.04181	26.8987
660	0.0138231	2.44214	1.04468	26.919
661	0.0129476	2.4408	1.0451	26.9393
662	0.0113149	2.4394	1.04563	26.9595
663	0.0135854	2.43809	1.04773	26.9799
664	0.0152404	2.43685	1.04959	27.0003
665	0.0159978	2.43564	1.05014	27.0207
666	0.0139563	2.43436	1.05295	27.0412
667	0.0134617	2.43306	1.05408	27.0618
668	0.0133127	2.43176	1.05563	27.0823
669	0.0151584	2.43053	1.0515	27.1027
670	0.0175338	2.4294	1.0548	27.1233
671	0.0181818	2.42829	1.05428	27.1437
672	0.0162249	2.42711	1.05857	27.1644
673	0.0158587	2.42593	1.06051	27.1851
674	0.0160865	2.42475	1.05804	27.2056
675	0.0163363	2.42359	1.05505	27.2261
676	0.0176257	2.42247	1.05153	27.2464
677	0.0185995	2.4214	1.05357	27.2667
678	0.0199677	2.42039	1.05699	27.2872
679	0.0189391	2.41934	1.05626	27.3077
680	0.0179952	2.41825	1.05683	27.3281
681	0.0175883	2.41715	1.05702	27.3485
682	0.0177253	2.41606	1.05862	27.369
683	0.0193292	2.41504	1.05992	27.3895
684	0.0188074	2.41399	1.06042	27.41
685	0.0168082	2.41288	1.06152	27.4306
686	0.0142161	2.41167	1.05895	27.451
687	0.0123921	2.41039	1.05837	27.4714
688	0.0117002	2.40909	1.04561	27.4913
689	0.0128732	2.40783	1.04762	27.5113
690	0.0139678	2.40662	1.0474	27.5312
691	0.0143927	2.40543	1.04751	27.5511
692	0.0119793	2.40415	1.05074	27.5711
693	0.012104	2.40288	1.05171	27.5912
694	0.0119572	2.40161	1.04182	27.6108
695	0.0126283	2.40036	1.04151	27.6305
696	0.0117116	2.39909	1.03897	27.65
697	0.0109902	2.39779	1.04031	27.6696
698	0.0120581	2.39653	1.03842	27.689
699	0.0103022	2.39521	1.03307	27.7083
700	0.0102973	2.39389	1.03036	27.7275
701	0.0118319	2.39263	1.02944	27.7466
702	0.0109028	2.39134	1.0266	27.7655
703	0.011152	2.39007	1.02696	27.7845
704	0.0123672	2.38884	1.02776	27.8035
705	0.012234	2.38761	1.0264	27.8224
706	0.0143019	2.38646	1.02952	27.8415
707	0.0131702	2.38527	1.03124	27.8606
708	0.0130381	2.38408	1.03037	27.8796
709	0.0110215	2.38282	1.02516	27.8984
710	0.00928951	2.38149	1.02084	27.9171
711	0.00785245	2.38011	1.02037	27.9357
712	0.00838897	2.37876	1.01889	27.9543
713	0.00894526	2.37743	1.02047	27.9729
714	0.010241	2.37615	1.0185	27.9914
715	0.00978642	2.37486	1.01535	28.0098
716	0.0081575	2.37351	1.01195	28.0281
717	0.0101511	2.37224	1.01243	28.0463
718	0.0100087	2.37096	1.01533	28.0647
719	0.0110086	2.36973	1.01561	28.083
720	0.010959	2.36849	1.0172	28.1014
721	0.0120117	2.3673	1.01225	28.1196
722	0.0121485	2.36612	1.00881	28.1377
723	0.0119426	2.36493	1.00627	28.1557
724	0.00970227	2.36366	1.0055	28.1736
725	0.00915349	2.36237	1.00225	28.1914
726	0.00988594	2.36112	0.99787	28.209
727	0.0111121	2.35991	0.992413	28.2264
728	0.0111238	2.3587	0.98786	28.2436
729	0.0113545	2.35751	0.985981	28.2608
730	0.0125665	2.35636	0.987742	28.278
731	0.0123618	2.35521	0.990108	28.2952
732	0.0119398	2.35405	0.986374	28.3124
733	0.0117789	2.35288	0.97924	28.3292
734	0.00982439	2.35164	0.979858	28.3461
735	0.00910808	2.35038	0.978639	28.3629
736	0.00918402	2.34913	0.979082	28.3797
737	0.00959437	2.34789	0.981899	28.3966
738	0.00962129	2.34666	0.984952	28.4136
739	0.0107251	2.34547	0.981513	28.4305
740	0.0132234	2.34437	0.986683	28.4476
741	0.0128489	2.34327	0.985671	28.4646
742	0.0115624	2.34211	0.986682	28.4816
743	0.0127739	2.34101	0.98519	28.4986
744	0.0115401	2.33986	0.987275	28.5156
745	0.00963964	2.33865	0.988566	28.5327
746	0.0104782	2.33747	0.989443	28.5498
747	0.0107483	2.3363	0.991136	28.567
748	0.00973989	2.3351	0.992523	28.5841
749	0.0102071	2.33391	0.99272	28.6013
750	0.0113367	2.33278	0.992544	28.6185
751	0.0119882	2.33166	0.993171	28.6357
752	0.0115395	2.33054	0.993476	28.6529
753	0.012471	2.32945	0.992865	28.67
754	0.0132521	2.32839	0.99237	28.6871
755	0.0110236	2.32725	0.994013	28.7043
756	0.00937321	2.32605	0.994752	28.7215
757	0.00839658	2.32483	0.996649	28.7388
758	0.00858911	2.32361	0.999654	28.7561
759	0.00851105	2.32239	0.998899	28.7734
760	0.00948525	2.32121	0.995538	28.7906
761	0.0121141	2.32013	0.996609	28.8078
762	0.0136176	2.3191	0.99718	28.825
763	0.0150787	2.31813	0.997688	28.8422
764	0.0140475	2.31712	0.998591	28.8595
765	0.0137207	2.31611	1.00045	28.8768
766	0.0137174	2.31509	1.0009	28.8941
767	0.0156088	2.31415	1.00285	28.9115
768	0.0155394	2.31321	1.00255	28.9288
769	0.0165716	2.3123	0.999343	28.9461
770	0.0179377	2.31145	1.00343	28.9634
771	0.0163554	2.31054	1.00575	28.9808
772	0.0160881	2.30963	1.00851	28.9984
773	0.0140386	2.30864	1.01106	29.016
774	0.0136204	2.30764	1.0054	29.0334
775	0.0122952	2.3066	1.00194	29.0506
776	0.0122894	2.30556	1.00083	29.0678
777	0.013836	2.30457	1.00205	29.0851
778	0.0142883	2.30361	1.00398	29.1024
779	0.0146859	2.30266	1.00279	29.1196
780	0.0125034	2.30163	0.999569	29.1367
781	0.0135228	2.30064	0.996038	29.1537
782	0.0149495	2.29971	0.987772	29.1704
783	0.0151882	2.29879	0.987241	29.187
784	0.0170559	2.29793	0.98864	29.2037
785	0.0174454	2.29709	0.98596	29.2203
786	0.0165036	2.29622	0.983513	29.2368
787	0.0170597	2.29538	0.979721	29.2532
788	0.0173823	2.29454	0.97786	29.2694
789	0.0166546	2.29368	0.97837	29.2857
790	0.0179458	2.29287	0.977423	29.3019
791	0.0178305	2.29206	0.973329	29.318
792	0.0181186	2.29126	0.973039	29.3341
793	0.0188007	2.29048	0.973652	29.3502
794	0.0187074	2.28971	0.968391	29.366
795	0.0177689	2.2889	0.961763	29.3817
796	0.0186469	2.28812	0.962941	29.3974
797	0.0188754	2.28736	0.962254	29.413
798	0.0188409	2.2866	0.958533	29.4285
799	0.0172068	2.28578	0.960123	29.444
800	0.0169035	2.28495	0.961325	29.4596
801	0.017254	2.28413	0.962387	29.4752
802	0.0191603	2.28339	0.961629	29.4908
803	0.0205726	2.28269	0.958803	29.5063
804	0.0207723	2.28201	0.955386	29.5216
805	0.0202503	2.28131	0.954425	29.5369
806	0.0199895	2.2806	0.951967	29.5521
807	0.0183318	2.27983	0.955216	29.5675
808	0.0155633	2.27897	0.960577	29.5829
809	0.0163698	2.27814	0.959076	29.5984
810	0.0171301	2.27734	0.960056	29.6138
811	0.0183785	2.27658	0.963451	29.6294
812	0.0179772	2.27582	0.964612	29.645
813	0.0170493	2.27502	0.957936	29.6604
814	0.0176004	2.27424	0.956205	29.6757
815	0.0164095	2.27342	0.957486	29.691
816	0.0164005	2.2726	0.957921	29.7063
817	0.0151904	2.27175	0.960631	29.7218
818	0.0149357	2.27088	0.961717	29.7372
819	0.0157081	2.27005	0.962169	29.7527
820	0.0173927	2.26927	0.961721	29.7681
821	0.0159038	2.26845	0.95932	29.7835
822	0.0162253	2.26764	0.957894	29.7988
823	0.0161773	2.26682	0.955086	29.814
824	0.0178225	2.26607	0.952814	29.8291
825	0.0187428	2.26535	0.955842	29.8443
826	0.0188871	2.26464	0.956999	29.8595
827	0.0180027	2.2639	0.959649	29.8748
828	0.0189564	2.26319	0.961476	29.8902
829	0.0194824	2.26251	0.96176	29.9055
830	0.0194084	2.26182	0.960771	29.9209
831	0.0188796	2.26112	0.955052	29.936
832	0.0184685	2.2604	0.957808	29.9512
833	0.0178441	2.25966	0.958558	29.9664
834	0.0193997	2.25898	0.961635	29.9818
835	0.0204333	2.25834	0.958656	29.997
836	0.0186574	2.25764	0.960566	30.0123
837	0.0171514	2.25688	0.964563	30.0277
838	0.0155551	2.25607	0.965754	30.0431
839	0.0154775	2.25527	0.964366	30.0585
840	0.0165955	2.2545	0.966818	30.074
841	0.0152622	2.25369	0.967833	30.0895
842	0.014145	2.25284	0.970514	30.105
843	0.0134609	2.25197	0.967344	30.1205
844	0.0121511	2.25105	0.967777	30.136
845	0.0124826	2.25015	0.967101	30.1514
846	0.0120805	2.24924	0.967264	30.1668
847	0.0119419	2.24833	0.967132	30.1823
848	0.0117734	2.24741	0.966336	30.1976
849	0.0101446	2.24643	0.970397	30.2132
850	0.0100669	2.24546	0.971676	30.2287
851	0.0110501	2.24452	0.968394	30.2442
852	0.0104868	2.24357	0.967665	30.2596
853	0.011086	2.24263	0.967511	30.2749
854	0.00959505	2.24165	0.969434	30.2904
855	0.0100565	2.24069	0.969734	30.3058
856	0.0112114	2.23976	0.972088	30.3214
857	0.00911349	2.23877	0.975371	30.337
858	0.00949354	2.23779	0.976841	30.3526
859	0.00936796	2.23681	0.976629	30.3683
860	0.00714002	2.23576	0.978762	30.384
861	0.00781706	2.23473	0.973718	30.3995
862	0.00882635	2.23373	0.970772	30.415
863	0.00860484	2.23273	0.965547	30.4302
864	0.010426	2.2318	0.964027	30.4454
865	0.00968843	2.23084	0.961832	30.4605
866	0.00803391	2.22983	0.961713	30.4756
867	0.00875036	2.22884	0.960842	30.4907
868	0.00931267	2.22788	0.959156	30.5056
869	0.0079546	2.22687	0.952385	30.5204
870	0.00685837	2.22582	0.953505	30.5352
871	0.0059363	2.22475	0.952895	30.5499
872	0.00410327	2.22361	0.957677	30.5649
873	0.0033459	2.22245	0.960697	30.5799
874	0.0026003	2.22127	0.960274	30.5948
875	0.000688025	2.22003	0.961022	30.6098
876	-0.000393556	2.21875	0.963713	30.6249
877	-0.00271333	2.2174	0.965281	30.6401
878	-0.00362551	2.21602	0.967287	30.6553
879	-0.0045903	2.2146	0.967678	30.6705
880	-0.00622223	2.21314	0.970666	30.6858
881	-0.00606883	2.21168	0.971647	30.7011
882	-0.00659502	2.21021	0.972075	30.7164
883	-0.00724175	2.20871	0.974739	30.7318
884	-0.00780447	2.20721	0.974379	30.7472
885	-0.00987682	2.20563	0.97558	30.7626
886	-0.00987619	2.20406	0.977718	30.7781
887	-0.00947879	2.2025	0.977568	30.7936
888	-0.00756279	2.20101	0.977585	30.809
889	-0.00566212	2.19958	0.980754	30.8246
890	-0.00386342	2.19822	0.983518	30.8402
891	-0.00278675	2.19689	0.982843	30.8559
892	-0.00179313	2.19561	0.979365	30.8713
893	-0.0014773	2.19433	0.976192	30.8867
894	-0.00222455	2.19303	0.974597	30.902
895	-0.00341873	2.19169	0.974476	30.9174
896	-0.00285783	2.19038	0.972214	30.9326
897	-0.00435191	2.18901	0.970571	30.9477
898	-0.00476843	2.18764	0.969496	30.9629
899	-0.0053552	2.18625	0.971067	30.978
900	-0.00472337	2.18488	0.973602	30.9933
901	-0.00644271	2.18345	0.975599	31.0086
902	-0.00658741	2.18202	0.97524	31.0238
903	-0.00691443	2.18059	0.97424	31.0391
904	-0.00734318	2.17914	0.974819	31.0543
905	-0.00750748	2.17769	0.974627	31.0696
906	-0.00704327	2.17626	0.976636	31.0849
907	-0.00688653	2.17483	0.977098	31.1002
908	-0.00630672	2.17343	0.979663	31.1156
909	-0.00656352	2.17202	0.97967	31.1309
910	-0.00585433	2.17063	0.981582	31.1464
911	-0.00616596	2.16924	0.981416	31.1618
912	-0.00623137	2.16784	0.977649	31.1771
913	-0.00456763	2.16651	0.976841	31.1923
914	-0.00612599	2.16512	0.977511	31.2076
915	-0.00725286	2.1637	0.979692	31.2229
916	-0.00758329	2.16227	0.981155	31.2383
917	-0.00844868	2.16082	0.983259	31.2537
918	-0.00771397	2.15939	0.979384	31.269
919	-0.00890214	2.15792	0.978813	31.2843
920	-0.00982919	2.15643	0.975619	31.2995
921	-0.00794674	2.155	0.977295	31.3147
922	-0.0094072	2.15352	0.981336	31.33
923	-0.00907648	2.15206	0.98376	31.3454
924	-0.00986814	2.15057	0.983949	31.3608
925	-0.0120281	2.14902	0.985597	31.3763
926	-0.0113255	2.14749	0.985649	31.3917
927	-0.0116241	2.14595	0.985118	31.4071
928	-0.0134358	2.14436	0.984157	31.4225
929	-0.0141237	2.14274	0.983485	31.4379
930	-0.0144047	2.14112	0.983077	31.4532
931	-0.0136195	2.13953	0.980829	31.4684
932	-0.0130728	2.13795	0.982805	31.4838
933	-0.0124033	2.1364	0.979434	31.4989
934	-0.0121203	2.13487	0.979898	31.5141
935	-0.0121026	2.13333	0.976949	31.5292
936	-0.0117323	2.13181	0.976251	31.5443
937	-0.0112023	2.13031	0.975565	31.5593
938	-0.0107657	2.12882	0.975353	31.5744
939	-0.0106374	2.12735	0.975229	31.5894
940	-0.00977086	2.1259	0.975443	31.6044
941	-0.0101063	2.12444	0.977124	31.6194
942	-0.0102507	2.12298	0.97677	31.6345
943	-0.00907012	2.12156	0.978663	31.6496
944	-0.00887215	2.12015	0.978367	31.6646
945	-0.0080577	2.11877	0.973903	31.6796
946	-0.00696113	2.11743	0.968735	31.6943
947	-0.00693796	2.11609	0.968961	31.7091
948	-0.00541585	2.1148	0.970308	31.7239
949	-0.00304034	2.11359	0.973049	31.7387
950	-0.00285638	2.11238	0.973635	31.7536
951	-0.00331212	2.11117	0.973777	31.7685
952	-0.00299882	2.10996	0.97612	31.7834
953	-0.00306253	2.10876	0.97576	31.7984
954	-0.00269825	2.10757	0.977581	31.8133
955	-0.00275868	2.10638	0.974393	31.8282
956	-0.00144239	2.10523	0.971795	31.843
957	-0.00128634	2.10409	0.973011	31.8578
958	-0.00188075	2.10294	0.972977	31.8726
959	-0.00174281	2.10179	0.974371	31.8875
960	-0.00203369	2.10063	0.972067	31.9022
961	-0.00257258	2.09945	0.972723	31.917
962	-0.00266712	2.09828	0.973121	31.9318
963	-0.00361993	2.09708	0.971102	31.9465
964	-0.00262405	2.0959	0.969818	31.9612
965	-0.00334163	2.09471	0.969541	31.9758
966	-0.00315538	2.09353	0.967403	31.9904
967	-0.00236025	2.09237	0.96586	32.0049
968	-0.00201143	2.09123	0.964911	32.0194
969	-0.00115083	2.09012	0.964845	32.0339
970	0.00152023	2.08909	0.968024	32.0484
971	0.00177971	2.08807	0.96749	32.063
972	0.00206945	2.08707	0.967205	32.0775
973	0.00151774	2.08604	0.968038	32.092
974	0.000616548	2.085	0.966045	32.1065
975	9.1626e-05	2.08393	0.96476	32.1209
976	5.24221e-05	2.08287	0.965986	32.1354
977	0.000290999	2.08181	0.966267	32.1499
978	0.00181161	2.08081	0.965817	32.1643
979	0.00181434	2.07981	0.963497	32.1787
980	-0.000184009	2.07874	0.966394	32.1931
981	0.000131376	2.07769	0.966861	32.2076
982	-0.0018917	2.07657	0.97062	32.2222
983	-0.00292613	2.07542	0.971733	32.2368
984	-0.0024938	2.07429	0.969155	32.2513
985	-0.00231091	2.07317	0.968266	32.2658
986	-0.00327049	2.07201	0.966769	32.2802
987	-0.00228192	2.07089	0.968455	32.2947
988	-0.00183714	2.06979	0.96883	32.3091
989	-0.00225108	2.06867	0.967548	32.3236
990	-0.00219462	2.06756	0.966842	32.338
991	-0.00290126	2.06643	0.967024	32.3524
992	-0.00239278	2.06531	0.968405	32.3668
993	-0.000545307	2.06425	0.971874	32.3813
994	-0.00158626	2.06317	0.970898	32.3958
995	-0.00212588	2.06207	0.969931	32.4103
996	-0.00352839	2.06092	0.97104	32.4248
997	-0.00458386	2.05974	0.970671	32.4393
998	-0.00374839	2.05859	0.972958	32.4538
999	-0.00494199	2.05741	0.973149	32.4684
1000	-0.00387164	2.05626	0.972997	32.4829
1001	-0.00369233	2.05512	0.974071	32.4975
1002	-0.00333633	2.05399	0.973459	32.512
1003	-0.00351968	2.05286	0.972666	32.5265
1004	-0.00362023	2.05172	0.972014	32.541
1005	-0.00238644	2.05063	0.97307	32.5555
1006	-0.00276814	2.04952	0.973032	32.57
1007	-0.00164085	2.04846	0.972686	32.5845
1008	-0.00122418	2.0474	0.974225	32.599
1009	-0.00132294	2.04635	0.97614	32.6135
1010	-0.000964164	2.04531	0.977053	32.6281
1011	-0.00235306	2.04422	0.978653	32.6428
1012	-0.00297501	2.04312	0.976519	32.6573
1013	-0.00303226	2.04202	0.976903	32.6719
1014	-0.0040522	2.04089	0.975618	32.6864
1015	-0.00394616	2.03976	0.973446	32.7009
1016	-0.00452874	2.03862	0.970803	32.7153
1017	-0.00542916	2.03745	0.971096	32.7296
1018	-0.00562285	2.03627	0.968942	32.7439
1019	-0.00518012	2.03511	0.966692	32.7581
1020	-0.00491402	2.03396	0.966928	32.7723
1021	-0.00659413	2.03276	0.967536	32.7866
1022	-0.00703448	2.03155	0.967543	32.8008
1023	-0.0061147	2.03037	0.969638	32.8151
1024	-0.00719805	2.02915	0.970524	32.8294
1025	-0.0082111	2.02791	0.971867	32.8437
1026	-0.0102062	2.0266	0.973787	32.8581
1027	-0.011323	2.02526	0.973445	32.8725
1028	-0.0111899	2.02393	0.973944	32.8869
1029	-0.0110146	2.02261	0.973369	32.9012
1030	-0.0104857	2.0213	0.972724	32.9156
1031	-0.0111663	2.01997	0.972313	32.9299
1032	-0.0122946	2.01862	0.973395	32.9442
1033	-0.012971	2.01724	0.973835	32.9586
1034	-0.0143678	2.01582	0.972441	32.9729
1035	-0.0146597	2.01439	0.971813	32.9872
1036	-0.0147063	2.01296	0.970162	33.0014
1037	-0.0155061	2.01151	0.969406	33.0156
1038	-0.0179512	2.00999	0.973617	33.0299
1039	-0.0195664	2.00842	0.974603	33.0442
1040	-0.0202207	2.00683	0.977006	33.0586
1041	-0.0199555	2.00525	0.97788	33.0731
1042	-0.0194955	2.00368	0.979138	33.0875
1043	-0.0181482	2.00216	0.979615	33.102
1044	-0.0173432	2.00067	0.981226	33.1165
1045	-0.0166962	1.9992	0.981398	33.131
1046	-0.0176937	1.9977	0.984201	33.1456
1047	-0.0174802	1.9962	0.980279	33.1601
1048	-0.0184096	1.99468	0.979585	33.1745
1049	-0.0182257	1.99317	0.979724	33.1889
1050	-0.0190942	1.99164	0.979049	33.2033
1051	-0.0201444	1.99007	0.981974	33.2178
1052	-0.0185699	1.98855	0.98576	33.2324
1053	-0.0198051	1.987	0.987428	33.2471
1054	-0.0196491	1.98546	0.989665	33.2618
1055	-0.0208193	1.98388	0.989912	33.2765
1056	-0.0214712	1.98228	0.989547	33.2912
1057	-0.0221578	1.98066	0.988685	33.3059
1058	-0.0210744	1.97908	0.990866	33.3206
1059	-0.0224246	1.97746	0.990178	33.3353
1060	-0.022334	1.97584	0.989231	33.3499
1061	-0.021511	1.97425	0.989402	33.3646
1062	-0.021031	1.97268	0.990738	33.3793
1063	-0.0213942	1.9711	0.991134	33.394
1064	-0.0210327	1.96953	0.987253	33.4085
1065	-0.0213431	1.96795	0.983568	33.423
1066	-0.0219138	1.96636	0.984427	33.4375
1067	-0.0217927	1.96477	0.981153	33.4518
1068	-0.0206713	1.96322	0.980287	33.4662
1069	-0.0201895	1.96169	0.981118	33.4805
1070	-0.0202084	1.96016	0.980813	33.4948
1071	-0.0192513	1.95866	0.981365	33.5092
1072	-0.0191099	1.95716	0.982094	33.5236
1073	-0.0188792	1.95567	0.980927	33.5379
1074	-0.0181727	1.95421	0.979937	33.5522
1075	-0.0187899	1.95273	0.977371	33.5664
1076	-0.0193482	1.95124	0.977245	33.5806
1077	-0.0201644	1.94972	0.974744	33.5947
1078	-0.0196644	1.94822	0.974449	33.6088
1079	-0.0202123	1.9467	0.974297	33.6228
1080	-0.0197383	1.9452	0.972846	33.6369
1081	-0.0196626	1.9437	0.97358	33.6509
1082	-0.0202407	1.94219	0.974951	33.665
1083	-0.0202801	1.94068	0.97569	33.6791
1084	-0.0199022	1.93918	0.977385	33.6933
1085	-0.0195233	1.9377	0.976825	33.7074
1086	-0.0190106	1.93623	0.974156	33.7214
1087	-0.0196497	1.93475	0.972954	33.7354
1088	-0.0208852	1.93323	0.975804	33.7495
1089	-0.019685	1.93175	0.977044	33.7636
1090	-0.0188294	1.93029	0.978319	33.7778
1091	-0.018309	1.92885	0.976771	33.7919
1092	-0.0172201	1.92745	0.976187	33.8059
1093	-0.0157399	1.9261	0.977539	33.82
1094	-0.0163783	1.92472	0.976576	33.8341
1095	-0.0167448	1.92334	0.976405	33.8481
1096	-0.0161605	1.92198	0.978074	33.8622
1097	-0.0149343	1.92065	0.979812	33.8764
1098	-0.0134669	1.91937	0.980588	33.8906
1099	-0.0124401	1.91812	0.978494	33.9046
1100	-0.0132681	1.91685	0.975931	33.9187
1101	-0.0143864	1.91555	0.975772	33.9327
1102	-0.0159167	1.91421	0.974008	33.9466
1103	-0.0180217	1.9128	0.975996	33.9606
1104	-0.018734	1.91137	0.973919	33.9745
1105	-0.0187277	1.90994	0.973716	33.9884
1106	-0.0191921	1.9085	0.973437	34.0024
1107	-0.0186896	1.90708	0.972266	34.0162
1108	-0.0196256	1.90563	0.969944	34.03
1109	-0.0207048	1.90415	0.971667	34.0438
1110	-0.019927	1.9027	0.971136	34.0576
1111	-0.0199468	1.90125	0.968486	34.0714
1112	-0.0198931	1.8998	0.965572	34.085
1113	-0.020566	1.89833	0.964109	34.0986
1114	-0.0216067	1.89683	0.964509	34.1122
1115	-0.0216524	1.89534	0.96568	34.1258
1116	-0.0229438	1.8938	0.967626	34.1395
1117	-0.0225993	1.89228	0.968269	34.1532
1118	-0.0224125	1.89077	0.968271	34.1668
1119	-0.0226746	1.88924	0.969317	34.1806
1120	-0.0227088	1.88772	0.969553	34.1943
1121	-0.0214592	1.88624	0.967006	34.2079
1122	-0.0208819	1.88478	0.963396	34.2214
1123	-0.0208907	1.88332	0.958706	34.2348
1124	-0.0218109	1.88183	0.958169	34.2481
1125	-0.0235887	1.8803	0.959139	34.2615
1126	-0.0239123	1.87875	0.957639	34.2748
1127	-0.0232114	1.87723	0.956229	34.2881
1128	-0.023589	1.8757	0.955532	34.3013
1129	-0.0245821	1.87413	0.954835	34.3146
1130	-0.0252985	1.87255	0.954126	34.3278
1131	-0.0254324	1.87097	0.953836	34.341
1132	-0.0252015	1.8694	0.953392	34.3541
1133	-0.0254601	1.86782	0.954854	34.3673
1134	-0.0259212	1.86623	0.956256	34.3806
1135	-0.0257999	1.86464	0.957759	34.3939
1136	-0.0258654	1.86306	0.957625	34.4071
1137	-0.0259561	1.86147	0.957472	34.4204
1138	-0.0268813	1.85986	0.955988	34.4336
1139	-0.0270543	1.85824	0.953288	34.4467
1140	-0.0267086	1.85664	0.95227	34.4598
1141	-0.0272496	1.85502	0.953813	34.473
1142	-0.0273051	1.8534	0.953401	34.4861
1143	-0.0266803	1.8518	0.950663	34.4991
1144	-0.0264933	1.85021	0.950276	34.5121
1145	-0.0277223	1.84859	0.951457	34.5252
1146	-0.0275806	1.84697	0.949571	34.5382
1147	-0.0275613	1.84535	0.947483	34.5511
1148	-0.0282945	1.84371	0.945498	34.5639
1149	-0.0284567	1.84207	0.9461	34.5768
1150	-0.0254975	1.84052	0.94672	34.5897
1151	-0.0238184	1.83902	0.947029	34.6026
1152	-0.0232038	1.83754	0.947168	34.6155
1153	-0.023461	1.83606	0.943399	34.6282
1154	-0.0243637	1.83454	0.945115	34.641
1155	-0.0244732	1.83303	0.94452	34.6538
1156	-0.025153	1.8315	0.945939	34.6667
1157	-0.0243199	1.83	0.947931	34.6796
1158	-0.0231469	1.82853	0.94796	34.6924
1159	-0.0218395	1.8271	0.945846	34.7053
1160	-0.0223631	1.82566	0.943738	34.718
1161	-0.0223001	1.82422	0.945683	34.7308
1162	-0.0223276	1.82278	0.946689	34.7436
1163	-0.0220843	1.82135	0.945684	34.7564
1164	-0.022083	1.81992	0.947307	34.7693
1165	-0.0222058	1.81849	0.948547	34.7821
1166	-0.0236788	1.81702	0.950216	34.795
1167	-0.0233512	1.81556	0.952037	34.808
1168	-0.0236313	1.81409	0.953747	34.821
1169	-0.0234567	1.81263	0.954587	34.834
1170	-0.0243623	1.81115	0.955026	34.8471
1171	-0.0251596	1.80964	0.95481	34.8601
1172	-0.0256013	1.80812	0.954814	34.8731
1173	-0.0255538	1.80661	0.955893	34.8861
1174	-0.0242935	1.80513	0.953781	34.8991
1175	-0.0243798	1.80365	0.953098	34.9121
1176	-0.0241298	1.80219	0.952245	34.925
1177	-0.0240055	1.80072	0.953509	34.9379
1178	-0.0235413	1.79927	0.954422	34.9509
1179	-0.0238011	1.79782	0.956061	34.9639
1180	-0.0247824	1.79634	0.958517	34.977
1181	-0.0240903	1.79488	0.9601	34.9902
1182	-0.0223359	1.79347	0.96311	35.0034
1183	-0.0226553	1.79206	0.963882	35.0166
1184	-0.0236833	1.79061	0.960893	35.0297
1185	-0.0231998	1.78918	0.958187	35.0428
1186	-0.0237098	1.78774	0.957202	35.0558
1187	-0.0228113	1.78633	0.957031	35.0688
1188	-0.022951	1.78491	0.956024	35.0818
1189	-0.0212855	1.78355	0.955234	35.0947
1190	-0.0188619	1.78225	0.95498	35.1077
1191	-0.0171817	1.78101	0.955474	35.1206
1192	-0.0172876	1.77976	0.95738	35.1336
1193	-0.0177094	1.77851	0.958094	35.1466
1194	-0.0167787	1.77728	0.959396	35.1597
1195	-0.0156536	1.77608	0.960489	35.1727
1196	-0.0153823	1.7749	0.958409	35.1857
1197	-0.0138321	1.77376	0.960511	35.1988
1198	-0.0131986	1.77264	0.960583	35.2119
1199	-0.0126914	1.77153	0.961948	35.225
1200	-0.0139654	1.77039	0.963537	35.2381
1201	-0.0143672	1.76924	0.963707	35.2512
1202	-0.0130838	1.76813	0.963664	35.2644
1203	-0.0136617	1.767	0.962849	35.2775
1204	-0.0144058	1.76585	0.960081	35.2905
1205	-0.0144008	1.76471	0.958056	35.3034
1206	-0.0138473	1.76358	0.957405	35.3164
1207	-0.0139353	1.76245	0.954468	35.3292
1208	-0.0136801	1.76133	0.952796	35.342
1209	-0.0131388	1.76022	0.95341	35.3548
1210	-0.0144523	1.75908	0.952956	35.3676
1211	-0.0160077	1.7579	0.950616	35.3803
1212	-0.0176843	1.75666	0.94995	35.393
1213	-0.0192355	1.75539	0.950995	35.4057
1214	-0.0186784	1.75413	0.952137	35.4185
1215	-0.0175807	1.75291	0.953785	35.4312
1216	-0.0164969	1.75171	0.956103	35.4441
1217	-0.0158967	1.75054	0.957573	35.457
1218	-0.0162813	1.74936	0.957249	35.4698
1219	-0.0158782	1.74819	0.958718	35.4828
1220	-0.0152208	1.74703	0.960088	35.4957
1221	-0.0161289	1.74586	0.959418	35.5086
1222	-0.016821	1.74467	0.958905	35.5215
1223	-0.0166757	1.74348	0.960548	35.5345
1224	-0.0162238	1.7423	0.960039	35.5474
1225	-0.0167197	1.74111	0.958267	35.5602
1226	-0.0167563	1.73993	0.959755	35.5732
1227	-0.0172302	1.73873	0.959521	35.5861
1228	-0.0169815	1.73754	0.959044	35.5989
1229	-0.0167219	1.73635	0.958705	35.6118
1230	-0.0166263	1.73518	0.957774	35.6246
1231	-0.0158243	1.73402	0.957325	35.6374
1232	-0.0165418	1.73285	0.953716	35.6501
1233	-0.0159649	1.73169	0.955232	35.6629
1234	-0.0151972	1.73056	0.951074	35.6755
1235	-0.0165085	1.72939	0.950627	35.6881
1236	-0.0157976	1.72824	0.950583	35.7007
1237	-0.0169973	1.72706	0.951924	35.7133
1238	-0.0181622	1.72585	0.950606	35.7259
1239	-0.019524	1.7246	0.948194	35.7385
1240	-0.0201075	1.72333	0.949467	35.751
1241	-0.0207459	1.72205	0.950106	35.7636
1242	-0.0193985	1.72081	0.951892	35.7762
1243	-0.0190179	1.71958	0.94995	35.7887
1244	-0.0188192	1.71836	0.951684	35.8013
1245	-0.0185422	1.71714	0.951346	35.8139
1246	-0.0188803	1.71592	0.952105	35.8265
1247	-0.0198209	1.71467	0.952782	35.8391
1248	-0.0186855	1.71346	0.947956	35.8516
1249	-0.019809	1.71221	0.945264	35.864
1250	-0.0207905	1.71094	0.943976	35.8764
1251	-0.0221539	1.70963	0.944259	35.8887
1252	-0.0217948	1.70834	0.943904	35.9011
1253	-0.0220352	1.70703	0.940393	35.9133
1254	-0.0222341	1.70573	0.935344	35.9254
1255	-0.0223198	1.70442	0.933941	35.9374
1256	-0.0214965	1.70313	0.932534	35.9494
1257	-0.0209468	1.70187	0.9335	35.9615
1258	-0.0207121	1.70061	0.934801	35.9735
1259	-0.0207168	1.69935	0.936054	35.9856
1260	-0.0204888	1.6981	0.936839	35.9977
1261	-0.0202631	1.69686	0.938386	36.0099
1262	-0.0200994	1.69562	0.938056	36.022
1263	-0.0190813	1.69441	0.939375	36.0342
1264	-0.0169997	1.69327	0.94209	36.0464
1265	-0.0173963	1.69211	0.94195	36.0587
1266	-0.016645	1.69097	0.944195	36.071
1267	-0.0153954	1.68988	0.946122	36.0833
1268	-0.0150251	1.68879	0.946583	36.0957
1269	-0.0162084	1.68767	0.94817	36.1081
1270	-0.0163394	1.68655	0.948459	36.1205
1271	-0.0158449	1.68544	0.947518	36.1328
1272	-0.015156	1.68436	0.947241	36.1452
1273	-0.0136218	1.68331	0.948942	36.1576
1274	-0.0141958	1.68226	0.949139	36.17
1275	-0.0149281	1.68118	0.949334	36.1824
1276	-0.0161737	1.68007	0.949413	36.1948
1277	-0.0165933	1.67895	0.950334	36.2072
1278	-0.0166815	1.67783	0.950393	36.2196
1279	-0.0168917	1.6767	0.950849	36.232
1280	-0.0166289	1.67558	0.951747	36.2445
1281	-0.0168508	1.67446	0.953006	36.257
1282	-0.0165912	1.67334	0.953104	36.2694
1283	-0.0161988	1.67224	0.953443	36.2819
1284	-0.0163311	1.67113	0.95323	36.2944
1285	-0.016579	1.67002	0.9486	36.3067
1286	-0.016752	1.66891	0.949324	36.3191
1287	-0.0164403	1.6678	0.947807	36.3314
1288	-0.0158675	1.66671	0.948948	36.3437
1289	-0.015716	1.66563	0.948948	36.3561
1290	-0.0156876	1.66455	0.947956	36.3684
1291	-0.0167074	1.66344	0.949746	36.3807
1292	-0.0169926	1.66232	0.948739	36.393
1293	-0.0164521	1.66123	0.948879	36.4053
1294	-0.0149403	1.66017	0.948938	36.4177
1295	-0.0147809	1.65912	0.949299	36.43
1296	-0.0145309	1.65808	0.950273	36.4423
1297	-0.0141069	1.65705	0.950782	36.4547
1298	-0.0125912	1.65606	0.95308	36.4671
1299	-0.0129867	1.65506	0.954674	36.4795
1300	-0.0129144	1.65407	0.953667	36.4919
1301	-0.0124019	1.65309	0.954767	36.5044
1302	-0.0120181	1.65212	0.954632	36.5168
1303	-0.011754	1.65117	0.954796	36.5293
1304	-0.0125491	1.65019	0.955595	36.5417
1305	-0.0117296	1.64923	0.954566	36.5541
1306	-0.0118989	1.64827	0.955428	36.5666
1307	-0.0119314	1.64731	0.953452	36.579
1308	-0.012109	1.64635	0.954571	36.5914
1309	-0.012361	1.64538	0.953725	36.6037
1310	-0.0135842	1.64438	0.953709	36.6161
1311	-0.0126508	1.6434	0.955326	36.6285
1312	-0.012181	1.64244	0.957597	36.641
1313	-0.0112375	1.64151	0.956638	36.6535
1314	-0.0101065	1.6406	0.956199	36.6659
1315	-0.00897676	1.63973	0.956444	36.6783
1316	-0.00883016	1.63887	0.954456	36.6907
1317	-0.00856398	1.63801	0.951999	36.703
1318	-0.00795666	1.63717	0.951082	36.7153
1319	-0.00761025	1.63634	0.949163	36.7275
1320	-0.0075513	1.63551	0.945457	36.7396
1321	-0.00919699	1.63464	0.947624	36.7518
1322	-0.00981831	1.63376	0.948469	36.764
1323	-0.0096502	1.63287	0.944862	36.776
1324	-0.00978542	1.63199	0.943477	36.7881
1325	-0.00974828	1.63111	0.942447	36.8001
1326	-0.0100428	1.63022	0.942936	36.8121
1327	-0.00847109	1.62937	0.94306	36.8241
1328	-0.00736182	1.62856	0.945424	36.8362
1329	-0.00884818	1.6277	0.947791	36.8483
1330	-0.00903137	1.62684	0.948944	36.8605
1331	-0.00909738	1.62598	0.949884	36.8727
1332	-0.00880086	1.62513	0.950895	36.8849
1333	-0.00877747	1.62429	0.95198	36.8971
1334	-0.00855579	1.62344	0.950596	36.9093
1335	-0.00893339	1.62259	0.948621	36.9215
1336	-0.00816783	1.62176	0.94747	36.9336
1337	-0.00903536	1.62091	0.949767	36.9457
1338	-0.010683	1.62001	0.951589	36.9579
1339	-0.0116118	1.61909	0.951842	36.9701
1340	-0.0130322	1.61813	0.951989	36.9824
1341	-0.0125798	1.61719	0.95345	36.9946
1342	-0.0131723	1.61623	0.954472	37.0069
1343	-0.0141766	1.61524	0.953994	37.0191
1344	-0.0142191	1.61425	0.95327	37.0314
1345	-0.0134649	1.61328	0.950192	37.0435
1346	-0.0139014	1.61231	0.947868	37.0556
1347	-0.0138568	1.61133	0.94709	37.0676
1348	-0.0140142	1.61035	0.948676	37.0797
1349	-0.0140149	1.60938	0.949774	37.0918
1350	-0.0139199	1.6084	0.950806	37.104
1351	-0.0138239	1.60743	0.951166	37.1161
1352	-0.0143457	1.60645	0.952152	37.1283
1353	-0.0146252	1.60546	0.953452	37.1405
1354	-0.0144727	1.60447	0.955124	37.1527
1355	-0.0145655	1.60349	0.954337	37.1649
1356	-0.0145148	1.6025	0.954	37.1771
1357	-0.0146688	1.60151	0.950506	37.1892
1358	-0.0140022	1.60055	0.94826	37.2013
1359	-0.0143764	1.59957	0.947195	37.2133
1360	-0.0148464	1.59858	0.94766	37.2253
1361	-0.0135004	1.59763	0.947574	37.2373
1362	-0.0130132	1.59669	0.947226	37.2493
1363	-0.0129632	1.59575	0.946606	37.2613
1364	-0.0133498	1.59481	0.947006	37.2733
1365	-0.013647	1.59385	0.948308	37.2853
1366	-0.0137747	1.5929	0.947504	37.2973
1367	-0.0139348	1.59194	0.947012	37.3092
1368	-0.0123523	1.59103	0.948263	37.3212
1369	-0.0121476	1.59012	0.948566	37.3332
1370	-0.0122432	1.58921	0.948787	37.3452
1371	-0.0117941	1.58831	0.948466	37.3572
1372	-0.012719	1.58739	0.948714	37.3692
1373	-0.0119991	1.58649	0.949481	37.3812
1374	-0.0116399	1.5856	0.947676	37.3932
1375	-0.0121231	1.5847	0.949059	37.4052
1376	-0.0121648	1.58379	0.947326	37.4171
1377	-0.0142844	1.58283	0.950853	37.4292
1378	-0.0153915	1.58185	0.951877	37.4412
1379	-0.0158694	1.58085	0.952568	37.4533
1380	-0.0155104	1.57986	0.9525	37.4654
1381	-0.0143452	1.5789	0.952682	37.4775
1382	-0.0145057	1.57794	0.952407	37.4895
1383	-0.0156806	1.57695	0.952525	37.5016
1384	-0.0155745	1.57596	0.951543	37.5136
1385	-0.0168718	1.57494	0.953541	37.5257
1386	-0.0171073	1.57391	0.954499	37.5378
1387	-0.0174991	1.57288	0.954158	37.5499
1388	-0.0160364	1.57188	0.955408	37.562
1389	-0.0166392	1.57087	0.95403	37.5741
1390	-0.0158624	1.56988	0.955093	37.5862
1391	-0.0158145	1.56889	0.950386	37.5981
1392	-0.0163631	1.56789	0.950476	37.6101
1393	-0.0169648	1.56687	0.950367	37.6221
1394	-0.0177335	1.56584	0.950249	37.634
1395	-0.0173733	1.56481	0.949687	37.6459
1396	-0.0174402	1.56379	0.951361	37.6579
1397	-0.0172558	1.56277	0.951997	37.6699
1398	-0.0177675	1.56173	0.953217	37.6819
1399	-0.0183194	1.56069	0.953999	37.694
1400	-0.0187682	1.55963	0.955125	37.706
1401	-0.0193184	1.55856	0.956792	37.7181
1402	-0.0198383	1.55747	0.957474	37.7303
1403	-0.0197088	1.55639	0.957968	37.7424
1404	-0.0205442	1.55529	0.959928	37.7546
1405	-0.0200796	1.5542	0.960002	37.7667
1406	-0.0198472	1.55312	0.960235	37.7789
1407	-0.0198755	1.55204	0.961311	37.7911
1408	-0.0203635	1.55095	0.961364	37.8033
1409	-0.0208301	1.54984	0.961972	37.8155
1410	-0.0214073	1.54873	0.962491	37.8277
1411	-0.0216308	1.5476	0.961334	37.8399
1412	-0.0217644	1.54648	0.959771	37.8521
1413	-0.0224482	1.54533	0.959835	37.8642
1414	-0.0219541	1.5442	0.957713	37.8763
1415	-0.0221069	1.54307	0.958152	37.8884
1416	-0.0231574	1.54191	0.958873	37.9005
1417	-0.0235098	1.54074	0.959175	37.9126
1418	-0.0242417	1.53956	0.960871	37.9247
1419	-0.0245168	1.53837	0.960284	37.9369
1420	-0.023914	1.53719	0.960994	37.949
1421	-0.0228997	1.53604	0.962016	37.9612
1422	-0.0226824	1.5349	0.96204	37.9733
1423	-0.023071	1.53375	0.960285	37.9854
1424	-0.021632	1.53264	0.960947	37.9976
1425	-0.0219739	1.53152	0.961258	38.0097
1426	-0.0220442	1.5304	0.960909	38.0218
1427	-0.0215151	1.5293	0.962146	38.034
1428	-0.0206098	1.52822	0.964192	38.0462
1429	-0.0200789	1.52716	0.963264	38.0583
1430	-0.0200959	1.52609	0.963057	38.0705
1431	-0.0202673	1.52502	0.96053	38.0826
1432	-0.0192594	1.52398	0.961402	38.0947
1433	-0.019675	1.52293	0.961548	38.1068
1434	-0.0202705	1.52187	0.960066	38.1189
1435	-0.0197821	1.52082	0.959321	38.1309
1436	-0.0195035	1.51977	0.956939	38.1429
1437	-0.0198923	1.51872	0.958116	38.1549
1438	-0.0202271	1.51766	0.958443	38.1669
1439	-0.0193994	1.51662	0.956799	38.1788
1440	-0.018832	1.5156	0.95509	38.1907
1441	-0.018971	1.51457	0.952642	38.2026
1442	-0.0180169	1.51358	0.953633	38.2145
1443	-0.0177706	1.51258	0.954061	38.2263
1444	-0.0185084	1.51157	0.954179	38.2382
1445	-0.0172746	1.5106	0.954053	38.2501
1446	-0.0172842	1.50962	0.954076	38.2619
1447	-0.0169914	1.50866	0.954238	38.2738
1448	-0.0172464	1.50768	0.955289	38.2857
1449	-0.0163952	1.50673	0.954083	38.2975
1450	-0.0156451	1.5058	0.954969	38.3094
1451	-0.0168801	1.50484	0.956655	38.3213
1452	-0.0181747	1.50385	0.958449	38.3333
1453	-0.0178475	1.50286	0.958911	38.3452
1454	-0.0175871	1.50189	0.957573	38.3572
1455	-0.0167256	1.50093	0.95574	38.369
1456	-0.0163475	1.49999	0.955009	38.3809
1457	-0.0167733	1.49904	0.952157	38.3927
1458	-0.018002	1.49805	0.950994	38.4044
1459	-0.0186332	1.49705	0.952484	38.4162
1460	-0.0191654	1.49604	0.953549	38.428
1461	-0.0201147	1.495	0.953696	38.4398
1462	-0.0206623	1.49395	0.952751	38.4515
1463	-0.0213388	1.49288	0.952045	38.4633
1464	-0.0216249	1.49181	0.953002	38.475
1465	-0.0215829	1.49074	0.954334	38.4868
1466	-0.022172	1.48965	0.95331	38.4986
1467	-0.0214153	1.48858	0.953928	38.5104
1468	-0.0210335	1.48753	0.953742	38.5222
1469	-0.0216548	1.48646	0.952881	38.5339
1470	-0.0221526	1.48538	0.95357	38.5457
1471	-0.0223594	1.48429	0.95337	38.5574
1472	-0.0214399	1.48323	0.953856	38.5692
1473	-0.0202051	1.4822	0.954465	38.581
1474	-0.0201751	1.48117	0.952669	38.5927
1475	-0.0194724	1.48016	0.951216	38.6044
1476	-0.0185872	1.47918	0.9503	38.616
1477	-0.0186959	1.47819	0.950796	38.6277
1478	-0.0183935	1.47721	0.94933	38.6393
1479	-0.0182873	1.47624	0.949648	38.651
1480	-0.0190444	1.47525	0.949584	38.6626
1481	-0.018646	1.47427	0.95105	38.6743
1482	-0.0191984	1.47327	0.951994	38.6859
1483	-0.0190649	1.47228	0.952392	38.6976
1484	-0.0197014	1.47127	0.953645	38.7093
1485	-0.020115	1.47026	0.954556	38.7211
1486	-0.0200221	1.46924	0.952033	38.7327
1487	-0.0198949	1.46823	0.953211	38.7444
1488	-0.0201606	1.46722	0.955006	38.7562
1489	-0.020826	1.46619	0.956499	38.7679
1490	-0.0206263	1.46516	0.955267	38.7797
1491	-0.0205087	1.46414	0.955549	38.7914
1492	-0.0198949	1.46314	0.956574	38.8032
1493	-0.0212305	1.4621	0.956966	38.815
1494	-0.0212884	1.46106	0.95349	38.8266
1495	-0.0207955	1.46003	0.954528	38.8383
1496	-0.0198578	1.45903	0.952912	38.85
1497	-0.018722	1.45806	0.954685	38.8617
1498	-0.019298	1.45708	0.956052	38.8734
1499	-0.019979	1.45608	0.956948	38.8852
1500	-0.0197154	1.45508	0.956224	38.8969
1501	-0.020469	1.45407	0.956137	38.9086
1502	-0.0208609	1.45305	0.956413	38.9203
1503	-0.0211941	1.45202	0.953661	38.932
1504	-0.0221183	1.45097	0.952965	38.9436
1505	-0.0217209	1.44993	0.952791	38.9552
1506	-0.0217666	1.44889	0.953158	38.9669
1507	-0.0211098	1.44786	0.953471	38.9785
1508	-0.0208148	1.44685	0.95495	38.9902
1509	-0.0205995	1.44584	0.955627	39.0018
1510	-0.0208457	1.44482	0.955631	39.0135
1511	-0.0207904	1.44381	0.954875	39.0252
1512	-0.0208294	1.4428	0.952253	39.0367
1513	-0.0198721	1.44181	0.954101	39.0484
1514	-0.01988	1.44083	0.954788	39.06
1515	-0.0203995	1.43983	0.954997	39.0717
1516	-0.0202119	1.43884	0.953014	39.0832
1517	-0.019492	1.43786	0.950944	39.0948
1518	-0.0204672	1.43686	0.952343	39.1063
1519	-0.0206986	1.43586	0.953084	39.1179
1520	-0.0203745	1.43487	0.951386	39.1295
1521	-0.0211156	1.43385	0.952756	39.141
1522	-0.0217576	1.43283	0.953925	39.1526
1523	-0.022401	1.43178	0.953295	39.1642
1524	-0.0228602	1.43073	0.954008	39.1758
1525	-0.022818	1.42968	0.953129	39.1873
1526	-0.0223411	1.42864	0.953084	39.1989
1527	-0.0223012	1.4276	0.95314	39.2104
1528	-0.0218203	1.42657	0.954445	39.222
1529	-0.0214952	1.42556	0.953364	39.2336
1530	-0.0221837	1.42453	0.953663	39.2451
1531	-0.020866	1.42353	0.953741	39.2567
1532	-0.0198447	1.42256	0.954084	39.2683
1533	-0.020393	1.42157	0.953966	39.2798
1534	-0.0200375	1.4206	0.951777	39.2913
1535	-0.0194025	1.41964	0.951182	39.3028
1536	-0.0196332	1.41868	0.950103	39.3142
1537	-0.0199033	1.41771	0.950249	39.3257
1538	-0.0189579	1.41677	0.950997	39.3372
1539	-0.0192599	1.41582	0.950364	39.3486
1540	-0.0201417	1.41485	0.952877	39.3601
1541	-0.0192973	1.4139	0.955184	39.3717
1542	-0.0192899	1.41295	0.955024	39.3832
1543	-0.0197192	1.41199	0.955266	39.3948
1544	-0.0198495	1.41103	0.956145	39.4063
1545	-0.0205341	1.41005	0.955808	39.4179
1546	-0.0200748	1.40908	0.956754	39.4295
1547	-0.0204886	1.40811	0.955582	39.441
1548	-0.0203207	1.40714	0.954475	39.4526
1549	-0.0209125	1.40615	0.955348	39.4641
1550	-0.021905	1.40514	0.955724	39.4756
1551	-0.0219732	1.40413	0.956464	39.4872
1552	-0.0225052	1.40311	0.955332	39.4987
1553	-0.0226065	1.40209	0.955402	39.5103
1554	-0.0235449	1.40104	0.956802	39.5218
1555	-0.0226828	1.40001	0.958053	39.5334
1556	-0.021535	1.39902	0.959647	39.545
1557	-0.0212938	1.39803	0.958193	39.5566
1558	-0.0215564	1.39704	0.957026	39.5682
1559	-0.0215104	1.39605	0.954976	39.5796
1560	-0.0216909	1.39505	0.953911	39.5911
1561	-0.0226114	1.39403	0.95362	39.6026
1562	-0.0228929	1.39301	0.9532	39.614
1563	-0.0234409	1.39197	0.953659	39.6255
1564	-0.0231439	1.39094	0.954292	39.6369
1565	-0.0220332	1.38994	0.952626	39.6483
1566	-0.0214915	1.38895	0.947611	39.6596
1567	-0.0218693	1.38796	0.946756	39.6709
1568	-0.0223964	1.38695	0.945835	39.6821
1569	-0.023797	1.38591	0.947042	39.6934
1570	-0.024769	1.38484	0.948484	39.7047
1571	-0.0251541	1.38377	0.949686	39.716
1572	-0.0254309	1.38269	0.950355	39.7273
1573	-0.0251124	1.38162	0.950653	39.7387
1574	-0.0256123	1.38053	0.94914	39.75
1575	-0.0247741	1.37947	0.950897	39.7613
1576	-0.0246697	1.37841	0.95067	39.7726
1577	-0.0254805	1.37734	0.950983	39.784
1578	-0.0259671	1.37625	0.951019	39.7953
1579	-0.0257531	1.37516	0.951128	39.8066
1580	-0.0263886	1.37406	0.950877	39.818
1581	-0.0266356	1.37296	0.950312	39.8293
1582	-0.025926	1.37188	0.950388	39.8406
1583	-0.0253564	1.37081	0.950416	39.8519
1584	-0.0237738	1.36978	0.951009	39.8632
1585	-0.0227075	1.36878	0.947831	39.8744
1586	-0.0224478	1.36778	0.945387	39.8856
1587	-0.0221793	1.36679	0.945855	39.8968
1588	-0.0222506	1.36581	0.945853	39.9079
1589	-0.0219003	1.36483	0.945751	39.9191
1590	-0.0211094	1.36387	0.946025	39.9303
1591	-0.0200436	1.36294	0.946494	39.9415
1592	-0.0183906	1.36205	0.945406	39.9526
1593	-0.0179955	1.36117	0.94526	39.9637
1594	-0.0182143	1.36029	0.946232	39.9749
1595	-0.0182498	1.35941	0.946258	39.9861
1596	-0.0172407	1.35855	0.94758	39.9973
1597	-0.0167517	1.35771	0.94813	40.0085
1598	-0.0160682	1.35688	0.949089	40.0197
1599	-0.0154902	1.35607	0.94862	40.0309
1600	-0.0153183	1.35527	0.948911	40.0421
1601	-0.0145519	1.35448	0.949951	40.0533
1602	-0.0140695	1.35371	0.951634	40.0646
1603	-0.0136674	1.35294	0.953329	40.0759
1604	-0.0132331	1.35219	0.954783	40.0873
1605	-0.0143988	1.35141	0.953912	40.0986
1606	-0.0147501	1.35062	0.953425	40.1099
1607	-0.0140052	1.34985	0.955056	40.1212
1608	-0.0142047	1.34908	0.95613	40.1326
1609	-0.0134251	1.34833	0.95743	40.144
1610	-0.0128069	1.34759	0.957296	40.1554
1611	-0.0126612	1.34686	0.958341	40.1668
1612	-0.0120314	1.34614	0.958396	40.1782
1613	-0.0123147	1.34542	0.957072	40.1896
1614	-0.0123514	1.34469	0.956942	40.201
1615	-0.0125436	1.34397	0.957689	40.2123
1616	-0.0117069	1.34326	0.957385	40.2237
1617	-0.0109456	1.34257	0.958129	40.2351
1618	-0.0100245	1.34191	0.95629	40.2464
1619	-0.00957395	1.34126	0.954323	40.2577
1620	-0.009103	1.34062	0.953991	40.269
1621	-0.00956098	1.33997	0.954514	40.2803
1622	-0.00986017	1.33931	0.954356	40.2916
1623	-0.00936697	1.33867	0.955607	40.3029
1624	-0.00882325	1.33804	0.955712	40.3142
1625	-0.00809308	1.33742	0.954579	40.3255
1626	-0.00805861	1.33681	0.954435	40.3367
1627	-0.00747961	1.33622	0.953085	40.348
1628	-0.00717816	1.33563	0.953437	40.3592
1629	-0.00670071	1.33505	0.954405	40.3705
1630	-0.00637251	1.33449	0.954137	40.3817
1631	-0.00685186	1.33391	0.955247	40.393
1632	-0.00631286	1.33334	0.956249	40.4043
1633	-0.00698392	1.33276	0.956731	40.4156
1634	-0.00729655	1.33218	0.956781	40.4269
1635	-0.00709409	1.33159	0.956443	40.4382
1636	-0.00790261	1.33099	0.955851	40.4494
1637	-0.00763585	1.3304	0.95389	40.4607
1638	-0.00815854	1.32979	0.954579	40.4719
1639	-0.00868974	1.32917	0.952713	40.4831
1640	-0.0092145	1.32854	0.953916	40.4943
1641	-0.0101065	1.32788	0.953936	40.5055
1642	-0.0114927	1.3272	0.955076	40.5167
1643	-0.0116006	1.32651	0.954786	40.528
1644	-0.0119712	1.32581	0.955222	40.5392
1645	-0.0122857	1.3251	0.956068	40.5504
1646	-0.0132375	1.32438	0.956556	40.5617
1647	-0.0137448	1.32364	0.957035	40.573
1648	-0.0141454	1.32289	0.957413	40.5842
1649	-0.0144139	1.32213	0.95904	40.5955
1650	-0.0147511	1.32137	0.959409	40.6069
1651	-0.0151269	1.3206	0.960486	40.6182
1652	-0.0153022	1.31982	0.960509	40.6295
1653	-0.0156128	1.31904	0.962016	40.6409
1654	-0.0162663	1.31824	0.962911	40.6523
1655	-0.0158878	1.31745	0.960188	40.6636
1656	-0.0163108	1.31665	0.960497	40.6749
1657	-0.0166314	1.31585	0.960889	40.6863
1658	-0.0172292	1.31503	0.961269	40.6976
1659	-0.0174535	1.31421	0.958653	40.7089
1660	-0.0182088	1.31336	0.957381	40.7201
1661	-0.0170941	1.31255	0.95766	40.7314
1662	-0.0173948	1.31173	0.956282	40.7426
1663	-0.016856	1.31092	0.957209	40.7538
1664	-0.0167664	1.31012	0.956933	40.765
1665	-0.0175143	1.3093	0.958531	40.7762
1666	-0.017756	1.30847	0.958111	40.7875
1667	-0.0177573	1.30764	0.958253	40.7987
1668	-0.0173057	1.30683	0.957928	40.8099
1669	-0.0166079	1.30603	0.957865	40.8211
1670	-0.0154605	1.30526	0.95859	40.8324
1671	-0.0146238	1.30451	0.958928	40.8436
1672	-0.0144133	1.30377	0.958525	40.8548
1673	-0.0153117	1.30301	0.960938	40.8661
1674	-0.0158095	1.30223	0.963032	40.8775
1675	-0.0157947	1.30146	0.963203	40.8888
1676	-0.0159575	1.30068	0.96364	40.9001
1677	-0.0157571	1.29991	0.96519	40.9115
1678	-0.0161483	1.29913	0.965041	40.9229
1679	-0.0166057	1.29834	0.965587	40.9342
1680	-0.0161201	1.29756	0.966772	40.9456
1681	-0.0157044	1.29679	0.965877	40.957
1682	-0.0162309	1.29601	0.96769	40.9684
1683	-0.0166025	1.29522	0.967977	40.9799
1684	-0.0171075	1.29442	0.968168	40.9913
1685	-0.017329	1.29361	0.96825	41.0027
1686	-0.0176602	1.2928	0.968782	41.0141
1687	-0.0177019	1.29199	0.967412	41.0255
1688	-0.0176299	1.29118	0.967583	41.0369
1689	-0.0172124	1.29037	0.966147	41.0483
1690	-0.0177976	1.28956	0.965414	41.0596
1691	-0.0178841	1.28875	0.965758	41.071
1692	-0.0177026	1.28793	0.965996	41.0823
1693	-0.0174467	1.28713	0.967152	41.0937
1694	-0.0168223	1.28634	0.968505	41.1051
1695	-0.0156268	1.28558	0.97029	41.1165
1696	-0.0147836	1.28485	0.971901	41.128
1697	-0.0152345	1.2841	0.97278	41.1395
1698	-0.0156219	1.28334	0.97234	41.151
1699	-0.0167012	1.28256	0.969621	41.1624
1700	-0.0161519	1.28179	0.965808	41.1737
1701	-0.0164917	1.28102	0.96551	41.185
1702	-0.0169206	1.28023	0.964204	41.1963
1703	-0.0183545	1.27941	0.965269	41.2076
1704	-0.019106	1.27857	0.964948	41.2189
1705	-0.0197261	1.27772	0.963772	41.2301
1706	-0.0195131	1.27687	0.963885	41.2414
1707	-0.0185958	1.27605	0.96505	41.2527
1708	-0.0173284	1.27526	0.966478	41.264
1709	-0.0174442	1.27446	0.965674	41.2752
1710	-0.0176206	1.27367	0.965523	41.2865
1711	-0.0182786	1.27285	0.964817	41.2978
1712	-0.0177698	1.27205	0.962944	41.309
1713	-0.018056	1.27125	0.961103	41.3202
1714	-0.017867	1.27044	0.961204	41.3313
1715	-0.0186587	1.26962	0.96158	41.3425
1716	-0.0185862	1.26881	0.960165	41.3536
1717	-0.0176213	1.26801	0.961646	41.3648
1718	-0.0174171	1.26722	0.961367	41.3759
1719	-0.017527	1.26643	0.960909	41.3871
1720	-0.0178484	1.26563	0.960263	41.3982
1721	-0.0172942	1.26485	0.960068	41.4093
1722	-0.0173883	1.26406	0.958873	41.4204
1723	-0.0168005	1.26329	0.95872	41.4315
1724	-0.0161071	1.26254	0.956649	41.4425
1725	-0.0156665	1.2618	0.956783	41.4535
1726	-0.0152065	1.26107	0.956282	41.4645
1727	-0.0157792	1.26032	0.955355	41.4755
1728	-0.016016	1.25957	0.954119	41.4865
1729	-0.0162223	1.25882	0.954503	41.4974
1730	-0.0160185	1.25807	0.954623	41.5084
1731	-0.0158408	1.25733	0.95311	41.5193
1732	-0.015603	1.25659	0.952821	41.5302
1733	-0.0156807	1.25585	0.953988	41.5411
1734	-0.0158076	1.25511	0.954703	41.5521
1735	-0.0158073	1.25437	0.955211	41.563
1736	-0.015624	1.25363	0.955342	41.574
1737	-0.0150115	1.25291	0.955025	41.5849
1738	-0.0152891	1.25219	0.954536	41.5959
1739	-0.0151187	1.25146	0.955055	41.6068
1740	-0.0152263	1.25074	0.954637	41.6177
1741	-0.0146786	1.25003	0.955525	41.6287
1742	-0.013788	1.24934	0.955757	41.6396
1743	-0.0139094	1.24865	0.957307	41.6506
1744	-0.0138624	1.24796	0.957837	41.6616
1745	-0.0137726	1.24727	0.957316	41.6726
1746	-0.0136185	1.24659	0.955922	41.6835
1747	-0.0131114	1.24592	0.956434	41.6945
1748	-0.0126364	1.24526	0.95661	41.7054
1749	-0.0125459	1.24461	0.955649	41.7164
1750	-0.0130774	1.24394	0.956427	41.7273
1751	-0.0124537	1.24329	0.955734	41.7382
1752	-0.0123117	1.24264	0.956601	41.7492
1753	-0.0121272	1.242	0.954691	41.7601
1754	-0.0120809	1.24135	0.955451	41.771
1755	-0.0122755	1.24071	0.956854	41.7819
1756	-0.0117284	1.24008	0.957653	41.7929
1757	-0.0125057	1.23942	0.957544	41.8038
1758	-0.011942	1.23879	0.957503	41.8148
1759	-0.0121061	1.23815	0.956836	41.8257
1760	-0.0114937	1.23752	0.956262	41.8366
1761	-0.0113622	1.2369	0.956476	41.8475
1762	-0.0118443	1.23627	0.956837	41.8584
1763	-0.0120271	1.23563	0.956695	41.8693
1764	-0.0114229	1.23501	0.957769	41.8803
1765	-0.0104379	1.23441	0.959403	41.8913
1766	-0.0100583	1.23382	0.959502	41.9022
1767	-0.0102017	1.23323	0.958508	41.9132
1768	-0.0103108	1.23264	0.958916	41.9241
1769	-0.0101995	1.23205	0.958014	41.935
1770	-0.00964668	1.23147	0.955788	41.9459
1771	-0.00886099	1.23091	0.957083	41.9568
1772	-0.0089665	1.23035	0.957925	41.9677
1773	-0.00888862	1.2298	0.958823	41.9787
1774	-0.00863664	1.22924	0.957816	41.9896
1775	-0.00848189	1.2287	0.957471	42.0005
1776	-0.00874091	1.22814	0.954376	42.0113
1777	-0.00921698	1.22758	0.953195	42.0221
1778	-0.00869724	1.22703	0.951862	42.0328
1779	-0.00927961	1.22647	0.95166	42.0436
1780	-0.00941915	1.2259	0.951318	42.0543
1781	-0.00909618	1.22534	0.950828	42.065
1782	-0.00956163	1.22477	0.951827	42.0758
1783	-0.00979631	1.22419	0.952669	42.0866
1784	-0.0100068	1.22361	0.95322	42.0973
1785	-0.00995732	1.22304	0.953643	42.1081
1786	-0.00976839	1.22246	0.954493	42.1189
1787	-0.00989173	1.22189	0.954653	42.1297
1788	-0.0101879	1.22131	0.954195	42.1405
1789	-0.00961525	1.22074	0.954531	42.1513
1790	-0.00910218	1.22018	0.953257	42.162
1791	-0.00856978	1.21964	0.949972	42.1727
1792	-0.00846243	1.2191	0.949281	42.1834
1793	-0.00778586	1.21858	0.946172	42.1939
1794	-0.00771445	1.21805	0.946749	42.2045
1795	-0.00703922	1.21755	0.947889	42.2151
1796	-0.00656025	1.21706	0.948151	42.2258
1797	-0.00605742	1.21658	0.948768	42.2364
1798	-0.00633881	1.21609	0.949368	42.247
1799	-0.00649248	1.2156	0.949548	42.2577
1800	-0.00583523	1.21512	0.94888	42.2683
1801	-0.00617536	1.21464	0.947748	42.2789
1802	-0.00618407	1.21416	0.944403	42.2894
1803	-0.00723374	1.21365	0.944446	42.2999
1804	-0.00720365	1.21315	0.945003	42.3105
1805	-0.00748977	1.21263	0.945503	42.321
1806	-0.00713192	1.21213	0.945105	42.3315
1807	-0.00704378	1.21163	0.945723	42.342
1808	-0.00645406	1.21114	0.946111	42.3526
1809	-0.00537573	1.21068	0.947451	42.3632
1810	-0.00568625	1.21021	0.946915	42.3737
1811	-0.00676975	1.20972	0.945383	42.3842
1812	-0.00777487	1.20921	0.944115	42.3947
1813	-0.00724504	1.2087	0.943833	42.4052
1814	-0.00754499	1.20819	0.943756	42.4157
1815	-0.00764941	1.20768	0.943744	42.4261
1816	-0.00760363	1.20717	0.943761	42.4366
1817	-0.00714877	1.20667	0.94314	42.447
1818	-0.00707884	1.20617	0.943824	42.4575
1819	-0.0065963	1.20569	0.942844	42.4679
1820	-0.00593522	1.20522	0.943377	42.4784
1821	-0.0055946	1.20476	0.943877	42.4888
1822	-0.00472648	1.20432	0.945094	42.4993
1823	-0.00401654	1.20389	0.945181	42.5098
1824	-0.00438122	1.20346	0.943388	42.5202
1825	-0.00440003	1.20303	0.942391	42.5306
1826	-0.00480184	1.20259	0.94252	42.541
1827	-0.0051372	1.20214	0.941507	42.5514
1828	-0.00486606	1.20169	0.940989	42.5618
1829	-0.00418018	1.20127	0.94226	42.5722
1830	-0.00351138	1.20086	0.943602	42.5826
1831	-0.0029118	1.20046	0.943102	42.593
1832	-0.00238136	1.20008	0.942517	42.6034
1833	-0.00170881	1.19971	0.941879	42.6138
1834	-0.00224089	1.19933	0.941614	42.6242
1835	-0.00222645	1.19896	0.941374	42.6345
1836	-0.00229457	1.19858	0.940564	42.6449
1837	-0.00244292	1.19819	0.940618	42.6552
1838	-0.00210982	1.19782	0.9409	42.6655
1839	-0.00232927	1.19744	0.941848	42.6759
1840	-0.00332859	1.19704	0.943792	42.6863
1841	-0.00345081	1.19663	0.943887	42.6967
1842	-0.00301263	1.19624	0.944093	42.7071
1843	-0.00272063	1.19585	0.944443	42.7175
1844	-0.00257654	1.19546	0.944436	42.7279
1845	-0.0030215	1.19507	0.944233	42.7383
1846	-0.00246939	1.19469	0.944482	42.7488
1847	-0.00278912	1.1943	0.944704	42.7592
1848	-0.00268172	1.19392	0.946162	42.7696
1849	-0.00297123	1.19352	0.947508	42.7801
1850	-0.00275154	1.19314	0.948806	42.7906
1851	-0.00351595	1.19273	0.94822	42.801
1852	-0.00365613	1.19233	0.948652	42.8115
1853	-0.00457755	1.1919	0.949633	42.822
1854	-0.00469247	1.19147	0.950502	42.8326
1855	-0.0046776	1.19104	0.951724	42.8431
1856	-0.00466153	1.19061	0.951927	42.8537
1857	-0.00517243	1.19017	0.950777	42.8642
1858	-0.00533086	1.18973	0.950093	42.8747
1859	-0.00575523	1.18928	0.948864	42.8852
1860	-0.00605241	1.18882	0.945304	42.8956
1861	-0.00646117	1.18835	0.940955	42.9059
1862	-0.00648205	1.18788	0.939304	42.9161
1863	-0.00656211	1.18741	0.939089	42.9263
1864	-0.0067256	1.18693	0.939967	42.9366
1865	-0.00726758	1.18645	0.939626	42.9468
1866	-0.00640815	1.18598	0.939864	42.9571
1867	-0.00643001	1.18552	0.937456	42.9673
1868	-0.00668482	1.18504	0.935516	42.9774
1869	-0.0073785	1.18456	0.934313	42.9875
1870	-0.00710003	1.18408	0.935392	42.9977
1871	-0.00731765	1.18359	0.933977	43.0078
1872	-0.00800135	1.18309	0.935299	43.0179
1873	-0.00857211	1.18258	0.934973	43.028
1874	-0.00806951	1.18208	0.936439	43.0382
1875	-0.00858923	1.18156	0.937158	43.0483
1876	-0.00798268	1.18106	0.936863	43.0585
1877	-0.00763945	1.18057	0.937109	43.0686
1878	-0.00752681	1.18009	0.937507	43.0788
1879	-0.00783737	1.17959	0.937876	43.089
1880	-0.00718981	1.17911	0.938281	43.0992
1881	-0.00663962	1.17865	0.937787	43.1093
1882	-0.00655957	1.17818	0.93851	43.1195
1883	-0.00714358	1.1777	0.939072	43.1297
1884	-0.00724608	1.17723	0.939773	43.1399
1885	-0.00714558	1.17675	0.939502	43.1501
1886	-0.00656772	1.17629	0.940027	43.1603
1887	-0.00583159	1.17584	0.941182	43.1705
1888	-0.00452542	1.17543	0.942692	43.1808
1889	-0.00370637	1.17503	0.943877	43.1911
1890	-0.0040114	1.17463	0.943827	43.2014
1891	-0.00389188	1.17423	0.943034	43.2116
1892	-0.00414947	1.17382	0.942469	43.2219
1893	-0.00461874	1.17341	0.942906	43.2321
1894	-0.00326717	1.17302	0.944718	43.2424
1895	-0.00205007	1.17266	0.946288	43.2528
1896	-0.0012794	1.17233	0.947305	43.2631
1897	-0.00169001	1.17198	0.946	43.2734
1898	-0.00237726	1.17162	0.946912	43.2838
1899	-0.00246808	1.17125	0.945648	43.2941
1900	-0.00256638	1.17088	0.945769	43.3044
1901	-0.00273005	1.17051	0.943923	43.3146
1902	-0.00318004	1.17013	0.943258	43.3249
1903	-0.00242309	1.16977	0.942166	43.3351
1904	-0.0013271	1.16943	0.944376	43.3453
1905	-0.0010808	1.1691	0.945198	43.3556
1906	-0.000803348	1.16878	0.945389	43.3659
1907	-0.00123668	1.16844	0.945965	43.3762
1908	-0.00172196	1.1681	0.945657	43.3865
1909	-0.00207845	1.16774	0.946916	43.3968
1910	-0.00280519	1.16737	0.94775	43.4071
1911	-0.0033737	1.16699	0.949023	43.4174
1912	-0.00332428	1.16661	0.949801	43.4278
1913	-0.00292257	1.16624	0.951079	43.4382
1914	-0.00202471	1.16589	0.951677	43.4486
1915	-0.0020564	1.16554	0.952187	43.459
1916	-0.00252241	1.16518	0.953484	43.4695
1917	-0.00278959	1.16481	0.952701	43.4799
1918	-0.00232709	1.16445	0.95433	43.4903
1919	-0.00107571	1.16413	0.95597	43.5008
1920	-0.00150562	1.16379	0.955905	43.5113
1921	-0.00146809	1.16345	0.956286	43.5218
1922	-0.00199423	1.1631	0.95753	43.5323
1923	-0.0022838	1.16275	0.957874	43.5429
1924	-0.00188719	1.16241	0.957978	43.5534
1925	-0.00157422	1.16207	0.959057	43.5639
1926	-0.000621561	1.16175	0.960565	43.5745
1927	0.00058865	1.16146	0.961971	43.5851
1928	0.000827796	1.16118	0.962292	43.5957
1929	0.000994728	1.1609	0.963315	43.6063
1930	0.00143466	1.16064	0.963228	43.617
1931	0.00123295	1.16036	0.962385	43.6276
1932	0.00153878	1.1601	0.962806	43.6382
1933	0.00155453	1.15983	0.962687	43.6488
1934	0.00212834	1.15958	0.962869	43.6594
1935	0.00194476	1.15933	0.963474	43.67
1936	0.00192636	1.15907	0.963598	43.6806
1937	0.00202702	1.15882	0.963301	43.6913
1938	0.0025839	1.15858	0.963998	43.7019
1939	0.00318281	1.15835	0.965025	43.7125
1940	0.00307983	1.15813	0.96446	43.7232
1941	0.00247418	1.15788	0.964527	43.7338
1942	0.0020897	1.15763	0.964117	43.7444
1943	0.00160987	1.15737	0.965463	43.755
1944	0.00228294	1.15713	0.966225	43.7657
1945	0.0025056	1.15689	0.967092	43.7764
1946	0.002313	1.15664	0.96715	43.7871
1947	0.00232265	1.1564	0.967165	43.7977
1948	0.0026122	1.15616	0.967175	43.8084
1949	0.00319791	1.15594	0.967878	43.8191
1950	0.00394021	1.15573	0.967715	43.8298
1951	0.00478895	1.15554	0.968633	43.8405
1952	0.00397504	1.15534	0.968371	43.8511
1953	0.00321779	1.15511	0.96981	43.8619
1954	0.00286826	1.15488	0.970533	43.8726
1955	0.00369056	1.15467	0.97039	43.8833
1956	0.00360569	1.15446	0.969589	43.894
1957	0.00294343	1.15423	0.970816	43.9048
1958	0.00223298	1.15398	0.970142	43.9155
1959	0.00182556	1.15373	0.971193	43.9262
1960	0.00140987	1.15347	0.971263	43.9369
1961	0.00177079	1.15322	0.970111	43.9476
1962	0.00121532	1.15295	0.970674	43.9583
1963	0.000602942	1.15267	0.970944	43.9691
1964	0.000161339	1.15238	0.970045	43.9798
1965	0.000354181	1.1521	0.969287	43.9904
1966	0.00113999	1.15183	0.968583	44.0011
1967	0.00165348	1.15157	0.969181	44.0118
1968	0.00111159	1.15131	0.967668	44.0224
1969	0.000719387	1.15103	0.965837	44.033
1970	0.000434417	1.15075	0.965806	44.0436
1971	0.000395861	1.15046	0.966648	44.0542
1972	2.71036e-05	1.15017	0.967988	44.0648
1973	-0.000366574	1.14987	0.968822	44.0754
1974	-0.000570057	1.14957	0.968765	44.0861
1975	-0.00139955	1.14925	0.968875	44.0967
1976	-0.00181658	1.14892	0.968461	44.1073
1977	-0.0019798	1.14858	0.968109	44.1179
1978	-0.00181977	1.14825	0.967696	44.1286
