#	<x>	stDevX	<E>	stDevE
0	4.46655	0	16.7808	0
1	3.73276	4.09966	14.8299	15.8054
2	3.86121	5.68539	15.6231	22.2662
3	4.20323	7.04241	15.9297	27.3506
4	3.92079	8.07382	13.7793	30.7771
5	3.4334	8.80189	12.3263	33.2686
6	3.11531	9.35469	10.9812	35.0803
7	2.53709	9.68026	10.0121	36.4659
8	2.16616	9.87954	9.31237	37.5787
9	1.57876	9.90458	9.5528	38.7383
10	1.23033	9.84491	8.54784	39.5789
11	1.24192	9.80823	7.63958	40.163
12	1.20394	9.77714	6.8676	40.552
13	1.29212	9.78226	6.65408	40.9067
14	1.24085	9.78429	6.63357	41.2755
15	1.04079	9.74665	6.36682	41.5951
16	0.871707	9.67927	6.00936	41.8462
17	0.880977	9.62468	5.58424	42.0169
18	0.835634	9.56906	5.37662	42.1601
19	0.846607	9.52422	5.3265	42.3105
20	0.828474	9.48276	5.30927	42.4732
21	0.753937	9.4323	5.11473	42.6092
22	0.686709	9.37456	5.06664	42.749
23	0.687463	9.32324	4.93074	42.8738
24	0.76103	9.29194	4.92115	43.0084
25	0.818479	9.2762	4.23633	43.0217
26	0.787701	9.25829	3.8422	42.9743
27	0.824559	9.25072	3.59145	42.8954
28	0.830112	9.2471	3.14963	42.751
29	0.752258	9.23212	2.61865	42.5275
30	0.701117	9.21092	2.41481	42.2858
31	0.70183	9.19269	2.34592	42.0497
32	0.72848	9.18164	2.24406	41.8126
33	0.721288	9.17163	2.13622	41.573
34	0.693704	9.15914	2.04538	41.3333
35	0.749855	9.15795	2.12856	41.1216
36	0.799555	9.16649	2.02271	40.9058
37	0.792037	9.17516	1.93799	40.6889
38	0.780362	9.18325	1.87725	40.4745
39	0.834447	9.20099	1.6733	40.2398
40	0.839198	9.22039	1.57496	40.0014
41	0.831677	9.23946	1.57488	39.7742
42	0.867069	9.26467	1.69118	39.575
43	0.90986	9.29686	1.71121	39.3883
44	0.900676	9.32812	1.77216	39.2195
45	0.803846	9.34567	1.76555	39.0579
46	0.736814	9.35423	1.84704	38.9158
47	0.696092	9.35779	1.99382	38.8018
48	0.704402	9.36342	2.0982	38.7088
49	0.722839	9.37244	1.92043	38.5966
50	0.750498	9.38601	1.96509	38.4965
51	0.765241	9.4022	1.76106	38.3737
52	0.736468	9.41501	1.73343	38.2528
53	0.711754	9.42504	1.73934	38.1382
54	0.684693	9.43205	1.63489	38.0148
55	0.680057	9.43906	1.55648	37.8863
56	0.670192	9.44537	1.50187	37.7556
57	0.617428	9.44541	1.43497	37.6213
58	0.618027	9.44619	1.38849	37.4858
59	0.614016	9.44709	1.34868	37.3502
60	0.609439	9.44802	1.31172	37.2145
61	0.582959	9.44622	1.19704	37.0689
62	0.562884	9.44252	1.1174	36.9179
63	0.553674	9.4383	0.76563	36.7279
64	0.538003	9.43278	0.488336	36.5089
65	0.53025	9.42693	0.270968	36.2686
66	0.543047	9.42323	0.185375	36.0236
67	0.523749	9.41777	0.068977	35.77
68	0.557171	9.41688	0.0916877	35.5246
69	0.594862	9.42095	0.172657	35.2942
70	0.620869	9.42848	0.172013	35.0686
71	0.661588	9.44113	0.112524	34.8408
72	0.68637	9.45693	-0.00494514	34.6041
73	0.677553	9.47193	-0.172688	34.3528
74	0.676104	9.48698	-0.157804	34.108
75	0.658805	9.50026	-0.119544	33.8723
76	0.655875	9.51345	-0.23407	33.628
77	0.664256	9.52779	-0.330589	33.3774
78	0.647226	9.54043	-0.395979	33.1239
79	0.611265	9.54929	-0.36216	32.8787
80	0.616215	9.55895	-0.399837	32.6335
81	0.607531	9.56789	-0.447602	32.3872
82	0.637659	9.58035	-0.261567	32.1654
83	0.644969	9.5938	-0.236059	31.9501
84	0.614727	9.60415	-0.128786	31.7499
85	0.626971	9.61603	-0.0479391	31.5619
86	0.627891	9.62818	-0.0551577	31.3762
87	0.610683	9.63868	-0.158073	31.1827
88	0.61081	9.64937	-0.245402	30.9832
89	0.617003	9.6609	-0.20713	30.7908
90	0.631065	9.67405	-0.146701	30.6077
91	0.651469	9.68946	-0.127589	30.4295
92	0.629369	9.70271	-0.100921	30.2569
93	0.598842	9.71295	-0.0534642	30.0918
94	0.602076	9.72369	-0.0391898	29.9307
95	0.581542	9.73249	0.0391479	29.78
96	0.583669	9.74168	0.0558129	29.6333
97	0.592227	9.75188	-0.0217652	29.4811
98	0.59583	9.76259	-0.0949387	29.3239
99	0.578142	9.77167	-0.12719	29.1657
100	0.56199	9.77931	-0.119039	29.0107
101	0.524912	9.78345	0.00837473	28.8703
102	0.459528	9.78136	0.269553	28.7577
103	0.409169	9.77461	0.459464	28.6653
104	0.388827	9.76617	0.573563	28.5855
105	0.354813	9.75473	0.683336	28.5176
106	0.310487	9.73935	0.854924	28.4676
107	0.259791	9.71946	1.03055	28.4354
108	0.205947	9.69483	1.20737	28.421
109	0.182369	9.66837	1.24524	28.4109
110	0.194068	9.64346	1.3016	28.4068
111	0.199268	9.61944	1.33771	28.4067
112	0.193559	9.5953	1.34924	28.4082
113	0.208624	9.57295	1.35822	28.4111
114	0.244009	9.55426	1.4531	28.4233
115	0.263508	9.5377	1.48772	28.4391
116	0.288664	9.52378	1.58377	28.4642
117	0.294769	9.51071	1.61069	28.492
118	0.296043	9.49803	1.61006	28.52
119	0.313803	9.48723	1.57665	28.5453
120	0.331393	9.47828	1.58115	28.5712
121	0.339919	9.47032	1.55062	28.5946
122	0.338023	9.46242	1.514	28.6151
123	0.326545	9.4537	1.53024	28.6373
124	0.333262	9.44581	1.53995	28.6606
125	0.334501	9.43823	1.61457	28.6908
126	0.313501	9.429	1.6269	28.7223
127	0.303316	9.41909	1.58526	28.7504
128	0.314887	9.41042	1.54997	28.7755
129	0.313345	9.40181	1.4981	28.7964
130	0.31275	9.39336	1.44094	28.8125
131	0.319927	9.38572	1.41727	28.8269
132	0.322924	9.37853	1.21648	28.8243
133	0.324698	9.37168	1.12359	28.814
134	0.341813	9.36648	1.0939	28.8017
135	0.359777	9.36297	1.03831	28.7851
136	0.365929	9.36014	0.963358	28.7626
137	0.372424	9.358	0.946422	28.7393
138	0.387607	9.35728	0.990203	28.7201
139	0.377769	9.35586	1.0302	28.7049
140	0.357142	9.35283	1.01918	28.6892
141	0.347835	9.34916	1.09813	28.6805
142	0.332821	9.34438	1.15453	28.677
143	0.329914	9.3395	1.17649	28.6756
144	0.333949	9.3351	1.16395	28.6736
145	0.334364	9.33087	1.18115	28.6733
146	0.329302	9.32637	1.04989	28.6626
147	0.333485	9.32234	1.03821	28.6513
148	0.322074	9.31751	1.02368	28.6392
149	0.320489	9.31269	1.02904	28.628
150	0.312547	9.30736	1.07557	28.6209
151	0.310382	9.30199	1.12187	28.6179
152	0.309522	9.29668	1.16323	28.6186
153	0.317181	9.29213	1.16095	28.6194
154	0.330871	9.28879	1.24021	28.6268
155	0.341205	9.28639	1.27527	28.6373
156	0.337157	9.28378	1.31725	28.6513
157	0.32911	9.28064	1.38887	28.6712
158	0.32641	9.2774	1.43583	28.695
159	0.331465	9.27467	1.4631	28.7211
160	0.343595	9.273	1.48821	28.7492
161	0.354119	9.27225	1.5001	28.7784
162	0.370745	9.27289	1.50424	28.808
163	0.381204	9.27442	1.48735	28.8364
164	0.385559	9.27637	1.47781	28.8641
165	0.371872	9.27734	1.44149	28.8891
166	0.36467	9.27782	1.42018	28.9125
167	0.352616	9.27746	1.42213	28.9363
168	0.355112	9.27737	1.45208	28.9624
169	0.33178	9.27557	1.47458	28.9904
170	0.330313	9.27376	1.4897	29.0196
171	0.346369	9.27325	1.47278	29.0475
172	0.364825	9.27422	1.49037	29.0769
173	0.360614	9.27495	1.45481	29.1037
174	0.355411	9.27535	1.44901	29.1302
175	0.344446	9.27501	1.45445	29.1571
176	0.344132	9.27471	1.44094	29.1831
177	0.344286	9.2745	1.44988	29.2098
178	0.360017	9.27554	1.51611	29.2416
179	0.356978	9.27642	1.50682	29.2727
180	0.355988	9.27729	1.52987	29.3056
181	0.354078	9.27808	1.54909	29.3399
182	0.35307	9.27886	1.57052	29.3758
183	0.354354	9.2798	1.58532	29.4129
184	0.343921	9.28004	1.55741	29.4479
185	0.335961	9.27977	1.59789	29.4859
186	0.333948	9.27941	1.59838	29.524
187	0.322225	9.27827	1.64984	29.5658
188	0.320411	9.27707	1.64684	29.6073
189	0.329059	9.27656	1.68686	29.6518
190	0.34239	9.27708	1.74349	29.7003
191	0.344038	9.27778	1.72925	29.7477
192	0.352933	9.27918	1.74335	29.7961
193	0.346348	9.28016	1.76334	29.8459
194	0.343203	9.28097	1.764	29.8957
195	0.333697	9.28116	1.74084	29.9437
196	0.319118	9.28037	1.77847	29.9944
197	0.305596	9.27869	1.81646	30.0477
198	0.300984	9.27675	1.82092	30.1013
199	0.30143	9.2749	1.71865	30.1475
200	0.291653	9.27244	1.73285	30.1947
201	0.283011	9.26944	1.75036	30.2431
202	0.282188	9.26645	1.77602	30.2933
203	0.2662	9.26241	1.79794	30.3449
204	0.260264	9.25804	1.82344	30.3982
205	0.266954	9.2542	1.85971	30.4539
206	0.268292	9.25053	1.83036	30.5075
207	0.265444	9.24674	1.80176	30.5591
208	0.266386	9.24308	1.74204	30.6065
209	0.273581	9.23999	1.68506	30.6499
210	0.275938	9.23712	1.64597	30.6905
211	0.27608	9.23433	1.63364	30.7303
212	0.277709	9.23171	1.6166	30.769
213	0.270558	9.22867	1.59613	30.8062
214	0.265665	9.22536	1.60953	30.8443
215	0.265651	9.22211	1.61899	30.8831
216	0.26004	9.21855	1.64386	30.9235
217	0.253448	9.21461	1.66732	30.9655
218	0.250067	9.2105	1.7002	31.0096
219	0.241974	9.20592	1.74235	31.0566
220	0.243033	9.20147	1.74078	31.1034
221	0.240937	9.19695	1.73708	31.1499
222	0.249434	9.19307	1.72453	31.1956
223	0.261734	9.19007	1.75749	31.2433
224	0.263944	9.18727	1.77558	31.2922
225	0.265728	9.18465	1.78749	31.3419
226	0.266742	9.18215	1.81298	31.3931
227	0.268239	9.17981	1.83152	31.4455
228	0.262494	9.17714	1.8287	31.4977
229	0.260695	9.1744	1.79532	31.5476
230	0.26475	9.17199	1.78834	31.5969
231	0.264831	9.16964	1.81675	31.6481
232	0.261673	9.16713	1.78902	31.6973
233	0.256417	9.16433	1.76379	31.7449
234	0.262038	9.16196	1.74221	31.7909
235	0.25109	9.15892	1.71592	31.8353
236	0.241112	9.15528	1.71883	31.8797
237	0.233553	9.15122	1.71825	31.9241
238	0.233238	9.14719	1.64567	31.9638
239	0.23376	9.14325	1.61937	32.0017
240	0.234497	9.13941	1.60872	32.0389
241	0.235275	9.13568	1.56442	32.0733
242	0.236954	9.13211	1.504	32.1038
243	0.238731	9.12871	1.50999	32.1347
244	0.228778	9.12472	1.54544	32.1678
245	0.222969	9.12042	1.54538	32.201
246	0.225125	9.11631	1.56576	32.2354
247	0.224132	9.11219	1.58531	32.2711
248	0.224952	9.10818	1.60096	32.3077
249	0.217733	9.10376	1.60014	32.3443
250	0.214125	9.09917	1.61374	32.3817
251	0.216604	9.09478	1.61973	32.4195
252	0.208486	9.08994	1.56668	32.4539
253	0.199434	9.08459	1.52017	32.4854
254	0.195297	9.07904	1.52581	32.5173
255	0.195472	9.07355	1.52056	32.5488
256	0.187925	9.06765	1.51387	32.5799
257	0.189963	9.06193	1.51249	32.6109
258	0.18333	9.05586	1.51964	32.6424
259	0.186923	9.05007	1.53958	32.6751
260	0.192278	9.04466	1.54931	32.7084
261	0.195277	9.03949	1.52589	32.7403
262	0.194726	9.03434	1.50878	32.7711
263	0.19743	9.0294	1.48838	32.8006
264	0.201123	9.02475	1.47381	32.8293
265	0.196009	9.01983	1.46068	32.8571
266	0.199891	9.01519	1.42422	32.8828
267	0.195718	9.01035	1.41672	32.908
268	0.197994	9.0057	1.44638	32.935
269	0.19585	9.00097	1.44211	32.9618
270	0.201711	8.99664	1.39089	32.9855
271	0.210624	8.99289	1.36555	33.0076
272	0.205264	8.98887	1.37824	33.0306
273	0.201479	8.98466	1.38768	33.0542
274	0.199304	8.98037	1.3637	33.0763
275	0.186197	8.97533	1.39006	33.1001
276	0.175501	8.9697	1.43236	33.1264
277	0.171079	8.96385	1.43954	33.1532
278	0.170171	8.958	1.45547	33.1809
279	0.173644	8.95241	1.47204	33.2096
280	0.170552	8.94668	1.4922	33.2396
281	0.173778	8.94118	1.52192	33.2712
282	0.167149	8.93535	1.53468	33.3037
283	0.158775	8.92906	1.57209	33.3383
284	0.149643	8.92229	1.60387	33.3748
285	0.138587	8.91491	1.63796	33.4133
286	0.1294	8.90705	1.67321	33.4539
287	0.123051	8.89886	1.68258	33.4949
288	0.122433	8.8907	1.66999	33.5352
289	0.120301	8.88246	1.67603	33.5758
290	0.125657	8.87459	1.68777	33.617
291	0.130427	8.86705	1.70727	33.6593
292	0.126242	8.85932	1.72682	33.7027
293	0.133294	8.85205	1.75619	33.7478
294	0.140278	8.84524	1.76236	33.7932
295	0.141819	8.83857	1.76234	33.8385
296	0.145835	8.83218	1.78109	33.8849
297	0.14518	8.82579	1.79478	33.9319
298	0.151545	8.81982	1.8123	33.98
299	0.149601	8.81378	1.81753	34.0283
300	0.142088	8.80735	1.82897	34.0771
301	0.140625	8.80088	1.82659	34.1258
302	0.14166	8.79452	1.83153	34.1746
303	0.144027	8.78834	1.85956	34.225
304	0.153317	8.78273	1.89319	34.2773
305	0.166676	8.77793	1.94385	34.3324
306	0.169527	8.77333	1.96648	34.3886
307	0.173057	8.76897	1.97557	34.4453
308	0.174749	8.76474	1.99169	34.5029
309	0.175305	8.76057	2.02503	34.5622
310	0.18093	8.75677	2.06095	34.6234
311	0.179318	8.7529	2.03124	34.6829
312	0.183787	8.74933	2.02172	34.7417
313	0.188177	8.74603	2.03477	34.8012
314	0.198065	8.74332	2.06817	34.8624
315	0.203235	8.74094	2.09502	34.925
316	0.20342	8.73859	2.11384	34.9886
317	0.208655	8.73656	2.08637	35.0505
318	0.213143	8.73482	2.08938	35.1125
319	0.211384	8.733	2.10674	35.1754
320	0.20995	8.73113	2.12758	35.2393
321	0.207013	8.72912	2.1453	35.3041
322	0.202863	8.72691	2.15689	35.3694
323	0.20508	8.72485	2.17262	35.4354
324	0.20408	8.72276	2.20066	35.5029
325	0.205357	8.72077	2.22553	35.5717
326	0.215898	8.71939	2.25754	35.6421
327	0.218202	8.71816	2.27047	35.713
328	0.223149	8.71722	2.28097	35.7844
329	0.232594	8.71683	2.3104	35.8573
330	0.239315	8.71682	2.33566	35.9315
331	0.241944	8.71698	2.36676	36.0072
332	0.24636	8.71741	2.3843	36.0837
333	0.245658	8.71781	2.39048	36.1604
334	0.25202	8.71857	2.41718	36.2384
335	0.247184	8.71909	2.40904	36.3159
336	0.246117	8.71957	2.40737	36.393
337	0.246438	8.72009	2.42304	36.4709
338	0.251881	8.72091	2.42613	36.5488
339	0.250833	8.7217	2.43044	36.6268
340	0.246288	8.72226	2.42897	36.7046
341	0.249035	8.72298	2.41093	36.7812
342	0.245555	8.72353	2.39354	36.8568
343	0.246249	8.72414	2.41305	36.9332
344	0.240393	8.72445	2.43893	37.0109
345	0.236627	8.72457	2.45791	37.0895
346	0.239104	8.72484	2.46831	37.1685
347	0.245186	8.72546	2.4815	37.248
348	0.244534	8.72606	2.4801	37.3273
349	0.243046	8.72659	2.46875	37.4059
350	0.242148	8.72709	2.45811	37.4838
351	0.246014	8.72782	2.47329	37.5623
352	0.246513	8.72858	2.4846	37.6412
353	0.239479	8.72899	2.48794	37.7202
354	0.238554	8.72936	2.4971	37.7996
355	0.24541	8.73012	2.51164	37.8795
356	0.250807	8.73117	2.53002	37.9603
357	0.254482	8.73244	2.54927	38.0419
358	0.254995	8.73374	2.56874	38.1244
359	0.255307	8.73507	2.58204	38.2075
360	0.257141	8.73651	2.6002	38.2913
361	0.261529	8.7382	2.62564	38.3764
362	0.265189	8.74009	2.62709	38.4613
363	0.268256	8.74215	2.62595	38.546
364	0.26691	8.74415	2.62369	38.6305
365	0.262926	8.74595	2.62624	38.7149
366	0.252879	8.74724	2.65977	38.8009
367	0.245022	8.74814	2.66044	38.8868
368	0.246036	8.7491	2.66763	38.9729
369	0.244987	8.75002	2.64747	39.0578
370	0.243166	8.75086	2.61122	39.1407
371	0.244715	8.75179	2.60695	39.2231
372	0.25091	8.75306	2.60241	39.3052
373	0.254763	8.75453	2.59319	39.3867
374	0.256757	8.75612	2.60462	39.4686
375	0.256146	8.7577	2.5879	39.5495
376	0.257257	8.75934	2.58349	39.6301
377	0.255118	8.76088	2.57468	39.71
378	0.250392	8.76219	2.55041	39.7885
379	0.245383	8.76325	2.53291	39.8661
380	0.237698	8.76394	2.53025	39.9433
381	0.229474	8.76421	2.54972	40.0214
382	0.230395	8.76455	2.5532	40.0996
383	0.230169	8.76489	2.54208	40.177
384	0.232505	8.76537	2.52199	40.2533
385	0.239826	8.76623	2.54307	40.3305
386	0.24213	8.76721	2.56129	40.4085
387	0.241443	8.76818	2.57137	40.4869
388	0.241104	8.76914	2.56474	40.5649
389	0.236338	8.76987	2.54935	40.6419
390	0.233523	8.77047	2.5706	40.7199
391	0.228601	8.77084	2.56309	40.7973
392	0.222745	8.77092	2.55274	40.8741
393	0.226809	8.77123	2.501	40.9482
394	0.230349	8.77172	2.48608	41.0214
395	0.2299	8.7722	2.4876	41.0945
396	0.229678	8.77269	2.50134	41.1682
397	0.228527	8.77313	2.50738	41.2422
398	0.22955	8.77363	2.52734	41.3169
399	0.22971	8.77416	2.54061	41.3923
400	0.2379	8.7751	2.56616	41.4687
401	0.244648	8.7764	2.59424	41.5465
402	0.248165	8.77788	2.61223	41.625
403	0.247349	8.77932	2.6273	41.7041
404	0.241375	8.78048	2.64754	41.7841
405	0.236927	8.78143	2.66729	41.865
406	0.236294	8.78236	2.65563	41.9451
407	0.235204	8.78325	2.64998	42.0248
408	0.241103	8.78444	2.64569	42.1042
409	0.241765	8.78567	2.64796	42.1836
410	0.238833	8.78677	2.65386	42.2631
411	0.237327	8.7878	2.63684	42.3417
412	0.232242	8.7886	2.64898	42.4207
413	0.226129	8.7891	2.65442	42.4998
414	0.218575	8.78925	2.67239	42.5797
415	0.212557	8.78912	2.68798	42.6603
416	0.20939	8.78884	2.67513	42.7401
417	0.200354	8.78813	2.68336	42.8201
418	0.188186	8.78685	2.7238	42.902
419	0.179824	8.78517	2.73414	42.9843
420	0.175006	8.78327	2.75708	43.0676
421	0.174024	8.78135	2.75594	43.1506
422	0.167802	8.77913	2.75943	43.2337
423	0.16633	8.77687	2.75644	43.3165
424	0.171084	8.77485	2.75208	43.399
425	0.171682	8.77288	2.7305	43.4803
426	0.172463	8.77096	2.723	43.5611
427	0.174404	8.76915	2.73005	43.6421
428	0.172404	8.76726	2.73858	43.7234
429	0.168982	8.76522	2.75286	43.8052
430	0.165142	8.76302	2.74341	43.8865
431	0.165515	8.76085	2.74136	43.9675
432	0.167072	8.75877	2.74994	44.0488
433	0.164301	8.75657	2.75829	44.1304
434	0.155429	8.75397	2.74041	44.211
435	0.146778	8.75097	2.74636	44.2918
436	0.14547	8.74792	2.7342	44.3719
437	0.143813	8.74482	2.73749	44.4519
438	0.145314	8.7418	2.73393	44.5317
439	0.143733	8.73873	2.7194	44.6107
440	0.145579	8.73576	2.6944	44.6884
441	0.146295	8.73285	2.68218	44.7654
442	0.148009	8.73003	2.67618	44.8419
443	0.145482	8.72712	2.67114	44.9181
444	0.13439	8.72369	2.70494	44.9958
445	0.121417	8.71967	2.75283	45.0757
446	0.11432	8.71533	2.75806	45.1556
447	0.110258	8.71083	2.749	45.2351
448	0.115655	8.7066	2.74794	45.3143
449	0.118878	8.70254	2.74684	45.3934
450	0.116503	8.69838	2.73604	45.4718
451	0.115098	8.69418	2.73927	45.5503
452	0.111314	8.68983	2.74185	45.6288
453	0.114774	8.68566	2.75326	45.7077
454	0.116538	8.68158	2.7533	45.7865
455	0.116169	8.67751	2.74509	45.8648
456	0.11726	8.67352	2.74849	45.9431
457	0.117706	8.66956	2.74966	46.0214
458	0.11362	8.66542	2.73859	46.099
459	0.105893	8.66095	2.74198	46.1767
460	0.0992501	8.65619	2.74327	46.2543
461	0.0909757	8.65107	2.71158	46.3304
462	0.0855462	8.64571	2.70943	46.4062
463	0.0755597	8.63991	2.73958	46.4833
464	0.0694307	8.63386	2.76149	46.5614
465	0.06372	8.62756	2.77226	46.6398
466	0.0601221	8.62111	2.7795	46.7184
467	0.0542533	8.61442	2.78572	46.7972
468	0.0505466	8.60758	2.77751	46.8755
469	0.050746	8.60078	2.78472	46.954
470	0.0448795	8.59373	2.79233	47.0328
471	0.0371424	8.58635	2.81323	47.1124
472	0.0357601	8.57893	2.83122	47.1927
473	0.0387861	8.57167	2.84181	47.2734
474	0.0369449	8.56436	2.85736	47.3547
475	0.035148	8.55699	2.83601	47.4349
476	0.032199	8.5495	2.83997	47.5151
477	0.0324207	8.54206	2.84927	47.5957
478	0.029806	8.53451	2.86369	47.6768
479	0.0258505	8.52682	2.86989	47.7581
480	0.026719	8.51918	2.87648	47.8395
481	0.0225054	8.51138	2.88583	47.9213
482	0.023982	8.50368	2.89437	48.0033
483	0.0307671	8.4963	2.91182	48.086
484	0.0303618	8.48893	2.88774	48.1675
485	0.0262951	8.48141	2.89788	48.2493
486	0.0253407	8.47386	2.90206	48.3313
487	0.0272214	8.46642	2.9063	48.4132
488	0.0297361	8.45912	2.9001	48.4948
489	0.0351128	8.45209	2.88526	48.5756
490	0.0363082	8.44513	2.87041	48.6556
491	0.0341279	8.4381	2.8728	48.7357
492	0.0361092	8.43118	2.87507	48.8157
493	0.0420023	8.42454	2.88443	48.896
494	0.0484388	8.41822	2.88638	48.9763
495	0.05206	8.41208	2.87379	49.0559
496	0.0524822	8.40599	2.83929	49.1338
497	0.0518667	8.39988	2.81872	49.2108
498	0.0502407	8.39372	2.81136	49.2872
499	0.0460116	8.3874	2.8057	49.3634
500	0.0422358	8.38093	2.78918	49.4387
501	0.0363009	8.37421	2.78628	49.5137
502	0.0358392	8.36749	2.77313	49.5881
503	0.0356367	8.36079	2.76602	49.6621
504	0.0378375	8.35421	2.76515	49.7359
505	0.0404805	8.34776	2.75857	49.8094
506	0.0397008	8.3413	2.75123	49.8824
507	0.0361613	8.33471	2.72443	49.9541
508	0.0362542	8.32814	2.69366	50.0244
509	0.0361603	8.32159	2.68576	50.0942
510	0.0385574	8.31516	2.69427	50.1644
511	0.0417386	8.30889	2.69799	50.2346
512	0.0411598	8.30262	2.69857	50.3047
513	0.0372985	8.2962	2.70501	50.375
514	0.0334056	8.28963	2.70749	50.4454
515	0.0265022	8.28277	2.71436	50.5159
516	0.025522	8.2759	2.69916	50.5858
517	0.0319325	8.26932	2.71031	50.656
518	0.0388114	8.26307	2.72096	50.7266
519	0.0426378	8.257	2.72416	50.7972
520	0.0454826	8.25108	2.7314	50.8681
521	0.0452218	8.24517	2.73537	50.939
522	0.0434293	8.23919	2.73567	51.0099
523	0.040713	8.23312	2.73569	51.0807
524	0.0369294	8.2269	2.74087	51.1516
525	0.0355452	8.22064	2.73418	51.2222
526	0.0392362	8.21456	2.74428	51.2931
527	0.0425371	8.20864	2.7578	51.3645
528	0.0462202	8.2029	2.75767	51.4358
529	0.0457174	8.19716	2.74082	51.5063
530	0.0453466	8.19141	2.74106	51.5767
531	0.0448361	8.18567	2.74397	51.6471
532	0.044648	8.17993	2.75735	51.7181
533	0.0454959	8.17425	2.76452	51.7892
534	0.0473602	8.16867	2.77608	51.8608
535	0.044949	8.163	2.79398	51.9331
536	0.0400422	8.15713	2.80528	52.0057
537	0.0357053	8.1511	2.7962	52.0779
538	0.0325823	8.14495	2.77801	52.1492
539	0.0328137	8.13883	2.77451	52.2203
540	0.0321945	8.1327	2.77199	52.2911
541	0.0307429	8.12653	2.77517	52.3621
542	0.026836	8.12021	2.782	52.4332
543	0.0240715	8.11379	2.7723	52.5038
544	0.0214855	8.10727	2.75836	52.5738
545	0.0207627	8.10075	2.74825	52.6432
546	0.0215028	8.09427	2.75528	52.7128
547	0.0193674	8.08772	2.75131	52.7822
548	0.0153748	8.08102	2.75457	52.8517
549	0.0143684	8.0743	2.75246	52.921
550	0.0104731	8.06743	2.75116	52.9901
551	0.00952023	8.06053	2.73951	53.0587
552	0.0112578	8.05373	2.72548	53.1265
553	0.0108649	8.04694	2.6868	53.1927
554	0.00757439	8.04002	2.6933	53.2591
555	0.00838225	8.03315	2.6828	53.3249
556	0.00820783	8.0263	2.68528	53.3908
557	0.0100659	8.01954	2.68624	53.4566
558	0.0118305	8.01288	2.69408	53.5227
559	0.00992981	8.00615	2.70605	53.5893
560	0.00674749	7.99931	2.70141	53.6555
561	0.00428752	7.99239	2.70205	53.7217
562	0.00392944	7.98546	2.69444	53.7875
563	0.00369126	7.97855	2.69898	53.8534
564	0.00530007	7.97172	2.7109	53.9198
565	0.00883975	7.96506	2.73105	53.9869
566	0.00882754	7.95841	2.74348	54.0545
567	0.00758708	7.95174	2.75481	54.1225
568	0.00463451	7.94495	2.76478	54.1908
569	-0.00209782	7.9379	2.77274	54.2593
570	-0.00308732	7.93083	2.77823	54.328
571	-0.00581415	7.92367	2.77953	54.3967
572	-0.00373658	7.91661	2.76358	54.4647
573	-0.00319886	7.90959	2.75898	54.5324
574	-0.00321662	7.90258	2.72668	54.5986
575	-0.00215306	7.89564	2.71385	54.6643
576	-0.00459786	7.88862	2.69605	54.7291
577	-0.00715868	7.8815	2.68057	54.7932
578	-0.00864792	7.87435	2.65128	54.856
579	-0.00994739	7.86716	2.62788	54.9178
580	-0.0140066	7.85981	2.6175	54.9791
581	-0.0169955	7.85237	2.61196	55.0401
582	-0.0187218	7.84487	2.60571	55.1008
583	-0.0170904	7.83745	2.59968	55.1612
584	-0.0127864	7.83023	2.59644	55.2214
585	-0.00850185	7.82321	2.59461	55.2814
586	-0.00606134	7.8163	2.5914	55.3412
587	-0.00387403	7.80951	2.57619	55.4004
588	-0.00463509	7.8027	2.57437	55.4594
589	-0.00276755	7.79598	2.57624	55.5184
590	-0.000876301	7.78935	2.58466	55.5778
591	0.0024017	7.78288	2.58799	55.6371
592	-0.000179802	7.77632	2.57797	55.6961
593	0.00166004	7.76985	2.58599	55.7553
594	0.00233553	7.76343	2.58645	55.8144
595	0.00409922	7.75709	2.59449	55.8738
596	0.0053779	7.75082	2.59089	55.933
597	0.00617466	7.7446	2.58752	55.9921
598	0.00260118	7.73825	2.59325	56.0513
599	0.00190213	7.73189	2.59696	56.1105
600	0.000356481	7.72548	2.59418	56.1696
601	-0.0029713	7.71895	2.56762	56.2276
602	-0.00654335	7.71229	2.57417	56.2858
603	-0.0103893	7.70549	2.5809	56.3442
604	-0.0112655	7.69867	2.57318	56.4022
605	-0.0136291	7.69178	2.54722	56.4591
606	-0.0162929	7.68479	2.54026	56.5157
607	-0.0176441	7.67776	2.54514	56.5724
608	-0.0161758	7.67081	2.53392	56.6286
609	-0.0163805	7.66387	2.53348	56.6847
610	-0.0159367	7.65696	2.53848	56.741
611	-0.0152329	7.65009	2.5523	56.7978
612	-0.0154734	7.64324	2.56222	56.8549
613	-0.016857	7.63634	2.56288	56.912
614	-0.0147866	7.62955	2.56694	56.9692
615	-0.0105391	7.62294	2.58224	57.027
616	-0.011679	7.6163	2.57874	57.0846
617	-0.0106436	7.60971	2.57508	57.142
618	-0.00737382	7.60328	2.58012	57.1995
619	-0.00578394	7.59692	2.57914	57.2569
620	-0.00491118	7.59062	2.57798	57.3142
621	-0.00471604	7.58433	2.57889	57.3715
622	-0.00471248	7.57806	2.58667	57.4291
623	-0.00764501	7.57169	2.59042	57.4868
624	-0.00766593	7.56534	2.59892	57.5447
625	-0.00699077	7.55902	2.60754	57.6029
626	-0.00497587	7.5528	2.5984	57.6607
627	-0.00390973	7.54664	2.59713	57.7184
628	0.000184591	7.54066	2.59724	57.7761
629	-0.000678011	7.53465	2.60858	57.8341
630	-0.00289382	7.52857	2.61833	57.8925
631	-0.00253476	7.52252	2.63062	57.9513
632	-0.0035286	7.51645	2.63795	58.0104
633	-0.00421485	7.51036	2.64517	58.0696
634	-0.0020744	7.50437	2.6388	58.1286
635	0.000323594	7.49849	2.64468	58.1877
636	0.0046089	7.4928	2.64283	58.2468
637	0.00912433	7.48729	2.65498	58.3062
638	0.0101578	7.48184	2.66573	58.366
639	0.0145032	7.47658	2.67595	58.4261
640	0.0146125	7.47133	2.68341	58.4865
641	0.0168571	7.46618	2.69632	58.5474
642	0.01569	7.461	2.70179	58.6084
643	0.0177968	7.45591	2.71381	58.6698
644	0.0171691	7.45082	2.71716	58.7312
645	0.0136854	7.44559	2.73028	58.7932
646	0.0117496	7.44031	2.73783	58.8553
647	0.0130389	7.43509	2.74033	58.9175
648	0.0162432	7.43	2.737	58.9796
649	0.0172493	7.42497	2.74269	59.0417
650	0.01726	7.41995	2.74661	59.104
651	0.0172226	7.41494	2.74162	59.166
652	0.0184442	7.40999	2.74412	59.2281
653	0.0178806	7.40503	2.74681	59.2902
654	0.0137317	7.39992	2.7648	59.3529
655	0.00760021	7.39458	2.78794	59.4165
656	0.00247672	7.38906	2.79927	59.4805
657	0.000139953	7.38346	2.80368	59.5445
658	0.000102667	7.37786	2.80529	59.6086
659	-0.00186435	7.37221	2.80439	59.6726
660	-0.00034099	7.36662	2.80468	59.7365
661	0.00150391	7.36113	2.79419	59.7999
662	0.00350989	7.35572	2.78	59.8628
663	0.00615492	7.35042	2.78681	59.9258
664	0.00637124	7.34515	2.78256	59.9886
665	0.00719995	7.33992	2.77552	60.0511
666	0.00462929	7.3346	2.77116	60.1134
667	0.00543134	7.32933	2.76033	60.1751
668	0.00316756	7.32398	2.762	60.2369
669	0.00454256	7.3187	2.76142	60.2986
670	0.00784674	7.31355	2.74786	60.3597
671	0.00908638	7.30847	2.73181	60.4202
672	0.00715874	7.30332	2.7282	60.4804
673	0.00638018	7.29815	2.7222	60.5404
674	0.0090254	7.2931	2.72966	60.6006
675	0.0106967	7.28812	2.72568	60.6606
676	0.0109802	7.28317	2.72659	60.7205
677	0.00982079	7.27818	2.72398	60.7803
678	0.00533416	7.27303	2.73112	60.8404
679	0.00121103	7.26773	2.7375	60.9006
680	0.00182455	7.26247	2.71923	60.96
681	0.00520526	7.25735	2.70075	61.0187
682	0.00657446	7.2523	2.69042	61.077
683	0.00548271	7.24721	2.6785	61.1347
684	0.00606893	7.24216	2.66819	61.192
685	0.007711	7.23718	2.6633	61.2491
686	0.00490029	7.23211	2.64248	61.3053
687	0.00508113	7.22705	2.62978	61.361
688	0.00808217	7.22212	2.62877	61.4166
689	0.0124345	7.21736	2.63071	61.4722
690	0.0220411	7.21299	2.65771	61.5288
691	0.027572	7.20883	2.66955	61.5858
692	0.0294839	7.20475	2.67557	61.643
693	0.0295486	7.20069	2.68313	61.7004
694	0.0280436	7.19657	2.68188	61.7577
695	0.0260863	7.1924	2.68407	61.8151
696	0.026648	7.18825	2.6852	61.8724
697	0.025645	7.18408	2.6866	61.9297
698	0.0290982	7.18005	2.69277	61.9873
699	0.0293045	7.17603	2.7001	62.045
700	0.0322929	7.17214	2.706	62.1029
701	0.0342258	7.16832	2.7162	62.1612
702	0.0354002	7.16456	2.72418	62.2197
703	0.0358319	7.16083	2.72927	62.2784
704	0.0413323	7.15731	2.73866	62.3373
705	0.0472815	7.15403	2.74848	62.3966
706	0.0495282	7.15084	2.745	62.4557
707	0.0470033	7.14756	2.75473	62.515
708	0.0448511	7.1442	2.74559	62.574
709	0.0462443	7.14091	2.74936	62.6331
710	0.0455443	7.1376	2.7431	62.6919
711	0.0451808	7.13429	2.74235	62.7507
712	0.0458512	7.13101	2.74483	62.8094
713	0.0475443	7.1278	2.74273	62.8681
714	0.0474254	7.12459	2.7362	62.9264
715	0.0453686	7.12131	2.73678	62.9847
716	0.0449402	7.11803	2.73446	63.0429
717	0.0447913	7.11475	2.73153	63.1009
718	0.0458798	7.11152	2.73098	63.1588
719	0.0441228	7.10823	2.73245	63.2168
720	0.0407495	7.10482	2.73407	63.2747
721	0.0381332	7.10132	2.73156	63.3326
722	0.0378243	7.09782	2.71536	63.3897
723	0.0392074	7.09438	2.71016	63.4466
724	0.0381452	7.09091	2.7122	63.5036
725	0.0347339	7.08732	2.72068	63.5608
726	0.0314559	7.08361	2.73142	63.6184
727	0.0297025	7.07985	2.73245	63.6759
728	0.0284965	7.07606	2.73068	63.7334
729	0.028522	7.07227	2.72261	63.7904
730	0.0267868	7.06843	2.71663	63.8473
731	0.0266674	7.06459	2.71246	63.9039
732	0.0260365	7.06074	2.71338	63.9605
733	0.02272	7.05677	2.70925	64.0169
734	0.0191936	7.05268	2.7136	64.0734
735	0.0198849	7.04863	2.71214	64.1298
736	0.0181358	7.04452	2.70351	64.1859
737	0.0182632	7.04042	2.70095	64.2418
738	0.0187567	7.03635	2.69427	64.2974
739	0.0203937	7.03235	2.68351	64.3526
740	0.0199565	7.02835	2.68422	64.4078
741	0.018684	7.0243	2.67996	64.4627
742	0.0185536	7.02026	2.67115	64.5173
743	0.0148412	7.01609	2.66661	64.5717
744	0.0142911	7.01191	2.66372	64.6259
745	0.0106698	7.0076	2.67076	64.6804
746	0.0062917	7.00315	2.6788	64.7351
747	0.00118509	6.99851	2.67811	64.7897
748	-0.00213011	6.99377	2.67028	64.844
749	-0.00362032	6.98898	2.66792	64.8982
750	-0.0041688	6.98418	2.66806	64.9523
751	-0.00316902	6.97942	2.67395	65.0066
752	-0.000364888	6.97478	2.67681	65.061
753	0.00174999	6.97022	2.66357	65.1148
754	0.00404467	6.96576	2.66972	65.1688
755	0.00444529	6.96132	2.67501	65.223
756	0.00548321	6.95693	2.67914	65.2773
757	0.00419207	6.95249	2.66957	65.3312
758	0.00608059	6.94814	2.66193	65.3847
759	0.0041451	6.94372	2.65604	65.438
760	0.00181916	6.93923	2.65627	65.4913
761	-0.00159565	6.93462	2.6594	65.5446
762	-0.00691579	6.92983	2.67045	65.5983
763	-0.00713295	6.92504	2.66528	65.6518
764	-0.00947578	6.92018	2.66123	65.7051
765	-0.011124	6.91527	2.66614	65.7585
766	-0.0128061	6.9103	2.66911	65.812
767	-0.0136222	6.90531	2.67827	65.8658
768	-0.0120652	6.90039	2.69015	65.92
769	-0.0113163	6.89551	2.68892	65.974
770	-0.00844414	6.89074	2.69384	66.0282
771	-0.00771211	6.886	2.6999	66.0826
772	-0.00875357	6.88124	2.70728	66.1372
773	-0.00786969	6.87652	2.70867	66.1919
774	-0.00862658	6.87177	2.70869	66.2464
775	-0.00656709	6.86711	2.719	66.3013
776	-0.00607218	6.86248	2.71795	66.3561
777	-0.00760578	6.8578	2.72128	66.411
778	-0.00942258	6.85307	2.72616	66.4661
779	-0.00838872	6.84838	2.7192	66.5208
780	-0.0102623	6.84363	2.7123	66.5752
781	-0.0112096	6.83886	2.72192	66.63
782	-0.0111688	6.8341	2.7318	66.6851
783	-0.0131873	6.82927	2.74511	66.7405
784	-0.0156985	6.82437	2.75409	66.7963
785	-0.0176779	6.8194	2.75982	66.8522
786	-0.0188751	6.8144	2.76821	66.9084
787	-0.0206462	6.80935	2.76856	66.9646
788	-0.0184368	6.80438	2.76464	67.0205
789	-0.0167866	6.79948	2.76786	67.0766
790	-0.0190809	6.79451	2.77485	67.1328
791	-0.0185844	6.78956	2.77404	67.189
792	-0.0201723	6.78457	2.75199	67.2443
793	-0.0223417	6.77951	2.74606	67.2994
794	-0.0221475	6.77446	2.74421	67.3544
795	-0.0218209	6.76944	2.74013	67.4092
796	-0.0230509	6.76438	2.71383	67.463
797	-0.0246689	6.75927	2.70812	67.5166
798	-0.0263308	6.75412	2.71179	67.5702
799	-0.0281965	6.7489	2.71828	67.6241
800	-0.0277758	6.74371	2.72631	67.6782
801	-0.0254362	6.73862	2.7352	67.7326
802	-0.0224534	6.73363	2.74895	67.7874
803	-0.0231647	6.72863	2.74664	67.8421
804	-0.0235985	6.72362	2.74932	67.8968
805	-0.0223262	6.71867	2.74808	67.9515
806	-0.021433	6.71376	2.74794	68.0061
807	-0.0221173	6.70883	2.75081	68.0607
808	-0.0236907	6.70386	2.75839	68.1156
809	-0.0217496	6.69896	2.75829	68.1705
810	-0.0201698	6.69412	2.75656	68.2252
811	-0.0175064	6.68939	2.74708	68.2796
812	-0.0138691	6.6848	2.73585	68.3335
813	-0.0111732	6.6803	2.73248	68.3873
814	-0.00834194	6.67591	2.73065	68.441
815	-0.007345	6.67157	2.72567	68.4944
816	-0.006394	6.66727	2.7182	68.5476
817	-0.00389341	6.66306	2.72346	68.6009
818	-0.00254578	6.65891	2.72656	68.6543
819	-0.00164044	6.65479	2.73495	68.7079
820	-0.000383802	6.65073	2.74708	68.7619
821	0.000566235	6.64671	2.75076	68.816
822	0.0005501	6.64269	2.7513	68.8701
823	0.00023313	6.63867	2.7586	68.9244
824	0.00190731	6.63472	2.76117	68.9787
825	0.000289665	6.63072	2.76037	69.033
826	-0.00142022	6.62666	2.74866	69.0868
827	-0.00248863	6.62258	2.74612	69.1405
828	-0.00349833	6.61847	2.74405	69.1941
829	-0.00431304	6.61433	2.74369	69.2476
830	-0.0065281	6.61013	2.73858	69.3009
831	-0.00555491	6.60597	2.74276	69.3544
832	-0.00646556	6.60179	2.7472	69.4079
833	-0.00969547	6.5975	2.74913	69.4615
834	-0.012488	6.59312	2.74897	69.515
835	-0.0148959	6.58866	2.74793	69.5684
836	-0.0144619	6.58423	2.73568	69.6214
837	-0.0133977	6.57984	2.73279	69.6743
838	-0.0141068	6.57544	2.73433	69.7271
839	-0.0174983	6.57092	2.73461	69.7799
840	-0.0183239	6.56639	2.73893	69.8329
841	-0.016954	6.56191	2.73834	69.8858
842	-0.0173486	6.55742	2.74112	69.9387
843	-0.0162246	6.55299	2.73644	69.9914
844	-0.0183648	6.54848	2.72981	70.0439
845	-0.0188609	6.54396	2.72692	70.0963
846	-0.0169802	6.53952	2.73349	70.1488
847	-0.0155639	6.53514	2.73637	70.2014
848	-0.0151464	6.53077	2.73295	70.2538
849	-0.0146851	6.52643	2.73233	70.3062
850	-0.0158757	6.52205	2.7351	70.3586
851	-0.0139638	6.51775	2.73443	70.411
852	-0.0115424	6.51354	2.72379	70.463
853	-0.0105246	6.50937	2.69776	70.514
854	-0.00941648	6.50524	2.69428	70.5649
855	-0.0110218	6.50107	2.6903	70.6156
856	-0.0110918	6.4969	2.6908	70.6663
857	-0.0127301	6.49269	2.69482	70.7171
858	-0.0149515	6.4884	2.69676	70.7679
859	-0.0176892	6.48403	2.6974	70.8188
860	-0.0212905	6.47954	2.71055	70.87
861	-0.0219033	6.47504	2.70793	70.9211
862	-0.0231205	6.47051	2.70647	70.9721
863	-0.0240451	6.46595	2.68927	71.0225
864	-0.0240886	6.46139	2.6818	71.0726
865	-0.0217652	6.45693	2.67843	71.1226
866	-0.0215438	6.45248	2.67621	71.1724
867	-0.0208601	6.44805	2.67398	71.2222
868	-0.0195603	6.44368	2.67782	71.272
869	-0.0198217	6.43931	2.67801	71.3219
870	-0.0239261	6.43481	2.69556	71.3722
871	-0.0248571	6.43028	2.70481	71.4229
872	-0.0257164	6.42573	2.71298	71.4738
873	-0.0267662	6.42115	2.72071	71.5249
874	-0.027494	6.41656	2.71216	71.5757
875	-0.0287022	6.41193	2.71008	71.6264
876	-0.0277784	6.40734	2.71295	71.6772
877	-0.0249366	6.40285	2.71767	71.728
878	-0.0223376	6.39846	2.71031	71.7786
879	-0.0215211	6.3941	2.70637	71.8291
880	-0.0207621	6.38978	2.70041	71.8793
881	-0.0195373	6.3855	2.70045	71.9294
882	-0.0208042	6.38119	2.69861	71.9795
883	-0.0211571	6.37687	2.67541	72.0287
884	-0.0220047	6.37253	2.67258	72.0779
885	-0.0221919	6.3682	2.66193	72.1266
886	-0.0221417	6.36387	2.66686	72.1755
887	-0.021014	6.35958	2.67259	72.2245
888	-0.0212076	6.3553	2.66841	72.2734
889	-0.0190619	6.35109	2.67265	72.3223
890	-0.0161803	6.34699	2.68093	72.3716
891	-0.0180157	6.34283	2.68386	72.4208
892	-0.0200161	6.33861	2.69432	72.4704
893	-0.0223767	6.33432	2.70089	72.5202
894	-0.023465	6.33	2.70473	72.5701
895	-0.0248415	6.32564	2.70273	72.6199
896	-0.0242732	6.32131	2.69664	72.6694
897	-0.0220937	6.31706	2.69203	72.7188
898	-0.0201493	6.31287	2.67363	72.7675
899	-0.0177538	6.30878	2.67138	72.8161
900	-0.0166504	6.30473	2.67828	72.8649
901	-0.01736	6.30066	2.68013	72.9137
902	-0.0179895	6.29657	2.68538	72.9627
903	-0.0173654	6.29252	2.68706	73.0117
904	-0.0176733	6.28845	2.69095	73.0608
905	-0.0165857	6.28444	2.68696	73.1097
906	-0.0183808	6.28037	2.68269	73.1585
907	-0.0199826	6.27625	2.67169	73.2068
908	-0.0195221	6.27215	2.66153	73.2548
909	-0.0224562	6.26796	2.66602	73.3029
910	-0.021929	6.2638	2.66843	73.3511
911	-0.0234964	6.25959	2.67193	73.3994
912	-0.0228227	6.25541	2.67996	73.4478
913	-0.0239055	6.2512	2.68756	73.4965
914	-0.0263894	6.24692	2.69734	73.5455
915	-0.0278254	6.24259	2.70716	73.5948
916	-0.0275747	6.23828	2.7139	73.6443
917	-0.0293315	6.23392	2.71973	73.6939
918	-0.0320284	6.22947	2.71997	73.7435
919	-0.0338117	6.22497	2.72097	73.7932
920	-0.0349385	6.22045	2.71491	73.8425
921	-0.0360369	6.21589	2.70171	73.8915
922	-0.0345188	6.21139	2.68487	73.9398
923	-0.0353769	6.20687	2.65481	73.9871
924	-0.034494	6.20238	2.64368	74.034
925	-0.0341438	6.19792	2.63443	74.0806
926	-0.0335925	6.19347	2.62167	74.1267
927	-0.0319923	6.18909	2.60822	74.1724
928	-0.0312655	6.18473	2.59453	74.2176
929	-0.0294125	6.18045	2.5804	74.2623
930	-0.0270218	6.17625	2.58632	74.3072
931	-0.0247581	6.17213	2.59178	74.3522
932	-0.0242137	6.16803	2.59302	74.3972
933	-0.0251826	6.1639	2.59539	74.4423
934	-0.0232515	6.15985	2.59363	74.4873
935	-0.0203509	6.1559	2.59223	74.5322
936	-0.0163544	6.15208	2.59173	74.5771
937	-0.0121873	6.14841	2.58006	74.6216
938	-0.00709926	6.14491	2.58897	74.6663
939	-0.00190342	6.14158	2.6028	74.7115
940	-0.00115612	6.13828	2.60228	74.7566
941	-0.000729791	6.135	2.61087	74.802
942	0.000861098	6.13178	2.61014	74.8473
943	0.000649565	6.12855	2.61011	74.8926
944	-0.00124594	6.12527	2.61548	74.938
945	-0.00346009	6.12193	2.61819	74.9835
946	-0.00272149	6.11861	2.61842	75.029
947	-0.00255069	6.1153	2.6243	75.0747
948	-0.00286076	6.11199	2.62756	75.1204
949	-0.00262378	6.10869	2.62157	75.1659
950	-0.00427046	6.10534	2.60984	75.211
951	-0.00489371	6.10198	2.60536	75.2559
952	-0.00590487	6.09859	2.60046	75.3007
953	-0.00573727	6.09521	2.59927	75.3453
954	-0.00531204	6.09185	2.59555	75.3899
955	-0.00482723	6.08851	2.59315	75.4343
956	-0.00463499	6.08518	2.59055	75.4786
957	-0.00449005	6.08186	2.59129	75.5229
958	-0.00216766	6.07862	2.59153	75.5672
959	-0.000204253	6.07545	2.58869	75.6114
960	0.00105784	6.07233	2.59295	75.6557
961	0.00233465	6.06925	2.59293	75.6999
962	0.000447046	6.06612	2.59555	75.7443
963	-0.00208721	6.0629	2.59919	75.7887
964	-0.000974625	6.05973	2.5909	75.8328
965	1.52309e-05	6.0566	2.58449	75.8767
966	-0.000349329	6.05346	2.57765	75.9203
967	-0.00117933	6.0503	2.56423	75.9635
968	-0.00340176	6.04707	2.56506	76.0067
969	-0.00558403	6.04378	2.5617	76.0498
970	-0.00708795	6.04044	2.55878	76.0927
971	-0.00980189	6.03702	2.56103	76.1357
972	-0.0117852	6.03354	2.56637	76.1789
973	-0.0136075	6.03001	2.57273	76.2222
974	-0.0130067	6.02651	2.57803	76.2656
975	-0.0122878	6.02303	2.58151	76.3092
976	-0.0108752	6.0196	2.56836	76.3523
977	-0.00994419	6.01621	2.56513	76.3953
978	-0.00988432	6.01282	2.55893	76.438
979	-0.00967668	6.00945	2.55492	76.4806
980	-0.00902567	6.0061	2.55707	76.5233
981	-0.00792288	6.00279	2.56007	76.566
982	-0.00705341	5.99951	2.56216	76.6088
983	-0.00730143	5.99623	2.56402	76.6516
984	-0.00800299	5.99294	2.5614	76.6943
985	-0.00965394	5.98959	2.55162	76.7366
986	-0.0100582	5.98624	2.53627	76.7785
987	-0.0112208	5.98286	2.53448	76.8202
988	-0.0129438	5.97942	2.52755	76.8617
989	-0.0152893	5.97592	2.52781	76.9033
990	-0.0177462	5.97234	2.53062	76.9448
991	-0.0194997	5.96872	2.53723	76.9866
992	-0.0189497	5.96511	2.54152	77.0285
993	-0.0177079	5.96155	2.54492	77.0704
994	-0.0179455	5.95799	2.54698	77.1124
995	-0.0159844	5.9545	2.54389	77.1543
996	-0.0152818	5.95103	2.55037	77.1964
997	-0.015749	5.94755	2.55465	77.2386
998	-0.0164615	5.94406	2.55366	77.2807
999	-0.018057	5.94052	2.54932	77.3227
1000	-0.0203544	5.93691	2.54422	77.3644
1001	-0.023459	5.93321	2.53439	77.4059
1002	-0.0267885	5.92941	2.53372	77.4473
1003	-0.0243762	5.92569	2.52713	77.4885
1004	-0.0223564	5.92204	2.53181	77.5298
1005	-0.02092	5.91844	2.52976	77.571
1006	-0.0203282	5.91486	2.52689	77.6121
1007	-0.0185848	5.91134	2.53308	77.6534
1008	-0.0182551	5.90784	2.53778	77.6948
1009	-0.0188019	5.90433	2.53584	77.7361
1010	-0.0204266	5.90077	2.53457	77.7773
1011	-0.0206081	5.89721	2.53867	77.8187
1012	-0.0208796	5.89364	2.539	77.8601
1013	-0.021792	5.89005	2.53753	77.9013
1014	-0.0248673	5.88637	2.54689	77.9429
1015	-0.0275754	5.88261	2.5561	77.9847
1016	-0.0278161	5.87885	2.55789	78.0266
1017	-0.0278604	5.87509	2.5537	78.0683
1018	-0.0264201	5.87139	2.55286	78.1099
1019	-0.0266171	5.86768	2.54954	78.1515
1020	-0.0267989	5.86397	2.54662	78.1929
1021	-0.0278756	5.86023	2.54393	78.2342
1022	-0.026727	5.85653	2.53715	78.2753
1023	-0.0276826	5.85281	2.52885	78.3161
1024	-0.0270279	5.84911	2.53145	78.3569
1025	-0.0300461	5.84533	2.53299	78.3978
1026	-0.0336329	5.84143	2.53802	78.4388
1027	-0.0356134	5.83749	2.53497	78.4797
1028	-0.0359337	5.83353	2.52772	78.5204
1029	-0.0357497	5.82959	2.52428	78.5609
1030	-0.0348241	5.82568	2.52357	78.6014
1031	-0.0348225	5.82178	2.52505	78.6419
1032	-0.033128	5.81793	2.52749	78.6825
1033	-0.0324882	5.81411	2.52719	78.723
1034	-0.0307862	5.81034	2.53192	78.7636
1035	-0.031088	5.80658	2.53252	78.8043
1036	-0.0329099	5.80276	2.52688	78.8448
1037	-0.033132	5.79894	2.52295	78.8851
1038	-0.0353361	5.79505	2.51433	78.9251
1039	-0.0381239	5.79109	2.51415	78.9651
1040	-0.0364681	5.78718	2.51117	79.005
1041	-0.0369757	5.78326	2.51126	79.0449
1042	-0.0369074	5.77935	2.51068	79.0847
1043	-0.0371629	5.77543	2.50213	79.1243
1044	-0.0383133	5.77148	2.49413	79.1636
1045	-0.0397474	5.7675	2.48502	79.2026
1046	-0.0381607	5.76357	2.48479	79.2415
1047	-0.0376949	5.75966	2.48035	79.2803
1048	-0.0367941	5.75578	2.48086	79.3191
1049	-0.0354781	5.75194	2.48497	79.358
1050	-0.0355503	5.74811	2.4756	79.3966
1051	-0.033669	5.74435	2.47347	79.4351
1052	-0.0337832	5.74058	2.46917	79.4735
1053	-0.0341008	5.73681	2.46643	79.5118
1054	-0.0337763	5.73305	2.46896	79.5501
1055	-0.0348799	5.72927	2.47011	79.5884
1056	-0.0339337	5.72551	2.46183	79.6265
1057	-0.0322814	5.72182	2.45752	79.6644
1058	-0.0285477	5.71824	2.46617	79.7026
1059	-0.0261322	5.71474	2.4667	79.7407
1060	-0.0248457	5.71129	2.46162	79.7787
1061	-0.026025	5.70781	2.45163	79.8164
1062	-0.0259887	5.70433	2.4473	79.8539
1063	-0.0241138	5.70091	2.4458	79.8913
1064	-0.0242547	5.69749	2.44141	79.9286
1065	-0.024517	5.69407	2.43657	79.9657
1066	-0.0260565	5.69061	2.44428	80.0031
1067	-0.0254817	5.68717	2.45007	80.0406
1068	-0.0251753	5.68374	2.45236	80.0782
1069	-0.0235575	5.68036	2.4379	80.1153
1070	-0.0224163	5.67703	2.42664	80.152
1071	-0.0216755	5.67372	2.42035	80.1885
1072	-0.0227979	5.67038	2.42552	80.2252
1073	-0.0230311	5.66704	2.42791	80.2619
1074	-0.0233069	5.6637	2.4258	80.2986
1075	-0.0246986	5.66032	2.41908	80.335
1076	-0.0266967	5.65688	2.41068	80.3712
1077	-0.029062	5.65337	2.41087	80.4073
1078	-0.0286788	5.64988	2.41268	80.4435
1079	-0.0275552	5.64643	2.4175	80.4798
1080	-0.0257479	5.64303	2.42261	80.5162
1081	-0.0261447	5.63963	2.42249	80.5527
1082	-0.0261867	5.63624	2.42669	80.5892
1083	-0.0259241	5.63285	2.41528	80.6254
1084	-0.0238324	5.62954	2.42537	80.6619
1085	-0.0215632	5.62629	2.42287	80.6982
1086	-0.0200074	5.6231	2.42811	80.7348
1087	-0.0207542	5.61989	2.43651	80.7715
1088	-0.0205827	5.61668	2.43895	80.8083
1089	-0.0206847	5.61348	2.4311	80.8449
1090	-0.0240811	5.61018	2.43541	80.8816
1091	-0.0279207	5.60677	2.4452	80.9185
1092	-0.0278339	5.60337	2.44438	80.9554
1093	-0.0301518	5.5999	2.45427	80.9926
1094	-0.0316853	5.59639	2.46391	81.0301
1095	-0.0323307	5.59286	2.47229	81.0678
1096	-0.033888	5.58929	2.48187	81.1058
1097	-0.0328443	5.58575	2.48753	81.1439
1098	-0.0337139	5.5822	2.49551	81.1822
1099	-0.0343741	5.57863	2.50373	81.2208
1100	-0.0364846	5.575	2.50713	81.2595
1101	-0.0381494	5.57132	2.51603	81.2984
1102	-0.0368175	5.56769	2.52499	81.3376
1103	-0.0388802	5.564	2.53373	81.377
1104	-0.0405028	5.56026	2.54067	81.4166
1105	-0.0404627	5.55654	2.54248	81.4562
1106	-0.039469	5.55284	2.54156	81.4958
1107	-0.0393184	5.54916	2.5453	81.5355
1108	-0.0391585	5.54548	2.54342	81.5751
1109	-0.0379336	5.54185	2.54448	81.6147
1110	-0.0376505	5.53823	2.55119	81.6545
1111	-0.0394024	5.53456	2.56003	81.6945
1112	-0.0417672	5.53082	2.5705	81.7349
1113	-0.0436589	5.52703	2.56968	81.7752
1114	-0.0459122	5.52318	2.56917	81.8154
1115	-0.0464456	5.51932	2.57061	81.8557
1116	-0.0468761	5.51545	2.57209	81.896
1117	-0.0481587	5.51154	2.57449	81.9364
1118	-0.0480016	5.50765	2.57392	81.9767
1119	-0.048229	5.50375	2.5579	82.0165
1120	-0.048161	5.49986	2.55723	82.0563
1121	-0.047874	5.49598	2.55376	82.096
1122	-0.0484447	5.49209	2.54937	82.1355
1123	-0.0483657	5.48821	2.54614	82.1749
1124	-0.0463376	5.48439	2.54324	82.2142
1125	-0.0454526	5.4806	2.53615	82.2533
1126	-0.0446287	5.47684	2.53246	82.2922
1127	-0.0437635	5.47311	2.53543	82.3312
1128	-0.0443398	5.46937	2.53768	82.3703
1129	-0.0441533	5.46564	2.54159	82.4094
1130	-0.043893	5.46192	2.54829	82.4487
1131	-0.0435229	5.45822	2.54975	82.4881
1132	-0.0434272	5.45452	2.54389	82.5273
1133	-0.0428027	5.45085	2.53855	82.5662
1134	-0.0420383	5.4472	2.5412	82.6053
1135	-0.0410616	5.44359	2.5456	82.6445
1136	-0.0416328	5.43996	2.54661	82.6836
1137	-0.0364482	5.43649	2.56143	82.7232
1138	-0.0311728	5.43318	2.57845	82.7633
1139	-0.0252381	5.43005	2.59944	82.804
1140	-0.0223464	5.42702	2.60433	82.8448
1141	-0.0202058	5.42404	2.61348	82.8858
1142	-0.0185275	5.42112	2.61277	82.9268
1143	-0.0192854	5.41819	2.613	82.9678
1144	-0.0196959	5.41524	2.60975	83.0087
1145	-0.0192349	5.41231	2.59776	83.0492
1146	-0.018534	5.40941	2.60088	83.0898
1147	-0.0205563	5.40645	2.59729	83.1303
1148	-0.0226437	5.40343	2.59741	83.1707
1149	-0.024481	5.40036	2.59694	83.2111
1150	-0.0273999	5.39721	2.60059	83.2516
1151	-0.0277292	5.39405	2.60093	83.2921
1152	-0.0279934	5.39089	2.60449	83.3327
1153	-0.0297085	5.38768	2.61131	83.3734
1154	-0.029574	5.38448	2.61266	83.4142
1155	-0.0306958	5.38125	2.61279	83.455
1156	-0.0297271	5.37805	2.6137	83.4957
1157	-0.0283503	5.3749	2.60978	83.5364
1158	-0.0302085	5.37169	2.60728	83.5769
1159	-0.0297674	5.3685	2.60948	83.6175
1160	-0.0285841	5.36536	2.60234	83.6578
1161	-0.0271924	5.36225	2.60135	83.6982
1162	-0.0268133	5.35916	2.60334	83.7385
1163	-0.0260421	5.3561	2.60636	83.7789
1164	-0.0260051	5.35304	2.60758	83.8193
1165	-0.0247381	5.35002	2.6142	83.8599
1166	-0.0261962	5.34696	2.61058	83.9004
1167	-0.0285743	5.34384	2.60995	83.9409
1168	-0.029131	5.3407	2.60941	83.9813
1169	-0.0292996	5.33757	2.60488	84.0215
1170	-0.0298612	5.33442	2.5998	84.0616
1171	-0.0294091	5.33128	2.59419	84.1015
1172	-0.0294735	5.32815	2.58755	84.1412
1173	-0.028631	5.32505	2.58944	84.1809
1174	-0.0274767	5.32198	2.5975	84.2209
1175	-0.0271438	5.31893	2.60292	84.261
1176	-0.0273901	5.31588	2.59964	84.3009
1177	-0.0252056	5.31289	2.58986	84.3406
1178	-0.026016	5.30988	2.5874	84.3802
1179	-0.0266571	5.30685	2.59234	84.4199
1180	-0.0273255	5.30381	2.59456	84.4596
1181	-0.0255762	5.30083	2.59723	84.4995
1182	-0.0244687	5.29788	2.59549	84.5392
1183	-0.0230464	5.29497	2.59348	84.5789
1184	-0.0220227	5.2921	2.59522	84.6185
1185	-0.0209998	5.28926	2.59445	84.6582
1186	-0.0212247	5.28642	2.60017	84.698
1187	-0.0243329	5.28349	2.6086	84.738
1188	-0.0254134	5.28053	2.61554	84.7782
1189	-0.0251084	5.27759	2.61686	84.8185
1190	-0.0258715	5.27462	2.61499	84.8586
1191	-0.0266865	5.27164	2.61547	84.8988
1192	-0.0268544	5.26866	2.61781	84.939
1193	-0.0286655	5.26562	2.62367	84.9793
1194	-0.030042	5.26255	2.62538	85.0197
1195	-0.030037	5.25948	2.62439	85.06
1196	-0.0320297	5.25636	2.62768	85.1004
1197	-0.0330117	5.25322	2.62829	85.1408
1198	-0.0337439	5.25005	2.62688	85.1812
1199	-0.0344281	5.24687	2.63272	85.2217
1200	-0.0349681	5.24368	2.63404	85.2622
1201	-0.0336303	5.24053	2.64246	85.303
1202	-0.0306339	5.23747	2.6466	85.3438
1203	-0.0282524	5.23449	2.65328	85.3848
1204	-0.0256523	5.23158	2.66203	85.4261
1205	-0.0275496	5.22862	2.66662	85.4674
1206	-0.0285351	5.22563	2.67037	85.5089
1207	-0.0288531	5.22264	2.67216	85.5503
1208	-0.0296751	5.21963	2.67153	85.5918
1209	-0.0313895	5.21657	2.67547	85.6333
1210	-0.0337731	5.21345	2.6838	85.6751
1211	-0.0367617	5.21024	2.69287	85.7171
1212	-0.0369259	5.20704	2.67881	85.7587
1213	-0.0381928	5.2038	2.68008	85.8002
1214	-0.0377308	5.20057	2.67514	85.8417
1215	-0.0380069	5.19735	2.67347	85.883
1216	-0.038339	5.19412	2.66619	85.9242
1217	-0.038068	5.19089	2.65803	85.965
1218	-0.0359326	5.18774	2.65892	86.0059
1219	-0.0326142	5.18468	2.66713	86.047
1220	-0.0296948	5.18171	2.67418	86.0883
1221	-0.0286217	5.17877	2.67809	86.1297
1222	-0.028065	5.17585	2.67964	86.1711
1223	-0.0279504	5.17294	2.66294	86.212
1224	-0.0270176	5.17006	2.65777	86.2527
1225	-0.0296049	5.16711	2.66257	86.2936
1226	-0.0300506	5.16415	2.65747	86.3343
1227	-0.0319332	5.16113	2.65486	86.3749
1228	-0.0327495	5.1581	2.64671	86.4152
1229	-0.0321004	5.15509	2.63885	86.4553
1230	-0.029427	5.15216	2.64505	86.4956
1231	-0.0275247	5.14929	2.65001	86.536
1232	-0.0251957	5.14648	2.65606	86.5765
1233	-0.0245745	5.1437	2.65787	86.6171
1234	-0.0233199	5.14095	2.64691	86.6573
1235	-0.0243732	5.13818	2.64657	86.6976
1236	-0.0265439	5.13535	2.64012	86.7376
1237	-0.0277249	5.13249	2.63403	86.7774
1238	-0.0266492	5.12967	2.62721	86.817
1239	-0.0267749	5.12684	2.62162	86.8564
1240	-0.0269289	5.12401	2.6189	86.8958
1241	-0.0278436	5.12116	2.61633	86.935
1242	-0.0270069	5.11833	2.61364	86.9742
1243	-0.0270539	5.11551	2.61734	87.0134
1244	-0.0267312	5.1127	2.62044	87.0527
1245	-0.0270962	5.10988	2.62122	87.092
1246	-0.0271239	5.10707	2.62165	87.1314
1247	-0.0270365	5.10426	2.62336	87.1707
1248	-0.0264146	5.10147	2.62266	87.21
1249	-0.024769	5.09873	2.62325	87.2493
1250	-0.0229845	5.09604	2.62419	87.2886
1251	-0.0204757	5.09343	2.61849	87.3278
1252	-0.0176786	5.0909	2.62219	87.367
1253	-0.0152934	5.08844	2.62524	87.4063
1254	-0.0152347	5.08598	2.61698	87.4453
1255	-0.0154052	5.08353	2.60609	87.484
1256	-0.0142193	5.0811	2.59433	87.5224
1257	-0.013423	5.07871	2.57608	87.5602
1258	-0.0113497	5.07637	2.56764	87.5978
1259	-0.0101298	5.07407	2.5696	87.6354
1260	-0.0110551	5.07175	2.57251	87.6731
1261	-0.0132191	5.06937	2.57759	87.7109
1262	-0.0150069	5.06694	2.58088	87.7488
1263	-0.0162684	5.06448	2.58449	87.7868
1264	-0.015348	5.06205	2.58821	87.8249
1265	-0.0145748	5.05964	2.5865	87.8629
1266	-0.0129626	5.05728	2.58658	87.9008
1267	-0.0126197	5.05494	2.58225	87.9387
1268	-0.0110523	5.05264	2.57579	87.9763
1269	-0.0094258	5.05038	2.58023	88.0141
1270	-0.00860059	5.04816	2.57901	88.0518
1271	-0.00868968	5.04593	2.57617	88.0894
1272	-0.00680343	5.04376	2.57243	88.1269
1273	-0.00508836	5.04164	2.57734	88.1645
1274	-0.00367844	5.03956	2.58182	88.2022
1275	-0.00357047	5.03749	2.58453	88.24
1276	-0.00440595	5.03539	2.5846	88.2778
1277	-0.0043222	5.0333	2.58271	88.3155
1278	-0.0058748	5.03117	2.58435	88.3532
1279	-0.00648415	5.02903	2.58718	88.391
1280	-0.00620247	5.02689	2.59387	88.429
1281	-0.00636293	5.02475	2.59742	88.467
1282	-0.00563477	5.02264	2.59871	88.5051
1283	-0.00566385	5.02053	2.59554	88.5431
1284	-0.00502177	5.01843	2.59596	88.581
1285	-0.00428569	5.01636	2.60255	88.6191
1286	-0.00470028	5.01429	2.6056	88.6573
1287	-0.004486	5.01222	2.61011	88.6956
1288	-0.0040257	5.01016	2.61189	88.734
1289	-0.00455887	5.00809	2.6145	88.7724
1290	-0.00472314	5.00602	2.61521	88.8108
1291	-0.00648113	5.00391	2.6133	88.8491
1292	-0.00812394	5.00175	2.61371	88.8874
1293	-0.00829225	4.99958	2.61502	88.9258
1294	-0.00959625	4.99739	2.61855	88.9642
1295	-0.0131974	4.9951	2.62872	89.0029
1296	-0.0148575	4.99276	2.63029	89.0416
1297	-0.0153634	4.99041	2.6304	89.0803
1298	-0.0159106	4.98805	2.62831	89.1189
1299	-0.0149724	4.98572	2.62732	89.1575
1300	-0.0138685	4.98342	2.62099	89.1959
1301	-0.0125612	4.98116	2.62262	89.2343
1302	-0.0120912	4.97891	2.62315	89.2727
1303	-0.01176	4.97668	2.62577	89.3112
1304	-0.0123287	4.97443	2.62272	89.3496
1305	-0.0112099	4.97222	2.62666	89.388
1306	-0.00974477	4.97005	2.63273	89.4267
1307	-0.00936166	4.96789	2.63907	89.4654
1308	-0.00927486	4.96574	2.64543	89.5044
1309	-0.00767504	4.96363	2.65359	89.5435
1310	-0.00812558	4.96151	2.65871	89.5828
1311	-0.00624871	4.95945	2.66157	89.6221
1312	-0.0051981	4.95742	2.66832	89.6616
1313	-0.00531166	4.95539	2.67345	89.7013
1314	-0.00717354	4.95331	2.67326	89.7409
1315	-0.00705225	4.95123	2.67619	89.7805
1316	-0.00857543	4.94912	2.67911	89.8203
1317	-0.0110948	4.94694	2.68153	89.86
1318	-0.0127069	4.94471	2.67665	89.8997
1319	-0.0126544	4.94249	2.67777	89.9393
1320	-0.0123902	4.94028	2.67967	89.979
1321	-0.0106071	4.93812	2.68188	90.0187
1322	-0.0102252	4.93598	2.68033	90.0584
1323	-0.0121781	4.93378	2.68003	90.098
1324	-0.0132294	4.93155	2.6796	90.1376
1325	-0.0138733	4.92932	2.67966	90.1772
1326	-0.0120046	4.92713	2.67999	90.2168
1327	-0.0118542	4.92495	2.6786	90.2563
1328	-0.0113081	4.92279	2.67946	90.2958
1329	-0.0100487	4.92066	2.68038	90.3354
1330	-0.00945025	4.91856	2.67999	90.3749
1331	-0.010669	4.91642	2.6768	90.4143
1332	-0.0115133	4.91426	2.67465	90.4536
1333	-0.0127488	4.91207	2.6742	90.493
1334	-0.0127416	4.90988	2.67693	90.5323
1335	-0.0130846	4.90769	2.67973	90.5717
1336	-0.0109569	4.90556	2.68554	90.6113
1337	-0.0108604	4.90343	2.68999	90.651
1338	-0.0113916	4.90129	2.69563	90.6908
1339	-0.0119127	4.89913	2.70326	90.7308
1340	-0.0127218	4.89696	2.69328	90.7705
1341	-0.0123527	4.8948	2.68151	90.8099
1342	-0.0116986	4.89266	2.67748	90.8491
1343	-0.0131086	4.89048	2.66812	90.8881
1344	-0.0131137	4.88831	2.66685	90.927
1345	-0.0132929	4.88613	2.66804	90.9659
1346	-0.0130351	4.88396	2.67012	91.0049
1347	-0.013117	4.8818	2.65935	91.0436
1348	-0.0137719	4.87961	2.6529	91.0821
1349	-0.0152329	4.87739	2.65051	91.1205
1350	-0.0175637	4.87511	2.65193	91.1589
1351	-0.0184769	4.87281	2.64599	91.1971
1352	-0.0184313	4.87051	2.64366	91.2353
1353	-0.0179169	4.86822	2.64028	91.2733
1354	-0.018031	4.86594	2.64106	91.3114
1355	-0.0191642	4.86362	2.64587	91.3496
1356	-0.0197898	4.86129	2.64901	91.3878
1357	-0.019874	4.85897	2.65635	91.4262
1358	-0.0180571	4.85669	2.66465	91.4649
1359	-0.0177491	4.85442	2.6653	91.5035
1360	-0.020029	4.8521	2.66719	91.5422
1361	-0.0214645	4.84974	2.66922	91.5809
1362	-0.0217983	4.84737	2.67243	91.6197
1363	-0.0221756	4.84499	2.67447	91.6585
1364	-0.0233894	4.84259	2.67692	91.6974
1365	-0.0223806	4.84021	2.67867	91.7363
1366	-0.0215	4.83786	2.67947	91.7752
1367	-0.0220283	4.8355	2.68329	91.8142
1368	-0.0220835	4.83313	2.68637	91.8533
1369	-0.0223645	4.83077	2.68627	91.8923
1370	-0.0219043	4.82842	2.69022	91.9314
1371	-0.0211147	4.82609	2.69483	91.9707
1372	-0.0186381	4.82383	2.70357	92.0101
1373	-0.0179341	4.82159	2.70538	92.0496
1374	-0.0174191	4.81937	2.70608	92.0891
1375	-0.0166925	4.81717	2.70338	92.1285
1376	-0.0189479	4.81491	2.70596	92.168
1377	-0.0209584	4.8126	2.70811	92.2075
1378	-0.0226928	4.81024	2.71199	92.2471
1379	-0.0229503	4.80788	2.71805	92.2868
1380	-0.0213686	4.80557	2.72517	92.3267
1381	-0.0199393	4.8033	2.72976	92.3668
1382	-0.0189844	4.80105	2.73221	92.4068
1383	-0.0190398	4.7988	2.72482	92.4467
1384	-0.0194302	4.79655	2.71306	92.4862
1385	-0.0211717	4.79425	2.71005	92.5256
1386	-0.0223819	4.79192	2.71202	92.5651
1387	-0.022927	4.78958	2.7108	92.6045
1388	-0.023826	4.78722	2.71115	92.6439
1389	-0.0224137	4.7849	2.71162	92.6833
1390	-0.0210786	4.78262	2.70959	92.7226
1391	-0.020004	4.78036	2.70444	92.7618
1392	-0.0221946	4.77805	2.70995	92.8011
1393	-0.0243695	4.77569	2.7138	92.8405
1394	-0.0242708	4.77333	2.71462	92.8799
1395	-0.0239794	4.77098	2.71198	92.9192
1396	-0.0221723	4.76868	2.70859	92.9584
1397	-0.0204109	4.76643	2.7081	92.9976
1398	-0.0195265	4.7642	2.70704	93.0367
1399	-0.0190204	4.76199	2.69933	93.0756
1400	-0.0178591	4.75982	2.68854	93.1142
1401	-0.0164463	4.75768	2.6905	93.1528
1402	-0.0147189	4.7556	2.69208	93.1915
1403	-0.0139927	4.75353	2.6939	93.2302
1404	-0.012125	4.75152	2.69648	93.269
1405	-0.00994882	4.74956	2.69812	93.3077
1406	-0.0100673	4.74761	2.69884	93.3465
1407	-0.0106714	4.74564	2.69886	93.3853
1408	-0.00989831	4.74369	2.69583	93.424
1409	-0.0110452	4.74172	2.69702	93.4626
1410	-0.0108796	4.73975	2.69279	93.5012
1411	-0.011124	4.73777	2.69555	93.5398
1412	-0.0112791	4.7358	2.6902	93.5783
1413	-0.0108138	4.73384	2.68418	93.6166
1414	-0.0118088	4.73185	2.68635	93.6549
1415	-0.0114124	4.72988	2.68982	93.6933
1416	-0.0105475	4.72793	2.69202	93.7317
1417	-0.0115732	4.72596	2.69261	93.7702
1418	-0.0104354	4.72401	2.68616	93.8084
1419	-0.00950857	4.7221	2.68049	93.8465
1420	-0.00897796	4.7202	2.68544	93.8848
1421	-0.0097687	4.71828	2.68915	93.923
1422	-0.00996771	4.71636	2.69046	93.9614
1423	-0.00941231	4.71446	2.68655	93.9996
1424	-0.00925908	4.71256	2.6833	94.0376
1425	-0.00875045	4.71068	2.67947	94.0756
1426	-0.00863492	4.7088	2.67925	94.1136
1427	-0.00959714	4.7069	2.68368	94.1516
1428	-0.00859854	4.70502	2.68818	94.1898
1429	-0.00782558	4.70317	2.6934	94.2281
1430	-0.00863668	4.7013	2.69691	94.2664
1431	-0.00984305	4.6994	2.70004	94.3049
1432	-0.00938015	4.69751	2.70471	94.3434
1433	-0.00758108	4.69568	2.70558	94.3819
1434	-0.00906315	4.6938	2.70826	94.4205
1435	-0.0107995	4.69188	2.71078	94.4592
1436	-0.0112155	4.68996	2.71092	94.4978
1437	-0.010888	4.68804	2.70993	94.5364
1438	-0.0088904	4.68618	2.71042	94.575
1439	-0.00729185	4.68436	2.71073	94.6136
1440	-0.00642181	4.68256	2.70602	94.6521
1441	-0.00738429	4.68075	2.70507	94.6905
1442	-0.00825311	4.67891	2.70244	94.7288
1443	-0.00912589	4.67705	2.70222	94.7671
1444	-0.00997239	4.67517	2.70374	94.8054
1445	-0.0125396	4.67322	2.71379	94.844
1446	-0.0133032	4.67126	2.71798	94.8827
1447	-0.0142257	4.66928	2.72239	94.9214
1448	-0.0154283	4.66726	2.72698	94.9603
1449	-0.0156451	4.66524	2.7302	94.9993
1450	-0.014922	4.66324	2.73315	95.0383
1451	-0.0144236	4.66126	2.7339	95.0773
1452	-0.0138581	4.65929	2.73498	95.1163
1453	-0.011265	4.6574	2.74132	95.1555
1454	-0.010644	4.65552	2.73867	95.1946
1455	-0.00948013	4.65367	2.73855	95.2337
1456	-0.009031	4.65184	2.74267	95.2728
1457	-0.00673999	4.65007	2.75242	95.3122
1458	-0.0042577	4.64836	2.76264	95.3519
1459	-0.00195171	4.64672	2.77028	95.3917
1460	-0.000406091	4.64512	2.76731	95.4315
1461	0.00131741	4.64357	2.76976	95.4713
1462	0.00118505	4.64201	2.77477	95.5112
1463	0.00101281	4.64045	2.77146	95.551
1464	4.34891e-05	4.63887	2.77348	95.5908
1465	-0.00112833	4.63726	2.77536	95.6307
1466	-0.00233002	4.63562	2.77234	95.6705
1467	-0.00412302	4.63394	2.77389	95.7103
1468	-0.00317919	4.63228	2.76891	95.7499
1469	-0.00286811	4.63063	2.7677	95.7895
1470	-0.00211223	4.629	2.76899	95.8292
1471	-0.00120716	4.62739	2.77043	95.8688
1472	-0.00139169	4.62579	2.76299	95.9083
1473	-0.000803078	4.6242	2.75702	95.9475
1474	-0.000191606	4.62263	2.75862	95.9868
1475	-0.000423681	4.62105	2.75708	96.0261
1476	0.000695542	4.61951	2.75235	96.0652
1477	0.00192405	4.61799	2.75514	96.1043
1478	0.00152409	4.61647	2.75945	96.1436
1479	0.00222104	4.61497	2.76386	96.1829
1480	0.00116217	4.61345	2.76831	96.2224
1481	0.000699327	4.61191	2.76829	96.2618
1482	0.00178497	4.6104	2.76818	96.3012
1483	0.000496523	4.60886	2.76317	96.3405
1484	-5.89818e-05	4.60731	2.7607	96.3797
1485	-0.00302255	4.60568	2.76193	96.4189
1486	-0.00590553	4.60398	2.76016	96.4581
1487	-0.0081215	4.60222	2.7616	96.4972
1488	-0.00973218	4.60043	2.7616	96.5364
1489	-0.0107208	4.5986	2.76474	96.5756
1490	-0.0109447	4.59678	2.76479	96.6148
1491	-0.0104917	4.59497	2.763	96.654
1492	-0.0111252	4.59314	2.76466	96.6932
1493	-0.0112999	4.59131	2.76237	96.7323
1494	-0.0107288	4.5895	2.75295	96.7711
1495	-0.0101369	4.58771	2.75358	96.8099
1496	-0.00954997	4.58593	2.74649	96.8486
1497	-0.00887146	4.58417	2.74113	96.8871
1498	-0.00842749	4.58242	2.7409	96.9255
1499	-0.00814147	4.58069	2.74102	96.964
1500	-0.00836538	4.57895	2.73866	97.0024
1501	-0.00802124	4.57722	2.73823	97.0407
1502	-0.00809846	4.57548	2.735	97.079
1503	-0.0101946	4.5737	2.7388	97.1173
1504	-0.011926	4.57188	2.74019	97.1557
1505	-0.0128678	4.57003	2.74135	97.1941
1506	-0.0135293	4.56816	2.74208	97.2324
1507	-0.0121352	4.56634	2.74396	97.2709
1508	-0.0112253	4.56454	2.74308	97.3092
1509	-0.011244	4.56274	2.74187	97.3476
1510	-0.0107961	4.56095	2.74396	97.3859
1511	-0.0100693	4.55918	2.73777	97.4241
1512	-0.009987	4.55742	2.73186	97.4622
1513	-0.0110102	4.55563	2.72815	97.5001
1514	-0.00948474	4.55389	2.7274	97.538
1515	-0.00910886	4.55215	2.72923	97.5759
1516	-0.00645505	4.55049	2.7235	97.6136
1517	-0.00478724	4.54887	2.72511	97.6514
1518	-0.00498183	4.54724	2.72727	97.6893
1519	-0.0045625	4.54563	2.7261	97.727
1520	-0.00322338	4.54405	2.72999	97.7649
1521	-0.00304585	4.54248	2.72694	97.8027
1522	-0.00429108	4.54088	2.72902	97.8405
1523	-0.0041632	4.53929	2.72546	97.8782
1524	-0.00580662	4.53765	2.72498	97.9159
1525	-0.00843642	4.53595	2.72999	97.9537
1526	-0.00915023	4.53423	2.73149	97.9915
1527	-0.00979517	4.5325	2.73129	98.0293
1528	-0.010386	4.53075	2.73118	98.0671
1529	-0.0111326	4.52898	2.73436	98.1049
1530	-0.0110628	4.52722	2.73669	98.1428
1531	-0.0103208	4.52548	2.73455	98.1806
1532	-0.00833314	4.5238	2.73907	98.2186
1533	-0.00693262	4.52214	2.74259	98.2566
1534	-0.00704885	4.52049	2.747	98.2947
1535	-0.00908269	4.51879	2.75298	98.3329
1536	-0.0103109	4.51706	2.75897	98.3713
1537	-0.0109591	4.51531	2.76436	98.4098
1538	-0.0101174	4.51359	2.76764	98.4484
1539	-0.00934144	4.51188	2.76951	98.487
1540	-0.00962694	4.51018	2.76822	98.5255
1541	-0.00997121	4.50846	2.76465	98.564
1542	-0.011807	4.5067	2.76657	98.6025
1543	-0.0140939	4.50488	2.76963	98.641
1544	-0.0152687	4.50304	2.76323	98.6794
1545	-0.0135867	4.50124	2.76687	98.7178
1546	-0.0123628	4.49947	2.774	98.7564
1547	-0.0121925	4.4977	2.77467	98.7951
1548	-0.0131458	4.49592	2.77894	98.8338
1549	-0.0136196	4.49412	2.78411	98.8726
1550	-0.0131145	4.49234	2.7737	98.9111
1551	-0.0113746	4.49061	2.77664	98.9497
1552	-0.00932575	4.48893	2.77773	98.9884
1553	-0.00831393	4.48727	2.77237	99.0268
1554	-0.00689291	4.48565	2.76997	99.0652
1555	-0.0078494	4.48402	2.76121	99.1034
1556	-0.00609061	4.48242	2.75844	99.1415
1557	-0.00548893	4.48084	2.75495	99.1794
1558	-0.00447778	4.4793	2.75466	99.2174
1559	-0.00424241	4.47775	2.7537	99.2553
1560	-0.00363152	4.47623	2.75087	99.2931
1561	-0.00432161	4.47469	2.74848	99.3309
1562	-0.00516969	4.47312	2.75024	99.3687
1563	-0.00515316	4.47156	2.74978	99.4064
1564	-0.00412097	4.47003	2.75297	99.4442
1565	-0.00235874	4.46855	2.75862	99.4822
1566	-0.00124606	4.46709	2.75391	99.52
1567	-0.00132299	4.46563	2.74947	99.5577
1568	-0.00212222	4.46416	2.75075	99.5954
1569	-0.00144354	4.4627	2.74964	99.6331
1570	-0.00163107	4.46124	2.75215	99.6708
1571	-0.000490833	4.45981	2.74417	99.7083
1572	0.000697031	4.45841	2.74505	99.7458
1573	0.00210751	4.45705	2.74949	99.7834
1574	0.00299805	4.45571	2.75301	99.8211
1575	0.00389165	4.45439	2.75783	99.8589
1576	0.00342546	4.45307	2.75618	99.8967
1577	0.00365744	4.45175	2.75513	99.9343
1578	0.00369764	4.45043	2.75254	99.972
1579	0.00527335	4.44916	2.7503	100.01
1580	0.00459545	4.44787	2.74639	100.047
1581	0.00448602	4.44657	2.74954	100.084
1582	0.00646513	4.44533	2.75181	100.122
1583	0.00802858	4.44413	2.7576	100.16
1584	0.0100479	4.44298	2.76582	100.198
1585	0.0105824	4.44185	2.76843	100.235
1586	0.0119422	4.44075	2.77126	100.273
1587	0.0118259	4.43965	2.77101	100.311
1588	0.0128514	4.43857	2.76546	100.349
1589	0.0128067	4.4375	2.76818	100.387
1590	0.0128654	4.43643	2.76873	100.425
1591	0.0148263	4.43541	2.77066	100.463
1592	0.0161608	4.43442	2.77169	100.501
1593	0.017203	4.43346	2.77439	100.539
1594	0.0169066	4.4325	2.77404	100.577
1595	0.0174964	4.43155	2.77231	100.614
1596	0.0172291	4.43059	2.77518	100.652
1597	0.0176712	4.42965	2.77392	100.69
1598	0.0179107	4.42871	2.7615	100.728
1599	0.0193222	4.42781	2.75638	100.765
1600	0.0209282	4.42695	2.75563	100.803
1601	0.0213014	4.4261	2.75586	100.84
1602	0.0202887	4.42523	2.74754	100.877
1603	0.0192753	4.42433	2.74176	100.914
1604	0.0195327	4.42344	2.73917	100.951
1605	0.0192125	4.42254	2.73911	100.988
1606	0.0193808	4.42165	2.7426	101.025
1607	0.0194215	4.42076	2.74761	101.062
1608	0.0174837	4.41982	2.74968	101.099
1609	0.0169997	4.41887	2.75177	101.136
1610	0.0170571	4.41793	2.75647	101.174
1611	0.016991	4.41698	2.75658	101.211
1612	0.0158565	4.41601	2.75923	101.248
1613	0.0149515	4.41501	2.76072	101.286
1614	0.0139976	4.41399	2.75919	101.323
1615	0.0137074	4.41297	2.76388	101.36
1616	0.0134093	4.41194	2.76613	101.398
1617	0.0135327	4.41091	2.77027	101.435
1618	0.01364	4.40989	2.77546	101.473
1619	0.0133545	4.40886	2.77711	101.511
1620	0.0127048	4.40782	2.77586	101.548
1621	0.0115837	4.40675	2.7775	101.586
1622	0.0111079	4.40567	2.77816	101.624
1623	0.00993198	4.40456	2.77913	101.661
1624	0.00910176	4.40343	2.78242	101.699
1625	0.00870613	4.40229	2.7816	101.737
1626	0.00810294	4.40114	2.77298	101.774
1627	0.00771441	4.39998	2.77518	101.812
1628	0.00702722	4.3988	2.77427	101.849
1629	0.00847173	4.39766	2.77646	101.887
1630	0.00818298	4.39652	2.78133	101.924
1631	0.00732696	4.39535	2.78159	101.962
1632	0.00663486	4.39417	2.78492	102
1633	0.00666354	4.39299	2.78543	102.037
1634	0.00611686	4.3918	2.78403	102.075
1635	0.00488296	4.39058	2.78088	102.113
1636	0.00488991	4.38936	2.77181	102.15
1637	0.00569557	4.38816	2.77286	102.187
1638	0.00694117	4.387	2.7744	102.225
1639	0.00626656	4.38581	2.77076	102.262
1640	0.00567004	4.38462	2.76966	102.299
1641	0.00614469	4.38344	2.76898	102.336
1642	0.00532492	4.38223	2.77064	102.373
1643	0.00628594	4.38106	2.77279	102.411
1644	0.00671453	4.37989	2.77321	102.448
1645	0.00639613	4.37872	2.76889	102.485
1646	0.00613056	4.37754	2.77111	102.522
1647	0.00522859	4.37634	2.7709	102.559
1648	0.00477735	4.37513	2.77267	102.596
1649	0.00582141	4.37395	2.77623	102.634
1650	0.00678588	4.37279	2.77227	102.671
1651	0.00755656	4.37166	2.77055	102.708
1652	0.00827024	4.37054	2.76895	102.745
1653	0.0086273	4.36943	2.76929	102.782
1654	0.00851998	4.36832	2.76832	102.819
1655	0.00880953	4.36722	2.76164	102.856
1656	0.00868602	4.36611	2.75462	102.892
1657	0.00852536	4.36501	2.7465	102.929
1658	0.00746211	4.36388	2.74494	102.965
1659	0.0065496	4.36272	2.74438	103.002
1660	0.00636835	4.36157	2.7356	103.038
1661	0.00606663	4.3604	2.72547	103.073
1662	0.00475964	4.35921	2.71873	103.109
1663	0.00430494	4.35801	2.71619	103.145
1664	0.00388407	4.35679	2.71916	103.18
1665	0.00307358	4.35556	2.71892	103.216
1666	0.00347845	4.35434	2.71497	103.252
1667	0.00372896	4.35313	2.71769	103.287
1668	0.00443101	4.35193	2.71903	103.323
1669	0.00549569	4.35076	2.72135	103.358
1670	0.0049716	4.34958	2.72438	103.394
1671	0.00469449	4.3484	2.7234	103.43
1672	0.00435243	4.34721	2.72357	103.466
1673	0.00358929	4.346	2.72675	103.501
1674	0.00349781	4.34478	2.72845	103.537
1675	0.00326444	4.34357	2.73112	103.573
1676	0.00368662	4.34236	2.73536	103.609
1677	0.00284348	4.34114	2.73679	103.645
1678	0.00235061	4.33991	2.72708	103.68
1679	0.00134972	4.33865	2.71812	103.716
1680	0.00265369	4.33742	2.71904	103.751
1681	0.00218012	4.33619	2.72334	103.787
1682	0.00261164	4.33496	2.72741	103.822
1683	0.00352917	4.33376	2.73193	103.858
1684	0.00249265	4.33254	2.73566	103.894
1685	0.00323446	4.33133	2.73651	103.93
1686	0.00403841	4.33015	2.73686	103.966
1687	0.00567263	4.329	2.73887	104.002
1688	0.006238	4.32787	2.73763	104.037
1689	0.00464214	4.32671	2.73926	104.073
1690	0.00487806	4.32555	2.74074	104.109
1691	0.00412039	4.32437	2.7419	104.145
1692	0.0032761	4.32317	2.74258	104.181
1693	0.00179344	4.32194	2.74312	104.217
1694	0.000350133	4.32067	2.74111	104.253
1695	0.000425035	4.31941	2.73738	104.288
1696	0.000481313	4.31815	2.73215	104.324
1697	0.00125424	4.31691	2.72648	104.359
1698	0.00255496	4.3157	2.72653	104.395
1699	0.00222352	4.31449	2.72865	104.43
1700	0.00245367	4.31328	2.72458	104.466
1701	0.00327276	4.31209	2.7259	104.501
1702	0.00262641	4.31089	2.72726	104.536
1703	0.00149806	4.30966	2.73002	104.572
1704	0.000511879	4.30841	2.7342	104.607
1705	8.38952e-07	4.30715	2.73789	104.643
1706	0.00102133	4.30591	2.73654	104.679
1707	0.00128893	4.30468	2.72715	104.714
1708	0.00159473	4.30346	2.72485	104.749
1709	0.00196072	4.30225	2.72665	104.784
1710	0.00220877	4.30105	2.72931	104.82
1711	0.00303247	4.29987	2.73231	104.855
1712	0.00223887	4.29867	2.731	104.891
1713	0.00228501	4.29747	2.72958	104.926
1714	0.00267143	4.29628	2.72937	104.961
1715	0.00265884	4.29509	2.72208	104.996
1716	0.00315538	4.29392	2.7217	105.031
1717	0.00375344	4.29276	2.72497	105.067
1718	0.00223276	4.29157	2.72717	105.102
1719	0.000445897	4.29033	2.72878	105.137
1720	-0.000156921	4.28908	2.72735	105.172
1721	0.00101568	4.28786	2.72701	105.207
1722	0.00237928	4.28667	2.72746	105.243
1723	0.00178411	4.28547	2.72952	105.278
1724	0.00180059	4.28428	2.73165	105.313
1725	0.00177998	4.28308	2.73238	105.348
1726	0.00126591	4.28187	2.73065	105.384
1727	0.00253936	4.28069	2.73025	105.419
1728	0.00457768	4.27957	2.73448	105.454
1729	0.00505688	4.27845	2.73403	105.489
1730	0.00609612	4.27736	2.73749	105.525
1731	0.00704964	4.2763	2.73837	105.56
1732	0.00664237	4.27522	2.73674	105.595
1733	0.00753074	4.27417	2.73778	105.63
1734	0.00862842	4.27315	2.7315	105.666
1735	0.00979155	4.27215	2.72098	105.7
1736	0.00944728	4.27115	2.71375	105.735
1737	0.00993484	4.27016	2.71182	105.77
1738	0.0111679	4.2692	2.70871	105.804
1739	0.0109455	4.26824	2.70757	105.839
1740	0.0108015	4.26727	2.69916	105.873
1741	0.0112357	4.26631	2.69829	105.907
1742	0.0104772	4.26534	2.69751	105.942
1743	0.0114889	4.26439	2.69248	105.976
1744	0.012554	4.26347	2.69279	106.01
1745	0.0143786	4.2626	2.69538	106.044
1746	0.0156622	4.26175	2.69661	106.078
1747	0.0167303	4.26093	2.69059	106.112
1748	0.0168808	4.26012	2.6841	106.146
1749	0.0179351	4.25933	2.68426	106.18
1750	0.0179279	4.25854	2.68221	106.214
1751	0.0173891	4.25775	2.6788	106.247
1752	0.0174383	4.25695	2.68341	106.281
1753	0.0174491	4.25615	2.68236	106.315
1754	0.0172967	4.25535	2.68468	106.349
1755	0.0173612	4.25455	2.6873	106.382
1756	0.0163984	4.25374	2.68687	106.416
1757	0.0159785	4.25291	2.68699	106.45
1758	0.0153141	4.25206	2.68361	106.484
1759	0.0149199	4.25121	2.684	106.517
1760	0.0155242	4.25038	2.68348	106.551
1761	0.0146645	4.24952	2.68485	106.585
1762	0.0129951	4.24862	2.69093	106.619
1763	0.0122248	4.24771	2.68989	106.653
1764	0.0114831	4.24678	2.69219	106.686
1765	0.0114173	4.24585	2.69341	106.72
1766	0.0112099	4.24492	2.6891	106.754
1767	0.0111373	4.24398	2.68494	106.788
1768	0.0116753	4.24306	2.68344	106.821
1769	0.0126972	4.24216	2.6836	106.855
1770	0.0136045	4.24129	2.67976	106.888
1771	0.0137998	4.24042	2.67216	106.922
1772	0.0137127	4.23955	2.67541	106.955
1773	0.012655	4.23866	2.68004	106.989
1774	0.0133471	4.23778	2.68334	107.022
1775	0.0132567	4.2369	2.67554	107.056
1776	0.013922	4.23604	2.67726	107.089
1777	0.0140457	4.23518	2.67785	107.122
1778	0.0134197	4.23431	2.68074	107.156
1779	0.0146854	4.23347	2.68026	107.189
1780	0.0134788	4.2326	2.67104	107.222
1781	0.0123328	4.23171	2.67372	107.256
1782	0.0116638	4.2308	2.67718	107.289
1783	0.00969019	4.22984	2.68197	107.322
1784	0.0080668	4.22885	2.68439	107.356
1785	0.00743799	4.22784	2.68335	107.389
1786	0.0074622	4.22683	2.67244	107.422
1787	0.00763068	4.22583	2.67132	107.456
1788	0.00863558	4.22486	2.66881	107.489
1789	0.00879485	4.22388	2.6652	107.522
1790	0.00726548	4.22288	2.66483	107.555
1791	0.00632918	4.22185	2.66861	107.588
1792	0.00619361	4.22082	2.66612	107.62
1793	0.00545572	4.21977	2.66785	107.653
1794	0.00569476	4.21873	2.66862	107.686
1795	0.00612934	4.2177	2.67123	107.72
1796	0.00684091	4.21669	2.67208	107.753
1797	0.00719364	4.21569	2.67056	107.786
1798	0.00656578	4.21467	2.67355	107.819
1799	0.0061937	4.21365	2.67577	107.852
1800	0.00556376	4.21261	2.67646	107.885
1801	0.00475162	4.21155	2.67626	107.918
1802	0.00397642	4.21048	2.67775	107.951
1803	0.00338857	4.20939	2.67896	107.984
1804	0.00336522	4.20831	2.67905	108.017
1805	0.00230271	4.20719	2.67575	108.05
1806	0.00154846	4.20607	2.67748	108.084
1807	0.00135945	4.20494	2.67865	108.117
1808	0.00253055	4.20383	2.68015	108.15
1809	0.0042209	4.20277	2.67723	108.183
1810	0.00585903	4.20175	2.68116	108.216
1811	0.00752656	4.20077	2.68699	108.249
1812	0.00790574	4.1998	2.69049	108.283
1813	0.00847088	4.19884	2.68651	108.316
1814	0.00827979	4.19788	2.68899	108.349
1815	0.00800068	4.19691	2.68772	108.382
1816	0.00698558	4.19592	2.68508	108.415
1817	0.00626392	4.19491	2.68465	108.449
1818	0.00528498	4.19388	2.68667	108.482
1819	0.00394998	4.19282	2.68657	108.515
1820	0.00270341	4.19174	2.68523	108.548
1821	0.00214642	4.19064	2.68863	108.581
1822	0.00294953	4.18956	2.6909	108.614
1823	0.00286245	4.18848	2.68961	108.648
1824	0.0045609	4.18744	2.69383	108.681
1825	0.00478847	4.1864	2.69343	108.714
1826	0.00592091	4.18539	2.69638	108.748
1827	0.00603893	4.18439	2.69428	108.781
1828	0.00748843	4.18342	2.69022	108.814
1829	0.00662142	4.18243	2.6837	108.847
1830	0.00696582	4.18146	2.68176	108.88
1831	0.00618139	4.18046	2.67604	108.913
1832	0.00574472	4.17945	2.6767	108.946
1833	0.00504513	4.17843	2.67671	108.978
1834	0.00434725	4.1774	2.67971	109.011
1835	0.0027726	4.17632	2.6846	109.044
1836	0.00200125	4.17523	2.68618	109.077
1837	0.000304235	4.17411	2.68736	109.11
1838	-0.000752649	4.17295	2.68673	109.143
1839	-0.00227822	4.17177	2.68497	109.176
1840	-0.00292666	4.17057	2.67736	109.209
1841	-0.00299191	4.16937	2.67764	109.242
1842	-0.00283	4.16817	2.67652	109.274
1843	-0.00457749	4.16693	2.6776	109.307
1844	-0.00531633	4.16568	2.68001	109.34
1845	-0.00524737	4.16443	2.68206	109.373
1846	-0.00610152	4.16316	2.68485	109.405
1847	-0.00698723	4.16187	2.68537	109.438
1848	-0.00774949	4.16057	2.68071	109.471
1849	-0.00790177	4.15926	2.68043	109.504
1850	-0.00795856	4.15795	2.67663	109.536
1851	-0.00892919	4.15662	2.67038	109.569
1852	-0.00932362	4.15528	2.67111	109.601
1853	-0.0103237	4.15392	2.67231	109.634
1854	-0.00985103	4.15258	2.67193	109.666
1855	-0.0094555	4.15124	2.66792	109.699
1856	-0.00857443	4.14992	2.66628	109.731
1857	-0.00823554	4.14862	2.66979	109.763
1858	-0.00794269	4.14732	2.67241	109.796
1859	-0.00831343	4.14601	2.67142	109.828
1860	-0.008195	4.14471	2.67301	109.861
1861	-0.008182	4.1434	2.67493	109.893
1862	-0.00875322	4.14209	2.67544	109.926
1863	-0.00841263	4.14078	2.67093	109.958
1864	-0.00713273	4.13951	2.6717	109.99
1865	-0.00567845	4.13827	2.6732	110.023
1866	-0.00483068	4.13705	2.67484	110.055
1867	-0.00417736	4.13585	2.67381	110.088
1868	-0.00456441	4.13463	2.67642	110.12
1869	-0.00585485	4.13339	2.67926	110.153
1870	-0.00581065	4.13216	2.68193	110.185
1871	-0.00579033	4.13092	2.68047	110.218
1872	-0.00521	4.1297	2.68279	110.25
1873	-0.00439559	4.12849	2.68631	110.283
1874	-0.00392609	4.1273	2.68971	110.316
1875	-0.00373863	4.12612	2.69256	110.348
1876	-0.00438809	4.12492	2.6925	110.381
1877	-0.0058102	4.12368	2.69625	110.414
1878	-0.00613088	4.12245	2.69734	110.447
1879	-0.00686479	4.12119	2.7013	110.48
1880	-0.00757456	4.11992	2.69706	110.513
1881	-0.00704211	4.11867	2.69355	110.545
1882	-0.00635177	4.11743	2.68381	110.578
1883	-0.00683799	4.11618	2.67983	110.61
1884	-0.00670665	4.11493	2.67321	110.642
1885	-0.00734771	4.11367	2.66929	110.675
1886	-0.00719311	4.11242	2.67042	110.707
1887	-0.00893696	4.11112	2.66927	110.739
1888	-0.0119124	4.10976	2.67625	110.771
1889	-0.0143938	4.10834	2.68184	110.803
1890	-0.0151642	4.10691	2.67982	110.836
1891	-0.0143172	4.10549	2.68024	110.868
1892	-0.0130822	4.10411	2.68158	110.9
1893	-0.0115426	4.10276	2.68571	110.933
1894	-0.00971244	4.10146	2.68799	110.965
1895	-0.0091038	4.10016	2.69051	110.998
1896	-0.00729068	4.09892	2.69621	111.03
1897	-0.00717771	4.09767	2.6989	111.063
1898	-0.00710057	4.09643	2.70185	111.096
1899	-0.00856563	4.09516	2.70604	111.129
1900	-0.010065	4.09385	2.70603	111.162
1901	-0.0111145	4.09252	2.70705	111.194
1902	-0.0113919	4.09118	2.70785	111.227
1903	-0.0115921	4.08984	2.70923	111.26
1904	-0.0112166	4.08851	2.70876	111.293
1905	-0.0123259	4.08716	2.71147	111.326
1906	-0.0119931	4.08581	2.71403	111.359
1907	-0.011812	4.08447	2.71415	111.392
1908	-0.0117283	4.08314	2.70938	111.425
1909	-0.0125134	4.08178	2.71135	111.458
1910	-0.0134613	4.08041	2.71519	111.49
1911	-0.0136866	4.07903	2.71926	111.523
1912	-0.0137451	4.07765	2.71908	111.556
1913	-0.0113875	4.07632	2.719	111.59
1914	-0.0093393	4.07504	2.7235	111.623
1915	-0.00826749	4.07379	2.72511	111.656
1916	-0.00759112	4.07256	2.71817	111.689
1917	-0.00853888	4.0713	2.72027	111.722
1918	-0.00838971	4.07005	2.72345	111.755
1919	-0.00850772	4.0688	2.72596	111.788
1920	-0.00800321	4.06755	2.72846	111.821
1921	-0.00734385	4.06633	2.73075	111.854
1922	-0.00770204	4.0651	2.733	111.887
1923	-0.00721802	4.06388	2.73775	111.921
1924	-0.00659641	4.06267	2.74318	111.954
1925	-0.00515428	4.0615	2.74845	111.988
1926	-0.00374115	4.06036	2.75233	112.021
1927	-0.00267846	4.05925	2.75642	112.055
1928	-0.00225225	4.05814	2.75815	112.089
1929	-0.00307702	4.05702	2.75891	112.123
1930	-0.00340238	4.05589	2.75785	112.156
1931	-0.00367987	4.05476	2.75175	112.19
1932	-0.00255226	4.05366	2.74966	112.223
1933	-0.00299034	4.05254	2.74505	112.257
1934	-0.00340185	4.05142	2.74559	112.29
1935	-0.00299648	4.0503	2.74547	112.324
1936	-0.00267098	4.0492	2.74161	112.357
1937	-0.00236213	4.0481	2.73848	112.39
1938	-0.00302911	4.04699	2.74095	112.423
1939	-0.00315295	4.04587	2.74277	112.457
1940	-0.00489797	4.04472	2.74821	112.49
1941	-0.00628193	4.04354	2.75339	112.524
1942	-0.00702026	4.04234	2.75555	112.557
1943	-0.00724696	4.04113	2.75806	112.591
1944	-0.00709219	4.03993	2.75699	112.624
1945	-0.00778489	4.03872	2.75532	112.658
1946	-0.00886888	4.03748	2.7573	112.691
1947	-0.00821028	4.03626	2.75917	112.725
1948	-0.00880007	4.03503	2.75815	112.759
1949	-0.00956029	4.03377	2.75786	112.792
1950	-0.00950333	4.03253	2.75643	112.826
1951	-0.00962659	4.03128	2.75697	112.859
1952	-0.0103192	4.03001	2.75774	112.893
1953	-0.0105407	4.02874	2.75428	112.926
1954	-0.0111324	4.02746	2.75559	112.959
1955	-0.0110228	4.02618	2.75645	112.993
1956	-0.0110595	4.0249	2.75698	113.026
1957	-0.0122529	4.0236	2.76078	113.06
1958	-0.0139427	4.02226	2.76502	113.093
1959	-0.0148389	4.0209	2.76732	113.127
1960	-0.0155759	4.01952	2.76819	113.161
1961	-0.0160532	4.01813	2.76648	113.194
1962	-0.0158033	4.01675	2.76483	113.228
1963	-0.015986	4.01537	2.76521	113.261
1964	-0.0155779	4.014	2.76155	113.295
1965	-0.015049	4.01264	2.7576	113.328
1966	-0.0150855	4.01128	2.75773	113.362
1967	-0.0145501	4.00993	2.75757	113.395
1968	-0.0148471	4.00858	2.75686	113.428
1969	-0.0151043	4.00722	2.75615	113.462
1970	-0.0157322	4.00585	2.75623	113.495
1971	-0.0160364	4.00448	2.75798	113.528
1972	-0.0157524	4.00311	2.75772	113.562
1973	-0.0150849	4.00175	2.7561	113.595
1974	-0.015154	4.0004	2.75204	113.628
1975	-0.0152632	3.99905	2.75191	113.661
1976	-0.0145253	3.99771	2.75164	113.694
1977	-0.0146005	3.99637	2.75107	113.727
1978	-0.0141449	3.99504	2.74174	113.76
