#	<x>	stDevX	<E>	stDevE
0	2.39677	0	2.37979	0
1	2.37534	2.38605	2.3335	2.35665
2	2.50343	3.42972	3.51023	3.87661
3	2.55321	4.25597	4.44236	5.48449
4	2.42344	4.90087	5.09896	7.10594
5	2.01292	5.31629	5.03935	8.49862
6	1.80177	5.62224	4.80456	9.66105
7	1.34171	5.75735	5.09309	10.8151
8	0.874036	5.74567	5.39534	11.9728
9	0.4354	5.61541	5.68461	13.1345
10	0.367506	5.4867	4.46555	13.8701
11	0.424327	5.39224	4.08178	14.463
12	0.368433	5.29695	3.6708	14.9223
13	0.31925	5.20166	3.34288	15.2831
14	0.262604	5.10366	3.22132	15.6062
15	0.124582	4.98277	3.37165	15.9605
16	0.11019	4.86939	3.16776	16.2597
17	0.200048	4.78623	2.58374	16.4208
18	0.160896	4.70171	2.57923	16.5835
19	0.143541	4.6203	2.39167	16.7073
20	0.201366	4.55748	2.22954	16.7998
21	0.160722	4.49123	2.34642	16.921
22	0.08875	4.41516	2.11856	16.9982
23	0.102165	4.3467	2.02456	17.0606
24	0.153923	4.29275	1.63626	17.0511
25	0.220648	4.25519	1.56743	17.0348
26	0.210451	4.21848	1.52099	17.016
27	0.208231	4.18395	1.13467	16.9314
28	0.222317	4.15437	0.983814	16.8271
29	0.139805	4.11207	0.811794	16.6998
30	0.0858597	4.06262	0.68255	16.558
31	0.110962	4.02003	0.845686	16.4528
32	0.133905	3.98354	0.99209	16.3796
33	0.155645	3.95262	0.984845	16.3107
34	0.126323	3.91848	0.998409	16.2493
35	0.120189	3.885	1.01316	16.1951
36	0.0865928	3.84766	0.974316	16.1389
37	0.0743466	3.80999	0.99565	16.0903
38	0.0724705	3.77358	1.07537	16.0582
39	0.088405	3.74114	1.1046	16.0339
40	0.0864803	3.70973	1.1372	16.0175
41	0.0832184	3.67908	1.1606	16.0073
42	0.113352	3.65416	1.26282	16.0149
43	0.176129	3.63962	1.47652	16.0562
44	0.193794	3.62845	1.5361	16.1073
45	0.140271	3.61014	1.5695	16.1641
46	0.0753346	3.58324	1.63519	16.231
47	0.0230204	3.54981	1.6236	16.2965
48	0.00496027	3.51487	1.56213	16.3537
49	-0.0130229	3.47844	1.56576	16.412
50	-0.0407178	3.43921	1.6632	16.4841
51	-0.0374496	3.4015	1.6162	16.5499
52	-0.0550621	3.36238	1.63752	16.6189
53	-0.0453345	3.32559	1.6433	16.6888
54	-0.0533361	3.28866	1.53376	16.7441
55	-0.0246666	3.25643	1.51224	16.797
56	0.00490601	3.2289	1.50474	16.8492
57	-0.0129908	3.19974	1.50216	16.9014
58	-0.00900859	3.17182	1.45498	16.9479
59	-0.022325	3.14287	1.45258	16.9944
60	-0.0304975	3.11356	1.48519	17.0455
61	-0.059485	3.08127	1.48786	17.0971
62	-0.0666873	3.04879	1.48108	17.1482
63	-0.091659	3.01389	1.49808	17.2017
64	-0.0982869	2.97888	1.51282	17.2571
65	-0.113185	2.94275	1.55089	17.3174
66	-0.0938195	2.90967	1.57671	17.3808
67	-0.0993448	2.87656	1.49121	17.4339
68	-0.0685759	2.84775	1.40101	17.4765
69	-0.0562234	2.82096	1.30539	17.5079
70	-0.0766587	2.79228	1.18608	17.5257
71	-0.0913735	2.7624	1.10226	17.5343
72	-0.0956448	2.73256	1.10722	17.5442
73	-0.0919289	2.70368	1.16151	17.561
74	-0.0864867	2.67592	1.19644	17.5823
75	-0.091363	2.64808	1.13783	17.5975
76	-0.0714213	2.62297	1.11849	17.611
77	-0.0755054	2.59783	0.990504	17.6106
78	-0.0717097	2.57353	0.923189	17.6035
79	-0.0608072	2.55084	0.840578	17.5879
80	-0.0612536	2.52848	0.837944	17.5729
81	-0.0382558	2.50901	0.827284	17.5575
82	-0.0034152	2.49366	0.912429	17.5523
83	-0.0053789	2.47837	0.944699	17.5512
84	0.00519664	2.46448	0.940956	17.5504
85	0.0241526	2.45287	0.935973	17.5496
86	0.0226633	2.44131	0.9438	17.5502
87	0.0303688	2.43078	0.978433	17.5551
88	0.0388286	2.42134	0.996326	17.5623
89	0.0615458	2.41445	1.01106	17.5715
90	0.0843165	2.41009	1.0546	17.5858
91	0.0857322	2.40599	1.08125	17.6031
92	0.0763979	2.40104	1.11129	17.6238
93	0.0466032	2.39315	1.15604	17.6495
94	0.0509685	2.38586	1.1853	17.6783
95	0.0471577	2.37832	1.193	17.7081
96	0.0711002	2.37334	1.19995	17.7387
97	0.111966	2.37258	1.33637	17.7832
98	0.122188	2.3729	1.34087	17.8282
99	0.136597	2.37472	1.36409	17.8754
100	0.126295	2.37556	1.31888	17.9182
101	0.0745341	2.37134	1.4526	17.9742
102	0.0359427	2.36344	1.49189	18.0338
103	0.00648306	2.3528	1.47751	18.092
104	0.0181753	2.34344	1.39254	18.1417
105	0.0269907	2.33507	1.38066	18.1902
106	0.0350588	2.32761	1.3852	18.2391
107	0.0211366	2.31894	1.39932	18.2893
108	0.018416	2.31013	1.36501	18.3361
109	0.0250963	2.30208	1.3325	18.3798
110	0.0448266	2.29602	1.33887	18.4241
111	0.047611	2.29032	1.27354	18.4622
112	0.0534531	2.28526	1.28537	18.5014
113	0.0785223	2.28263	1.33988	18.5458
114	0.100622	2.28211	1.37947	18.5937
115	0.105123	2.28206	1.39159	18.6428
116	0.111109	2.2826	1.41601	18.694
117	0.112419	2.28329	1.42827	18.7462
118	0.100665	2.28295	1.41537	18.7971
119	0.0997559	2.28256	1.35125	18.8421
120	0.0986399	2.28212	1.32961	18.8851
121	0.10386	2.28219	1.23742	18.9198
122	0.113447	2.28316	1.24774	18.9554
123	0.128908	2.28554	1.2326	18.9897
124	0.130492	2.28808	1.14901	19.0166
125	0.131373	2.29071	1.16685	19.0451
126	0.112336	2.29167	1.17009	19.074
127	0.111822	2.29262	1.17384	19.1033
128	0.113968	2.29378	1.19885	19.1348
129	0.119707	2.29547	1.23637	19.1696
130	0.120225	2.29722	1.27113	19.2075
131	0.137491	2.30049	1.3308	19.2506
132	0.138013	2.30382	1.32441	19.293
133	0.135941	2.30697	1.34045	19.3368
134	0.147005	2.31108	1.36884	19.383
135	0.166557	2.31686	1.3912	19.431
136	0.171119	2.32302	1.35844	19.4761
137	0.196717	2.33133	1.34705	19.5202
138	0.202834	2.34013	1.29553	19.5598
139	0.206169	2.34918	1.29844	19.5997
140	0.195003	2.35726	1.32598	19.6418
141	0.188985	2.36481	1.37092	19.6877
142	0.182111	2.37176	1.39032	19.7351
143	0.185166	2.37894	1.4108	19.7841
144	0.185991	2.38618	1.42716	19.8343
145	0.185473	2.39334	1.45014	19.8863
146	0.173402	2.3995	1.47669	19.9404
147	0.181173	2.40628	1.49025	19.9955
148	0.172861	2.41236	1.48699	20.0501
149	0.165116	2.41779	1.49907	20.1056
150	0.153653	2.42229	1.53547	20.1639
151	0.146968	2.42624	1.51163	20.2201
152	0.152354	2.43063	1.53545	20.2781
153	0.154566	2.43519	1.54711	20.3369
154	0.158817	2.44009	1.56162	20.3966
155	0.164513	2.44544	1.56958	20.4568
156	0.162771	2.45063	1.56772	20.5167
157	0.155765	2.45527	1.58454	20.5778
158	0.154851	2.45983	1.59056	20.6391
159	0.154716	2.46437	1.61011	20.7018
160	0.163161	2.46957	1.63145	20.766
161	0.163361	2.47478	1.65053	20.8315
162	0.174699	2.48087	1.66455	20.8978
163	0.178152	2.48721	1.67473	20.9648
164	0.173679	2.49318	1.68085	21.032
165	0.168599	2.49875	1.65245	21.0968
166	0.167252	2.50421	1.64464	21.1608
167	0.176327	2.51035	1.64487	21.2247
168	0.184524	2.51711	1.61977	21.2864
169	0.182098	2.52367	1.58028	21.3449
170	0.178893	2.52996	1.57339	21.4027
171	0.196918	2.53761	1.59805	21.4623
172	0.211468	2.54634	1.61057	21.5226
173	0.208448	2.55481	1.62921	21.5842
174	0.20158	2.56274	1.636	21.6461
175	0.200205	2.57054	1.63219	21.7076
176	0.202196	2.57846	1.62503	21.7683
177	0.209862	2.58694	1.61615	21.8282
178	0.221868	2.59628	1.63349	21.8893
179	0.215057	2.60508	1.64616	21.9511
180	0.211964	2.61362	1.64811	22.0128
181	0.212323	2.62217	1.65592	22.075
182	0.209809	2.6305	1.65094	22.1367
183	0.206186	2.63854	1.66569	22.1992
184	0.19662	2.64586	1.6564	22.2609
185	0.187006	2.65245	1.62706	22.3203
186	0.181738	2.65864	1.58082	22.3762
187	0.175634	2.66437	1.58489	22.4322
188	0.166581	2.66944	1.57427	22.4873
189	0.17339	2.67499	1.583	22.5429
190	0.184951	2.68136	1.61362	22.6005
191	0.178671	2.68726	1.62982	22.6592
192	0.180142	2.69326	1.64292	22.7187
193	0.171205	2.69861	1.65508	22.7789
194	0.167075	2.70365	1.63681	22.8376
195	0.155591	2.70786	1.65955	22.8978
196	0.142317	2.71113	1.69076	22.9601
197	0.130504	2.71356	1.69355	23.0224
198	0.136163	2.7164	1.68995	23.0843
199	0.134172	2.7191	1.68022	23.1453
200	0.132519	2.72168	1.65084	23.2041
201	0.125575	2.72379	1.6609	23.2634
202	0.125939	2.72592	1.67657	23.3237
203	0.118573	2.72754	1.69664	23.3853
204	0.110848	2.72864	1.70492	23.4472
205	0.115626	2.73008	1.64701	23.505
206	0.114802	2.73147	1.60784	23.5599
207	0.118831	2.73314	1.53595	23.6097
208	0.121297	2.735	1.49551	23.6567
209	0.124891	2.73711	1.49834	23.7037
210	0.125524	2.73927	1.49945	23.7507
211	0.120054	2.74105	1.52169	23.7991
212	0.11467	2.74248	1.51727	23.8472
213	0.1034	2.74315	1.52531	23.8957
214	0.0924416	2.74308	1.54006	23.9451
215	0.0889861	2.74279	1.54678	23.9949
216	0.0805593	2.74195	1.5636	24.0457
217	0.0853104	2.74145	1.5612	24.0962
218	0.0839303	2.74087	1.53163	24.1447
219	0.0824513	2.74021	1.53531	24.1932
220	0.0924173	2.74023	1.55974	24.2434
221	0.10416	2.74106	1.58397	24.295
222	0.116542	2.74272	1.60925	24.3483
223	0.123334	2.74484	1.61566	24.4018
224	0.118594	2.74665	1.63834	24.4567
225	0.120717	2.74861	1.63063	24.511
226	0.120802	2.75057	1.63805	24.5657
227	0.123747	2.75274	1.64156	24.6205
228	0.118697	2.75457	1.65143	24.6758
229	0.112143	2.75598	1.64906	24.7308
230	0.114239	2.75754	1.66366	24.7867
231	0.113587	2.75906	1.67156	24.843
232	0.11423	2.76062	1.67345	24.8992
233	0.118874	2.7625	1.68135	24.9559
234	0.121696	2.76456	1.68156	25.0124
235	0.111823	2.76598	1.70109	25.0701
236	0.108007	2.76717	1.71251	25.1284
237	0.104358	2.76812	1.70908	25.1863
238	0.113642	2.76969	1.66826	25.2415
239	0.12431	2.77194	1.65641	25.2957
240	0.131075	2.77464	1.66404	25.3504
241	0.131541	2.77736	1.65944	25.4046
242	0.13544	2.78033	1.64317	25.4577
243	0.134733	2.78326	1.63401	25.5101
244	0.122875	2.78543	1.64854	25.5633
245	0.118379	2.78732	1.66151	25.6172
246	0.127535	2.78979	1.68324	25.6724
247	0.130428	2.79245	1.69924	25.7285
248	0.135195	2.79541	1.70682	25.7849
249	0.129045	2.79798	1.70317	25.841
250	0.130289	2.80063	1.66013	25.8943
251	0.129688	2.80325	1.6613	25.9475
252	0.129149	2.80583	1.64191	25.9994
253	0.123315	2.80804	1.66918	26.0529
254	0.121694	2.81016	1.68643	26.1074
255	0.127226	2.81262	1.69591	26.1623
256	0.130121	2.81527	1.71078	26.2181
257	0.135171	2.81823	1.72699	26.2747
258	0.130967	2.82092	1.71019	26.3302
259	0.132084	2.82369	1.70677	26.3853
260	0.136983	2.82676	1.70474	26.4403
261	0.148135	2.83051	1.74043	26.4973
262	0.147213	2.83421	1.73891	26.5541
263	0.149438	2.83804	1.72689	26.61
264	0.151689	2.842	1.73174	26.6661
265	0.150265	2.84587	1.74314	26.7228
266	0.156369	2.8501	1.76594	26.7808
267	0.157899	2.85443	1.77626	26.8393
268	0.160926	2.85893	1.78775	26.8983
269	0.162001	2.86349	1.79911	26.9579
270	0.16844	2.86844	1.80652	27.0179
271	0.174057	2.87371	1.7962	27.077
272	0.174734	2.87902	1.7688	27.1344
273	0.180481	2.88466	1.74992	27.1906
274	0.182957	2.89045	1.73262	27.2456
275	0.175691	2.89578	1.73455	27.3006
276	0.164939	2.90046	1.76104	27.357
277	0.155381	2.90456	1.76345	27.4136
278	0.148465	2.90824	1.76198	27.4699
279	0.146071	2.91178	1.76382	27.5262
280	0.150161	2.91555	1.77864	27.5832
281	0.149969	2.91931	1.76769	27.6395
282	0.142796	2.92264	1.78394	27.6967
283	0.138369	2.9257	1.77775	27.7533
284	0.131046	2.92833	1.76699	27.8093
285	0.122366	2.93045	1.78103	27.8659
286	0.116251	2.93221	1.77106	27.9219
287	0.116257	2.93397	1.78022	27.9782
288	0.112932	2.93554	1.79072	28.0351
289	0.108846	2.93687	1.79194	28.0919
290	0.107068	2.9381	1.7955	28.1489
291	0.110919	2.93957	1.81022	28.2065
292	0.103994	2.94063	1.80813	28.264
293	0.102678	2.94162	1.80695	28.3212
294	0.104713	2.94273	1.78028	28.3768
295	0.104265	2.94382	1.76088	28.4312
296	0.108296	2.94515	1.74503	28.4845
297	0.102999	2.94618	1.74857	28.538
298	0.102284	2.94717	1.75619	28.5918
299	0.107023	2.94844	1.77388	28.6465
300	0.102609	2.94946	1.76309	28.7005
301	0.0944159	2.95001	1.76695	28.7546
302	0.092698	2.95047	1.77471	28.809
303	0.0947896	2.95106	1.78051	28.8637
304	0.0996438	2.95193	1.76418	28.9174
305	0.107059	2.95323	1.76992	28.9713
306	0.106329	2.95449	1.75622	29.0243
307	0.104846	2.95567	1.76356	29.0776
308	0.107822	2.95702	1.77176	29.1313
309	0.105452	2.95824	1.78585	29.1857
310	0.0992879	2.95912	1.79067	29.2402
311	0.0958804	2.95981	1.78776	29.2945
312	0.0940651	2.9604	1.78244	29.3485
313	0.10296	2.9615	1.77295	29.4017
314	0.113017	2.96317	1.78271	29.4555
315	0.120092	2.96524	1.76431	29.508
316	0.126561	2.96767	1.75807	29.5602
317	0.131607	2.97038	1.74859	29.6117
318	0.135787	2.97333	1.7499	29.6633
319	0.13164	2.97604	1.75678	29.7151
320	0.125522	2.97841	1.76237	29.7671
321	0.123216	2.98065	1.75274	29.8185
322	0.124045	2.98294	1.74863	29.8696
323	0.121949	2.98511	1.76204	29.9214
324	0.121214	2.98724	1.76742	29.9733
325	0.12085	2.98935	1.78146	30.026
326	0.121667	2.99151	1.77268	30.078
327	0.121503	2.99366	1.78686	30.1308
328	0.118038	2.99562	1.79407	30.1839
329	0.123786	2.99789	1.79936	30.2372
330	0.132264	3.00064	1.78058	30.2893
331	0.131365	3.00333	1.78669	30.3417
332	0.133244	3.00612	1.7764	30.3935
333	0.132242	3.00885	1.77198	30.4449
334	0.135871	3.01178	1.78011	30.4966
335	0.138106	3.01483	1.76354	30.5474
336	0.13314	3.01761	1.75442	30.5976
337	0.135312	3.02051	1.75163	30.6476
338	0.136603	3.02347	1.75105	30.6975
339	0.14229	3.02674	1.74376	30.7469
340	0.142818	3.03004	1.72971	30.7954
341	0.136	3.03296	1.74253	30.8446
342	0.132794	3.03571	1.73891	30.8935
343	0.131966	3.03841	1.7198	30.9412
344	0.12545	3.04076	1.72276	30.9891
345	0.12438	3.04305	1.73337	31.0375
346	0.12497	3.04538	1.74305	31.0863
347	0.124036	3.04765	1.74383	31.1351
348	0.12784	3.05013	1.74742	31.184
349	0.126013	3.0525	1.71963	31.2313
350	0.124919	3.05482	1.69163	31.2771
351	0.12428	3.05711	1.70583	31.3235
352	0.121548	3.05925	1.7195	31.3706
353	0.12434	3.06153	1.71184	31.4173
354	0.122463	3.06372	1.71653	31.4641
355	0.119274	3.06574	1.72929	31.5115
356	0.125568	3.06809	1.7417	31.5595
357	0.130588	3.07071	1.75629	31.6083
358	0.131422	3.07337	1.76765	31.6575
359	0.13447	3.07618	1.76301	31.7064
360	0.138417	3.07921	1.77088	31.7557
361	0.145146	3.08258	1.78538	31.8056
362	0.151095	3.08626	1.78541	31.8555
363	0.151555	3.08997	1.78987	31.9055
364	0.145348	3.09334	1.77263	31.9545
365	0.138402	3.09635	1.76316	32.003
366	0.13421	3.09913	1.76625	32.0515
367	0.128879	3.10164	1.75793	32.0996
368	0.130597	3.10424	1.76042	32.1477
369	0.126104	3.1066	1.77258	32.1964
370	0.12435	3.10887	1.77526	32.2451
371	0.124837	3.11116	1.78132	32.2941
372	0.125144	3.11347	1.7695	32.3424
373	0.12583	3.11581	1.77406	32.3909
374	0.128332	3.11828	1.77436	32.4393
375	0.131059	3.1209	1.78413	32.4881
376	0.13045	3.12347	1.79118	32.5372
377	0.132754	3.12617	1.77579	32.5855
378	0.13774	3.12912	1.78078	32.6339
379	0.143333	3.13235	1.79202	32.6829
380	0.14474	3.13566	1.78939	32.7316
381	0.147273	3.13909	1.77669	32.7797
382	0.147004	3.1425	1.77309	32.8274
383	0.147766	3.14594	1.78593	32.8758
384	0.14462	3.14923	1.79806	32.9247
385	0.145633	3.15256	1.80815	32.9741
386	0.148975	3.15606	1.81609	33.0237
387	0.149516	3.15958	1.80592	33.0728
388	0.149518	3.1631	1.81043	33.1221
389	0.146942	3.16648	1.80656	33.171
390	0.145562	3.16979	1.8014	33.2197
391	0.144381	3.17304	1.80129	33.2683
392	0.137627	3.17594	1.79845	33.3166
393	0.134654	3.1787	1.77144	33.3636
394	0.135799	3.1815	1.77466	33.4106
395	0.138135	3.18443	1.78056	33.4578
396	0.135636	3.18722	1.79002	33.5055
397	0.135928	3.19003	1.80521	33.5539
398	0.135616	3.19282	1.82005	33.6029
399	0.132813	3.19547	1.82886	33.6523
400	0.133534	3.19815	1.83385	33.7019
401	0.138189	3.20107	1.84554	33.752
402	0.142581	3.2042	1.85608	33.8025
403	0.148933	3.20764	1.84807	33.8526
404	0.14545	3.21091	1.83342	33.9019
405	0.147337	3.21426	1.82996	33.9509
406	0.146713	3.21758	1.83454	34.0001
407	0.14538	3.22084	1.82231	34.0486
408	0.142627	3.22395	1.81702	34.0968
409	0.145054	3.22718	1.83165	34.1457
410	0.145448	3.23043	1.83824	34.1948
411	0.148535	3.23382	1.85041	34.2444
412	0.145388	3.23706	1.85749	34.2943
413	0.13855	3.23996	1.87647	34.3451
414	0.134601	3.24266	1.86864	34.3954
415	0.12993	3.24513	1.86579	34.4455
416	0.128936	3.24756	1.84993	34.4947
417	0.12727	3.2499	1.85613	34.5442
418	0.123002	3.25203	1.85313	34.5935
419	0.121633	3.25409	1.82529	34.6413
420	0.122185	3.25618	1.79092	34.6875
421	0.1189	3.25811	1.7968	34.7338
422	0.118988	3.26005	1.80064	34.7803
423	0.117437	3.2619	1.81043	34.8271
424	0.112968	3.26355	1.82453	34.8746
425	0.11122	3.26511	1.83185	34.9224
426	0.105502	3.26639	1.83018	34.9701
427	0.102715	3.26754	1.83518	35.0179
428	0.103435	3.26872	1.84874	35.0663
429	0.101991	3.26984	1.85279	35.1148
430	0.101746	3.27095	1.84275	35.1628
431	0.104584	3.2722	1.84598	35.2109
432	0.106892	3.27356	1.8526	35.2593
433	0.105894	3.27487	1.8593	35.3079
434	0.104237	3.2761	1.84327	35.3556
435	0.0989111	3.27709	1.83695	35.403
436	0.094671	3.27787	1.84083	35.4505
437	0.0921047	3.27853	1.83425	35.4977
438	0.0854827	3.27887	1.84816	35.5454
439	0.0854765	3.27922	1.84045	35.5927
440	0.0858371	3.2796	1.82872	35.6394
441	0.0848655	3.27992	1.80058	35.6847
442	0.0853821	3.28028	1.77405	35.7287
443	0.085982	3.28067	1.7615	35.7721
444	0.0843062	3.28098	1.7479	35.8147
445	0.0766779	3.28094	1.75967	35.8579
446	0.0697651	3.28057	1.76587	35.9012
447	0.062981	3.27988	1.78732	35.9456
448	0.057503	3.27895	1.79502	35.9902
449	0.0584387	3.27806	1.78695	36.0345
450	0.0577004	3.27715	1.77704	36.0782
451	0.0541953	3.27608	1.77222	36.1216
452	0.0516543	3.27489	1.77868	36.1653
453	0.0518851	3.27372	1.78751	36.2093
454	0.0541314	3.27267	1.78178	36.253
455	0.0524176	3.27154	1.76992	36.2961
456	0.0548656	3.27053	1.76571	36.339
457	0.0577079	3.26965	1.76329	36.3817
458	0.058877	3.26884	1.74764	36.4236
459	0.0583313	3.26801	1.74852	36.4655
460	0.0520196	3.2669	1.75833	36.5078
461	0.050399	3.26571	1.74012	36.5493
462	0.0523163	3.26462	1.725	36.5899
463	0.051661	3.2635	1.72159	36.6304
464	0.048968	3.26226	1.72316	36.6709
465	0.0437494	3.26079	1.73639	36.712
466	0.0462611	3.25945	1.74326	36.7533
467	0.0458517	3.25809	1.7471	36.7948
468	0.0449718	3.25669	1.75636	36.8366
469	0.0462732	3.25537	1.76911	36.879
470	0.0442742	3.25395	1.76746	36.9213
471	0.0427938	3.25248	1.76934	36.9636
472	0.0403002	3.2509	1.77216	37.006
473	0.0378972	3.24921	1.76608	37.048
474	0.0392371	3.2476	1.76049	37.0898
475	0.0376179	3.24591	1.7563	37.1313
476	0.0388582	3.24429	1.76424	37.1731
477	0.039309	3.2427	1.76549	37.215
478	0.0432587	3.2413	1.77419	37.2572
479	0.0407337	3.23978	1.76029	37.2987
480	0.0384861	3.23817	1.76045	37.3402
481	0.0350664	3.23642	1.76151	37.3816
482	0.0341646	3.23462	1.74656	37.4224
483	0.0359766	3.23292	1.73933	37.4628
484	0.0359171	3.23122	1.73577	37.503
485	0.0374399	3.2296	1.74386	37.5434
486	0.0372771	3.22798	1.75005	37.5842
487	0.0378886	3.22639	1.7445	37.6246
488	0.0392858	3.22487	1.73922	37.6648
489	0.0402951	3.2234	1.72384	37.7042
490	0.0422	3.22203	1.71847	37.7433
491	0.0416725	3.22063	1.71115	37.7821
492	0.0422716	3.21927	1.70469	37.8205
493	0.0459106	3.21808	1.70102	37.8588
494	0.049056	3.21704	1.70778	37.8973
495	0.0492734	3.21601	1.71699	37.9362
496	0.0530186	3.21516	1.72882	37.9755
497	0.0523986	3.21428	1.71424	38.0142
498	0.0546182	3.21351	1.7003	38.0522
499	0.054124	3.21272	1.70379	38.0903
500	0.050653	3.21178	1.70722	38.1286
501	0.0506476	3.21084	1.70421	38.1666
502	0.0501845	3.20989	1.70621	38.2047
503	0.0518915	3.20902	1.71649	38.2433
504	0.0529551	3.2082	1.72012	38.2819
505	0.0511804	3.20731	1.71142	38.3202
506	0.0517849	3.20645	1.71255	38.3584
507	0.0501453	3.20552	1.70566	38.3963
508	0.0482338	3.20451	1.70025	38.4339
509	0.0482815	3.20351	1.67349	38.4704
510	0.048848	3.20254	1.6589	38.5061
511	0.0499352	3.20162	1.66725	38.5421
512	0.0538717	3.20088	1.67808	38.5786
513	0.0528067	3.2001	1.68097	38.6152
514	0.0562829	3.19947	1.68114	38.6518
515	0.0565941	3.19887	1.6889	38.6887
516	0.0539178	3.19815	1.69497	38.7258
517	0.0529761	3.19739	1.69615	38.7629
518	0.056711	3.1968	1.69492	38.8
519	0.0627735	3.19648	1.70422	38.8374
520	0.0658296	3.1963	1.70832	38.8749
521	0.0674012	3.19619	1.71257	38.9126
522	0.0665901	3.19605	1.70947	38.9502
523	0.0640503	3.1958	1.7115	38.9878
524	0.0614116	3.19544	1.71634	39.0255
525	0.0586883	3.19496	1.70265	39.0626
526	0.0589897	3.1945	1.69928	39.0996
527	0.0564975	3.19393	1.70031	39.1365
528	0.0567323	3.19338	1.70089	39.1735
529	0.0532717	3.19269	1.70269	39.2105
530	0.0552567	3.19208	1.69054	39.2469
531	0.0551206	3.19147	1.6937	39.2834
532	0.0566388	3.19093	1.69796	39.3201
533	0.0591721	3.19051	1.69916	39.3568
534	0.0603664	3.19014	1.68765	39.393
535	0.0619382	3.18984	1.68096	39.4288
536	0.0580234	3.18938	1.66792	39.464
537	0.0549615	3.18878	1.65631	39.4988
538	0.0543872	3.18817	1.65749	39.5335
539	0.0548144	3.18758	1.64962	39.5679
540	0.0525734	3.18689	1.65138	39.6023
541	0.0531917	3.18624	1.65541	39.6368
542	0.053116	3.18559	1.66075	39.6716
543	0.0496911	3.18479	1.66684	39.7066
544	0.0464884	3.18387	1.65819	39.7412
545	0.0471663	3.18297	1.65613	39.7756
546	0.0488423	3.18215	1.65112	39.8099
547	0.0497855	3.18138	1.65048	39.844
548	0.0492017	3.18058	1.64615	39.878
549	0.044923	3.17961	1.64969	39.9121
550	0.0449102	3.17864	1.64295	39.9458
551	0.0413806	3.17752	1.6404	39.9794
552	0.0405524	3.17638	1.63248	40.0127
553	0.0422509	3.17531	1.62461	40.0456
554	0.0411835	3.1742	1.62001	40.0783
555	0.0362418	3.17288	1.62307	40.1111
556	0.0348838	3.17151	1.62153	40.1437
557	0.0353581	3.17017	1.62172	40.1764
558	0.0388892	3.16898	1.63101	40.2094
559	0.0421551	3.16794	1.63983	40.2428
560	0.0401627	3.16681	1.63978	40.2762
561	0.0354009	3.16549	1.64494	40.3097
562	0.0315167	3.16401	1.65489	40.3437
563	0.0281163	3.16239	1.64802	40.3773
564	0.0285525	3.1608	1.64381	40.4107
565	0.0293986	3.15924	1.63704	40.4438
566	0.0274147	3.15761	1.6371	40.4768
567	0.0292747	3.15606	1.634	40.5098
568	0.0315275	3.15461	1.63471	40.5427
569	0.0316953	3.15318	1.63085	40.5754
570	0.0270282	3.15155	1.62514	40.6079
571	0.026691	3.14991	1.62344	40.6403
572	0.0261588	3.14826	1.61364	40.6722
573	0.0274852	3.14667	1.61372	40.7041
574	0.0287053	3.14513	1.62036	40.7363
575	0.0287253	3.1436	1.60979	40.768
576	0.0290627	3.14209	1.60658	40.7995
577	0.0274881	3.14051	1.59441	40.8305
578	0.025169	3.13885	1.5838	40.8611
579	0.0221085	3.13707	1.57087	40.8911
580	0.022035	3.13528	1.57745	40.9213
581	0.0191111	3.13338	1.57106	40.9513
582	0.0174597	3.13142	1.56901	40.9811
583	0.0158299	3.1294	1.56574	41.0108
584	0.0160313	3.12739	1.55954	41.0402
585	0.0185645	3.12549	1.56187	41.0697
586	0.020566	3.12368	1.56496	41.0993
587	0.0188739	3.12181	1.56662	41.129
588	0.021936	3.12006	1.56521	41.1585
589	0.0196696	3.11823	1.56539	41.1881
590	0.0204569	3.11644	1.56732	41.2177
591	0.018704	3.11458	1.55566	41.2468
592	0.020013	3.11278	1.5565	41.276
593	0.0188515	3.11093	1.56063	41.3052
594	0.018456	3.10908	1.56795	41.3348
595	0.0193322	3.10726	1.57169	41.3645
596	0.0203471	3.1055	1.57516	41.3943
597	0.0209887	3.10376	1.57379	41.424
598	0.0203821	3.102	1.57244	41.4537
599	0.0191897	3.10021	1.57416	41.4834
600	0.0170668	3.09832	1.57679	41.5132
601	0.015414	3.09638	1.56992	41.5427
602	0.0142983	3.0944	1.5623	41.5719
603	0.0113127	3.0923	1.56101	41.601
604	0.01039	3.09017	1.56533	41.6302
605	0.00841725	3.08797	1.57216	41.6597
606	0.00392988	3.08559	1.57717	41.6894
607	0.00162645	3.08312	1.58452	41.7194
608	0.000422828	3.08061	1.59054	41.7496
609	-0.001533	3.07802	1.59786	41.78
610	0.000967878	3.07554	1.60481	41.8107
611	0.00169085	3.0731	1.60984	41.8416
612	0.00178397	3.07067	1.61647	41.8728
613	0.00238792	3.06827	1.61497	41.9039
614	0.00295474	3.0659	1.61945	41.9351
615	0.00494455	3.06361	1.61647	41.9662
616	0.0061818	3.06138	1.6164	41.9972
617	0.00415926	3.05907	1.62106	42.0284
618	0.00532046	3.05682	1.62546	42.0598
619	0.00429966	3.05453	1.62003	42.0909
620	0.00345185	3.05221	1.62041	42.1221
621	0.00345841	3.0499	1.62154	42.1532
622	0.00220548	3.04754	1.62401	42.1844
623	0.00152733	3.04517	1.62435	42.2156
624	0.00112757	3.04278	1.60814	42.2462
625	-0.000240527	3.04034	1.60478	42.2766
626	0.00164759	3.03798	1.60629	42.307
627	0.00267027	3.03568	1.61434	42.3377
628	0.0013405	3.03332	1.61794	42.3686
629	0.00355538	3.03106	1.62575	42.3997
630	0.00148008	3.02872	1.62847	42.4309
631	0.00208678	3.02641	1.63112	42.4622
632	0.00123039	3.02407	1.63313	42.4936
633	0.00147951	3.02174	1.64202	42.5253
634	0.000216148	3.01938	1.641	42.5569
635	0.00249188	3.0171	1.64293	42.5886
636	0.00666872	3.015	1.65131	42.6206
637	0.01214	3.01312	1.65405	42.6526
638	0.014134	3.01133	1.65614	42.6848
639	0.0171544	3.00965	1.66315	42.7171
640	0.0201327	3.0081	1.66805	42.7497
641	0.0172191	3.00644	1.6768	42.7826
642	0.0161914	3.00475	1.67203	42.8152
643	0.0136521	3.00295	1.67011	42.8478
644	0.0156633	3.00124	1.66314	42.88
645	0.0141621	2.99948	1.65491	42.9119
646	0.0103816	2.99757	1.64971	42.9436
647	0.00897683	2.99561	1.63736	42.9748
648	0.00858148	2.99365	1.62677	43.0055
649	0.0119037	2.99181	1.62317	43.0361
650	0.0120303	2.98999	1.6282	43.0669
651	0.01308	2.98821	1.63002	43.0977
652	0.0134034	2.98645	1.62664	43.1283
653	0.0136884	2.9847	1.62902	43.159
654	0.0150872	2.98302	1.6254	43.1896
655	0.013223	2.98126	1.62683	43.2202
656	0.00831504	2.97932	1.63429	43.251
657	0.00607779	2.97729	1.63688	43.282
658	0.006582	2.97529	1.63466	43.3128
659	0.00595582	2.97327	1.63807	43.3437
660	0.00583117	2.97125	1.63872	43.3747
661	0.0068791	2.96928	1.6413	43.4057
662	0.00771473	2.96734	1.62932	43.4362
663	0.00928002	2.96547	1.62877	43.4667
664	0.0108141	2.96366	1.63084	43.4973
665	0.0128737	2.96194	1.6348	43.5279
666	0.0127622	2.96021	1.63006	43.5584
667	0.0118913	2.95846	1.63397	43.589
668	0.0124412	2.95673	1.63545	43.6197
669	0.0130348	2.95503	1.63808	43.6504
670	0.0159817	2.95345	1.64627	43.6814
671	0.0167945	2.9519	1.64621	43.7124
672	0.0140137	2.95025	1.64835	43.7434
673	0.0116299	2.94851	1.6459	43.7744
674	0.00849257	2.94666	1.63714	43.805
675	0.00853883	2.94481	1.64083	43.8357
676	0.00759503	2.94293	1.63993	43.8663
677	0.00787365	2.94106	1.63153	43.8966
678	0.00467642	2.93908	1.61974	43.9264
679	0.00141865	2.93697	1.61652	43.9561
680	-0.000616787	2.9348	1.617	43.9858
681	-0.0011032	2.9326	1.6237	44.0157
682	-0.00166776	2.9304	1.6276	44.0457
683	-0.00290149	2.92815	1.6276	44.0758
684	-0.00555791	2.9258	1.63029	44.1059
685	-0.00895154	2.92333	1.62444	44.1357
686	-0.0114734	2.92076	1.62851	44.1657
687	-0.0137434	2.91812	1.62437	44.1956
688	-0.0128062	2.91552	1.63098	44.2256
689	-0.011546	2.91297	1.63428	44.2558
690	-0.0110366	2.91044	1.63771	44.286
691	-0.00698398	2.90808	1.64159	44.3164
692	-0.00540037	2.90578	1.64198	44.3468
693	-0.00635549	2.90344	1.63699	44.377
694	-0.00582027	2.90114	1.64215	44.4074
695	-0.00644129	2.89881	1.64533	44.4378
696	-0.00596945	2.89651	1.64554	44.4683
697	-0.00558438	2.89422	1.64465	44.4986
698	-0.00578894	2.89194	1.64318	44.529
699	-0.00396887	2.88972	1.641	44.5592
700	-0.00309765	2.88755	1.63792	44.5892
701	0.000518555	2.88551	1.6391	44.6193
702	0.000606519	2.88349	1.64434	44.6496
703	-0.00104867	2.8814	1.64941	44.68
704	-0.00390462	2.87921	1.65765	44.7108
705	-0.00372833	2.87703	1.65795	44.7415
706	-0.00289034	2.87489	1.65665	44.7722
707	-0.00612526	2.87264	1.66045	44.8029
708	-0.00993374	2.87024	1.66479	44.8338
709	-0.011904	2.86777	1.66493	44.8647
710	-0.0108136	2.86535	1.67065	44.8958
711	-0.0109076	2.86293	1.67194	44.927
712	-0.0087334	2.8606	1.67382	44.9581
713	-0.00548244	2.8584	1.68215	44.9896
714	-0.0019589	2.85633	1.69188	45.0214
715	0.000990301	2.85437	1.69871	45.0534
716	-0.00154804	2.85232	1.70276	45.0856
717	-0.00103174	2.8503	1.70302	45.1177
718	0.000585208	2.84834	1.70704	45.15
719	0.00161939	2.84643	1.70818	45.1823
720	0.00291299	2.84456	1.70986	45.2146
721	0.000550417	2.84262	1.70582	45.2468
722	6.77051e-05	2.84066	1.709	45.279
723	0.000720206	2.83872	1.71199	45.3114
724	0.000604429	2.83679	1.71421	45.3438
725	-0.000335195	2.83483	1.71511	45.3762
726	-0.00222434	2.8328	1.7197	45.4088
727	-0.00361318	2.83072	1.72674	45.4416
728	-0.00459471	2.82861	1.72133	45.4741
729	-0.00822516	2.82637	1.72466	45.5068
730	-0.00912979	2.8241	1.71827	45.5392
731	-0.0107198	2.82178	1.71085	45.5713
732	-0.0103601	2.81947	1.70728	45.6033
733	-0.00903807	2.81722	1.71111	45.6354
734	-0.00854739	2.81499	1.71003	45.6674
735	-0.0098485	2.81272	1.70562	45.6992
736	-0.00714785	2.81055	1.71208	45.7313
737	-0.00605875	2.80842	1.71366	45.7634
738	-0.0071337	2.80626	1.72023	45.7957
739	-0.006035	2.80415	1.72867	45.8283
740	-0.00639989	2.80202	1.73442	45.8611
741	-0.00812963	2.79984	1.73275	45.8938
742	-0.00689697	2.7977	1.73317	45.9264
743	-0.00548418	2.79562	1.737	45.9593
744	-0.00718232	2.79348	1.73835	45.9921
745	-0.00886087	2.79129	1.73731	46.0249
746	-0.00812835	2.78913	1.74312	46.0578
747	-0.00887812	2.78694	1.73322	46.0904
748	-0.00713556	2.78482	1.73691	46.1231
749	-0.00807541	2.78267	1.7448	46.156
750	-0.00886349	2.7805	1.74616	46.189
751	-0.00776132	2.77837	1.74489	46.2219
752	-0.00671628	2.77628	1.74098	46.2546
753	-0.00724623	2.77418	1.74517	46.2875
754	-0.00586977	2.77213	1.75111	46.3206
755	-0.00428024	2.77014	1.75379	46.3537
756	-0.00454174	2.76815	1.75742	46.387
757	-0.00401703	2.76618	1.75601	46.4201
758	-0.000945643	2.76432	1.76285	46.4535
759	-0.00125554	2.76246	1.76106	46.4868
760	-0.000468813	2.76063	1.75837	46.52
761	-0.00195968	2.75875	1.75359	46.553
762	-0.00359282	2.75681	1.7511	46.5859
763	-0.0079796	2.75472	1.74414	46.6185
764	-0.00838193	2.75262	1.73859	46.6509
765	-0.00851652	2.75052	1.72596	46.6828
766	-0.00821526	2.74843	1.72287	46.7145
767	-0.00827019	2.74635	1.71849	46.7461
768	-0.00913701	2.74423	1.72038	46.7778
769	-0.00847278	2.74215	1.70948	46.809
770	-0.00580922	2.74016	1.71047	46.8402
771	-0.00524746	2.7382	1.71152	46.8715
772	-0.00163136	2.73637	1.71248	46.9027
773	-0.00113954	2.73456	1.70705	46.9338
774	0.00174625	2.73286	1.70102	46.9646
775	0.00335201	2.73123	1.69706	46.9952
776	0.00642447	2.7297	1.69453	47.0258
777	0.0102142	2.72831	1.70584	47.0567
778	0.0104179	2.72694	1.70562	47.0876
779	0.0107359	2.72558	1.70584	47.1185
780	0.0106975	2.72421	1.71004	47.1495
781	0.0113345	2.72288	1.711	47.1805
782	0.0130282	2.72161	1.7136	47.2116
783	0.0125893	2.72032	1.71237	47.2427
784	0.0116287	2.71901	1.71779	47.2739
785	0.00910816	2.7176	1.72233	47.3052
786	0.0105637	2.71625	1.72116	47.3365
787	0.0123517	2.71497	1.71446	47.3675
788	0.0138138	2.71375	1.71266	47.3985
789	0.0156047	2.71258	1.7125	47.4294
790	0.0162429	2.71145	1.71412	47.4604
791	0.015401	2.71028	1.71231	47.4912
792	0.0153118	2.70912	1.71573	47.5222
793	0.0152524	2.70796	1.71317	47.5531
794	0.0122096	2.70669	1.71757	47.5841
795	0.00919481	2.70532	1.72142	47.6152
796	0.00880514	2.70393	1.71752	47.6461
797	0.00750833	2.70251	1.71355	47.6769
798	0.00630895	2.70104	1.70788	47.7075
799	0.00503099	2.69953	1.70466	47.738
800	0.00264088	2.69794	1.70656	47.7684
801	0.00192073	2.69633	1.7121	47.7991
802	0.000276211	2.69466	1.71484	47.8299
803	-0.000921243	2.69295	1.71702	47.8607
804	-0.00157403	2.69123	1.72285	47.8916
805	-0.00178274	2.6895	1.72555	47.9227
806	-0.00219089	2.68775	1.72631	47.9538
807	-0.00134791	2.68604	1.72696	47.9848
808	-0.00223454	2.68431	1.72739	48.0159
809	-0.00455314	2.68249	1.73201	48.0471
810	-0.00440095	2.68069	1.73444	48.0784
811	-0.00296564	2.67893	1.73886	48.1098
812	-0.00118125	2.67724	1.74158	48.1413
813	0.000503622	2.67562	1.74102	48.1727
814	0.00294366	2.67408	1.74199	48.2042
815	0.00462342	2.67261	1.73596	48.2354
816	0.00520712	2.67116	1.72993	48.2664
817	0.00373233	2.66965	1.72686	48.2972
818	0.00101253	2.66806	1.72928	48.3282
819	0.000176917	2.66644	1.7333	48.3592
820	0.000951294	2.66485	1.73388	48.3903
821	0.000130794	2.66324	1.73553	48.4214
822	-0.00125165	2.66158	1.7373	48.4525
823	-0.000497138	2.65995	1.73195	48.4834
824	-0.00136763	2.65829	1.72375	48.514
825	-0.00158836	2.65663	1.71073	48.5442
826	-0.00114956	2.65498	1.70388	48.5741
827	-0.00137178	2.65333	1.69908	48.6038
828	-0.00127643	2.65169	1.6745	48.6326
829	-0.00180885	2.65003	1.67489	48.6615
830	-0.00169474	2.64838	1.67758	48.6904
831	-0.000339921	2.64678	1.67901	48.7193
832	0.00163702	2.64525	1.67898	48.7482
833	0.00247981	2.64375	1.67946	48.7771
834	0.00225508	2.64224	1.67914	48.806
835	0.000704485	2.64069	1.68191	48.835
836	0.00228239	2.63919	1.68661	48.8641
837	0.00238855	2.6377	1.68817	48.8933
838	0.00334409	2.63625	1.68156	48.9222
839	0.00379659	2.63481	1.68103	48.9511
840	0.00336062	2.63336	1.67362	48.9797
841	0.00322193	2.63191	1.67157	49.0082
842	0.00446356	2.6305	1.6718	49.0367
843	0.00484457	2.62911	1.67208	49.0652
844	0.0056914	2.62775	1.67167	49.0936
845	0.00671863	2.62643	1.67105	49.1221
846	0.00369427	2.62501	1.67272	49.1505
847	0.00113355	2.6235	1.67289	49.179
848	0.00137768	2.62201	1.67141	49.2074
849	0.002634	2.62056	1.67182	49.2358
850	0.00467056	2.61918	1.68027	49.2644
851	0.00413098	2.61778	1.68365	49.2932
852	0.00363444	2.61637	1.68723	49.3221
853	0.00294659	2.61494	1.68861	49.351
854	0.00581725	2.61362	1.69653	49.3801
855	0.00556814	2.61228	1.69926	49.4093
856	0.0039657	2.61089	1.70151	49.4386
857	0.00655039	2.6096	1.70222	49.4679
858	0.00508475	2.60825	1.7068	49.4974
859	0.0049371	2.60691	1.71099	49.5269
860	0.00271517	2.60549	1.71564	49.5566
861	0.000215792	2.60398	1.72027	49.5865
862	8.77471e-05	2.60248	1.71897	49.6162
863	-0.000705663	2.60095	1.72063	49.646
864	-0.00227191	2.59937	1.71739	49.6757
865	-0.00222626	2.59779	1.70335	49.7049
866	-0.00334467	2.59618	1.68627	49.7335
867	-0.00290831	2.59459	1.6785	49.7618
868	-0.00243462	2.59302	1.67435	49.79
869	-0.00388798	2.5914	1.67099	49.818
870	-0.0034903	2.58979	1.66706	49.8459
871	-0.00352403	2.58819	1.66406	49.8737
872	-0.0056353	2.58652	1.66298	49.9014
873	-0.00556136	2.58485	1.66365	49.9291
874	-0.00710729	2.58314	1.66469	49.9568
875	-0.00751622	2.58141	1.6644	49.9845
876	-0.00943383	2.57962	1.66859	50.0124
877	-0.0132235	2.57771	1.67416	50.0404
878	-0.0147422	2.57574	1.67816	50.0685
879	-0.015617	2.57376	1.67937	50.0967
880	-0.0175962	2.5717	1.68526	50.125
881	-0.019816	2.56958	1.69266	50.1536
882	-0.0198957	2.56746	1.69698	50.1823
883	-0.0179169	2.5654	1.70478	50.2112
884	-0.0172137	2.56338	1.69993	50.24
885	-0.0155881	2.56141	1.70129	50.2688
886	-0.0155776	2.55944	1.70134	50.2976
887	-0.0144298	2.55752	1.69676	50.3262
888	-0.0140161	2.55561	1.69013	50.3546
889	-0.0146782	2.55369	1.68879	50.3829
890	-0.0154544	2.55174	1.6929	50.4113
891	-0.0139444	2.54984	1.69792	50.4399
892	-0.0118695	2.54802	1.70125	50.4686
893	-0.0131987	2.54615	1.69824	50.4971
894	-0.0114838	2.54435	1.69853	50.5257
895	-0.0110755	2.54256	1.69953	50.5543
896	-0.0115848	2.54076	1.70246	50.5829
897	-0.0110002	2.53898	1.70255	50.6116
898	-0.00958123	2.53725	1.69931	50.6401
899	-0.0101806	2.5355	1.69925	50.6686
900	-0.00930298	2.53378	1.69257	50.6968
901	-0.00798494	2.53211	1.68349	50.7248
902	-0.00596988	2.53051	1.6817	50.7527
903	-0.0067321	2.52889	1.67904	50.7804
904	-0.00727265	2.52725	1.67848	50.8082
905	-0.00762115	2.52561	1.67875	50.8359
906	-0.00805715	2.52395	1.67259	50.8634
907	-0.00730144	2.52232	1.66328	50.8906
908	-0.00847573	2.52065	1.66156	50.9177
909	-0.011285	2.51889	1.66579	50.9449
910	-0.0130816	2.51708	1.66336	50.9721
911	-0.0147662	2.51521	1.66171	50.9991
912	-0.0133484	2.51339	1.66346	51.0262
913	-0.0130697	2.51159	1.66576	51.0534
914	-0.0135991	2.50977	1.66846	51.0807
915	-0.0139628	2.50794	1.67065	51.108
916	-0.0156205	2.50606	1.67634	51.1355
917	-0.0151364	2.50419	1.67807	51.163
918	-0.0136985	2.50238	1.68212	51.1906
919	-0.0149616	2.50053	1.68273	51.2183
920	-0.0164657	2.49863	1.68326	51.2459
921	-0.0177689	2.49669	1.6794	51.2735
922	-0.0159793	2.49481	1.6815	51.301
923	-0.0182878	2.49286	1.68195	51.3286
924	-0.0172707	2.49095	1.67855	51.356
925	-0.0172095	2.48904	1.67189	51.3832
926	-0.0185771	2.48709	1.66722	51.4103
927	-0.0185939	2.48514	1.66257	51.4371
928	-0.0194957	2.48316	1.6557	51.4638
929	-0.0196348	2.48119	1.657	51.4904
930	-0.0175821	2.47928	1.66037	51.5172
931	-0.0159451	2.47743	1.65821	51.5438
932	-0.0168995	2.47555	1.65842	51.5705
933	-0.0171591	2.47366	1.65832	51.5972
934	-0.0160518	2.47182	1.65359	51.6236
935	-0.0158067	2.46998	1.65042	51.65
936	-0.0150568	2.46817	1.65433	51.6765
937	-0.0153704	2.46636	1.65913	51.7031
938	-0.0146956	2.46456	1.66084	51.7298
939	-0.0135912	2.46281	1.66384	51.7565
940	-0.0107625	2.46115	1.66467	51.7833
941	-0.00991439	2.45952	1.66746	51.8101
942	-0.0097714	2.4579	1.66844	51.837
943	-0.0113442	2.45623	1.67064	51.8639
944	-0.0115495	2.45456	1.67534	51.8909
945	-0.012237	2.45287	1.68151	51.9182
946	-0.0114324	2.4512	1.68224	51.9454
947	-0.012474	2.4495	1.68083	51.9726
948	-0.0136199	2.44777	1.68173	51.9998
949	-0.0138389	2.44604	1.68188	52.027
950	-0.0144853	2.44428	1.68313	52.0542
951	-0.0150122	2.44251	1.68325	52.0814
952	-0.0143104	2.44077	1.68095	52.1085
953	-0.0143923	2.43902	1.67635	52.1355
954	-0.0134438	2.43731	1.67569	52.1624
955	-0.0106247	2.4357	1.67899	52.1894
956	-0.0120701	2.43404	1.68011	52.2165
957	-0.0124635	2.43236	1.67883	52.2434
958	-0.0108793	2.43075	1.67563	52.2703
959	-0.0103016	2.42915	1.67134	52.297
960	-0.00884029	2.4276	1.67414	52.3238
961	-0.00639219	2.42613	1.67541	52.3506
962	-0.00560465	2.42469	1.6764	52.3774
963	-0.00393095	2.42331	1.67654	52.4043
964	-0.00303061	2.42196	1.68139	52.4312
965	-0.00128251	2.42066	1.68397	52.4583
966	0.000754645	2.41944	1.68071	52.4852
967	0.00192901	2.41825	1.68098	52.5121
968	0.00208589	2.41707	1.67735	52.5389
969	0.0039068	2.41595	1.68023	52.5657
970	0.00296257	2.4148	1.67683	52.5925
971	0.00152611	2.41361	1.67607	52.6192
972	0.00126991	2.41241	1.67588	52.6459
973	0.000357616	2.41119	1.67626	52.6725
974	0.000966423	2.40998	1.67409	52.6991
975	0.00326902	2.40885	1.66979	52.7256
976	0.00607357	2.40782	1.66165	52.7517
977	0.00523519	2.40675	1.65487	52.7777
978	0.0057148	2.40571	1.64318	52.8032
979	0.00405147	2.40461	1.63216	52.8284
980	0.00272966	2.40347	1.62436	52.8534
981	0.0040397	2.40238	1.6173	52.8781
982	0.00409738	2.40129	1.60994	52.9025
983	0.00673725	2.40028	1.61487	52.9271
984	0.0086205	2.39934	1.61792	52.9518
985	0.00807005	2.39838	1.62072	52.9765
986	0.00768527	2.39741	1.62196	53.0013
987	0.00520613	2.39637	1.62651	53.0262
988	0.00551011	2.39533	1.62458	53.0511
989	0.0066867	2.39433	1.6238	53.0759
990	0.00571994	2.39331	1.62095	53.1006
991	0.00377592	2.39222	1.61904	53.1252
992	0.0014021	2.39106	1.62134	53.1499
993	-3.1718e-05	2.38986	1.62375	53.1747
994	-0.000464814	2.38865	1.61926	53.1993
995	0.000340629	2.38746	1.62297	53.224
996	0.00155558	2.38631	1.62435	53.2488
997	0.00020515	2.38512	1.62067	53.2734
998	0.00031059	2.38394	1.61201	53.2977
999	0.00141869	2.38279	1.61318	53.3221
1000	0.000828326	2.38163	1.61474	53.3465
1001	0.000788345	2.38047	1.60919	53.3707
1002	0.000659246	2.3793	1.60074	53.3946
1003	-0.00210474	2.37805	1.60804	53.4188
1004	-0.00459408	2.37673	1.61282	53.4431
1005	-0.00641867	2.37534	1.61852	53.4675
1006	-0.00749064	2.37393	1.61878	53.492
1007	-0.00742673	2.37252	1.61997	53.5165
1008	-0.0093756	2.37105	1.62196	53.541
1009	-0.00977722	2.36957	1.62096	53.5655
1010	-0.0107618	2.36806	1.62489	53.5901
1011	-0.010139	2.36657	1.62442	53.6147
1012	-0.01073	2.36507	1.62617	53.6393
1013	-0.0122583	2.36352	1.63034	53.664
1014	-0.0125007	2.36196	1.62489	53.6886
1015	-0.0124947	2.36041	1.61145	53.7127
1016	-0.0130868	2.35884	1.60739	53.7367
1017	-0.0144082	2.35723	1.60934	53.7608
1018	-0.0162881	2.35556	1.61469	53.785
1019	-0.016739	2.35389	1.6133	53.8091
1020	-0.0148046	2.35227	1.61801	53.8334
1021	-0.0151954	2.35065	1.61933	53.8577
1022	-0.0156977	2.34901	1.6201	53.882
1023	-0.0151609	2.34739	1.62172	53.9064
1024	-0.0142471	2.3458	1.62222	53.9308
1025	-0.0144607	2.3442	1.62305	53.9551
1026	-0.0146207	2.34261	1.62627	53.9796
1027	-0.0140788	2.34103	1.62601	54.0041
1028	-0.0159379	2.3394	1.62999	54.0286
1029	-0.0170903	2.33773	1.63198	54.0533
1030	-0.016426	2.33609	1.63575	54.078
1031	-0.0168007	2.33443	1.63844	54.1028
1032	-0.017188	2.33277	1.6399	54.1276
1033	-0.0181773	2.33108	1.64086	54.1524
1034	-0.0166273	2.32943	1.63378	54.1771
1035	-0.0168647	2.32779	1.63707	54.2018
1036	-0.0147492	2.32621	1.6434	54.2267
1037	-0.0137149	2.32466	1.64714	54.2517
1038	-0.0133016	2.32313	1.64643	54.2766
1039	-0.0127272	2.32162	1.64773	54.3016
1040	-0.0137763	2.32008	1.65139	54.3267
1041	-0.0166652	2.31845	1.65353	54.3519
1042	-0.016967	2.31682	1.64988	54.3769
1043	-0.0189161	2.31512	1.65178	54.402
1044	-0.0186268	2.31344	1.65125	54.427
1045	-0.0204825	2.3117	1.64971	54.452
1046	-0.0204002	2.30997	1.64858	54.4769
1047	-0.0227232	2.30817	1.64642	54.5018
1048	-0.0225737	2.30637	1.64454	54.5266
1049	-0.0242951	2.30452	1.64269	54.5513
1050	-0.0247021	2.30267	1.64182	54.576
1051	-0.0236841	2.30084	1.63912	54.6006
1052	-0.0243993	2.299	1.63685	54.6251
1053	-0.0233785	2.29719	1.6334	54.6495
1054	-0.0243238	2.29535	1.62908	54.6737
1055	-0.0251254	2.29349	1.61649	54.6976
1056	-0.0247073	2.29165	1.60583	54.7211
1057	-0.0232063	2.28985	1.593	54.7442
1058	-0.0224021	2.28809	1.58654	54.7671
1059	-0.0226487	2.28631	1.58637	54.79
1060	-0.0214031	2.28458	1.57973	54.8127
1061	-0.0204797	2.28288	1.578	54.8353
1062	-0.0188847	2.28122	1.58019	54.858
1063	-0.0204609	2.27953	1.58129	54.8807
1064	-0.0202961	2.27783	1.58592	54.9035
1065	-0.0197901	2.27616	1.58894	54.9264
1066	-0.0197231	2.27449	1.59065	54.9493
1067	-0.0199117	2.27282	1.59406	54.9724
1068	-0.0194085	2.27116	1.59953	54.9956
1069	-0.0186627	2.26953	1.6014	55.0189
1070	-0.0186288	2.2679	1.59715	55.042
1071	-0.0176315	2.26631	1.59596	55.065
1072	-0.0181587	2.2647	1.59332	55.088
1073	-0.0182366	2.26309	1.58536	55.1107
1074	-0.0177203	2.2615	1.57354	55.1331
1075	-0.018951	2.25987	1.55926	55.155
1076	-0.020133	2.25821	1.5501	55.1766
1077	-0.0195958	2.25657	1.53985	55.1979
1078	-0.020518	2.2549	1.52711	55.2188
1079	-0.021143	2.25321	1.51536	55.2394
1080	-0.0220204	2.2515	1.51068	55.2598
1081	-0.0224167	2.24978	1.50164	55.2799
1082	-0.0218707	2.24808	1.49552	55.2998
1083	-0.0212795	2.24639	1.49273	55.3196
1084	-0.0215666	2.2447	1.49412	55.3395
1085	-0.0211988	2.24303	1.48904	55.3592
1086	-0.0187847	2.24143	1.48244	55.3787
1087	-0.016283	2.23991	1.48863	55.3984
1088	-0.0143805	2.23844	1.48975	55.4181
1089	-0.0144927	2.23698	1.48693	55.4377
1090	-0.0143692	2.23552	1.48497	55.4572
1091	-0.015354	2.23403	1.47909	55.4766
1092	-0.0165274	2.23251	1.4776	55.4959
1093	-0.0184323	2.23093	1.47701	55.5152
1094	-0.0207652	2.22929	1.47891	55.5345
1095	-0.0228033	2.22758	1.48098	55.5539
1096	-0.0238287	2.22585	1.48085	55.5733
1097	-0.0233856	2.22413	1.48136	55.5927
1098	-0.0227596	2.22243	1.48638	55.6123
1099	-0.0229216	2.22073	1.48675	55.6318
1100	-0.023068	2.21903	1.4857	55.6513
1101	-0.0250959	2.21727	1.4844	55.6708
1102	-0.0238444	2.21555	1.48477	55.6902
1103	-0.0244815	2.21381	1.48598	55.7097
1104	-0.0236016	2.2121	1.4863	55.7292
1105	-0.0243512	2.21037	1.48381	55.7487
1106	-0.0259582	2.20859	1.48498	55.7681
1107	-0.0257891	2.20682	1.48696	55.7876
1108	-0.0255221	2.20506	1.48234	55.807
1109	-0.0255154	2.2033	1.48408	55.8264
1110	-0.0261779	2.20152	1.48755	55.8459
1111	-0.0254575	2.19977	1.48712	55.8654
1112	-0.0249259	2.19804	1.4827	55.8847
1113	-0.0263787	2.19626	1.48122	55.904
1114	-0.0284338	2.19443	1.48218	55.9233
1115	-0.0302198	2.19254	1.48453	55.9427
1116	-0.029662	2.19067	1.48549	55.9621
1117	-0.0300593	2.18879	1.48849	55.9816
1118	-0.0294933	2.18693	1.48874	56.0011
1119	-0.0315247	2.18502	1.49439	56.0207
1120	-0.0314356	2.1831	1.49041	56.0402
1121	-0.0318165	2.18118	1.48462	56.0596
1122	-0.0301728	2.17931	1.4808	56.0788
1123	-0.0304006	2.17744	1.48065	56.098
1124	-0.0291174	2.1756	1.4839	56.1173
1125	-0.0275918	2.17382	1.48382	56.1366
1126	-0.0267679	2.17205	1.48105	56.1558
1127	-0.0243916	2.17037	1.48497	56.1752
1128	-0.0227258	2.16873	1.4902	56.1946
1129	-0.0228448	2.16709	1.49374	56.2142
1130	-0.0216603	2.16549	1.49742	56.2339
1131	-0.0209576	2.16391	1.4918	56.2534
1132	-0.0197135	2.16237	1.48999	56.2728
1133	-0.0176897	2.16089	1.48845	56.2922
1134	-0.0180908	2.15941	1.49247	56.3117
1135	-0.0186557	2.1579	1.49436	56.3312
1136	-0.0193521	2.15638	1.49151	56.3507
1137	-0.0195687	2.15485	1.49251	56.3702
1138	-0.0193246	2.15334	1.49557	56.3897
1139	-0.0196486	2.15181	1.49395	56.4093
1140	-0.0163005	2.15039	1.49502	56.4288
1141	-0.0144949	2.14902	1.49243	56.4482
1142	-0.0140574	2.14766	1.48954	56.4676
1143	-0.0128875	2.14634	1.49027	56.487
1144	-0.0125744	2.14504	1.49159	56.5064
1145	-0.0130994	2.14371	1.48797	56.5257
1146	-0.0136272	2.14238	1.4886	56.545
1147	-0.0125871	2.14107	1.48479	56.5642
1148	-0.0100123	2.13985	1.48823	56.5835
1149	-0.0103523	2.13861	1.48317	56.6026
1150	-0.0121278	2.13733	1.48764	56.6219
1151	-0.0133021	2.13601	1.49168	56.6412
1152	-0.0135764	2.13468	1.49265	56.6606
1153	-0.0147677	2.13332	1.49478	56.6801
1154	-0.0141477	2.13198	1.48977	56.6994
1155	-0.0142422	2.13064	1.49072	56.7187
1156	-0.0140788	2.12931	1.49255	56.7381
1157	-0.0127502	2.12802	1.4951	56.7575
1158	-0.0126663	2.12673	1.49316	56.7769
1159	-0.012878	2.12543	1.49362	56.7963
1160	-0.0141792	2.1241	1.49453	56.8156
1161	-0.0162212	2.12271	1.49782	56.8351
1162	-0.0171043	2.1213	1.50008	56.8547
1163	-0.0164495	2.11991	1.49754	56.8742
1164	-0.0162876	2.11852	1.49591	56.8936
1165	-0.0162821	2.11714	1.49786	56.913
1166	-0.0173066	2.11572	1.49912	56.9325
1167	-0.0173482	2.11431	1.50178	56.9521
1168	-0.0173886	2.1129	1.50472	56.9717
1169	-0.0188612	2.11145	1.50893	56.9915
1170	-0.0202045	2.10995	1.51114	57.0113
1171	-0.0198222	2.10848	1.50963	57.0311
1172	-0.020894	2.10697	1.50985	57.0509
1173	-0.0202668	2.10548	1.50987	57.0706
1174	-0.0188562	2.10404	1.50808	57.0903
1175	-0.0190672	2.10259	1.50934	57.1101
1176	-0.0177075	2.10118	1.50249	57.1296
1177	-0.0157759	2.09983	1.50636	57.1493
1178	-0.014317	2.09852	1.50748	57.1689
1179	-0.0136212	2.09723	1.5044	57.1885
1180	-0.0115343	2.09601	1.49896	57.2079
1181	-0.012353	2.09477	1.50214	57.2274
1182	-0.0149073	2.09345	1.50916	57.2471
1183	-0.0150401	2.09213	1.51086	57.2668
1184	-0.0140162	2.09084	1.514	57.2866
1185	-0.0131664	2.08958	1.51788	57.3065
1186	-0.0112552	2.08837	1.52076	57.3265
1187	-0.0114166	2.08716	1.51965	57.3465
1188	-0.0105539	2.08598	1.51985	57.3664
1189	-0.0120298	2.08475	1.52349	57.3865
1190	-0.0146267	2.08345	1.52936	57.4067
1191	-0.0149481	2.08215	1.52565	57.4268
1192	-0.0158854	2.08082	1.52458	57.4469
1193	-0.0163815	2.07947	1.52431	57.4669
1194	-0.0146838	2.07818	1.5252	57.487
1195	-0.0148668	2.07688	1.51654	57.5068
1196	-0.0160821	2.07555	1.51951	57.5267
1197	-0.0175926	2.07417	1.52139	57.5467
1198	-0.0188006	2.07277	1.52515	57.5667
1199	-0.0199269	2.07133	1.52931	57.5869
1200	-0.0217667	2.06984	1.53422	57.6072
1201	-0.0238405	2.06829	1.54127	57.6277
1202	-0.0259827	2.06668	1.54448	57.6482
1203	-0.0271159	2.06504	1.5415	57.6687
1204	-0.0275173	2.0634	1.53891	57.6891
1205	-0.0264686	2.06178	1.5323	57.7093
1206	-0.0256805	2.06019	1.52875	57.7294
1207	-0.0255089	2.0586	1.52422	57.7494
1208	-0.0260443	2.057	1.52297	57.7693
1209	-0.0254075	2.05542	1.52525	57.7893
1210	-0.0250253	2.05385	1.5285	57.8093
1211	-0.025508	2.05228	1.5292	57.8294
1212	-0.0261235	2.05068	1.53315	57.8496
1213	-0.0280469	2.04903	1.53943	57.8699
1214	-0.0309158	2.0473	1.5451	57.8904
1215	-0.0314319	2.04556	1.54142	57.9108
1216	-0.0327751	2.04378	1.53571	57.931
1217	-0.032324	2.04202	1.52673	57.951
1218	-0.0326252	2.04025	1.51804	57.9707
1219	-0.0335875	2.03845	1.51261	57.9903
1220	-0.0316766	2.03671	1.51106	58.0098
1221	-0.0303852	2.03501	1.509	58.0292
1222	-0.0276524	2.03338	1.5115	58.0487
1223	-0.0257727	2.03182	1.51246	58.0682
1224	-0.0282913	2.03018	1.51512	58.0878
1225	-0.0291903	2.02852	1.51546	58.1074
1226	-0.0307387	2.02682	1.51458	58.1269
1227	-0.0306061	2.02512	1.5096	58.1463
1228	-0.0325792	2.02337	1.51127	58.1658
1229	-0.0324749	2.02162	1.51065	58.1852
1230	-0.0330294	2.01986	1.51369	58.2047
1231	-0.0340261	2.01807	1.51243	58.2242
1232	-0.0337433	2.01629	1.51124	58.2436
1233	-0.0337189	2.01452	1.51389	58.2631
1234	-0.0338513	2.01274	1.51534	58.2826
1235	-0.0334999	2.01097	1.51598	58.3022
1236	-0.0333904	2.00921	1.51858	58.3218
1237	-0.0323658	2.00748	1.51654	58.3413
1238	-0.0329711	2.00573	1.51301	58.3607
1239	-0.0342968	2.00395	1.51218	58.3802
1240	-0.0356148	2.00213	1.51202	58.3996
1241	-0.0357482	2.00031	1.51062	58.4189
1242	-0.0345906	1.99853	1.50633	58.4381
1243	-0.0348493	1.99674	1.50483	58.4573
1244	-0.0358197	1.99492	1.50301	58.4764
1245	-0.0358585	1.99311	1.50149	58.4955
1246	-0.0356134	1.9913	1.50334	58.5146
1247	-0.0349324	1.98952	1.5057	58.5338
1248	-0.0351589	1.98772	1.50765	58.553
1249	-0.0359447	1.98591	1.51069	58.5723
1250	-0.0360688	1.9841	1.51509	58.5917
1251	-0.0350272	1.98232	1.51327	58.6111
1252	-0.0331812	1.98059	1.50886	58.6303
1253	-0.0322249	1.97889	1.50276	58.6494
1254	-0.0317182	1.97721	1.49686	58.6683
1255	-0.0299669	1.97558	1.49025	58.687
1256	-0.0281906	1.974	1.48682	58.7056
1257	-0.0288999	1.9724	1.48258	58.724
1258	-0.0292199	1.97079	1.47714	58.7423
1259	-0.0296251	1.96918	1.46855	58.7604
1260	-0.0298351	1.96756	1.46475	58.7783
1261	-0.0284044	1.96598	1.45928	58.7961
1262	-0.0276777	1.96442	1.45601	58.8138
1263	-0.0286366	1.96284	1.4562	58.8315
1264	-0.0304915	1.96121	1.44912	58.849
1265	-0.031993	1.95954	1.4501	58.8665
1266	-0.032092	1.95786	1.44826	58.884
1267	-0.0306506	1.95623	1.44981	58.9014
1268	-0.031869	1.95457	1.44859	58.9189
1269	-0.0317437	1.95291	1.44425	58.9362
1270	-0.0318371	1.95125	1.44388	58.9535
1271	-0.0304565	1.94963	1.44801	58.971
1272	-0.029433	1.94804	1.45194	58.9885
1273	-0.0283193	1.94648	1.45281	59.006
1274	-0.0273014	1.94495	1.45429	59.0236
1275	-0.0263696	1.94345	1.45137	59.0411
1276	-0.0260097	1.94196	1.44753	59.0585
1277	-0.0258929	1.94048	1.44546	59.0758
1278	-0.0265663	1.93898	1.44802	59.0932
1279	-0.0256845	1.9375	1.44987	59.1107
1280	-0.0249978	1.93605	1.44761	59.128
1281	-0.0256388	1.93458	1.44514	59.1453
1282	-0.0257234	1.93311	1.44569	59.1627
1283	-0.0255683	1.93164	1.43863	59.1798
1284	-0.0261074	1.93016	1.43779	59.1968
1285	-0.0253765	1.92871	1.43826	59.2139
1286	-0.0245509	1.92727	1.43869	59.231
1287	-0.0238394	1.92586	1.43589	59.248
1288	-0.0240871	1.92444	1.4331	59.265
1289	-0.022984	1.92306	1.43228	59.2819
1290	-0.0220324	1.9217	1.43404	59.2988
1291	-0.0212572	1.92037	1.43012	59.3157
1292	-0.0208464	1.91905	1.42834	59.3324
1293	-0.0216411	1.9177	1.42388	59.3491
1294	-0.0229987	1.91633	1.42142	59.3657
1295	-0.0227896	1.91495	1.41472	59.3821
1296	-0.0220588	1.9136	1.41318	59.3984
1297	-0.0215304	1.91227	1.41176	59.4147
1298	-0.023831	1.91087	1.4123	59.431
1299	-0.0259886	1.90942	1.41256	59.4474
1300	-0.0266759	1.90794	1.41211	59.4637
1301	-0.0272856	1.90646	1.41245	59.48
1302	-0.0256725	1.90501	1.4105	59.4962
1303	-0.0241295	1.90362	1.40586	59.5123
1304	-0.0240126	1.90222	1.40162	59.5283
1305	-0.0223642	1.90088	1.40065	59.5443
1306	-0.022514	1.89953	1.4016	59.5603
1307	-0.0220667	1.89819	1.40192	59.5763
1308	-0.021681	1.89687	1.39747	59.5921
1309	-0.0208948	1.89557	1.39251	59.6079
1310	-0.019875	1.8943	1.38844	59.6235
1311	-0.0197935	1.89303	1.38381	59.639
1312	-0.0204156	1.89174	1.38367	59.6544
1313	-0.0203803	1.89046	1.37969	59.6698
1314	-0.0212589	1.88916	1.37975	59.6852
1315	-0.0192825	1.88791	1.38376	59.7006
1316	-0.0172585	1.88672	1.38726	59.7162
1317	-0.0172944	1.88553	1.38912	59.7318
1318	-0.0172136	1.88434	1.38599	59.7473
1319	-0.0175737	1.88314	1.38438	59.7628
1320	-0.0188328	1.88191	1.38468	59.7782
1321	-0.0193162	1.88067	1.38232	59.7937
1322	-0.020063	1.87941	1.38263	59.8091
1323	-0.0210979	1.87812	1.38447	59.8245
1324	-0.0211946	1.87683	1.38501	59.84
1325	-0.020888	1.87555	1.38548	59.8555
1326	-0.0218969	1.87424	1.39038	59.8711
1327	-0.023345	1.87289	1.39596	59.8869
1328	-0.0253613	1.8715	1.39875	59.9027
1329	-0.0247306	1.87011	1.40199	59.9186
1330	-0.0244291	1.86874	1.40296	59.9346
1331	-0.0255983	1.86734	1.40503	59.9506
1332	-0.0247627	1.86596	1.39927	59.9664
1333	-0.0245078	1.86459	1.39516	59.9821
1334	-0.0248654	1.86321	1.39348	59.9978
1335	-0.0257961	1.86181	1.39032	60.0134
1336	-0.0265509	1.86039	1.3913	60.029
1337	-0.0271536	1.85895	1.39265	60.0446
1338	-0.0278572	1.8575	1.39294	60.0603
1339	-0.0269392	1.85607	1.3961	60.076
1340	-0.0260174	1.85467	1.39672	60.0917
1341	-0.025063	1.85329	1.39812	60.1075
1342	-0.0239182	1.85195	1.40076	60.1233
1343	-0.0244074	1.8506	1.40036	60.1392
1344	-0.0244129	1.84924	1.40155	60.155
1345	-0.0241872	1.8479	1.39941	60.1708
1346	-0.0240796	1.84656	1.39312	60.1864
1347	-0.0237135	1.84523	1.39111	60.202
1348	-0.0253134	1.84386	1.39187	60.2176
1349	-0.0253993	1.84248	1.3897	60.2331
1350	-0.0254316	1.84111	1.38955	60.2486
1351	-0.0252954	1.83974	1.39141	60.2642
1352	-0.0239792	1.83841	1.3953	60.2798
1353	-0.0247865	1.83706	1.40036	60.2956
1354	-0.0250569	1.8357	1.40139	60.3115
1355	-0.0250661	1.83434	1.40516	60.3274
1356	-0.0248437	1.83299	1.40543	60.3433
1357	-0.025798	1.83162	1.40666	60.3592
1358	-0.0267919	1.83022	1.4089	60.3753
1359	-0.02715	1.82881	1.41018	60.3913
1360	-0.0275913	1.82739	1.40773	60.4073
1361	-0.0261192	1.82601	1.41019	60.4233
1362	-0.0260929	1.82464	1.40862	60.4393
1363	-0.0270683	1.82324	1.40707	60.4552
1364	-0.0277622	1.82182	1.40993	60.4712
1365	-0.0293594	1.82036	1.41352	60.4874
1366	-0.0298458	1.81888	1.41577	60.5035
1367	-0.0305172	1.81739	1.4165	60.5197
1368	-0.0300845	1.81592	1.41881	60.5359
1369	-0.0300441	1.81444	1.41593	60.5521
1370	-0.0312933	1.81294	1.41226	60.5682
1371	-0.0314952	1.81143	1.41145	60.5842
1372	-0.0314598	1.80992	1.41105	60.6002
1373	-0.0315984	1.80841	1.41214	60.6162
1374	-0.0311426	1.80691	1.41331	60.6323
1375	-0.030286	1.80544	1.41601	60.6485
1376	-0.030712	1.80396	1.41992	60.6647
1377	-0.0295472	1.80251	1.42269	60.681
1378	-0.0292191	1.80107	1.42311	60.6973
1379	-0.0300088	1.79961	1.42592	60.7137
1380	-0.0306816	1.79813	1.42869	60.7302
1381	-0.0309949	1.79665	1.42656	60.7466
1382	-0.0310705	1.79516	1.4256	60.763
1383	-0.0291001	1.79373	1.42714	60.7794
1384	-0.0267799	1.79237	1.4301	60.7958
1385	-0.0246028	1.79106	1.43525	60.8125
1386	-0.0237613	1.78978	1.42777	60.8289
1387	-0.0227417	1.78852	1.43008	60.8453
1388	-0.0212038	1.78731	1.43232	60.8619
1389	-0.021291	1.7861	1.43114	60.8784
1390	-0.022239	1.78486	1.43117	60.8949
1391	-0.0235201	1.78359	1.42999	60.9113
1392	-0.0231756	1.78233	1.42594	60.9276
1393	-0.0219755	1.7811	1.42681	60.944
1394	-0.0222548	1.77987	1.42546	60.9603
1395	-0.0233662	1.7786	1.42764	60.9767
1396	-0.0222625	1.77737	1.42956	60.9931
1397	-0.0206006	1.77619	1.43085	61.0096
1398	-0.0196681	1.77503	1.42828	61.0259
1399	-0.0184488	1.7739	1.42583	61.0423
1400	-0.0175507	1.7728	1.41937	61.0584
1401	-0.017774	1.77169	1.41953	61.0745
1402	-0.0180376	1.77058	1.41914	61.0906
1403	-0.0195274	1.76943	1.41981	61.1068
1404	-0.0203924	1.76826	1.41628	61.1228
1405	-0.0205053	1.76708	1.41475	61.1388
1406	-0.0205414	1.76591	1.40976	61.1547
1407	-0.0206808	1.76473	1.40299	61.1703
1408	-0.019682	1.76358	1.39786	61.1859
1409	-0.0201816	1.76242	1.39458	61.2013
1410	-0.0211311	1.76123	1.39362	61.2167
1411	-0.0189517	1.7601	1.39711	61.2322
1412	-0.0184917	1.75899	1.39649	61.2477
1413	-0.018329	1.75788	1.39716	61.2632
1414	-0.0180225	1.75678	1.40161	61.2788
1415	-0.018793	1.75566	1.40305	61.2945
1416	-0.0191467	1.75453	1.40606	61.3102
1417	-0.0197895	1.75339	1.40791	61.3259
1418	-0.0197259	1.75225	1.40875	61.3417
1419	-0.0194637	1.75111	1.40967	61.3575
1420	-0.0196171	1.74998	1.40935	61.3733
1421	-0.0179569	1.74889	1.40952	61.3891
1422	-0.0170564	1.74782	1.40741	61.4049
1423	-0.0156184	1.74679	1.40639	61.4206
1424	-0.016482	1.74574	1.40779	61.4363
1425	-0.016475	1.7447	1.40658	61.452
1426	-0.0161403	1.74366	1.40463	61.4677
1427	-0.0155645	1.74264	1.40373	61.4833
1428	-0.0151587	1.74163	1.40018	61.4988
1429	-0.0152938	1.74061	1.39854	61.5143
1430	-0.0143106	1.73963	1.39812	61.5298
1431	-0.0134695	1.73866	1.39608	61.5452
1432	-0.0125536	1.73773	1.39512	61.5605
1433	-0.0137809	1.73676	1.39762	61.576
1434	-0.0146952	1.73576	1.40064	61.5915
1435	-0.0144709	1.73478	1.40426	61.6071
1436	-0.0125597	1.73384	1.40637	61.6228
1437	-0.0110947	1.73295	1.40786	61.6385
1438	-0.0115431	1.73204	1.40669	61.6541
1439	-0.0117816	1.73113	1.40969	61.6699
1440	-0.0109945	1.73024	1.41379	61.6857
1441	-0.0113825	1.72934	1.41523	61.7016
1442	-0.0102559	1.72847	1.41834	61.7176
1443	-0.00902157	1.72764	1.4214	61.7336
1444	-0.00986483	1.72678	1.42245	61.7496
1445	-0.00913825	1.72594	1.42354	61.7657
1446	-0.0103856	1.72508	1.42656	61.7819
1447	-0.0121083	1.72416	1.42842	61.7981
1448	-0.0137095	1.72321	1.43199	61.8144
1449	-0.0154436	1.72221	1.43353	61.8307
1450	-0.0152843	1.72121	1.43046	61.847
1451	-0.0161048	1.7202	1.42761	61.8631
1452	-0.0172134	1.71916	1.42318	61.8792
1453	-0.0174199	1.71811	1.42025	61.8951
1454	-0.0172621	1.71707	1.41837	61.911
1455	-0.0167106	1.71604	1.4156	61.9269
1456	-0.0156638	1.71504	1.41623	61.9427
1457	-0.0149119	1.71406	1.41551	61.9586
1458	-0.0143018	1.7131	1.41602	61.9744
1459	-0.0136108	1.71216	1.41809	61.9903
1460	-0.0131999	1.71123	1.42065	62.0062
1461	-0.0121576	1.71032	1.4214	62.0222
1462	-0.00966884	1.70949	1.42578	62.0383
1463	-0.00831953	1.70869	1.42704	62.0544
1464	-0.00822937	1.70789	1.4281	62.0705
1465	-0.0097674	1.70705	1.42845	62.0866
1466	-0.0112467	1.70618	1.42954	62.1028
1467	-0.0129041	1.70526	1.42911	62.119
1468	-0.0133932	1.70433	1.42394	62.135
1469	-0.0126427	1.70342	1.42174	62.1509
1470	-0.0127572	1.70251	1.42086	62.1668
1471	-0.0125683	1.7016	1.41923	62.1827
1472	-0.011489	1.70073	1.42252	62.1987
1473	-0.0101015	1.69989	1.42548	62.2147
1474	-0.00907739	1.69908	1.43021	62.2308
1475	-0.00909705	1.69826	1.43297	62.247
1476	-0.00877119	1.69746	1.42967	62.2632
1477	-0.00812707	1.69667	1.43144	62.2793
1478	-0.00807478	1.69589	1.431	62.2955
1479	-0.00816341	1.69511	1.42952	62.3116
1480	-0.0066906	1.69436	1.4297	62.3277
1481	-0.00520604	1.69365	1.42636	62.3437
1482	-0.0044304	1.69297	1.42726	62.3598
1483	-0.00247769	1.69233	1.427	62.3758
1484	-0.0015366	1.69173	1.42873	62.3919
1485	-0.0011916	1.69113	1.43048	62.408
1486	-8.46502e-06	1.69056	1.43272	62.4242
1487	-0.000734247	1.68997	1.43561	62.4404
1488	-0.001238	1.68937	1.43704	62.4567
1489	-0.00388145	1.6887	1.44272	62.4731
1490	-0.00548964	1.688	1.44593	62.4896
1491	-0.00725572	1.68724	1.45062	62.5062
1492	-0.00874842	1.68645	1.45411	62.5229
1493	-0.0105352	1.68561	1.45777	62.5397
1494	-0.0111096	1.68476	1.46009	62.5565
1495	-0.0103704	1.68393	1.4629	62.5734
1496	-0.0106553	1.6831	1.46362	62.5904
1497	-0.010305	1.68227	1.46421	62.6073
1498	-0.0116017	1.68141	1.4619	62.6242
1499	-0.0111342	1.68056	1.46059	62.641
1500	-0.0106047	1.67973	1.46086	62.6578
1501	-0.0099073	1.67891	1.45947	62.6746
1502	-0.0106771	1.67808	1.46126	62.6915
1503	-0.010795	1.67724	1.46335	62.7084
1504	-0.0109489	1.6764	1.46597	62.7253
1505	-0.0112373	1.67556	1.46851	62.7423
1506	-0.0100903	1.67474	1.47289	62.7595
1507	-0.0110811	1.6739	1.47452	62.7766
1508	-0.0117669	1.67305	1.47439	62.7938
1509	-0.0127908	1.67216	1.47814	62.811
1510	-0.013903	1.67125	1.47994	62.8283
1511	-0.013646	1.67035	1.48224	62.8456
1512	-0.0136734	1.66945	1.47755	62.8629
1513	-0.0139915	1.66853	1.47294	62.88
1514	-0.013694	1.66763	1.4697	62.897
1515	-0.0138365	1.66673	1.46774	62.9139
1516	-0.0138902	1.66582	1.46398	62.9308
1517	-0.0131208	1.66494	1.45839	62.9475
1518	-0.0118331	1.66409	1.45641	62.9641
1519	-0.0113768	1.66325	1.45576	62.9807
1520	-0.0106029	1.66243	1.4506	62.9972
1521	-0.00943234	1.66164	1.45052	63.0137
1522	-0.00920856	1.66086	1.45293	63.0302
1523	-0.00819993	1.66011	1.45382	63.0468
1524	-0.00756711	1.65937	1.45462	63.0634
1525	-0.00810192	1.65862	1.45311	63.0799
1526	-0.0091178	1.65784	1.45291	63.0964
1527	-0.00846661	1.65708	1.45674	63.1131
1528	-0.00932657	1.6563	1.46072	63.1298
1529	-0.0107926	1.65549	1.46607	63.1466
1530	-0.0110803	1.65466	1.4701	63.1636
1531	-0.00992734	1.65387	1.47363	63.1806
1532	-0.0120575	1.65302	1.47829	63.1977
1533	-0.0123364	1.65217	1.4762	63.2148
1534	-0.0116171	1.65133	1.47726	63.2319
1535	-0.0120647	1.65049	1.47576	63.249
1536	-0.0102436	1.64969	1.47607	63.2661
1537	-0.00908407	1.64892	1.48003	63.2833
1538	-0.00846818	1.64817	1.48463	63.3005
1539	-0.00884016	1.64741	1.48574	63.3178
1540	-0.0102444	1.64662	1.48631	63.3352
1541	-0.0115155	1.64579	1.49034	63.3526
1542	-0.00989495	1.64501	1.49498	63.3701
1543	-0.00802681	1.64427	1.50008	63.3878
1544	-0.00804546	1.64353	1.50225	63.4055
1545	-0.00822309	1.64279	1.50372	63.4232
1546	-0.00793329	1.64206	1.5027	63.4409
1547	-0.00879759	1.64131	1.50197	63.4586
1548	-0.00914786	1.64054	1.50384	63.4763
1549	-0.00896043	1.63979	1.502	63.494
1550	-0.00786573	1.63906	1.49928	63.5116
1551	-0.00834805	1.63832	1.49485	63.5291
1552	-0.00998128	1.63754	1.49796	63.5466
1553	-0.0109886	1.63673	1.50161	63.5643
1554	-0.0116042	1.63591	1.50417	63.582
1555	-0.0119135	1.63509	1.50536	63.5997
1556	-0.0115923	1.63427	1.50794	63.6175
1557	-0.0107099	1.63347	1.5096	63.6353
1558	-0.0101918	1.63269	1.51221	63.6532
1559	-0.00957376	1.63193	1.51372	63.6711
1560	-0.00883542	1.63118	1.51598	63.6891
1561	-0.0087367	1.63044	1.51888	63.7071
1562	-0.00778074	1.62972	1.52198	63.7252
1563	-0.0077416	1.629	1.52373	63.7434
1564	-0.00837343	1.62827	1.51838	63.7614
1565	-0.00980049	1.6275	1.52146	63.7795
1566	-0.01132	1.6267	1.52584	63.7977
1567	-0.0112383	1.6259	1.52734	63.8159
1568	-0.0108406	1.6251	1.52745	63.8341
1569	-0.00975459	1.62434	1.5296	63.8524
1570	-0.00834891	1.62361	1.53317	63.8708
1571	-0.00801096	1.6229	1.53429	63.8891
1572	-0.00792221	1.62218	1.5335	63.9075
1573	-0.00713791	1.62149	1.53331	63.9258
1574	-0.00631173	1.62081	1.53569	63.9442
1575	-0.00627743	1.62014	1.5323	63.9625
1576	-0.00642735	1.61946	1.52913	63.9808
1577	-0.00536723	1.61882	1.52942	63.999
1578	-0.00524666	1.61817	1.53098	64.0173
1579	-0.00451847	1.61755	1.53212	64.0355
1580	-0.00434079	1.61693	1.53329	64.0538
1581	-0.00351151	1.61633	1.53366	64.0722
1582	-0.00369947	1.61572	1.53332	64.0905
1583	-0.00395411	1.61511	1.53193	64.1087
1584	-0.00431061	1.6145	1.5328	64.127
1585	-0.00427769	1.61388	1.53494	64.1453
1586	-0.00383694	1.61328	1.535	64.1636
1587	-0.00300821	1.61269	1.53914	64.1821
1588	-0.00226282	1.61213	1.54072	64.2005
1589	-0.00272536	1.61155	1.54254	64.219
1590	-0.00304375	1.61097	1.54364	64.2375
1591	-0.0034377	1.61038	1.54408	64.256
1592	-0.00368254	1.60978	1.54507	64.2746
1593	-0.00422291	1.60917	1.54684	64.2932
1594	-0.00491596	1.60854	1.54339	64.3116
1595	-0.00473701	1.60792	1.5433	64.3301
1596	-0.00570342	1.60728	1.54606	64.3487
1597	-0.00572145	1.60663	1.54697	64.3672
1598	-0.00633771	1.60597	1.54749	64.3858
1599	-0.00580448	1.60532	1.54806	64.4044
1600	-0.00627722	1.60467	1.55082	64.423
1601	-0.0066066	1.604	1.55173	64.4417
1602	-0.00710923	1.60332	1.54891	64.4603
1603	-0.00645258	1.60266	1.55037	64.4789
1604	-0.00631499	1.60201	1.55197	64.4975
1605	-0.00546257	1.60137	1.55322	64.5162
1606	-0.00550659	1.60074	1.55305	64.5349
1607	-0.00719554	1.60006	1.55473	64.5536
1608	-0.00684644	1.59939	1.55352	64.5722
1609	-0.00690731	1.59872	1.55405	64.5909
1610	-0.00765698	1.59804	1.55682	64.6096
1611	-0.00796848	1.59734	1.55847	64.6284
1612	-0.00839716	1.59664	1.55803	64.6472
1613	-0.00859727	1.59593	1.55823	64.6659
1614	-0.00831342	1.59523	1.55828	64.6847
1615	-0.0075351	1.59455	1.56087	64.7035
1616	-0.00833576	1.59385	1.56354	64.7224
1617	-0.00910434	1.59313	1.56655	64.7413
1618	-0.0100569	1.59239	1.56812	64.7603
1619	-0.010359	1.59164	1.56915	64.7793
1620	-0.0106967	1.59088	1.56923	64.7983
1621	-0.0109041	1.59012	1.57094	64.8173
1622	-0.0100705	1.58938	1.57382	64.8364
1623	-0.00969177	1.58865	1.57209	64.8554
1624	-0.0108688	1.58789	1.57497	64.8746
1625	-0.0122328	1.5871	1.57899	64.8938
1626	-0.0141324	1.58627	1.58243	64.913
1627	-0.015365	1.5854	1.58261	64.9323
1628	-0.0160837	1.58451	1.58334	64.9516
1629	-0.0162601	1.58362	1.58287	64.9709
1630	-0.016981	1.58272	1.58054	64.9901
1631	-0.017942	1.58179	1.57696	65.0092
1632	-0.0186059	1.58085	1.57941	65.0284
1633	-0.0186762	1.5799	1.58128	65.0476
1634	-0.0186447	1.57896	1.58305	65.0669
1635	-0.0186099	1.57801	1.58449	65.0862
1636	-0.0188295	1.57707	1.58713	65.1055
1637	-0.0188768	1.57612	1.58843	65.1249
1638	-0.0197424	1.57515	1.58779	65.1442
1639	-0.0205001	1.57417	1.58724	65.1636
1640	-0.0215461	1.57315	1.58812	65.1829
1641	-0.0211725	1.57215	1.58909	65.2023
1642	-0.0203995	1.57117	1.58923	65.2216
1643	-0.0209175	1.57018	1.58952	65.241
1644	-0.0207358	1.56919	1.58799	65.2603
1645	-0.0208943	1.5682	1.58822	65.2796
1646	-0.0219347	1.56718	1.59039	65.299
1647	-0.0213185	1.56618	1.59325	65.3184
1648	-0.0208103	1.5652	1.5952	65.3379
1649	-0.0215313	1.56419	1.5974	65.3574
1650	-0.021701	1.56318	1.60055	65.377
1651	-0.0216086	1.56218	1.60196	65.3967
1652	-0.0215411	1.56118	1.60458	65.4163
1653	-0.0200097	1.56021	1.60725	65.4361
1654	-0.0183396	1.55929	1.6079	65.4558
1655	-0.0172749	1.5584	1.60638	65.4755
1656	-0.0170264	1.55751	1.6061	65.4952
1657	-0.0164892	1.55664	1.60566	65.5149
1658	-0.0176517	1.55573	1.60496	65.5346
1659	-0.0178251	1.55483	1.60482	65.5542
1660	-0.0183872	1.55391	1.6025	65.5738
1661	-0.0182859	1.55299	1.59927	65.5933
1662	-0.0186105	1.55207	1.59732	65.6128
1663	-0.0180317	1.55116	1.59909	65.6322
1664	-0.016938	1.55028	1.59857	65.6517
1665	-0.0173696	1.54939	1.59012	65.671
1666	-0.0184418	1.54847	1.59051	65.6902
1667	-0.018432	1.54756	1.58653	65.7094
1668	-0.018338	1.54665	1.58306	65.7284
1669	-0.0185088	1.54573	1.579	65.7474
1670	-0.0189602	1.54481	1.5777	65.7663
1671	-0.0186213	1.54389	1.57647	65.7852
1672	-0.0186097	1.54297	1.57698	65.8041
1673	-0.0187531	1.54205	1.57826	65.823
1674	-0.0191568	1.54113	1.57873	65.8419
1675	-0.0182433	1.54022	1.57855	65.8608
1676	-0.0182801	1.53932	1.57894	65.8797
1677	-0.0182803	1.53841	1.58097	65.8987
1678	-0.0181749	1.53751	1.58115	65.9177
1679	-0.0190852	1.53659	1.57895	65.9366
1680	-0.0183819	1.53568	1.57821	65.9554
1681	-0.0187735	1.53477	1.57848	65.9743
1682	-0.0182128	1.53387	1.58	65.9932
1683	-0.0189179	1.53295	1.58045	66.0122
1684	-0.0193348	1.53203	1.58098	66.0311
1685	-0.0201158	1.53108	1.57976	66.05
1686	-0.0202634	1.53014	1.57737	66.0688
1687	-0.0217618	1.52915	1.57971	66.0877
1688	-0.0221699	1.52816	1.57994	66.1065
1689	-0.0217753	1.52718	1.57943	66.1254
1690	-0.0216059	1.5262	1.58036	66.1443
1691	-0.0205059	1.52525	1.58196	66.1632
1692	-0.0210054	1.52429	1.5834	66.1821
1693	-0.0212134	1.52333	1.58414	66.2011
1694	-0.0221929	1.52234	1.58492	66.22
1695	-0.0230106	1.52133	1.58391	66.239
1696	-0.0230502	1.52033	1.5785	66.2578
1697	-0.022195	1.51934	1.58232	66.2767
1698	-0.0211188	1.51838	1.57733	66.2954
1699	-0.020654	1.51743	1.57369	66.3141
1700	-0.019697	1.51651	1.57544	66.3328
1701	-0.0193143	1.5156	1.57454	66.3515
1702	-0.0183962	1.51471	1.5744	66.3701
1703	-0.0182124	1.51382	1.57223	66.3887
1704	-0.0182319	1.51294	1.57455	66.4074
1705	-0.016645	1.51209	1.57783	66.4261
1706	-0.0167377	1.51124	1.58005	66.4449
1707	-0.0156486	1.51042	1.58205	66.4638
1708	-0.0146793	1.50963	1.58236	66.4826
1709	-0.0134539	1.50886	1.58648	66.5015
1710	-0.0134847	1.50809	1.58548	66.5204
1711	-0.0139204	1.50732	1.58323	66.5392
1712	-0.0136736	1.50655	1.58362	66.5581
1713	-0.0134082	1.50578	1.5855	66.577
1714	-0.0132506	1.50502	1.58767	66.5959
1715	-0.0121886	1.50429	1.58772	66.6148
1716	-0.0118465	1.50357	1.5887	66.6337
1717	-0.011689	1.50285	1.59179	66.6527
1718	-0.0132416	1.50209	1.59659	66.6719
1719	-0.0140986	1.50132	1.59988	66.6911
1720	-0.0145292	1.50053	1.59761	66.7102
1721	-0.0142094	1.49975	1.5976	66.7293
1722	-0.0147149	1.49896	1.59942	66.7485
1723	-0.0157431	1.49815	1.59958	66.7676
1724	-0.0162866	1.49732	1.59337	66.7866
1725	-0.0153141	1.49652	1.58902	66.8055
1726	-0.0150328	1.49573	1.58718	66.8244
1727	-0.0163996	1.4949	1.58963	66.8433
1728	-0.0165322	1.49407	1.59308	66.8623
1729	-0.0166145	1.49324	1.5935	66.8813
1730	-0.0173338	1.49239	1.59488	66.9003
1731	-0.016795	1.49156	1.59604	66.9193
1732	-0.0150236	1.49077	1.60132	66.9385
1733	-0.0150787	1.48997	1.60237	66.9576
1734	-0.0148172	1.48919	1.60135	66.9768
1735	-0.0155771	1.48839	1.59884	66.9959
1736	-0.0166261	1.48756	1.60025	67.015
1737	-0.0164754	1.48674	1.60123	67.0341
1738	-0.0169014	1.4859	1.60064	67.0532
1739	-0.0167855	1.48508	1.59879	67.0723
1740	-0.0158847	1.48427	1.59393	67.0912
1741	-0.0150171	1.48348	1.59201	67.1101
1742	-0.0152547	1.48269	1.59301	67.129
1743	-0.0160213	1.48188	1.59516	67.1479
1744	-0.0156652	1.48108	1.5959	67.1669
1745	-0.0150278	1.4803	1.59909	67.1859
1746	-0.0157566	1.4795	1.59931	67.205
1747	-0.0147135	1.47873	1.60004	67.224
1748	-0.0141652	1.47796	1.60093	67.2431
1749	-0.0137378	1.47721	1.60012	67.2621
1750	-0.0133773	1.47647	1.60126	67.2812
1751	-0.0128732	1.47574	1.603	67.3003
1752	-0.0136836	1.475	1.60167	67.3193
1753	-0.0132986	1.47426	1.6022	67.3384
1754	-0.0131074	1.47353	1.60535	67.3575
1755	-0.0129477	1.4728	1.60798	67.3767
1756	-0.0134497	1.47206	1.6093	67.3959
1757	-0.0131315	1.47133	1.61004	67.4151
1758	-0.0136721	1.47058	1.61078	67.4344
1759	-0.0132705	1.46985	1.61284	67.4537
1760	-0.01437	1.46909	1.61573	67.473
1761	-0.0152366	1.46831	1.61545	67.4923
1762	-0.0159725	1.46751	1.61649	67.5117
1763	-0.0166106	1.4667	1.61896	67.5311
1764	-0.0159217	1.46591	1.61999	67.5505
1765	-0.0170481	1.46509	1.62122	67.57
1766	-0.0171792	1.46426	1.62279	67.5895
1767	-0.0169882	1.46345	1.62487	67.609
1768	-0.0175034	1.46262	1.62682	67.6286
1769	-0.0169918	1.4618	1.62792	67.6482
1770	-0.0169264	1.46099	1.63041	67.6678
1771	-0.0165918	1.46018	1.63181	67.6875
1772	-0.0154433	1.4594	1.631	67.7071
1773	-0.0144012	1.45865	1.62804	67.7267
1774	-0.0135685	1.45792	1.62991	67.7463
1775	-0.0125566	1.45721	1.63161	67.7659
1776	-0.012567	1.4565	1.63157	67.7856
1777	-0.0127595	1.45579	1.6334	67.8052
1778	-0.012432	1.45508	1.63336	67.8249
1779	-0.0119973	1.45439	1.63254	67.8445
1780	-0.0114394	1.45371	1.63391	67.8642
1781	-0.0108692	1.45305	1.6352	67.8839
1782	-0.0108795	1.45238	1.63619	67.9036
1783	-0.0102601	1.45173	1.63665	67.9233
1784	-0.0108618	1.45107	1.63552	67.943
1785	-0.0117128	1.45039	1.63764	67.9627
1786	-0.0124653	1.44969	1.63644	67.9824
1787	-0.0134151	1.44896	1.63604	68.0021
1788	-0.0143525	1.44822	1.63774	68.0218
1789	-0.0144375	1.44747	1.63589	68.0415
1790	-0.0147092	1.44672	1.63529	68.0611
1791	-0.0150123	1.44596	1.63156	68.0807
1792	-0.0149994	1.44521	1.62429	68.1
1793	-0.0154135	1.44444	1.6242	68.1194
1794	-0.0171939	1.44363	1.62425	68.1388
1795	-0.0181548	1.4428	1.62379	68.1581
1796	-0.0185774	1.44196	1.62534	68.1775
1797	-0.019505	1.4411	1.62868	68.1969
1798	-0.0196663	1.44024	1.63094	68.2164
1799	-0.0193099	1.43938	1.6341	68.236
1800	-0.018908	1.43854	1.63763	68.2556
1801	-0.0178994	1.43772	1.63918	68.2753
1802	-0.0176331	1.4369	1.64206	68.295
1803	-0.0171454	1.4361	1.6387	68.3147
1804	-0.0180739	1.43528	1.63832	68.3343
1805	-0.0184118	1.43445	1.63545	68.3539
1806	-0.0184433	1.43362	1.6359	68.3734
1807	-0.0186432	1.43278	1.63598	68.393
1808	-0.0189249	1.43194	1.63473	68.4125
1809	-0.0199242	1.43108	1.63336	68.432
1810	-0.0203592	1.43021	1.63118	68.4515
1811	-0.0215009	1.42931	1.63391	68.471
1812	-0.0204693	1.42843	1.63558	68.4905
1813	-0.0198355	1.42757	1.63617	68.51
1814	-0.0195993	1.42672	1.63833	68.5296
1815	-0.0183956	1.4259	1.64049	68.5492
1816	-0.0179905	1.42508	1.64152	68.5689
1817	-0.0184651	1.42426	1.64098	68.5885
1818	-0.0185756	1.42343	1.63925	68.6081
1819	-0.019636	1.42258	1.63915	68.6276
1820	-0.0205032	1.42171	1.63983	68.6472
1821	-0.0206452	1.42084	1.63862	68.6668
1822	-0.0211026	1.41995	1.63736	68.6863
1823	-0.0223857	1.41904	1.63878	68.7058
1824	-0.0224019	1.41813	1.64019	68.7254
1825	-0.0230269	1.4172	1.6409	68.745
1826	-0.0222135	1.41629	1.6424	68.7646
1827	-0.0220611	1.41539	1.64361	68.7842
1828	-0.0216025	1.4145	1.64208	68.8038
1829	-0.0216164	1.41361	1.64113	68.8234
1830	-0.020948	1.41273	1.64185	68.8429
1831	-0.0206331	1.41186	1.64288	68.8625
1832	-0.0191196	1.41103	1.6453	68.8822
1833	-0.0192078	1.4102	1.64329	68.9018
1834	-0.0195022	1.40936	1.64464	68.9214
1835	-0.0210865	1.40848	1.64601	68.941
1836	-0.0219185	1.40759	1.64796	68.9607
1837	-0.0224192	1.40668	1.6497	68.9804
1838	-0.0223726	1.40578	1.65214	69.0002
1839	-0.0238244	1.40484	1.65629	69.02
1840	-0.0248506	1.40388	1.65405	69.0398
1841	-0.0258751	1.4029	1.65519	69.0597
1842	-0.0261097	1.40191	1.65597	69.0795
1843	-0.0272633	1.4009	1.65558	69.0993
1844	-0.0279532	1.39987	1.65815	69.1192
1845	-0.0286574	1.39882	1.66094	69.1391
1846	-0.0284361	1.39778	1.66113	69.1591
1847	-0.0289057	1.39673	1.66188	69.179
1848	-0.028718	1.39568	1.65839	69.1989
1849	-0.0282867	1.39465	1.65261	69.2186
1850	-0.0286709	1.39361	1.65123	69.2383
1851	-0.029374	1.39255	1.65068	69.2579
1852	-0.0292578	1.39149	1.65073	69.2776
1853	-0.0299865	1.39042	1.64663	69.2971
1854	-0.0311852	1.38932	1.64473	69.3166
1855	-0.032484	1.3882	1.64484	69.3361
1856	-0.0324581	1.38707	1.64407	69.3556
1857	-0.0320822	1.38595	1.64373	69.3751
1858	-0.032173	1.38483	1.64519	69.3946
1859	-0.0311641	1.38374	1.64624	69.4141
1860	-0.0312186	1.38264	1.64812	69.4336
1861	-0.0315447	1.38154	1.64902	69.4532
1862	-0.03115	1.38045	1.6464	69.4727
1863	-0.0303753	1.37938	1.64343	69.4921
1864	-0.0298967	1.37831	1.64371	69.5116
1865	-0.0297751	1.37726	1.64312	69.531
1866	-0.0292998	1.37621	1.6448	69.5504
1867	-0.029128	1.37517	1.6451	69.5699
1868	-0.0277702	1.37416	1.64844	69.5894
1869	-0.0268683	1.37317	1.65151	69.609
1870	-0.0250784	1.37222	1.65648	69.6287
1871	-0.023804	1.37131	1.65914	69.6484
1872	-0.0236395	1.37039	1.65876	69.6681
1873	-0.0232389	1.36949	1.66069	69.6879
1874	-0.0234269	1.36859	1.66107	69.7077
1875	-0.023173	1.36769	1.66116	69.7275
1876	-0.0231351	1.36679	1.65881	69.7472
1877	-0.0220526	1.36592	1.65714	69.7668
1878	-0.0216941	1.36505	1.65187	69.7864
1879	-0.0223565	1.36417	1.64719	69.8058
1880	-0.0227248	1.36329	1.64492	69.8252
1881	-0.0236045	1.36238	1.64019	69.8444
1882	-0.0231516	1.36149	1.6371	69.8636
1883	-0.0237108	1.36058	1.63299	69.8827
1884	-0.0243028	1.35966	1.63247	69.9017
1885	-0.0236355	1.35875	1.63315	69.9208
1886	-0.0228312	1.35787	1.63539	69.9399
1887	-0.0226508	1.35699	1.6283	69.9589
1888	-0.0225211	1.35611	1.62233	69.9777
1889	-0.0230835	1.35522	1.6172	69.9964
1890	-0.0236889	1.35432	1.61618	70.015
1891	-0.0250048	1.35339	1.61666	70.0337
1892	-0.0265192	1.35242	1.61605	70.0523
1893	-0.0280972	1.35142	1.61414	70.0709
1894	-0.0288365	1.3504	1.6167	70.0896
1895	-0.0276386	1.34941	1.61932	70.1083
1896	-0.0276965	1.34842	1.61774	70.1269
1897	-0.0265109	1.34745	1.6163	70.1456
1898	-0.0260322	1.3465	1.61584	70.1642
1899	-0.0265075	1.34554	1.61284	70.1827
1900	-0.0259061	1.34459	1.60986	70.2012
1901	-0.023742	1.34369	1.61411	70.2197
1902	-0.0245941	1.34278	1.61608	70.2383
1903	-0.0262253	1.34182	1.62001	70.257
1904	-0.0276044	1.34084	1.62361	70.2757
1905	-0.0276835	1.33985	1.62142	70.2944
1906	-0.027341	1.33888	1.62252	70.3132
1907	-0.02639	1.33792	1.6259	70.332
1908	-0.02458	1.33701	1.63096	70.3509
1909	-0.0242875	1.3361	1.62845	70.3697
1910	-0.0239859	1.33521	1.62625	70.3885
1911	-0.0242226	1.3343	1.6257	70.4073
1912	-0.0243102	1.3334	1.6238	70.426
1913	-0.0239237	1.3325	1.62348	70.4447
1914	-0.0238208	1.33161	1.62421	70.4634
1915	-0.0236919	1.33072	1.6254	70.4822
1916	-0.02372	1.32984	1.62776	70.501
1917	-0.0240481	1.32894	1.63028	70.5198
1918	-0.0222238	1.32809	1.63504	70.5387
1919	-0.0212952	1.32726	1.63705	70.5577
1920	-0.0216891	1.32642	1.6387	70.5768
1921	-0.021761	1.32557	1.63873	70.5958
1922	-0.0223309	1.32472	1.63791	70.6148
1923	-0.0228706	1.32386	1.6387	70.6338
1924	-0.0231825	1.32298	1.6381	70.6528
1925	-0.0227747	1.32212	1.63871	70.6717
1926	-0.0223859	1.32127	1.63344	70.6906
1927	-0.0231324	1.3204	1.63025	70.7094
1928	-0.023322	1.31953	1.63016	70.7282
1929	-0.022338	1.31868	1.63109	70.747
1930	-0.0219308	1.31784	1.62939	70.7658
1931	-0.0211239	1.31701	1.62545	70.7844
1932	-0.0202808	1.31621	1.62379	70.803
1933	-0.0196523	1.31543	1.61927	70.8216
1934	-0.020629	1.31462	1.61736	70.84
1935	-0.0210546	1.3138	1.61511	70.8584
1936	-0.0202861	1.313	1.61303	70.8768
1937	-0.01892	1.31223	1.61287	70.8951
1938	-0.0192548	1.31146	1.61374	70.9135
1939	-0.0200254	1.31066	1.61191	70.9318
1940	-0.020569	1.30986	1.61117	70.9501
1941	-0.0214409	1.30904	1.61213	70.9684
1942	-0.0208116	1.30823	1.61167	70.9867
1943	-0.0213576	1.30741	1.60863	71.0049
1944	-0.021218	1.30659	1.60585	71.0231
1945	-0.0225849	1.30574	1.60481	71.0412
1946	-0.0223855	1.3049	1.60643	71.0594
1947	-0.0211866	1.30408	1.6099	71.0776
1948	-0.0202734	1.30329	1.60846	71.0958
1949	-0.0197549	1.30251	1.60772	71.114
1950	-0.0192042	1.30174	1.60655	71.1321
1951	-0.0188592	1.30098	1.60707	71.1503
1952	-0.0186292	1.30023	1.60858	71.1685
1953	-0.0191539	1.29946	1.61079	71.1867
1954	-0.0197141	1.29868	1.6122	71.205
1955	-0.0197572	1.2979	1.6126	71.2232
1956	-0.0201285	1.29712	1.61296	71.2415
1957	-0.0206622	1.29632	1.61545	71.2598
1958	-0.0206745	1.29552	1.61585	71.2781
1959	-0.0215307	1.29471	1.6172	71.2965
1960	-0.0203144	1.29392	1.61744	71.3148
1961	-0.0202598	1.29313	1.61664	71.3331
1962	-0.0210654	1.29233	1.6203	71.3515
1963	-0.0218805	1.2915	1.62238	71.37
1964	-0.0229025	1.29066	1.62456	71.3884
1965	-0.0238971	1.28979	1.62854	71.407
1966	-0.0244819	1.28891	1.62928	71.4256
1967	-0.0248688	1.28802	1.6297	71.4442
1968	-0.025449	1.28712	1.63016	71.4628
1969	-0.0250352	1.28623	1.62557	71.4813
1970	-0.0249435	1.28535	1.6261	71.4998
1971	-0.0246911	1.28446	1.62566	71.5182
1972	-0.0239481	1.2836	1.62516	71.5367
1973	-0.0246045	1.28272	1.62516	71.5551
1974	-0.0247909	1.28184	1.62483	71.5736
1975	-0.0250832	1.28095	1.62305	71.592
1976	-0.0247368	1.28007	1.6228	71.6104
1977	-0.0246036	1.27919	1.6236	71.6288
1978	-0.0238609	1.27833	1.6249	71.6472
