#	<x>	stDevX	<E>	stDevE
0	3.90615	0	6.71587	0
1	3.70914	3.80764	5.80858	6.26222
2	3.60544	5.2895	5.42532	8.4616
3	3.53919	6.39123	5.34627	10.0875
4	3.04647	7.12256	4.8531	11.2597
5	2.7473	7.65991	5.25291	12.4482
6	2.49254	8.0645	5.48163	13.6065
7	2.01019	8.28663	5.05812	14.5324
8	1.46679	8.33544	4.77319	15.3096
9	0.929727	8.23588	5.3433	16.2175
10	0.530323	8.04462	5.91184	17.2402
11	0.607827	7.90216	6.02596	18.2404
12	0.667521	7.79652	5.57222	19.0708
13	0.753481	7.7293	5.29009	19.7941
14	0.744708	7.67209	5.44028	20.5289
15	0.609476	7.59257	5.1012	21.1561
16	0.496452	7.49711	5.06442	21.7563
17	0.42115	7.39499	4.43236	22.1953
18	0.377908	7.29328	4.5474	22.6521
19	0.409	7.20761	4.44464	23.0779
20	0.491171	7.14732	4.28559	23.4626
21	0.475741	7.09002	4.33575	23.8523
22	0.499448	7.0432	4.33291	24.2358
23	0.529363	7.00721	4.37117	24.6214
24	0.591959	6.9876	3.62411	24.8551
25	0.723044	6.99645	3.6706	25.0979
26	0.779753	7.018	3.30629	25.2713
27	0.848098	7.05366	3.4855	25.4798
28	0.804099	7.08212	3.3811	25.6696
29	0.74875	7.10163	3.17767	25.8236
30	0.72879	7.1188	3.10222	25.9659
31	0.731744	7.13766	3.06861	26.1042
32	0.764548	7.16317	2.93267	26.2209
33	0.768638	7.19015	2.6838	26.2977
34	0.751242	7.21492	2.26593	26.308
35	0.73245	7.23728	1.87906	26.2595
36	0.692373	7.25384	1.74602	26.1953
37	0.7266	7.27668	1.86707	26.1566
38	0.714182	7.29816	1.86145	26.1223
39	0.794101	7.3327	2.11699	26.1327
40	0.778608	7.3651	2.1706	26.1549
41	0.759745	7.39488	2.16586	26.1796
42	0.778271	7.42776	2.23396	26.2174
43	0.804519	7.46475	2.31561	26.2699
44	0.82703	7.50516	2.38908	26.3352
45	0.793999	7.54076	2.40356	26.4043
46	0.767786	7.57266	2.47345	26.485
47	0.74601	7.60161	2.56504	26.58
48	0.769063	7.63402	2.67425	26.6912
49	0.792306	7.66979	2.74381	26.8126
50	0.8097	7.70801	2.78502	26.9399
51	0.812056	7.74652	2.79615	27.0687
52	0.766625	7.77882	2.79513	27.1974
53	0.753381	7.8094	2.75031	27.32
54	0.720164	7.83563	2.66058	27.4306
55	0.709905	7.86065	2.62704	27.537
56	0.701674	7.88475	2.53997	27.6322
57	0.665372	7.9043	2.47989	27.7199
58	0.65687	7.92298	2.54408	27.8165
59	0.623365	7.93761	2.48771	27.9062
60	0.610628	7.95091	2.41566	27.9871
61	0.58039	7.9607	2.42466	28.0696
62	0.560649	7.96837	2.42241	28.1523
63	0.543027	7.97421	2.38602	28.231
64	0.532455	7.97914	2.28041	28.297
65	0.523685	7.98337	2.30145	28.3663
66	0.526704	7.98834	2.32896	28.4395
67	0.509466	7.99159	2.36238	28.5171
68	0.521577	7.99666	2.29286	28.5868
69	0.554607	8.00599	2.11851	28.6362
70	0.569023	8.01727	1.95932	28.6676
71	0.578241	8.02986	1.80357	28.6817
72	0.590104	8.04403	1.79725	28.6963
73	0.582583	8.05751	1.74236	28.7056
74	0.586669	8.07164	1.78196	28.7205
75	0.587421	8.08601	1.81278	28.7401
76	0.599953	8.10195	1.73897	28.7522
77	0.597337	8.11773	1.53739	28.7426
78	0.575152	8.13115	1.46919	28.7267
79	0.567899	8.14391	1.37284	28.7015
80	0.569924	8.15705	1.37994	28.6783
81	0.571002	8.17044	1.3369	28.6518
82	0.594897	8.18658	1.38723	28.6322
83	0.580399	8.20125	1.40319	28.6155
84	0.558179	8.21363	1.43015	28.6029
85	0.570761	8.22749	1.44383	28.5929
86	0.57446	8.24185	1.44199	28.5837
87	0.581149	8.25703	1.39831	28.5709
88	0.583685	8.27256	1.37874	28.5571
89	0.590083	8.28885	1.42466	28.5491
90	0.59986	8.30622	1.44853	28.5446
91	0.596687	8.32333	1.49964	28.5463
92	0.601641	8.341	1.5412	28.553
93	0.574315	8.35591	1.57204	28.5636
94	0.575723	8.37104	1.51188	28.5688
95	0.555522	8.38419	1.52259	28.5758
96	0.576279	8.39952	1.54661	28.5859
97	0.586431	8.41594	1.56855	28.5988
98	0.585968	8.43236	1.55844	28.6113
99	0.568514	8.44708	1.57332	28.6259
100	0.551794	8.46022	1.59096	28.6428
101	0.523914	8.47067	1.61127	28.6622
102	0.462451	8.4752	1.79241	28.6998
103	0.42232	8.47597	1.83582	28.742
104	0.391509	8.47393	1.8366	28.7845
105	0.369227	8.46994	1.85196	28.8287
106	0.345641	8.4639	1.91192	28.8789
107	0.312958	8.45496	2.00743	28.9385
108	0.284763	8.4436	2.06799	29.0038
109	0.283108	8.43236	2.09358	29.0716
110	0.290724	8.4221	2.11916	29.1418
111	0.30518	8.41347	2.04122	29.2046
112	0.297212	8.40433	1.98824	29.2624
113	0.2963	8.39534	1.94321	29.3161
114	0.328752	8.38961	1.95518	29.3711
115	0.341921	8.38529	1.97115	29.4275
116	0.355983	8.38246	1.96	29.483
117	0.36503	8.38063	1.99786	29.542
118	0.350164	8.37761	2.01717	29.6028
119	0.341066	8.37393	2.025	29.6643
120	0.358547	8.372	2.01759	29.7252
121	0.364566	8.37078	2.04011	29.7881
122	0.372076	8.37037	2.07142	29.8537
123	0.380257	8.37084	2.066	29.9189
124	0.369979	8.37052	2.06748	29.9841
125	0.378273	8.37107	2.05359	30.0481
126	0.3703	8.37104	2.03246	30.1101
127	0.361271	8.37034	2.00808	30.17
128	0.355174	8.36924	2.01861	30.2308
129	0.353582	8.36813	2.02138	30.2918
130	0.344426	8.36635	2.01604	30.3523
131	0.338791	8.36422	2.03056	30.4141
132	0.341181	8.36243	2.03967	30.4766
133	0.35297	8.36178	2.0043	30.536
134	0.364594	8.36225	2.01375	30.5962
135	0.375451	8.36375	2.05068	30.6596
136	0.375934	8.3654	2.0654	30.7241
137	0.364534	8.36617	2.09547	30.7911
138	0.372667	8.36774	2.12793	30.8608
139	0.368241	8.36903	2.13817	30.9313
140	0.356958	8.36946	2.17784	31.0049
141	0.338865	8.36849	2.23402	31.0832
142	0.328859	8.36679	2.26706	31.164
143	0.31763	8.36427	2.25771	31.2438
144	0.319237	8.36199	2.2681	31.3243
145	0.318858	8.3598	2.24017	31.4024
146	0.309592	8.35696	2.21425	31.4781
147	0.301376	8.35357	2.17525	31.5505
148	0.301443	8.35029	2.16251	31.6218
149	0.29295	8.34643	2.16052	31.6927
150	0.292115	8.34263	2.15392	31.763
151	0.297279	8.33936	2.14793	31.8327
152	0.294947	8.33601	2.1293	31.9008
153	0.296356	8.33288	2.10741	31.967
154	0.29675	8.32989	2.11157	32.0334
155	0.300574	8.32731	2.12335	32.1007
156	0.300206	8.3248	2.12945	32.1684
157	0.294786	8.32196	2.1481	32.2374
158	0.282373	8.31824	2.17437	32.3084
159	0.29383	8.31552	2.19236	32.3807
160	0.299449	8.31334	2.18544	32.4523
161	0.304208	8.31163	2.2046	32.5253
162	0.302666	8.30989	2.1622	32.5948
163	0.297116	8.3078	2.14839	32.6632
164	0.297465	8.30583	2.07877	32.726
165	0.29504	8.30376	2.00269	32.7828
166	0.279703	8.30059	1.98874	32.8385
167	0.276191	8.29724	1.97912	32.8935
168	0.270085	8.29352	1.99996	32.95
169	0.259149	8.28905	2.0363	33.0092
170	0.253151	8.28422	2.05692	33.07
171	0.253567	8.27952	2.06303	33.1311
172	0.278193	8.27679	2.13832	33.1979
173	0.291785	8.27517	2.1914	33.2686
174	0.290217	8.2735	2.21688	33.341
175	0.277793	8.27098	2.23829	33.4149
176	0.277222	8.26849	2.25253	33.4898
177	0.285416	8.2667	2.26707	33.5656
178	0.301453	8.26617	2.31627	33.6448
179	0.304812	8.26596	2.33218	33.7251
180	0.307709	8.26603	2.34887	33.8065
181	0.305969	8.26604	2.33666	33.8867
182	0.304488	8.26599	2.31254	33.965
183	0.300669	8.26573	2.31662	34.0434
184	0.302485	8.26566	2.29684	34.1201
185	0.301908	8.26561	2.28914	34.1962
186	0.299728	8.26546	2.21042	34.2663
187	0.294284	8.26497	2.16604	34.3331
188	0.292962	8.26444	2.11381	34.396
189	0.291582	8.26388	2.13335	34.4602
190	0.30082	8.26404	2.16163	34.5264
191	0.316133	8.26536	2.1944	34.5948
192	0.307961	8.26614	2.21	34.6642
193	0.313343	8.26736	2.23028	34.7349
194	0.30931	8.26834	2.19779	34.8031
195	0.310706	8.26946	2.13362	34.8667
196	0.302241	8.27003	2.12574	34.9296
197	0.298175	8.27037	2.11136	34.9914
198	0.298319	8.27076	2.05657	35.0493
199	0.288472	8.27051	2.0404	35.1059
200	0.281759	8.26984	2.00845	35.1602
201	0.271426	8.26849	2.0318	35.2161
202	0.274761	8.26744	2.04988	35.2732
203	0.282346	8.26697	2.07857	35.3322
204	0.278423	8.26628	2.0875	35.3918
205	0.280606	8.26579	2.08007	35.4508
206	0.278369	8.2652	2.07497	35.5094
207	0.27564	8.26447	2.07309	35.5677
208	0.274577	8.26372	2.0854	35.6268
209	0.278621	8.2633	2.10308	35.6871
210	0.280484	8.26305	2.09011	35.7464
211	0.27935	8.26277	2.11469	35.8073
212	0.278021	8.26245	2.12317	35.8687
213	0.274193	8.26191	2.13994	35.9311
214	0.267691	8.26098	2.14548	35.9938
215	0.256568	8.25934	2.14442	36.0563
216	0.242835	8.25682	2.17546	36.1209
217	0.231104	8.25357	2.2067	36.1874
218	0.23637	8.25072	2.22408	36.2551
219	0.236731	8.24796	2.18793	36.3201
220	0.230958	8.24486	2.14563	36.3822
221	0.229276	8.24171	2.08682	36.4403
222	0.227433	8.23849	2.06407	36.4968
223	0.226434	8.23526	2.07176	36.5537
224	0.21847	8.23155	2.07934	36.6111
225	0.215283	8.22769	2.08752	36.6689
226	0.213013	8.22374	2.10542	36.7278
227	0.213071	8.21984	2.11549	36.7873
228	0.209315	8.21575	2.11138	36.8465
229	0.203629	8.21135	2.10329	36.9051
230	0.20388	8.20702	2.12265	36.9648
231	0.201711	8.2026	2.13177	37.025
232	0.200072	8.19814	2.08452	37.0821
233	0.20564	8.19409	2.03756	37.1361
234	0.208184	8.19027	2.00343	37.1877
235	0.210043	8.18661	2.00001	37.2391
236	0.197551	8.1822	2.00807	37.2909
237	0.188338	8.17725	2.00591	37.3426
238	0.181895	8.17194	2.00247	37.394
239	0.176173	8.16631	1.97039	37.4432
240	0.177587	8.16084	1.98528	37.4934
241	0.179879	8.15557	2.00087	37.5445
242	0.18379	8.15061	2.0161	37.5966
243	0.181587	8.14556	2.02978	37.6495
244	0.184169	8.14073	2.03506	37.7026
245	0.176363	8.13545	2.03263	37.7556
246	0.174693	8.13013	2.02674	37.8081
247	0.178833	8.12512	2.01233	37.8596
248	0.187448	8.12071	2.03181	37.9123
249	0.193093	8.11671	2.05238	37.9663
250	0.197481	8.11303	2.03825	38.0192
251	0.194144	8.10918	2.0237	38.0713
252	0.195435	8.10547	1.99597	38.1215
253	0.189531	8.10143	1.9441	38.1684
254	0.191971	8.09759	1.92093	38.2139
255	0.188748	8.09359	1.91599	38.259
256	0.185509	8.08944	1.9139	38.3039
257	0.188023	8.08549	1.91158	38.3487
258	0.180036	8.08109	1.90269	38.3928
259	0.17783	8.07661	1.88712	38.436
260	0.178051	8.07218	1.88038	38.4788
261	0.182223	8.06805	1.89961	38.5227
262	0.188085	8.06434	1.91095	38.5673
263	0.184665	8.06045	1.92472	38.6127
264	0.188731	8.05686	1.92995	38.6584
265	0.190635	8.05342	1.93081	38.7041
266	0.182592	8.04954	1.94674	38.7507
267	0.181398	8.04562	1.94281	38.7971
268	0.176339	8.04144	1.93895	38.8432
269	0.169834	8.03691	1.93732	38.8891
270	0.164004	8.03206	1.9285	38.9345
271	0.16685	8.02744	1.92364	38.9795
272	0.164888	8.02274	1.89471	39.0228
273	0.166359	8.01817	1.88916	39.0657
274	0.167671	8.01372	1.87771	39.1079
275	0.17197	8.00958	1.87509	39.1499
276	0.162529	8.00491	1.8959	39.1931
277	0.157061	7.99995	1.90796	39.2371
278	0.155587	7.99495	1.91475	39.2814
279	0.159086	7.9902	1.9346	39.3268
280	0.159916	7.98555	1.93944	39.3725
281	0.15956	7.98091	1.95226	39.4189
282	0.165768	7.97669	1.96205	39.4659
283	0.17014	7.97276	1.98226	39.514
284	0.170471	7.96889	1.98253	39.5621
285	0.170415	7.96505	2.0002	39.6112
286	0.17129	7.96131	2.01442	39.6611
287	0.175406	7.95784	2.02774	39.7117
288	0.175764	7.95443	2.04322	39.7631
289	0.171903	7.95083	2.05411	39.8152
290	0.163868	7.94679	2.04322	39.8665
291	0.166456	7.94294	2.05239	39.9183
292	0.171044	7.9394	2.07582	39.9714
293	0.165915	7.93559	2.05963	40.0236
294	0.162017	7.93159	2.06405	40.0759
295	0.155634	7.92726	2.03945	40.1267
296	0.146907	7.92246	2.00299	40.1753
297	0.145732	7.91762	1.96571	40.2218
298	0.146334	7.91287	1.93728	40.2665
299	0.154352	7.90861	1.94159	40.3115
300	0.163201	7.90489	1.96459	40.3577
301	0.156301	7.90082	1.97516	40.4046
302	0.154323	7.89667	1.9617	40.4506
303	0.155347	7.8926	1.96092	40.4965
304	0.156255	7.88863	1.95987	40.5423
305	0.161882	7.88501	1.95231	40.5876
306	0.169367	7.88185	1.95175	40.6329
307	0.172582	7.87891	1.94164	40.6776
308	0.177968	7.8763	1.95741	40.7231
309	0.18033	7.87385	1.96941	40.7692
310	0.177331	7.87126	1.9828	40.8161
311	0.179317	7.86881	1.99874	40.8638
312	0.17991	7.86642	2.00615	40.9119
313	0.178166	7.86397	2.01429	40.9604
314	0.184872	7.86191	2.02958	41.0097
315	0.192692	7.86033	2.01965	41.0584
316	0.200338	7.85919	2.03566	41.108
317	0.207682	7.85849	2.04103	41.1578
318	0.20902	7.85789	2.04492	41.2077
319	0.21092	7.85741	2.02188	41.2563
320	0.206782	7.85672	1.98769	41.303
321	0.202248	7.85581	1.96449	41.3483
322	0.20464	7.85504	1.95439	41.393
323	0.205784	7.85436	1.92813	41.4363
324	0.204404	7.85363	1.9161	41.4788
325	0.201823	7.85277	1.89934	41.5203
326	0.203061	7.85201	1.90214	41.562
327	0.206975	7.85147	1.91209	41.6042
328	0.213161	7.8513	1.92255	41.647
329	0.21151	7.85106	1.93353	41.6903
330	0.217457	7.85116	1.95091	41.7345
331	0.226157	7.85176	1.97037	41.7798
332	0.227255	7.85243	1.96948	41.825
333	0.224973	7.85299	1.94377	41.8687
334	0.222497	7.85344	1.9391	41.9121
335	0.220844	7.85381	1.9491	41.9561
336	0.220048	7.85415	1.9284	41.9989
337	0.215168	7.85424	1.9194	42.0411
338	0.217956	7.8545	1.89216	42.0819
339	0.214294	7.85458	1.87644	42.1217
340	0.206417	7.85425	1.88765	42.1622
341	0.20562	7.8539	1.8904	42.2028
342	0.202662	7.8534	1.88636	42.2431
343	0.199853	7.85277	1.88422	42.2833
344	0.195466	7.85192	1.86272	42.3222
345	0.185492	7.85056	1.86037	42.3611
346	0.180293	7.84894	1.85635	42.3997
347	0.180233	7.84733	1.84461	42.4376
348	0.178962	7.84568	1.85009	42.4759
349	0.177905	7.84399	1.83528	42.5133
350	0.171372	7.84198	1.84087	42.551
351	0.17325	7.84008	1.82659	42.5879
352	0.177918	7.83846	1.81703	42.6243
353	0.181968	7.83707	1.82363	42.661
354	0.184	7.8358	1.81849	42.6974
355	0.187834	7.83476	1.82944	42.7344
356	0.187126	7.8337	1.84422	42.7721
357	0.195337	7.83309	1.8681	42.8111
358	0.196694	7.83257	1.8763	42.8505
359	0.197332	7.8321	1.88143	42.8901
360	0.195792	7.83157	1.89273	42.9303
361	0.197331	7.83113	1.9016	42.971
362	0.201367	7.83092	1.90822	43.0119
363	0.204421	7.83089	1.89678	43.0522
364	0.207878	7.83105	1.89592	43.0925
365	0.202216	7.83093	1.88203	43.132
366	0.1933	7.83036	1.87581	43.1711
367	0.186405	7.82944	1.85719	43.2093
368	0.179586	7.82819	1.86137	43.2476
369	0.181273	7.82705	1.83646	43.2846
370	0.177488	7.82572	1.83141	43.3213
371	0.178272	7.82446	1.81917	43.3574
372	0.17991	7.82329	1.81856	43.3935
373	0.183413	7.82233	1.83154	43.4301
374	0.185978	7.82151	1.82544	43.4665
375	0.189479	7.82089	1.83442	43.5033
376	0.190762	7.82035	1.84384	43.5405
377	0.190546	7.81981	1.84091	43.5776
378	0.195497	7.81954	1.84218	43.6148
379	0.202552	7.81965	1.84372	43.6519
380	0.20639	7.81997	1.84127	43.689
381	0.201597	7.82005	1.83532	43.7257
382	0.19793	7.81997	1.81871	43.7615
383	0.202076	7.8201	1.82081	43.7974
384	0.204885	7.8204	1.83398	43.834
385	0.201079	7.82051	1.83775	43.8708
386	0.201438	7.82065	1.83808	43.9075
387	0.197525	7.8206	1.8494	43.9448
388	0.193872	7.82039	1.85226	43.9822
389	0.191434	7.82006	1.8249	44.0182
390	0.195454	7.81995	1.81364	44.0537
391	0.195769	7.81987	1.78678	44.0877
392	0.194125	7.81972	1.79592	44.1222
393	0.191646	7.81946	1.77998	44.1559
394	0.190592	7.81916	1.74847	44.188
395	0.191835	7.81894	1.75527	44.2204
396	0.191773	7.81872	1.75166	44.2526
397	0.18624	7.81824	1.75108	44.2847
398	0.185035	7.81771	1.75743	44.3172
399	0.184741	7.81718	1.75942	44.3498
400	0.18232	7.81655	1.75586	44.3822
401	0.180005	7.81581	1.7618	44.4148
402	0.183447	7.81526	1.77494	44.4481
403	0.188473	7.81497	1.7848	44.4819
404	0.192277	7.81488	1.78266	44.5156
405	0.188266	7.81461	1.78268	44.5492
406	0.18681	7.81427	1.78102	44.5828
407	0.184784	7.81385	1.77643	44.6161
408	0.182481	7.81333	1.75397	44.6483
409	0.178134	7.8126	1.74994	44.6802
410	0.180407	7.81201	1.75072	44.7122
411	0.180856	7.81144	1.74949	44.7441
412	0.182179	7.81096	1.76097	44.7766
413	0.180498	7.8104	1.76684	44.8094
414	0.179162	7.80979	1.77532	44.8425
415	0.176239	7.80905	1.78817	44.8763
416	0.173411	7.80819	1.78947	44.9101
417	0.171994	7.80727	1.77823	44.9434
418	0.167365	7.80613	1.78713	44.977
419	0.159661	7.80464	1.79237	45.0109
420	0.157146	7.80303	1.78458	45.0444
421	0.152257	7.80121	1.79458	45.0784
422	0.151833	7.79938	1.79448	45.1124
423	0.152328	7.79759	1.79657	45.1464
424	0.156524	7.79601	1.80757	45.181
425	0.156944	7.79447	1.80263	45.2153
426	0.161205	7.79315	1.79815	45.2493
427	0.159256	7.79176	1.78752	45.2829
428	0.159752	7.79039	1.77924	45.316
429	0.16164	7.78914	1.77872	45.3491
430	0.161362	7.78788	1.77615	45.382
431	0.162958	7.78671	1.78113	45.4152
432	0.160905	7.78546	1.77071	45.4478
433	0.157054	7.78404	1.75742	45.4798
434	0.160291	7.78278	1.7544	45.5116
435	0.157307	7.7814	1.74892	45.5432
436	0.150558	7.7797	1.73114	45.5739
437	0.150936	7.77804	1.71327	45.6037
438	0.151445	7.77642	1.71806	45.6338
439	0.147425	7.77462	1.72795	45.6643
440	0.147767	7.77284	1.72593	45.6947
441	0.149031	7.77115	1.72243	45.7249
442	0.149838	7.7695	1.70123	45.7542
443	0.15398	7.76807	1.7015	45.7834
444	0.156496	7.76676	1.69762	45.8124
445	0.156773	7.76549	1.69765	45.8414
446	0.154598	7.76412	1.71184	45.8711
447	0.158216	7.76294	1.72718	45.9015
448	0.162292	7.76196	1.74331	45.9327
449	0.165995	7.76116	1.72825	45.9631
450	0.168535	7.7605	1.7247	45.9934
451	0.170451	7.75994	1.73359	46.024
452	0.16447	7.75911	1.74984	46.0554
453	0.160657	7.75811	1.76411	46.0875
454	0.159626	7.75707	1.7719	46.1199
455	0.156126	7.75588	1.77139	46.1523
456	0.15344	7.75458	1.77194	46.1847
457	0.15675	7.75344	1.78261	46.2175
458	0.159106	7.75243	1.78854	46.2507
459	0.159511	7.75145	1.78335	46.2835
460	0.15408	7.75022	1.7831	46.3164
461	0.146312	7.74865	1.79245	46.3496
462	0.142361	7.7469	1.78273	46.3824
463	0.143436	7.74522	1.77369	46.4148
464	0.145573	7.74365	1.76865	46.4469
465	0.145152	7.74207	1.76965	46.479
466	0.143998	7.74045	1.77944	46.5116
467	0.145813	7.73893	1.79114	46.5447
468	0.146321	7.73744	1.7772	46.5771
469	0.144485	7.73588	1.75458	46.6085
470	0.144841	7.73435	1.7343	46.6389
471	0.140236	7.73261	1.74736	46.6699
472	0.137414	7.73076	1.75076	46.7011
473	0.136282	7.72888	1.74552	46.732
474	0.136613	7.72701	1.74329	46.7628
475	0.133986	7.72505	1.74893	46.7938
476	0.132176	7.72301	1.76121	46.8254
477	0.12838	7.72081	1.7608	46.8569
478	0.127146	7.71856	1.76937	46.8889
479	0.123906	7.71619	1.7835	46.9214
480	0.1201	7.71365	1.7825	46.9539
481	0.120141	7.71112	1.78129	46.9863
482	0.119335	7.70858	1.79135	47.0192
483	0.121672	7.70615	1.79592	47.0522
484	0.126837	7.70397	1.80405	47.0856
485	0.131081	7.702	1.81348	47.1195
486	0.132754	7.70011	1.82069	47.1536
487	0.135765	7.69838	1.83147	47.1882
488	0.137289	7.69672	1.82947	47.2226
489	0.138274	7.69512	1.82812	47.257
490	0.138988	7.69356	1.8155	47.2908
491	0.137713	7.69196	1.79326	47.3236
492	0.13684	7.69032	1.78329	47.3559
493	0.13774	7.68874	1.79224	47.3886
494	0.140381	7.68729	1.79894	47.4216
495	0.144526	7.68604	1.80182	47.4547
496	0.147686	7.68493	1.80669	47.488
497	0.148958	7.6839	1.79957	47.5209
498	0.152835	7.68304	1.79692	47.5537
499	0.15337	7.68223	1.78649	47.5861
500	0.153528	7.68142	1.78303	47.6182
501	0.150537	7.68049	1.77469	47.65
502	0.15059	7.67958	1.77403	47.6817
503	0.152068	7.67874	1.77825	47.7136
504	0.149916	7.67781	1.7605	47.7447
505	0.149851	7.67689	1.73871	47.7748
506	0.151832	7.67607	1.74224	47.8051
507	0.152372	7.67528	1.75065	47.8357
508	0.15286	7.67452	1.74729	47.8661
509	0.156254	7.67392	1.75908	47.8971
510	0.156887	7.67335	1.75656	47.9279
511	0.161619	7.67301	1.77191	47.9594
512	0.165159	7.67282	1.77867	47.9912
513	0.168625	7.6728	1.78925	48.0234
514	0.168029	7.67276	1.8005	48.0561
515	0.163231	7.67252	1.81683	48.0896
516	0.157231	7.67201	1.82517	48.1233
517	0.153561	7.67136	1.81049	48.1564
518	0.156122	7.67083	1.79772	48.1889
519	0.159416	7.67045	1.7986	48.2214
520	0.164802	7.67031	1.81272	48.2546
521	0.171462	7.67047	1.83774	48.2888
522	0.171201	7.67063	1.83639	48.3229
523	0.166897	7.6706	1.83683	48.357
524	0.166829	7.67058	1.84124	48.3913
525	0.165117	7.67049	1.84484	48.4257
526	0.162481	7.6703	1.85472	48.4606
527	0.160541	7.67002	1.85987	48.4956
528	0.156688	7.66959	1.8636	48.5308
529	0.15145	7.66894	1.86309	48.5659
530	0.147225	7.66811	1.86167	48.601
531	0.141139	7.66703	1.86843	48.6363
532	0.139448	7.66588	1.86741	48.6715
533	0.13539	7.66456	1.87149	48.7069
534	0.136357	7.6633	1.87838	48.7426
535	0.138493	7.66214	1.88565	48.7786
536	0.140031	7.66105	1.88967	48.8147
537	0.138304	7.6599	1.87922	48.8503
538	0.13888	7.65878	1.8572	48.885
539	0.137832	7.65762	1.8453	48.9191
540	0.137421	7.65646	1.8529	48.9536
541	0.136499	7.65526	1.85456	48.9881
542	0.136368	7.65407	1.85726	49.0227
543	0.136305	7.65288	1.84446	49.0567
544	0.133244	7.65157	1.83472	49.0902
545	0.13082	7.65017	1.8304	49.1236
546	0.128244	7.64867	1.83851	49.1573
547	0.128391	7.64718	1.8358	49.1909
548	0.130654	7.64579	1.83472	49.2244
549	0.131364	7.64445	1.82691	49.2575
550	0.128766	7.643	1.83094	49.2908
551	0.124626	7.64139	1.82353	49.3237
552	0.118872	7.63954	1.83588	49.3572
553	0.11853	7.63768	1.8247	49.3902
554	0.120476	7.63592	1.82507	49.4231
555	0.117829	7.63406	1.82597	49.4561
556	0.120326	7.63231	1.82153	49.4889
557	0.121088	7.6306	1.81472	49.5214
558	0.119408	7.62883	1.81719	49.5539
559	0.120734	7.62712	1.82509	49.5868
560	0.122067	7.62548	1.82217	49.6195
561	0.119545	7.62375	1.82115	49.6522
562	0.117406	7.62193	1.8171	49.6847
563	0.113278	7.61995	1.82113	49.7173
564	0.112001	7.61792	1.79325	49.7487
565	0.112363	7.61592	1.76921	49.7791
566	0.114178	7.614	1.76961	49.8096
567	0.119187	7.6123	1.78153	49.8405
568	0.118783	7.6106	1.7821	49.8714
569	0.11631	7.6088	1.77862	49.9021
570	0.114563	7.60694	1.78628	49.9332
571	0.111413	7.60495	1.78131	49.964
572	0.109818	7.60291	1.78847	49.9951
573	0.10987	7.60087	1.7947	50.0264
574	0.109852	7.59885	1.78837	50.0575
575	0.110327	7.59685	1.79184	50.0887
576	0.11157	7.59492	1.7949	50.12
577	0.10761	7.59283	1.80143	50.1516
578	0.10612	7.59069	1.79959	50.1831
579	0.103602	7.58845	1.80007	50.2145
580	0.100664	7.5861	1.79657	50.2458
581	0.0957065	7.58356	1.80157	50.2773
582	0.0913507	7.58084	1.81193	50.3093
583	0.0892991	7.57805	1.81846	50.3414
584	0.0853891	7.57511	1.80799	50.3731
585	0.0856886	7.57219	1.79633	50.4044
586	0.0821239	7.56914	1.79442	50.4355
587	0.0778067	7.56592	1.79029	50.4664
588	0.0763594	7.56265	1.77998	50.4969
589	0.0727417	7.55924	1.7731	50.5271
590	0.0731421	7.55586	1.76171	50.5568
591	0.0740367	7.55252	1.75935	50.5864
592	0.0753337	7.54925	1.75148	50.6157
593	0.074428	7.54596	1.74609	50.6447
594	0.0749849	7.5427	1.75182	50.674
595	0.0758321	7.53948	1.7625	50.7036
596	0.0790104	7.5364	1.76512	50.7334
597	0.0782158	7.53331	1.7664	50.7632
598	0.0776804	7.5302	1.77256	50.7933
599	0.0755382	7.52701	1.77636	50.8234
600	0.0736029	7.52376	1.78429	50.8539
601	0.0693465	7.52034	1.79245	50.8847
602	0.0671546	7.51685	1.78449	50.9152
603	0.0667981	7.51335	1.76829	50.945
604	0.0637752	7.50973	1.76254	50.9746
605	0.0652788	7.5062	1.75699	51.0039
606	0.0635527	7.5026	1.74994	51.0329
607	0.0579214	7.49878	1.75235	51.062
608	0.055099	7.49486	1.75991	51.0914
609	0.0537792	7.4909	1.76647	51.121
610	0.0527729	7.48692	1.77228	51.1508
611	0.0535364	7.48297	1.76413	51.1804
612	0.0540894	7.47906	1.76285	51.2098
613	0.0529454	7.47511	1.75925	51.2391
614	0.0516342	7.47112	1.76072	51.2684
615	0.0524922	7.46717	1.76478	51.2979
616	0.0562917	7.46339	1.76869	51.3275
617	0.0574889	7.45967	1.77359	51.3574
618	0.0560998	7.45591	1.76487	51.3868
619	0.0585801	7.45225	1.7618	51.4161
620	0.0600221	7.44867	1.75447	51.4451
621	0.0620899	7.44518	1.75534	51.4741
622	0.0636401	7.44175	1.75756	51.5032
623	0.063802	7.43835	1.75592	51.5322
624	0.0661656	7.43505	1.74313	51.5607
625	0.0657409	7.43175	1.73535	51.5889
626	0.0667132	7.42849	1.73799	51.6172
627	0.0685221	7.42531	1.73767	51.6454
628	0.0692423	7.42218	1.74114	51.6738
629	0.0700128	7.41908	1.74986	51.7025
630	0.0733423	7.41613	1.75977	51.7316
631	0.07162	7.41311	1.75699	51.7605
632	0.0690981	7.41001	1.7485	51.7891
633	0.0658074	7.40678	1.73754	51.8173
634	0.0644483	7.40351	1.73456	51.8453
635	0.0654793	7.40029	1.7113	51.8724
636	0.0668046	7.39714	1.70272	51.8991
637	0.0694008	7.39409	1.69538	51.9256
638	0.0747122	7.39127	1.69267	51.9519
639	0.0765875	7.38852	1.69689	51.9784
640	0.0804975	7.38594	1.70864	52.0053
641	0.0814404	7.38341	1.70957	52.0323
642	0.0765911	7.38069	1.72311	52.0598
643	0.0761193	7.37797	1.73099	52.0876
644	0.0714557	7.37507	1.73921	52.1157
645	0.0725455	7.37222	1.73155	52.1434
646	0.0729433	7.36939	1.73648	52.1714
647	0.0734217	7.36659	1.73274	52.1992
648	0.0718157	7.36374	1.72552	52.2267
649	0.0706212	7.36085	1.71893	52.254
650	0.075322	7.35816	1.72283	52.2814
651	0.0736721	7.3554	1.72394	52.3088
652	0.0737232	7.35266	1.7241	52.3362
653	0.075284	7.34999	1.72953	52.3638
654	0.0746557	7.3473	1.73225	52.3915
655	0.0733389	7.34456	1.73288	52.4192
656	0.0710481	7.34175	1.73017	52.4468
657	0.0679437	7.33882	1.73659	52.4747
658	0.0663174	7.33584	1.74236	52.5027
659	0.0672982	7.33291	1.74166	52.5307
660	0.0657682	7.32993	1.7435	52.5588
661	0.0656264	7.32695	1.74408	52.5869
662	0.067018	7.32403	1.74146	52.6148
663	0.0696663	7.32122	1.74205	52.6428
664	0.0719964	7.31851	1.72658	52.6702
665	0.0740319	7.31589	1.72628	52.6975
666	0.0724311	7.31321	1.71234	52.7243
667	0.0712858	7.3105	1.71678	52.7513
668	0.0702338	7.30776	1.72015	52.7784
669	0.0726064	7.30511	1.72614	52.8057
670	0.0728311	7.30249	1.73088	52.8331
671	0.0720353	7.29983	1.73445	52.8607
672	0.0757645	7.29734	1.73948	52.8885
673	0.0778981	7.29493	1.74379	52.9164
674	0.0768368	7.29248	1.74265	52.9443
675	0.0757718	7.29001	1.73901	52.972
676	0.0784808	7.28764	1.74709	53
677	0.0810482	7.28539	1.75651	53.0284
678	0.0812123	7.28314	1.75374	53.0566
679	0.0786642	7.28081	1.75459	53.0849
680	0.0750547	7.27834	1.76243	53.1135
681	0.0749906	7.27588	1.7611	53.1419
682	0.0743996	7.2734	1.75131	53.17
683	0.0747304	7.27095	1.74533	53.1979
684	0.0738217	7.26847	1.72198	53.2249
685	0.0723081	7.26593	1.72803	53.252
686	0.0725629	7.26342	1.72812	53.2792
687	0.0703494	7.26082	1.73839	53.3068
688	0.0704669	7.25824	1.74341	53.3345
689	0.0730788	7.25577	1.75096	53.3625
690	0.0735979	7.25332	1.75984	53.3908
691	0.0776127	7.25104	1.77405	53.4197
692	0.0826967	7.24895	1.77718	53.4486
693	0.0832264	7.24689	1.77837	53.4776
694	0.0835958	7.24485	1.77947	53.5066
695	0.0851979	7.24288	1.78475	53.5359
696	0.0845509	7.24089	1.78258	53.565
697	0.0840451	7.23889	1.77379	53.5937
698	0.0840805	7.23689	1.77349	53.6225
699	0.0861289	7.23498	1.77084	53.6511
700	0.0886571	7.23317	1.77477	53.6798
701	0.0882018	7.23135	1.77782	53.7087
702	0.0890042	7.22957	1.77435	53.7374
703	0.0887412	7.22778	1.7779	53.7662
704	0.0836916	7.22581	1.79041	53.7955
705	0.0798927	7.2237	1.80111	53.8252
706	0.079569	7.22159	1.80279	53.8549
707	0.0802735	7.21951	1.78218	53.8839
708	0.0793841	7.2174	1.76422	53.9121
709	0.0756999	7.21517	1.76789	53.9405
710	0.0730829	7.21284	1.7581	53.9685
711	0.0722647	7.21048	1.75707	53.9964
712	0.0704441	7.20807	1.75988	54.0245
713	0.0702724	7.20565	1.76487	54.0527
714	0.0710751	7.20328	1.76229	54.0808
715	0.0739616	7.20101	1.7632	54.1089
716	0.0766131	7.19886	1.76855	54.1372
717	0.0717953	7.19653	1.77591	54.1658
718	0.0716776	7.1942	1.78068	54.1945
719	0.0723524	7.1919	1.77018	54.2229
720	0.0731454	7.18964	1.76974	54.2512
721	0.0702821	7.18728	1.77212	54.2795
722	0.0679694	7.18484	1.76791	54.3077
723	0.066894	7.18237	1.76282	54.3357
724	0.0666613	7.1799	1.75829	54.3636
725	0.0651042	7.17737	1.76176	54.3915
726	0.0605789	7.17468	1.77175	54.4198
727	0.0577406	7.1719	1.77958	54.4484
728	0.0575184	7.16912	1.78429	54.4771
729	0.0554286	7.16626	1.78042	54.5057
730	0.0529609	7.16332	1.78117	54.5343
731	0.0535162	7.16041	1.76807	54.5624
732	0.0524497	7.15747	1.75509	54.59
733	0.0556087	7.15465	1.76304	54.6178
734	0.056346	7.15186	1.76468	54.6458
735	0.0544678	7.14901	1.76659	54.6738
736	0.0526248	7.14611	1.76896	54.7018
737	0.05126	7.14316	1.76937	54.7299
738	0.0498617	7.14016	1.76827	54.7579
739	0.04983	7.13717	1.76447	54.7858
740	0.0494951	7.13418	1.75568	54.8133
741	0.0483226	7.13115	1.75177	54.8407
742	0.0497902	7.12818	1.7487	54.8679
743	0.0521696	7.12531	1.75067	54.8952
744	0.0513377	7.12241	1.75063	54.9225
745	0.0479889	7.11939	1.74492	54.9496
746	0.0456101	7.1163	1.75576	54.977
747	0.0444025	7.11317	1.76495	55.0048
748	0.0427716	7.10999	1.76576	55.0326
749	0.0415367	7.10677	1.75891	55.0601
750	0.0400027	7.1035	1.75349	55.0874
751	0.0409402	7.10028	1.75642	55.1149
752	0.0425395	7.09712	1.75169	55.1421
753	0.0425258	7.09396	1.75296	55.1694
754	0.0433047	7.09084	1.75613	55.1967
755	0.0454533	7.08781	1.75427	55.224
756	0.0486988	7.0849	1.75618	55.2514
757	0.0497344	7.08204	1.7528	55.2786
758	0.0496357	7.07918	1.75554	55.3059
759	0.0501628	7.07634	1.75047	55.333
760	0.0518633	7.07358	1.74414	55.3598
761	0.0507523	7.07078	1.7439	55.3867
762	0.0497496	7.06795	1.74389	55.4135
763	0.0494259	7.06511	1.74791	55.4405
764	0.0465064	7.06218	1.75087	55.4675
765	0.0474344	7.05929	1.75458	55.4947
766	0.0466282	7.05637	1.7563	55.522
767	0.0485081	7.05353	1.76457	55.5495
768	0.0484638	7.0507	1.77066	55.5772
769	0.0480182	7.04785	1.76934	55.6049
770	0.047716	7.04501	1.76571	55.6324
771	0.0490145	7.04221	1.77072	55.6601
772	0.0529955	7.03956	1.77386	55.6879
773	0.0541845	7.03697	1.77143	55.7156
774	0.0544921	7.03439	1.76528	55.743
775	0.0552754	7.03184	1.76052	55.7703
776	0.0567642	7.02936	1.76349	55.7977
777	0.0583707	7.02694	1.76625	55.8251
778	0.0582672	7.02452	1.76295	55.8525
779	0.0576584	7.02208	1.7602	55.8797
780	0.056104	7.0196	1.75869	55.9068
781	0.0568307	7.01714	1.76288	55.9341
782	0.0552754	7.01464	1.76773	55.9616
783	0.0552327	7.01214	1.77222	55.9892
784	0.0548578	7.00964	1.77533	56.0169
785	0.0537375	7.0071	1.7735	56.0445
786	0.050879	7.00446	1.77362	56.0721
787	0.049199	7.00177	1.76797	56.0995
788	0.0496168	6.99911	1.77098	56.127
789	0.0504471	6.99647	1.77443	56.1546
790	0.0533422	6.99395	1.77431	56.1822
791	0.0549706	6.99149	1.78334	56.2101
792	0.0531672	6.98898	1.78756	56.2381
793	0.0541316	6.9865	1.79044	56.2662
794	0.0551945	6.98406	1.79343	56.2944
795	0.0572321	6.98171	1.79703	56.3228
796	0.0580377	6.97939	1.7936	56.3509
797	0.0576507	6.97706	1.78601	56.3789
798	0.0577229	6.97474	1.78769	56.4068
799	0.057558	6.97242	1.78922	56.4348
800	0.0566627	6.97007	1.78866	56.4628
801	0.053643	6.96762	1.78872	56.4907
802	0.0546821	6.96521	1.79419	56.5189
803	0.0546235	6.96281	1.80092	56.5472
804	0.0560802	6.96047	1.80943	56.5759
805	0.0566469	6.95815	1.80618	56.6044
806	0.055044	6.95578	1.80218	56.6327
807	0.0555761	6.95343	1.80138	56.6611
808	0.0580372	6.95118	1.8055	56.6895
809	0.058688	6.94895	1.80646	56.718
810	0.0582797	6.94671	1.80778	56.7465
811	0.0581374	6.94448	1.8041	56.7749
812	0.0593236	6.94229	1.80503	56.8032
813	0.0607797	6.94016	1.79919	56.8314
814	0.0620848	6.93808	1.79152	56.8593
815	0.0636694	6.93606	1.77973	56.8867
816	0.0639074	6.93405	1.77296	56.9139
817	0.0640724	6.93206	1.76934	56.941
818	0.063777	6.93006	1.76485	56.9679
819	0.0641835	6.92808	1.75821	56.9946
820	0.0620961	6.92603	1.75954	57.0213
821	0.0615453	6.92396	1.75813	57.0479
822	0.0610465	6.92189	1.76299	57.0747
823	0.0591919	6.91975	1.77053	57.1017
824	0.0573563	6.91756	1.77265	57.1288
825	0.0570846	6.91536	1.76554	57.1557
826	0.0575246	6.91318	1.76505	57.1825
827	0.056501	6.91097	1.76336	57.2092
828	0.0551009	6.90872	1.74345	57.2353
829	0.0552324	6.90648	1.73099	57.2609
830	0.0560411	6.90427	1.73356	57.2866
831	0.0540109	6.90199	1.74128	57.3125
832	0.0508311	6.89962	1.74351	57.3385
833	0.0457166	6.89706	1.74206	57.3644
834	0.0427623	6.89442	1.74531	57.3905
835	0.0393639	6.89166	1.74989	57.4167
836	0.0360417	6.88879	1.75664	57.4431
837	0.034194	6.88586	1.76031	57.4696
838	0.0309235	6.88283	1.76825	57.4964
839	0.030378	6.87979	1.77051	57.5233
840	0.0280675	6.87667	1.77461	57.5503
841	0.0261976	6.87349	1.77483	57.5772
842	0.024483	6.87026	1.77408	57.6042
843	0.0248571	6.86705	1.77045	57.631
844	0.0251998	6.86385	1.76918	57.6578
845	0.0253317	6.86067	1.77105	57.6846
846	0.0236542	6.85744	1.77303	57.7114
847	0.0227063	6.85418	1.7703	57.7382
848	0.0233441	6.85094	1.77372	57.765
849	0.0238021	6.84773	1.77484	57.7919
850	0.0235788	6.84452	1.77773	57.8189
851	0.0226229	6.84128	1.77599	57.8458
852	0.0205254	6.83798	1.78077	57.8729
853	0.0200345	6.83466	1.78419	57.9
854	0.0222715	6.83143	1.78489	57.9272
855	0.0215895	6.82818	1.78591	57.9544
856	0.0205985	6.82491	1.77953	57.9814
857	0.0205048	6.82163	1.78186	58.0084
858	0.0184115	6.81829	1.7805	58.0354
859	0.0191957	6.81499	1.78131	58.0624
860	0.019606	6.8117	1.77578	58.0892
861	0.0187704	6.80839	1.77367	58.1159
862	0.016622	6.80501	1.77506	58.1427
863	0.0156707	6.80161	1.77225	58.1693
864	0.0138173	6.79815	1.77317	58.196
865	0.0128786	6.79467	1.77308	58.2226
866	0.0109546	6.79113	1.76665	58.249
867	0.00952209	6.78754	1.7558	58.2751
868	0.00802271	6.78391	1.76137	58.3013
869	0.00835302	6.7803	1.76556	58.3276
870	0.00851465	6.7767	1.7578	58.3537
871	0.00747122	6.77307	1.75635	58.3797
872	0.00531672	6.76937	1.76239	58.4059
873	0.00493878	6.76567	1.76716	58.4323
874	0.00358411	6.76193	1.77319	58.4588
875	0.00381587	6.7582	1.77851	58.4855
876	0.00260397	6.75444	1.78535	58.5125
877	-0.00144206	6.75055	1.79707	58.5398
878	-0.00342619	6.7466	1.79943	58.5672
879	-0.00521704	6.74259	1.79978	58.5946
880	-0.00771233	6.73851	1.80337	58.6221
881	-0.0111143	6.73432	1.8114	58.6498
882	-0.0114831	6.73012	1.81585	58.6777
883	-0.00905085	6.72601	1.82622	58.7059
884	-0.0093672	6.7219	1.8214	58.734
885	-0.00819593	6.71783	1.81939	58.762
886	-0.00946262	6.71373	1.81518	58.7898
887	-0.00950784	6.70964	1.80919	58.8174
888	-0.00856763	6.70558	1.80429	58.8448
889	-0.00832702	6.70154	1.80931	58.8724
890	-0.00825579	6.6975	1.81064	58.9
891	-0.00559516	6.69356	1.81543	58.9278
892	-0.0028077	6.68973	1.814	58.9555
893	-0.00240514	6.68591	1.81609	58.9832
894	-0.00323075	6.68207	1.81721	59.011
895	-0.00364722	6.67822	1.82032	59.0389
896	-0.00505348	6.67433	1.82258	59.0668
897	-0.00614822	6.67041	1.82569	59.0949
898	-0.00717304	6.66647	1.82763	59.1229
899	-0.00484959	6.66261	1.82559	59.1509
900	-0.00346234	6.6588	1.82316	59.1788
901	-0.00295454	6.65501	1.8165	59.2065
902	-0.00254132	6.65124	1.80689	59.2339
903	-0.00309276	6.64747	1.80159	59.261
904	-0.00256995	6.64371	1.80034	59.2881
905	-0.00143539	6.64	1.80011	59.3152
906	-0.000815425	6.63631	1.79682	59.3421
907	-0.0012012	6.63262	1.79328	59.369
908	-0.0020331	6.62891	1.78698	59.3956
909	-0.00435738	6.62513	1.77986	59.4219
910	-0.00440493	6.62135	1.78161	59.4484
911	-0.00467053	6.61757	1.78138	59.4747
912	-0.00314609	6.61384	1.77623	59.501
913	-0.00265122	6.61014	1.77083	59.527
914	-0.00306451	6.60643	1.76454	59.5528
915	-0.0028615	6.60273	1.7678	59.5787
916	-0.0037224	6.59901	1.77174	59.6047
917	-0.00325391	6.59531	1.77564	59.6308
918	-0.0014332	6.59168	1.77868	59.657
919	-0.00109587	6.58806	1.78018	59.6833
920	-0.00187393	6.58443	1.78325	59.7097
921	-0.00447071	6.58071	1.78544	59.7361
922	-0.00267383	6.57706	1.781	59.7623
923	-0.0022666	6.57343	1.78402	59.7887
924	0.000222122	6.56989	1.78844	59.8152
925	0.000308642	6.56636	1.79223	59.8418
926	0.00230448	6.56289	1.79332	59.8684
927	0.00365444	6.55948	1.79476	59.895
928	0.00347472	6.55607	1.79428	59.9217
929	0.00323438	6.55265	1.79001	59.9481
930	0.00463862	6.54928	1.78512	59.9744
931	0.00814958	6.54604	1.78843	60.0008
932	0.0117329	6.54292	1.79443	60.0274
933	0.0150877	6.53991	1.79978	60.0542
934	0.0189306	6.53704	1.80879	60.0812
935	0.0195781	6.53419	1.81146	60.1083
936	0.0216013	6.53141	1.81467	60.1355
937	0.023298	6.52869	1.81446	60.1627
938	0.0242614	6.52601	1.81497	60.1899
939	0.0275371	6.52344	1.82228	60.2173
940	0.0304121	6.52096	1.83154	60.245
941	0.032345	6.51856	1.83362	60.2728
942	0.0337963	6.51621	1.83611	60.3006
943	0.0343986	6.51388	1.84112	60.3286
944	0.0352851	6.51158	1.84606	60.3567
945	0.0351398	6.50928	1.85119	60.385
946	0.0350097	6.50699	1.8449	60.413
947	0.0360357	6.50473	1.85181	60.4413
948	0.0380028	6.50254	1.85313	60.4696
949	0.0399168	6.50041	1.8442	60.4976
950	0.0392277	6.49827	1.84088	60.5255
951	0.0387203	6.49611	1.84303	60.5534
952	0.0387418	6.49396	1.84082	60.5813
953	0.0393796	6.49183	1.83645	60.609
954	0.0391087	6.4897	1.83586	60.6367
955	0.0390801	6.48757	1.83859	60.6644
956	0.0386531	6.48543	1.84136	60.6922
957	0.038101	6.48328	1.84008	60.72
958	0.039579	6.48118	1.84232	60.7478
959	0.0377388	6.47903	1.84464	60.7757
960	0.0383269	6.47689	1.84543	60.8036
961	0.0401451	6.47482	1.84816	60.8316
962	0.0401463	6.47276	1.85002	60.8596
963	0.0410734	6.47073	1.84746	60.8875
964	0.0401833	6.46867	1.84583	60.9154
965	0.0402269	6.46662	1.84461	60.9432
966	0.0397502	6.46455	1.84921	60.9712
967	0.0397167	6.46249	1.85144	60.9992
968	0.0397919	6.46044	1.84931	61.0271
969	0.0424391	6.45847	1.84812	61.055
970	0.0426215	6.45652	1.85087	61.0829
971	0.0408117	6.45451	1.85583	61.111
972	0.0386796	6.45243	1.85588	61.1391
973	0.0362291	6.45028	1.85587	61.1672
974	0.0353903	6.44811	1.85688	61.1953
975	0.0372229	6.446	1.85683	61.2234
976	0.038482	6.44393	1.85877	61.2515
977	0.0389257	6.44189	1.85896	61.2796
978	0.039873	6.43987	1.85776	61.3077
979	0.0379702	6.4378	1.85532	61.3357
980	0.0358058	6.43567	1.85617	61.3637
981	0.0368579	6.43357	1.8496	61.3914
982	0.0371403	6.43148	1.84887	61.4192
983	0.0390014	6.42946	1.84852	61.4469
984	0.0418561	6.42753	1.84797	61.4746
985	0.0405337	6.42556	1.84743	61.5022
986	0.0400442	6.42358	1.84628	61.5298
987	0.0418065	6.42167	1.84491	61.5574
988	0.0408773	6.41972	1.8375	61.5847
989	0.0412568	6.41779	1.83085	61.6118
990	0.0392327	6.4158	1.82871	61.6388
991	0.0388574	6.4138	1.83259	61.6659
992	0.0365855	6.41174	1.83303	61.693
993	0.035289	6.40963	1.83217	61.7201
994	0.0346708	6.40751	1.82345	61.7468
995	0.0355046	6.40542	1.82446	61.7737
996	0.0352943	6.40333	1.82555	61.8005
997	0.0339784	6.4012	1.82862	61.8274
998	0.0323972	6.39902	1.82811	61.8543
999	0.0323337	6.39685	1.83165	61.8813
1000	0.0318597	6.39466	1.83404	61.9083
1001	0.0329649	6.39251	1.83464	61.9354
1002	0.0338709	6.3904	1.83352	61.9624
1003	0.0333473	6.38827	1.834	61.9894
1004	0.0324147	6.38612	1.83834	62.0166
1005	0.0312242	6.38393	1.84237	62.0438
1006	0.0307593	6.38173	1.84662	62.0712
1007	0.0314121	6.37955	1.84876	62.0986
1008	0.0304646	6.37735	1.84952	62.1261
1009	0.0301931	6.37515	1.84516	62.1534
1010	0.0316275	6.37299	1.84129	62.1805
1011	0.03168	6.37084	1.84203	62.2077
1012	0.0325371	6.36872	1.84201	62.2349
1013	0.032253	6.3666	1.84585	62.2622
1014	0.0326923	6.36449	1.84502	62.2894
1015	0.0337818	6.36242	1.83601	62.3163
1016	0.0316717	6.36028	1.83412	62.3432
1017	0.0290727	6.35807	1.8352	62.3701
1018	0.0265187	6.35579	1.83886	62.3971
1019	0.0247556	6.35345	1.84102	62.4241
1020	0.0261338	6.35116	1.84048	62.4512
1021	0.0263347	6.34887	1.82691	62.4778
1022	0.0259624	6.34658	1.82344	62.5042
1023	0.0260957	6.3443	1.82464	62.5307
1024	0.0270267	6.34205	1.82913	62.5573
1025	0.0265322	6.33979	1.83265	62.5841
1026	0.0253974	6.3375	1.83697	62.6109
1027	0.024446	6.33518	1.83347	62.6376
1028	0.0224694	6.33281	1.83965	62.6645
1029	0.0211497	6.33039	1.84312	62.6916
1030	0.0206907	6.32797	1.84624	62.7186
1031	0.0200919	6.32553	1.85088	62.7459
1032	0.0199514	6.32309	1.85417	62.7732
1033	0.0190674	6.32063	1.85737	62.8006
1034	0.01968	6.31819	1.85843	62.828
1035	0.0186813	6.31572	1.86016	62.8555
1036	0.0201272	6.31331	1.86282	62.883
1037	0.0199674	6.31089	1.8688	62.9107
1038	0.0201379	6.30848	1.86887	62.9384
1039	0.0204486	6.30608	1.87029	62.9661
1040	0.0200703	6.30367	1.87462	62.994
1041	0.0188393	6.30123	1.87981	63.022
1042	0.0188531	6.2988	1.87867	63.0499
1043	0.0179313	6.29634	1.87452	63.0778
1044	0.0177378	6.29388	1.86921	63.1054
1045	0.0170073	6.2914	1.86458	63.1329
1046	0.0154941	6.28887	1.85934	63.1602
1047	0.0130026	6.28628	1.86365	63.1876
1048	0.0149501	6.28374	1.86545	63.2151
1049	0.0128001	6.28115	1.87024	63.2427
1050	0.0132142	6.27857	1.87316	63.2704
1051	0.0148611	6.27605	1.87333	63.2981
1052	0.0148574	6.27353	1.87004	63.3256
1053	0.0160298	6.27105	1.86992	63.3532
1054	0.0160368	6.26857	1.86937	63.3807
1055	0.0155963	6.26608	1.87299	63.4083
1056	0.0149058	6.26358	1.87487	63.436
1057	0.0140908	6.26105	1.86949	63.4635
1058	0.014582	6.25855	1.86965	63.491
1059	0.0161042	6.25609	1.86776	63.5184
1060	0.0178602	6.25369	1.85705	63.5454
1061	0.0185499	6.25132	1.85433	63.5724
1062	0.0204972	6.24901	1.86076	63.5996
1063	0.024131	6.24682	1.86914	63.627
1064	0.0249641	6.24465	1.87293	63.6545
1065	0.0263659	6.24253	1.86992	63.6819
1066	0.0262164	6.24041	1.86381	63.7091
1067	0.0264976	6.2383	1.86768	63.7364
1068	0.0297113	6.23629	1.87726	63.764
1069	0.0291544	6.23427	1.88042	63.7917
1070	0.0297942	6.23227	1.88152	63.8194
1071	0.0299547	6.23028	1.88217	63.8472
1072	0.0292341	6.22827	1.88219	63.8749
1073	0.0297626	6.22628	1.88021	63.9025
1074	0.0296542	6.22429	1.8774	63.93
1075	0.0287419	6.22228	1.87315	63.9574
1076	0.0291361	6.22028	1.86638	63.9846
1077	0.0302036	6.21832	1.86754	64.0118
1078	0.0296722	6.21634	1.86287	64.0388
1079	0.0300837	6.21438	1.86244	64.0658
1080	0.0311828	6.21245	1.86973	64.0931
1081	0.0320581	6.21056	1.8765	64.1205
1082	0.0328775	6.20869	1.87789	64.1479
1083	0.0323572	6.20681	1.87785	64.1754
1084	0.0317531	6.20492	1.87748	64.2028
1085	0.0331661	6.20307	1.8692	64.23
1086	0.0346359	6.20127	1.85992	64.2568
1087	0.0364054	6.19952	1.85983	64.2837
1088	0.0379706	6.19783	1.85972	64.3105
1089	0.0396747	6.19619	1.85916	64.3373
1090	0.038443	6.19451	1.86083	64.3642
1091	0.0370127	6.1928	1.86482	64.3911
1092	0.0348479	6.19102	1.86494	64.4181
1093	0.0326466	6.18918	1.86542	64.445
1094	0.0320074	6.18732	1.86832	64.472
1095	0.0300765	6.18541	1.87148	64.4992
1096	0.0318347	6.18355	1.87644	64.5264
1097	0.03313	6.18174	1.88003	64.5538
1098	0.033042	6.17993	1.88494	64.5812
1099	0.0323506	6.17809	1.88305	64.6087
1100	0.0319271	6.17625	1.88239	64.636
1101	0.0308938	6.17438	1.88432	64.6635
1102	0.0319425	6.17255	1.88348	64.6909
1103	0.0324688	6.17073	1.88259	64.7182
1104	0.0326131	6.16892	1.88597	64.7457
1105	0.032795	6.16712	1.88771	64.7731
1106	0.0334311	6.16534	1.88789	64.8006
1107	0.0339675	6.16358	1.88428	64.828
1108	0.0342085	6.16183	1.88354	64.8553
1109	0.0336339	6.16006	1.88431	64.8826
1110	0.0327967	6.15828	1.87907	64.9098
1111	0.033009	6.1565	1.87525	64.9369
1112	0.0330019	6.15472	1.87107	64.9638
1113	0.0313787	6.1529	1.86962	64.9906
1114	0.0296475	6.15103	1.8712	65.0175
1115	0.0295125	6.14916	1.87558	65.0445
1116	0.028339	6.14726	1.87916	65.0716
1117	0.0281687	6.14535	1.88214	65.0988
1118	0.0283173	6.14346	1.88778	65.1261
1119	0.0268288	6.14152	1.89403	65.1537
1120	0.0270189	6.13959	1.89289	65.1811
1121	0.0262937	6.13764	1.88958	65.2085
1122	0.0256713	6.13567	1.89079	65.2359
1123	0.0249164	6.13369	1.89304	65.2633
1124	0.0257798	6.13173	1.89505	65.2908
1125	0.026626	6.1298	1.89615	65.3183
1126	0.0276021	6.12791	1.89861	65.3459
1127	0.028794	6.12605	1.89354	65.3733
1128	0.0284064	6.12418	1.89278	65.4007
1129	0.0280878	6.12231	1.89333	65.428
1130	0.0277604	6.12043	1.88889	65.4553
1131	0.0287977	6.11858	1.88349	65.4823
1132	0.0289056	6.11674	1.87487	65.5091
1133	0.0304102	6.11495	1.87539	65.5359
1134	0.0295862	6.11314	1.87412	65.5627
1135	0.0293679	6.11132	1.87605	65.5895
1136	0.0284566	6.10948	1.87837	65.6163
1137	0.0269762	6.10759	1.87267	65.643
1138	0.0264741	6.1057	1.86411	65.6694
1139	0.0279625	6.10385	1.85586	65.6956
1140	0.0325035	6.10214	1.86272	65.7219
1141	0.0371961	6.10057	1.86958	65.7485
1142	0.0383373	6.09904	1.86664	65.7749
1143	0.0390198	6.09753	1.86409	65.8013
1144	0.038433	6.096	1.86625	65.8277
1145	0.038858	6.09449	1.86566	65.8541
1146	0.0384964	6.09297	1.86339	65.8804
1147	0.0380475	6.09144	1.86234	65.9067
1148	0.0373296	6.08989	1.85974	65.9329
1149	0.0349007	6.08828	1.85765	65.959
1150	0.0333437	6.08661	1.85741	65.985
1151	0.0327985	6.08494	1.85644	66.0111
1152	0.0332355	6.08328	1.85884	66.0372
1153	0.0334377	6.08163	1.85701	66.0633
1154	0.0324951	6.07996	1.86173	66.0894
1155	0.0309202	6.07824	1.86577	66.1157
1156	0.0314514	6.07654	1.86789	66.1421
1157	0.031217	6.07483	1.86801	66.1684
1158	0.0304663	6.07311	1.86714	66.1947
1159	0.0321753	6.07144	1.86626	66.2209
1160	0.0322099	6.06977	1.86503	66.2472
1161	0.0311214	6.06807	1.86411	66.2733
1162	0.0311822	6.06638	1.86098	66.2994
1163	0.0329746	6.06474	1.8588	66.3254
1164	0.033483	6.06312	1.85474	66.3513
1165	0.0340604	6.06152	1.85489	66.3771
1166	0.0326002	6.05988	1.85763	66.4031
1167	0.033869	6.05827	1.86094	66.4291
1168	0.0343599	6.05669	1.86279	66.4551
1169	0.0342659	6.0551	1.86595	66.4813
1170	0.0346899	6.05353	1.86816	66.5075
1171	0.0350891	6.05198	1.86898	66.5337
1172	0.0354813	6.05043	1.86659	66.5598
1173	0.0346581	6.04887	1.86699	66.586
1174	0.0349554	6.04732	1.86704	66.6121
1175	0.0348947	6.04576	1.86557	66.6382
1176	0.0348738	6.04421	1.86746	66.6643
1177	0.0342309	6.04265	1.87069	66.6905
1178	0.0334681	6.04106	1.87438	66.7168
1179	0.0332417	6.03947	1.874	66.7431
1180	0.0338569	6.0379	1.8718	66.7693
1181	0.0336971	6.03633	1.87282	66.7955
1182	0.0326227	6.03472	1.87524	66.8218
1183	0.0334718	6.03315	1.87811	66.8482
1184	0.0342097	6.0316	1.8798	66.8746
1185	0.0344861	6.03006	1.88258	66.901
1186	0.0358794	6.02856	1.88348	66.9275
1187	0.0358401	6.02707	1.8816	66.9539
1188	0.0363108	6.02558	1.88345	66.9804
1189	0.0351146	6.02407	1.8846	67.0069
1190	0.0331612	6.02251	1.88643	67.0334
1191	0.0339435	6.02096	1.88278	67.0598
1192	0.0347419	6.01945	1.88244	67.0862
1193	0.0355886	6.01796	1.87333	67.1123
1194	0.0368337	6.01651	1.86883	67.1383
1195	0.0362088	6.01504	1.86546	67.1642
1196	0.0344418	6.01352	1.86253	67.1899
1197	0.0338866	6.01199	1.85354	67.2154
1198	0.0331117	6.01044	1.84681	67.2407
1199	0.0329488	6.00889	1.84575	67.266
1200	0.0339064	6.00737	1.84629	67.2913
1201	0.0341095	6.00586	1.84486	67.3165
1202	0.0317301	6.00428	1.84647	67.3417
1203	0.0316854	6.0027	1.8479	67.367
1204	0.0329469	6.00116	1.85108	67.3924
1205	0.0354833	5.99969	1.85591	67.4179
1206	0.037222	5.99828	1.85921	67.4435
1207	0.0388088	5.99691	1.86326	67.4691
1208	0.0377234	5.99552	1.86659	67.4949
1209	0.0370649	5.99411	1.86734	67.5207
1210	0.035405	5.99265	1.87089	67.5466
1211	0.0334017	5.99114	1.86761	67.5724
1212	0.0309387	5.98956	1.86969	67.5982
1213	0.0284567	5.98791	1.86896	67.624
1214	0.0265608	5.98621	1.86777	67.6497
1215	0.0262371	5.9845	1.86225	67.6753
1216	0.0265254	5.9828	1.86079	67.7008
1217	0.0272074	5.98113	1.86092	67.7264
1218	0.0281518	5.97948	1.85407	67.7517
1219	0.0283553	5.97785	1.84742	67.7768
1220	0.0298314	5.97625	1.83996	67.8017
1221	0.0312182	5.9747	1.8352	67.8265
1222	0.0337324	5.97323	1.83895	67.8513
1223	0.0354273	5.9718	1.84493	67.8763
1224	0.035742	5.97038	1.84814	67.9014
1225	0.0368294	5.969	1.85324	67.9267
1226	0.0377726	5.96765	1.85185	67.9518
1227	0.0389889	5.96633	1.85082	67.977
1228	0.0372935	5.96497	1.84713	68.002
1229	0.0366954	5.96359	1.84996	68.0271
1230	0.035352	5.96218	1.85445	68.0523
1231	0.0344112	5.96074	1.85414	68.0775
1232	0.0344906	5.95931	1.85671	68.1028
1233	0.0342805	5.95787	1.85439	68.128
1234	0.0335686	5.95641	1.85074	68.1531
1235	0.0344189	5.95498	1.84936	68.1781
1236	0.0345163	5.95356	1.84651	68.203
1237	0.0356561	5.95217	1.84648	68.228
1238	0.0345863	5.95075	1.84448	68.2528
1239	0.0340765	5.94932	1.84116	68.2776
1240	0.0337927	5.94788	1.83818	68.3022
1241	0.0333397	5.94644	1.83274	68.3267
1242	0.033693	5.945	1.82387	68.351
1243	0.0357562	5.94363	1.81964	68.3751
1244	0.0358795	5.94226	1.81758	68.3992
1245	0.0356109	5.94088	1.81817	68.4232
1246	0.0350726	5.93949	1.81858	68.4473
1247	0.0361678	5.93814	1.81654	68.4713
1248	0.0360745	5.93678	1.81842	68.4953
1249	0.0357301	5.93542	1.82105	68.5194
1250	0.0358398	5.93406	1.82407	68.5436
1251	0.035632	5.9327	1.82502	68.5678
1252	0.0371618	5.93139	1.82407	68.592
1253	0.0387978	5.93012	1.82849	68.6162
1254	0.0396725	5.92887	1.82922	68.6405
1255	0.040806	5.92767	1.83307	68.6649
1256	0.0425815	5.92651	1.838	68.6894
1257	0.0423727	5.92535	1.83606	68.7139
1258	0.0419594	5.92418	1.83904	68.7384
1259	0.0436263	5.92306	1.84427	68.7631
1260	0.0457938	5.922	1.84547	68.7878
1261	0.0487266	5.92103	1.84594	68.8125
1262	0.0504207	5.9201	1.85093	68.8374
1263	0.0520947	5.91923	1.85261	68.8622
1264	0.053057	5.91838	1.85761	68.8872
1265	0.0544048	5.91757	1.86311	68.9124
1266	0.054356	5.91677	1.86735	68.9377
1267	0.0556976	5.916	1.86517	68.9628
1268	0.0557875	5.91523	1.86677	68.9881
1269	0.056587	5.91449	1.86695	69.0133
1270	0.0565279	5.91375	1.86962	69.0386
1271	0.0579609	5.91305	1.8736	69.064
1272	0.0589783	5.91239	1.87515	69.0894
1273	0.059808	5.91174	1.87305	69.1148
1274	0.0589952	5.91108	1.87138	69.1401
1275	0.0586436	5.9104	1.86228	69.1651
1276	0.0587926	5.90973	1.86326	69.1901
1277	0.0588565	5.90907	1.85933	69.2151
1278	0.0579301	5.90838	1.86186	69.2401
1279	0.0569963	5.90767	1.85852	69.265
1280	0.0581987	5.90699	1.85758	69.2898
1281	0.0564581	5.90626	1.856	69.3146
1282	0.0569099	5.90555	1.85296	69.3394
1283	0.0568945	5.90484	1.83814	69.3637
1284	0.057547	5.90415	1.83191	69.3878
1285	0.0585556	5.90348	1.8303	69.4118
1286	0.0595706	5.90285	1.83414	69.436
1287	0.060039	5.90223	1.83062	69.46
1288	0.060293	5.90162	1.82747	69.484
1289	0.0617176	5.90106	1.82715	69.5079
1290	0.0626355	5.90051	1.83002	69.5319
1291	0.0625899	5.89997	1.83026	69.5559
1292	0.0626474	5.89943	1.83257	69.58
1293	0.062819	5.8989	1.8345	69.6041
1294	0.0610537	5.89832	1.83769	69.6283
1295	0.0615955	5.89776	1.83174	69.6523
1296	0.0624455	5.89722	1.82701	69.6762
1297	0.0617578	5.89666	1.826	69.7
1298	0.0593189	5.89604	1.82794	69.7239
1299	0.0578683	5.89538	1.82896	69.7478
1300	0.0575861	5.89471	1.82228	69.7715
1301	0.0577443	5.89404	1.81582	69.795
1302	0.0580979	5.89339	1.80788	69.8183
1303	0.058596	5.89276	1.80297	69.8415
1304	0.0579941	5.89211	1.80007	69.8646
1305	0.0580719	5.89146	1.80026	69.8876
1306	0.0594207	5.89085	1.80614	69.9108
1307	0.060534	5.89027	1.80843	69.9341
1308	0.0599119	5.88968	1.8105	69.9574
1309	0.059128	5.88906	1.80766	69.9807
1310	0.0576983	5.88841	1.80786	70.0039
1311	0.058461	5.88778	1.80677	70.0271
1312	0.0598061	5.88719	1.80843	70.0504
1313	0.06025	5.88661	1.80866	70.0736
1314	0.0622849	5.88609	1.8144	70.097
1315	0.0644773	5.88564	1.82228	70.1206
1316	0.0658234	5.88521	1.82581	70.1443
1317	0.0655525	5.88479	1.82489	70.1679
1318	0.0665243	5.88439	1.81902	70.1914
1319	0.0653657	5.88396	1.81183	70.2147
1320	0.0631904	5.88347	1.81091	70.2379
1321	0.0621177	5.88296	1.80987	70.2611
1322	0.0619463	5.88244	1.80827	70.2843
1323	0.0623017	5.88193	1.80281	70.3073
1324	0.0638144	5.88146	1.79989	70.3302
1325	0.064893	5.88103	1.79859	70.3531
1326	0.0634265	5.88055	1.80142	70.376
1327	0.0631885	5.88007	1.79912	70.3989
1328	0.0633794	5.8796	1.80168	70.4218
1329	0.0648762	5.87917	1.80128	70.4447
1330	0.06429	5.87872	1.8021	70.4677
1331	0.0643772	5.87828	1.80427	70.4906
1332	0.0654915	5.87787	1.80743	70.5137
1333	0.0652039	5.87745	1.80905	70.5368
1334	0.0651207	5.87704	1.81093	70.5599
1335	0.0658618	5.87664	1.81274	70.5831
1336	0.0658196	5.87624	1.81326	70.6063
1337	0.0669053	5.87588	1.81839	70.6296
1338	0.0670227	5.87551	1.81454	70.6528
1339	0.0683236	5.87519	1.81338	70.676
1340	0.0682721	5.87486	1.80536	70.699
1341	0.067085	5.87451	1.8088	70.722
1342	0.0663116	5.87413	1.81139	70.7451
1343	0.0661819	5.87375	1.81114	70.7682
1344	0.0661906	5.87337	1.81508	70.7913
1345	0.0654	5.87297	1.81608	70.8145
1346	0.0644639	5.87255	1.81538	70.8377
1347	0.0637403	5.87211	1.8148	70.8609
1348	0.06382	5.87167	1.81233	70.8839
1349	0.0633271	5.87122	1.8067	70.9069
1350	0.0630351	5.87076	1.80312	70.9297
1351	0.062122	5.87028	1.80393	70.9525
1352	0.0615528	5.86978	1.80257	70.9753
1353	0.0607581	5.86927	1.8014	70.998
1354	0.0593949	5.86872	1.80105	71.0207
1355	0.0597274	5.86818	1.79994	71.0434
1356	0.0596803	5.86763	1.80001	71.0661
1357	0.059209	5.86708	1.79818	71.0887
1358	0.0594032	5.86653	1.79904	71.1114
1359	0.0582846	5.86596	1.79566	71.1339
1360	0.0581205	5.86538	1.79544	71.1565
1361	0.058965	5.86482	1.79817	71.1791
1362	0.0586101	5.86426	1.7958	71.2016
1363	0.0565647	5.86364	1.79466	71.2241
1364	0.0553432	5.86299	1.79829	71.2467
1365	0.0549208	5.86234	1.80087	71.2693
1366	0.0537793	5.86165	1.80243	71.292
1367	0.0527374	5.86093	1.80157	71.3146
1368	0.052872	5.86022	1.80114	71.3373
1369	0.0529425	5.85951	1.79272	71.3597
1370	0.0519392	5.85878	1.79238	71.382
1371	0.0522824	5.85806	1.78935	71.4043
1372	0.0532435	5.85736	1.7898	71.4266
1373	0.0537972	5.85668	1.79298	71.449
1374	0.0541369	5.85601	1.79312	71.4714
1375	0.0560787	5.8554	1.79588	71.4938
1376	0.0570963	5.85481	1.79847	71.5163
1377	0.058494	5.85426	1.80011	71.5388
1378	0.0592459	5.85373	1.79985	71.5614
1379	0.0574089	5.85316	1.8023	71.584
1380	0.056192	5.85255	1.80717	71.6067
1381	0.0551748	5.85192	1.80686	71.6294
1382	0.0546042	5.85127	1.81149	71.6522
1383	0.0562992	5.85067	1.81135	71.675
1384	0.0578765	5.85012	1.81467	71.6979
1385	0.0596984	5.84961	1.81887	71.7208
1386	0.0603079	5.84912	1.81486	71.7437
1387	0.0608524	5.84865	1.81435	71.7666
1388	0.0618785	5.8482	1.81036	71.7893
1389	0.0611398	5.84774	1.80841	71.812
1390	0.0605818	5.84726	1.81163	71.8347
1391	0.060758	5.84679	1.81271	71.8575
1392	0.0625482	5.84637	1.81574	71.8804
1393	0.0637838	5.84598	1.81175	71.9031
1394	0.0635938	5.84559	1.81039	71.9258
1395	0.0615422	5.84514	1.8123	71.9485
1396	0.0604215	5.84467	1.80632	71.9711
1397	0.0618168	5.84423	1.80621	71.9937
1398	0.0613717	5.84378	1.80308	72.0162
1399	0.0619631	5.84335	1.80172	72.0386
1400	0.0621673	5.84293	1.80075	72.061
1401	0.0605219	5.84246	1.80154	72.0834
1402	0.0596441	5.84197	1.80333	72.1058
1403	0.0583338	5.84145	1.80517	72.1283
1404	0.0589535	5.84095	1.80663	72.1509
1405	0.0589757	5.84044	1.80639	72.1734
1406	0.0592816	5.83995	1.80356	72.1958
1407	0.0600444	5.83947	1.80009	72.2181
1408	0.0620975	5.83906	1.79993	72.2405
1409	0.0608087	5.83861	1.79858	72.2627
1410	0.0597292	5.83813	1.7943	72.2849
1411	0.0600385	5.83766	1.79597	72.3071
1412	0.0593356	5.83717	1.79708	72.3293
1413	0.0593118	5.83669	1.79272	72.3514
1414	0.0587252	5.83619	1.79299	72.3735
1415	0.0577406	5.83566	1.79125	72.3955
1416	0.056706	5.83511	1.78708	72.4175
1417	0.0547651	5.8345	1.78663	72.4394
1418	0.0535648	5.83387	1.78722	72.4613
1419	0.0532407	5.83323	1.78771	72.4832
1420	0.0533889	5.8326	1.7885	72.5052
1421	0.0537647	5.83197	1.78766	72.5271
1422	0.0537964	5.83135	1.78933	72.549
1423	0.0544804	5.83074	1.79261	72.571
1424	0.0543457	5.83014	1.79352	72.5931
1425	0.0550428	5.82955	1.79753	72.6152
1426	0.0544356	5.82895	1.79768	72.6374
1427	0.054191	5.82835	1.79915	72.6595
1428	0.0539622	5.82773	1.79956	72.6817
1429	0.0531958	5.8271	1.79997	72.7039
1430	0.0528701	5.82647	1.79631	72.726
1431	0.0532264	5.82584	1.7941	72.748
1432	0.0540042	5.82523	1.7845	72.7697
1433	0.0535315	5.82462	1.78027	72.7914
1434	0.0535379	5.824	1.77643	72.8129
1435	0.0535753	5.82339	1.77695	72.8344
1436	0.0546669	5.8228	1.77648	72.856
1437	0.0548344	5.82223	1.77661	72.8775
1438	0.0531946	5.82161	1.78032	72.8991
1439	0.0528157	5.82098	1.78231	72.9207
1440	0.0535532	5.82037	1.78204	72.9424
1441	0.0542861	5.81978	1.78071	72.964
1442	0.0541611	5.81919	1.78032	72.9856
1443	0.054248	5.8186	1.77748	73.0071
1444	0.0534574	5.818	1.78248	73.0287
1445	0.0534474	5.81739	1.78257	73.0503
1446	0.0522523	5.81676	1.78699	73.072
1447	0.0508476	5.81608	1.78708	73.0938
1448	0.0490863	5.81537	1.79147	73.1156
1449	0.0474082	5.81461	1.798	73.1376
1450	0.0469297	5.81384	1.80194	73.1597
1451	0.046074	5.81304	1.80576	73.1819
1452	0.0444291	5.81221	1.80578	73.2041
1453	0.0456583	5.81141	1.8041	73.2262
1454	0.0464923	5.81063	1.80069	73.2483
1455	0.0486732	5.80991	1.80527	73.2704
1456	0.049816	5.80922	1.80282	73.2925
1457	0.0511942	5.80857	1.80282	73.3146
1458	0.0530113	5.80797	1.8055	73.3367
1459	0.0532337	5.80738	1.80731	73.3589
1460	0.0540045	5.8068	1.81144	73.3812
1461	0.0558196	5.80628	1.81427	73.4035
1462	0.0582561	5.80581	1.81587	73.4259
1463	0.0595762	5.80539	1.81732	73.4483
1464	0.0599454	5.80497	1.81857	73.4708
1465	0.059846	5.80456	1.81952	73.4932
1466	0.0587974	5.80412	1.81717	73.5156
1467	0.0576443	5.80364	1.81877	73.5381
1468	0.0564727	5.80314	1.82077	73.5605
1469	0.0570631	5.80266	1.82331	73.5831
1470	0.0577568	5.80219	1.82702	73.6057
1471	0.0578419	5.80173	1.8297	73.6284
1472	0.0584761	5.80128	1.83156	73.6511
1473	0.0589315	5.80085	1.83143	73.6738
1474	0.0591238	5.80042	1.83336	73.6966
1475	0.0581312	5.79997	1.83617	73.7194
1476	0.0581098	5.79952	1.83301	73.7421
1477	0.0576801	5.79906	1.83179	73.7648
1478	0.057728	5.7986	1.83278	73.7875
1479	0.0568488	5.79812	1.83382	73.8103
1480	0.0571204	5.79765	1.83077	73.8329
1481	0.0574366	5.79719	1.82961	73.8555
1482	0.0583921	5.79675	1.83152	73.8782
1483	0.0586669	5.79632	1.83172	73.9008
1484	0.057723	5.79586	1.83234	73.9235
1485	0.0574152	5.7954	1.83102	73.9461
1486	0.0584391	5.79497	1.82945	73.9687
1487	0.0575453	5.79452	1.82955	73.9913
1488	0.0564811	5.79404	1.82771	74.0138
1489	0.0548614	5.79351	1.82792	74.0363
1490	0.0532862	5.79295	1.82759	74.0588
1491	0.0516262	5.79235	1.8286	74.0813
1492	0.0497003	5.79169	1.82766	74.1038
1493	0.047425	5.79098	1.82807	74.1263
1494	0.0476328	5.79028	1.82159	74.1486
1495	0.0474543	5.78957	1.81604	74.1708
1496	0.0491671	5.78891	1.81721	74.193
1497	0.0488511	5.78824	1.81846	74.2152
1498	0.0483529	5.78756	1.81676	74.2374
1499	0.0496973	5.78691	1.81977	74.2596
1500	0.0498553	5.78627	1.82195	74.2819
1501	0.0491733	5.78561	1.82558	74.3043
1502	0.0485462	5.78494	1.8245	74.3266
1503	0.0480533	5.78426	1.82404	74.3489
1504	0.0469003	5.78355	1.8287	74.3714
1505	0.0471937	5.78284	1.82454	74.3937
1506	0.046696	5.78213	1.82017	74.4159
1507	0.0449055	5.78137	1.82257	74.4381
1508	0.0443779	5.78059	1.82313	74.4604
1509	0.0418311	5.77976	1.82348	74.4827
1510	0.0400043	5.77888	1.82439	74.5049
1511	0.0406476	5.77801	1.81853	74.5271
1512	0.0406477	5.77715	1.81233	74.549
1513	0.0401483	5.77627	1.80981	74.5709
1514	0.0408846	5.77542	1.80739	74.5927
1515	0.0408377	5.77456	1.80569	74.6145
1516	0.0403534	5.77369	1.80407	74.6362
1517	0.0401231	5.77282	1.80447	74.658
1518	0.0399331	5.77195	1.8049	74.6797
1519	0.0392098	5.77105	1.80696	74.7015
1520	0.0395023	5.77017	1.7996	74.7231
1521	0.0396777	5.76929	1.79615	74.7445
1522	0.0397032	5.76842	1.79389	74.766
1523	0.0409881	5.76758	1.79343	74.7874
1524	0.0426001	5.76678	1.78984	74.8087
1525	0.0431863	5.76599	1.78827	74.83
1526	0.0420175	5.76518	1.79275	74.8513
1527	0.0418187	5.76436	1.79454	74.8727
1528	0.0401939	5.76351	1.79462	74.8941
1529	0.0385332	5.76261	1.79697	74.9156
1530	0.0389524	5.76172	1.79826	74.9371
1531	0.0395453	5.76085	1.80103	74.9587
1532	0.0392529	5.75998	1.80345	74.9803
1533	0.0385605	5.75909	1.80518	75.0019
1534	0.0381551	5.75818	1.80447	75.0235
1535	0.0371693	5.75726	1.80385	75.0451
1536	0.039098	5.75638	1.8084	75.0668
1537	0.0400802	5.75554	1.80636	75.0885
1538	0.0404399	5.7547	1.80652	75.1102
1539	0.0401313	5.75385	1.80328	75.1317
1540	0.039706	5.753	1.80112	75.1532
1541	0.0394945	5.75214	1.80195	75.1747
1542	0.0408442	5.75131	1.80353	75.1963
1543	0.0417215	5.75051	1.80516	75.2179
1544	0.0412338	5.7497	1.80862	75.2395
1545	0.0417639	5.74891	1.81124	75.2613
1546	0.041334	5.7481	1.81146	75.283
1547	0.0400492	5.74726	1.81188	75.3047
1548	0.0398026	5.74642	1.81109	75.3264
1549	0.0400818	5.74558	1.81288	75.3482
1550	0.041043	5.74477	1.81645	75.37
1551	0.041247	5.74397	1.81724	75.3918
1552	0.0414995	5.74317	1.81826	75.4137
1553	0.0419591	5.74239	1.8179	75.4356
1554	0.0423	5.74162	1.81879	75.4574
1555	0.0416591	5.74083	1.82183	75.4794
1556	0.0420866	5.74005	1.82359	75.5013
1557	0.0421234	5.73928	1.82416	75.5233
1558	0.0419304	5.7385	1.82386	75.5453
1559	0.042134	5.73773	1.82071	75.5672
1560	0.0424628	5.73697	1.82015	75.589
1561	0.0420764	5.7362	1.82051	75.6109
1562	0.0420441	5.73542	1.82283	75.6328
1563	0.0416106	5.73464	1.82523	75.6548
1564	0.0407351	5.73384	1.8214	75.6766
1565	0.0394617	5.73301	1.82098	75.6985
1566	0.0383439	5.73215	1.81421	75.7202
1567	0.0387862	5.7313	1.81476	75.7418
1568	0.0385982	5.73045	1.81397	75.7635
1569	0.0391692	5.72961	1.81218	75.7851
1570	0.0397558	5.72879	1.8106	75.8067
1571	0.0398544	5.72798	1.80654	75.8281
1572	0.0396027	5.72716	1.80403	75.8495
1573	0.0396697	5.72634	1.80089	75.8708
1574	0.040557	5.72554	1.8033	75.8921
1575	0.0411524	5.72476	1.79804	75.9133
1576	0.0426418	5.72402	1.79983	75.9346
1577	0.0436037	5.72331	1.80277	75.9559
1578	0.0436501	5.72259	1.80476	75.9773
1579	0.0433375	5.72187	1.80166	75.9986
1580	0.0427435	5.72114	1.80102	76.0198
1581	0.0427823	5.72041	1.80048	76.0411
1582	0.0423743	5.71966	1.79912	76.0623
1583	0.042007	5.71891	1.79733	76.0834
1584	0.0415228	5.71815	1.79282	76.1044
1585	0.0408008	5.71738	1.79377	76.1255
1586	0.0410917	5.71661	1.79351	76.1465
1587	0.0418289	5.71586	1.79723	76.1676
1588	0.0419753	5.71511	1.80006	76.1888
1589	0.0416138	5.71436	1.80266	76.2101
1590	0.0416154	5.71361	1.80688	76.2314
1591	0.0409534	5.71284	1.80946	76.2528
1592	0.0393761	5.71203	1.80976	76.2742
1593	0.0385758	5.71121	1.80996	76.2956
1594	0.0383788	5.71038	1.81011	76.317
1595	0.0382702	5.70955	1.80723	76.3384
1596	0.038566	5.70873	1.80732	76.3597
1597	0.038417	5.7079	1.80744	76.381
1598	0.0383835	5.70708	1.80905	76.4024
1599	0.0382846	5.70625	1.81041	76.4237
1600	0.0385469	5.70543	1.81388	76.4452
1601	0.0388764	5.70463	1.81625	76.4667
1602	0.0398227	5.70384	1.8133	76.4881
1603	0.0412393	5.70309	1.81002	76.5095
1604	0.042984	5.70239	1.81081	76.5309
1605	0.0447866	5.70173	1.81525	76.5523
1606	0.0449282	5.70108	1.81609	76.5738
1607	0.0440683	5.70041	1.82008	76.5954
1608	0.0438759	5.69973	1.82324	76.617
1609	0.0445659	5.69907	1.8239	76.6387
1610	0.0451137	5.69843	1.82573	76.6604
1611	0.0454124	5.69779	1.8285	76.6821
1612	0.0456284	5.69716	1.82631	76.7038
1613	0.0465191	5.69655	1.82061	76.7254
1614	0.0461533	5.69594	1.82178	76.747
1615	0.0450964	5.6953	1.82167	76.7685
1616	0.0439008	5.69463	1.8234	76.7901
1617	0.0432278	5.69395	1.82042	76.8117
1618	0.0424645	5.69324	1.81888	76.8331
1619	0.0415278	5.69252	1.81351	76.8545
1620	0.0409905	5.69178	1.80954	76.8757
1621	0.0402896	5.69103	1.80772	76.8969
1622	0.0402623	5.69027	1.80827	76.9181
1623	0.0409963	5.68954	1.80855	76.9393
1624	0.0404106	5.68879	1.81036	76.9605
1625	0.0394924	5.68802	1.8081	76.9817
1626	0.0379081	5.68722	1.81129	77.0029
1627	0.0365389	5.68638	1.80963	77.0241
1628	0.0358296	5.68552	1.80927	77.0453
1629	0.0352122	5.68465	1.81083	77.0665
1630	0.0344929	5.68376	1.80875	77.0877
1631	0.0337159	5.68285	1.80712	77.1088
1632	0.0328241	5.68193	1.80618	77.1299
1633	0.0331243	5.68101	1.80757	77.151
1634	0.032855	5.68008	1.80851	77.1721
1635	0.0333103	5.67917	1.81027	77.1933
1636	0.034514	5.67829	1.81344	77.2145
1637	0.0349954	5.67742	1.81539	77.2358
1638	0.035182	5.67656	1.81772	77.2572
1639	0.0359146	5.67572	1.81941	77.2785
1640	0.0356737	5.67487	1.8165	77.2998
1641	0.0362321	5.67403	1.81353	77.321
1642	0.0368331	5.67322	1.81313	77.3422
1643	0.0364724	5.67239	1.80884	77.3633
1644	0.0362383	5.67156	1.803	77.3843
1645	0.0370632	5.67075	1.80463	77.4052
1646	0.0375633	5.66996	1.80579	77.4262
1647	0.038934	5.6692	1.80985	77.4473
1648	0.0392817	5.66844	1.80946	77.4684
1649	0.0387476	5.66768	1.80716	77.4894
1650	0.0388402	5.66692	1.80453	77.5103
1651	0.0384258	5.66615	1.80308	77.5312
1652	0.0384109	5.66538	1.80149	77.5521
1653	0.0388293	5.66463	1.802	77.573
1654	0.0401717	5.6639	1.79987	77.5938
1655	0.0410828	5.6632	1.79425	77.6144
1656	0.0418661	5.66252	1.79062	77.635
1657	0.0411959	5.66183	1.7928	77.6556
1658	0.0410241	5.66113	1.79458	77.6763
1659	0.0413183	5.66044	1.79524	77.6969
1660	0.0406416	5.65973	1.79697	77.7176
1661	0.0412073	5.65904	1.79919	77.7384
1662	0.0409318	5.65834	1.8015	77.7592
1663	0.0408263	5.65764	1.8035	77.78
1664	0.0409595	5.65695	1.79933	77.8007
1665	0.0402307	5.65624	1.79731	77.8214
1666	0.039623	5.65551	1.79627	77.8421
1667	0.0389732	5.65477	1.79691	77.8627
1668	0.0382679	5.65401	1.79949	77.8835
1669	0.0371692	5.65323	1.79921	77.9042
1670	0.037764	5.65246	1.80031	77.9249
1671	0.0378655	5.6517	1.80096	77.9456
1672	0.0378119	5.65094	1.80071	77.9664
1673	0.0386333	5.65019	1.80152	77.9871
1674	0.0382734	5.64944	1.80295	78.0079
1675	0.0374263	5.64867	1.80136	78.0286
1676	0.0363425	5.64788	1.80228	78.0493
1677	0.0356387	5.64706	1.80067	78.07
1678	0.0362578	5.64627	1.79828	78.0907
1679	0.0363445	5.64547	1.80106	78.1114
1680	0.0367794	5.64469	1.80379	78.1321
1681	0.0359412	5.64389	1.80815	78.153
1682	0.0363394	5.6431	1.80962	78.1739
1683	0.0354703	5.64229	1.81445	78.1949
1684	0.0363924	5.6415	1.81733	78.2159
1685	0.0354116	5.64069	1.81715	78.237
1686	0.0349573	5.63987	1.81755	78.2581
1687	0.0340347	5.63903	1.81653	78.2791
1688	0.0330771	5.63817	1.80977	78.3
1689	0.0333131	5.63731	1.80838	78.3208
1690	0.0332632	5.63645	1.80962	78.3416
1691	0.0344769	5.63562	1.80804	78.3624
1692	0.0335678	5.63478	1.80626	78.3832
1693	0.0325225	5.6339	1.80478	78.4039
1694	0.0319776	5.63302	1.80587	78.4246
1695	0.031217	5.63212	1.80753	78.4454
1696	0.0309727	5.63121	1.80552	78.4661
1697	0.0310098	5.63031	1.8068	78.4868
1698	0.0316022	5.62942	1.80913	78.5076
1699	0.0310395	5.62851	1.81122	78.5285
1700	0.0316284	5.62763	1.80911	78.5492
1701	0.0326333	5.62676	1.80822	78.57
1702	0.0336359	5.62593	1.80248	78.5906
1703	0.0336767	5.62509	1.79825	78.6111
1704	0.0336242	5.62426	1.79933	78.6316
1705	0.0336225	5.62342	1.7995	78.6521
1706	0.0330743	5.62258	1.80219	78.6727
1707	0.0339273	5.62175	1.80483	78.6934
1708	0.0345316	5.62095	1.80418	78.714
1709	0.0360064	5.62017	1.80866	78.7347
1710	0.0369802	5.61942	1.81159	78.7555
1711	0.0372501	5.61868	1.80846	78.7762
1712	0.0367968	5.61793	1.8112	78.7969
1713	0.0353159	5.61715	1.8148	78.8178
1714	0.0347062	5.61635	1.81639	78.8387
1715	0.0358746	5.61558	1.81862	78.8596
1716	0.036556	5.61483	1.81799	78.8805
1717	0.0370686	5.61409	1.8195	78.9014
1718	0.0365362	5.61334	1.81844	78.9224
1719	0.036965	5.6126	1.81961	78.9433
1720	0.0362644	5.61184	1.82139	78.9642
1721	0.0362562	5.61108	1.82346	78.9853
1722	0.035516	5.61031	1.82617	79.0063
1723	0.0342711	5.60951	1.83045	79.0275
1724	0.0335412	5.60869	1.82781	79.0486
1725	0.0350252	5.60791	1.82599	79.0696
1726	0.0363604	5.60716	1.82469	79.0907
1727	0.0361643	5.60641	1.82108	79.1116
1728	0.0357403	5.60565	1.82266	79.1325
1729	0.0358494	5.60489	1.82134	79.1534
1730	0.036114	5.60414	1.82365	79.1744
1731	0.0362972	5.6034	1.82606	79.1954
1732	0.0382367	5.6027	1.83083	79.2166
1733	0.0388323	5.60202	1.83261	79.2377
1734	0.0397571	5.60136	1.8319	79.2589
1735	0.0401528	5.60071	1.83141	79.28
1736	0.0396819	5.60005	1.82431	79.3009
1737	0.0396581	5.59939	1.82079	79.3218
1738	0.0397307	5.59873	1.8206	79.3426
1739	0.0399019	5.59808	1.81869	79.3634
1740	0.0395662	5.59742	1.81721	79.3842
1741	0.0395344	5.59676	1.81559	79.4049
1742	0.0395589	5.59611	1.81511	79.4256
1743	0.0388076	5.59543	1.816	79.4463
1744	0.0391566	5.59477	1.81806	79.4671
1745	0.0386439	5.59409	1.81915	79.4879
1746	0.0383794	5.59341	1.81905	79.5086
1747	0.0388205	5.59273	1.81884	79.5294
1748	0.0397592	5.59209	1.8226	79.5502
1749	0.0412546	5.59148	1.82717	79.5712
1750	0.0414534	5.59087	1.82938	79.5922
1751	0.0426243	5.59029	1.83201	79.6132
1752	0.0421097	5.58971	1.83182	79.6343
1753	0.0429218	5.58914	1.83015	79.6552
1754	0.0431222	5.58857	1.83276	79.6763
1755	0.0424847	5.588	1.83592	79.6974
1756	0.0421283	5.58741	1.83542	79.7185
1757	0.0428214	5.58684	1.83726	79.7397
1758	0.0430407	5.58628	1.83437	79.7607
1759	0.0437637	5.58574	1.83667	79.7819
1760	0.0431544	5.58518	1.83996	79.803
1761	0.043474	5.58463	1.84232	79.8243
1762	0.0447927	5.58412	1.84569	79.8456
1763	0.044181	5.58359	1.84721	79.867
1764	0.0445669	5.58307	1.8492	79.8883
1765	0.0438141	5.58253	1.85146	79.9098
1766	0.0417173	5.58194	1.85598	79.9313
1767	0.0409681	5.58134	1.85684	79.9529
1768	0.0412714	5.58074	1.85254	79.9743
1769	0.0406094	5.58013	1.85031	79.9957
1770	0.0405119	5.57952	1.8479	80.017
1771	0.0404674	5.57891	1.84804	80.0383
1772	0.0403216	5.57829	1.84475	80.0596
1773	0.040402	5.57768	1.84454	80.0808
1774	0.0410273	5.57708	1.84591	80.1021
1775	0.0422337	5.57651	1.84242	80.1232
1776	0.0422387	5.57595	1.83756	80.1443
1777	0.0412333	5.57536	1.83946	80.1653
1778	0.0412866	5.57477	1.83948	80.1864
1779	0.0420744	5.5742	1.84076	80.2075
1780	0.042524	5.57364	1.83983	80.2286
1781	0.0424636	5.57309	1.83548	80.2496
1782	0.0428832	5.57254	1.83063	80.2704
1783	0.0424234	5.57198	1.82852	80.2912
1784	0.0424321	5.57143	1.83053	80.312
1785	0.0420621	5.57086	1.82852	80.3328
1786	0.0404411	5.57026	1.83051	80.3536
1787	0.0400099	5.56965	1.83172	80.3745
1788	0.0393032	5.56902	1.83297	80.3954
1789	0.0392663	5.5684	1.83298	80.4162
1790	0.0408405	5.56781	1.83576	80.4372
1791	0.0409128	5.56722	1.83844	80.4581
1792	0.0416466	5.56665	1.83699	80.4791
1793	0.0430459	5.56612	1.83791	80.5
1794	0.0422849	5.56556	1.83642	80.521
1795	0.0417454	5.565	1.83636	80.5419
1796	0.04118	5.56442	1.83572	80.5628
1797	0.0400831	5.56382	1.83709	80.5837
1798	0.0391528	5.5632	1.83563	80.6046
1799	0.0385981	5.56256	1.83655	80.6255
1800	0.0387066	5.56193	1.83544	80.6463
1801	0.0385008	5.5613	1.83694	80.6672
1802	0.0385738	5.56066	1.83675	80.6881
1803	0.0391883	5.56004	1.83662	80.709
1804	0.0387884	5.55942	1.83605	80.7298
1805	0.0392249	5.5588	1.83797	80.7507
1806	0.0396954	5.5582	1.83974	80.7717
1807	0.0385942	5.55757	1.84152	80.7926
1808	0.0386673	5.55694	1.84211	80.8136
1809	0.0386034	5.55632	1.83981	80.8345
1810	0.0383121	5.55568	1.83827	80.8554
1811	0.0371106	5.55502	1.8419	80.8764
1812	0.0379904	5.55438	1.84535	80.8974
1813	0.0395963	5.55378	1.84899	80.9185
1814	0.0411419	5.55322	1.85307	80.9397
1815	0.0425174	5.55269	1.85655	80.961
1816	0.0429743	5.55217	1.85683	80.9823
1817	0.0429893	5.55165	1.85828	81.0036
1818	0.043137	5.55113	1.85981	81.0249
1819	0.0433294	5.55062	1.86304	81.0463
1820	0.0423866	5.55009	1.86637	81.0678
1821	0.0420009	5.54956	1.86502	81.0892
1822	0.0411132	5.549	1.86294	81.1106
1823	0.0405211	5.54842	1.86401	81.132
1824	0.0396811	5.54783	1.86137	81.1534
1825	0.0394149	5.54724	1.86226	81.1747
1826	0.03967	5.54665	1.86418	81.1961
1827	0.0401151	5.54607	1.86126	81.2174
1828	0.0414341	5.54552	1.86081	81.2387
1829	0.0422329	5.54499	1.86063	81.26
1830	0.0417532	5.54446	1.86057	81.2813
1831	0.0424314	5.54394	1.86225	81.3027
1832	0.0429782	5.54343	1.86446	81.324
1833	0.0436699	5.54294	1.86663	81.3454
1834	0.0437428	5.54245	1.86772	81.3669
1835	0.0431334	5.54194	1.8679	81.3883
1836	0.0428022	5.54144	1.86977	81.4098
1837	0.0440566	5.54096	1.87135	81.4313
1838	0.0437755	5.54047	1.86985	81.4527
1839	0.0423905	5.53995	1.8671	81.4741
1840	0.0407792	5.5394	1.86875	81.4955
1841	0.0396583	5.53882	1.86928	81.517
1842	0.0387712	5.53822	1.87095	81.5384
1843	0.0379595	5.5376	1.872	81.5599
1844	0.0372894	5.53697	1.87305	81.5814
1845	0.0367775	5.53633	1.87364	81.6029
1846	0.0373976	5.5357	1.87473	81.6245
1847	0.0366492	5.53506	1.87404	81.646
1848	0.0354815	5.53438	1.87498	81.6675
1849	0.0358148	5.53372	1.87224	81.6889
1850	0.0351434	5.53304	1.87117	81.7104
1851	0.0339115	5.53234	1.87372	81.7318
1852	0.0334213	5.53162	1.87187	81.7533
1853	0.033141	5.5309	1.87273	81.7747
1854	0.0327083	5.53017	1.87443	81.7962
1855	0.0324965	5.52943	1.8762	81.8177
1856	0.0318207	5.52868	1.87499	81.8392
1857	0.0317228	5.52793	1.87648	81.8607
1858	0.0313191	5.52717	1.87867	81.8822
1859	0.0318656	5.52643	1.87965	81.9038
1860	0.0328624	5.5257	1.88228	81.9254
1861	0.0335446	5.525	1.88276	81.9471
1862	0.0324547	5.52427	1.88485	81.9687
1863	0.0323935	5.52354	1.88694	81.9904
1864	0.032495	5.52281	1.88681	82.0121
1865	0.0324314	5.52208	1.88646	82.0338
1866	0.0309863	5.52132	1.88758	82.0556
1867	0.0307434	5.52055	1.89038	82.0773
1868	0.0310146	5.51979	1.89238	82.0991
1869	0.0316431	5.51905	1.89471	82.121
1870	0.032948	5.51834	1.89754	82.1429
1871	0.0342462	5.51765	1.8982	82.1648
1872	0.0354702	5.517	1.89703	82.1867
1873	0.0353143	5.51635	1.898	82.2087
1874	0.0349221	5.51568	1.89903	82.2306
1875	0.0350711	5.51502	1.89852	82.2525
1876	0.0350655	5.51436	1.89464	82.2743
1877	0.0350543	5.5137	1.89312	82.2961
1878	0.0361708	5.51307	1.89178	82.3178
1879	0.036262	5.51244	1.8902	82.3395
1880	0.0365861	5.51182	1.88832	82.3612
1881	0.0361457	5.51119	1.88951	82.3829
1882	0.0357629	5.51055	1.89118	82.4046
1883	0.0359419	5.50992	1.8911	82.4263
1884	0.0353273	5.50927	1.89412	82.448
1885	0.0342721	5.5086	1.89275	82.4697
1886	0.0348644	5.50794	1.89168	82.4914
1887	0.035354	5.5073	1.88915	82.5131
1888	0.0348939	5.50664	1.88749	82.5346
1889	0.0349236	5.50599	1.87999	82.5561
1890	0.033676	5.50531	1.88153	82.5775
1891	0.0331333	5.50462	1.88209	82.5989
1892	0.0316392	5.50389	1.88445	82.6204
1893	0.0299158	5.50312	1.88772	82.642
1894	0.0284249	5.50232	1.89093	82.6636
1895	0.0276028	5.50151	1.89092	82.6852
1896	0.0281191	5.5007	1.88998	82.7068
1897	0.0284514	5.49991	1.88784	82.7284
1898	0.0291145	5.49913	1.88789	82.7499
1899	0.0297133	5.49836	1.88727	82.7714
1900	0.0301916	5.49761	1.88394	82.7929
1901	0.0312968	5.49688	1.88517	82.8143
1902	0.0310778	5.49615	1.88488	82.8358
1903	0.0311266	5.49542	1.88441	82.8572
1904	0.0305414	5.49468	1.88632	82.8787
1905	0.029297	5.49391	1.8855	82.9001
1906	0.0292465	5.49314	1.88319	82.9215
1907	0.0289964	5.49236	1.88057	82.9428
1908	0.0297057	5.49161	1.88414	82.9642
1909	0.0301027	5.49086	1.88206	82.9856
1910	0.0286888	5.49008	1.88088	83.0069
1911	0.0284872	5.48929	1.88291	83.0282
1912	0.0291172	5.48853	1.88312	83.0496
1913	0.0288588	5.48775	1.8795	83.0708
1914	0.0281755	5.48696	1.878	83.0921
1915	0.0271776	5.48615	1.8751	83.1132
1916	0.0269397	5.48534	1.87828	83.1344
1917	0.026704	5.48452	1.88111	83.1557
1918	0.0273472	5.48371	1.88416	83.1771
1919	0.0280302	5.48293	1.8859	83.1984
1920	0.0282136	5.48214	1.88807	83.2198
1921	0.0282641	5.48136	1.88794	83.2413
1922	0.0270155	5.48055	1.89082	83.2627
1923	0.0262579	5.47973	1.89372	83.2843
1924	0.0258065	5.47889	1.89554	83.3058
1925	0.025695	5.47806	1.8977	83.3274
1926	0.0256473	5.47722	1.90012	83.3491
1927	0.0259406	5.47639	1.90165	83.3708
1928	0.0257654	5.47556	1.90137	83.3925
1929	0.0257371	5.47473	1.90364	83.4142
1930	0.0274515	5.47393	1.90596	83.436
1931	0.0292257	5.47318	1.90535	83.4577
1932	0.0304685	5.47246	1.90519	83.4795
1933	0.0316336	5.47176	1.90539	83.5012
1934	0.0312559	5.47106	1.9041	83.5229
1935	0.0310782	5.47035	1.90267	83.5446
1936	0.0315477	5.46966	1.90278	83.5662
1937	0.0322076	5.46898	1.90219	83.5879
1938	0.0309782	5.46827	1.90225	83.6095
1939	0.0302736	5.46755	1.90264	83.6312
1940	0.030464	5.46684	1.89967	83.6528
1941	0.0295592	5.4661	1.89809	83.6743
1942	0.0294142	5.46536	1.89451	83.6957
1943	0.028711	5.46461	1.88941	83.7171
1944	0.0285527	5.46385	1.88867	83.7384
1945	0.0272815	5.46306	1.89033	83.7597
1946	0.0272609	5.46228	1.88832	83.781
1947	0.0283708	5.46152	1.88797	83.8022
1948	0.0298314	5.4608	1.8853	83.8234
1949	0.0308362	5.46009	1.88272	83.8446
1950	0.0310646	5.4594	1.88283	83.8657
1951	0.0302096	5.45868	1.88201	83.8868
1952	0.0304848	5.45798	1.8826	83.908
1953	0.0300784	5.45726	1.88092	83.929
1954	0.0291167	5.45652	1.8806	83.9501
1955	0.0292186	5.45579	1.87979	83.9711
1956	0.0292765	5.45506	1.87899	83.9922
1957	0.0287218	5.45432	1.88052	84.0132
1958	0.0288801	5.45358	1.87887	84.0342
1959	0.0286922	5.45283	1.87823	84.0552
1960	0.029887	5.45212	1.88022	84.0762
1961	0.0299098	5.4514	1.87903	84.0972
1962	0.0295158	5.45068	1.87533	84.1181
1963	0.0285876	5.44994	1.87772	84.1391
1964	0.0287205	5.4492	1.87777	84.16
1965	0.0282786	5.44845	1.87791	84.181
1966	0.027732	5.44769	1.87826	84.2019
1967	0.0275312	5.44693	1.87855	84.2229
1968	0.0274158	5.44617	1.88091	84.2439
1969	0.027449	5.4454	1.88014	84.2648
1970	0.0273317	5.44464	1.88082	84.2858
1971	0.0276369	5.44388	1.88291	84.3068
1972	0.0276371	5.44312	1.88342	84.3279
1973	0.0272683	5.44236	1.88371	84.3489
1974	0.0270099	5.44159	1.88567	84.37
1975	0.0263151	5.4408	1.88739	84.3911
1976	0.0268008	5.44003	1.88947	84.4122
1977	0.0266719	5.43926	1.88908	84.4334
1978	0.0279557	5.43851	1.88809	84.4545
