#	<x>	stDevX	<E>	stDevE
0	3.09217	0	-2.1418	0
1	2.56656	2.82936	2.43356	0.145883
2	2.82255	3.99811	4.98446	2.48724
3	3.2535	5.08131	6.81023	5.23359
4	3.05885	5.91745	5.94077	7.21089
5	2.70724	6.52219	4.16963	8.27228
6	2.47719	6.99086	5.1706	9.57662
7	1.98627	7.26402	5.7714	10.9596
8	1.47441	7.36608	6.21142	12.3666
9	0.919287	7.30741	7.24741	13.9793
10	0.557774	7.16279	6.53054	15.2733
11	0.713175	7.08347	6.42405	16.4594
12	0.831848	7.051	6.93412	17.7166
13	0.966582	7.06363	6.73157	18.8565
14	0.954208	7.07962	6.74151	19.9454
15	0.862415	7.07885	6.58442	20.9489
16	0.73823	7.05465	5.77928	21.7231
17	0.745341	7.03851	4.66357	22.2159
18	0.683275	7.01395	4.98529	22.77
19	0.754915	7.01037	5.1299	23.3423
20	0.833208	7.02743	5.40773	23.9599
21	0.770405	7.03413	5.32244	24.5443
22	0.744828	7.03852	4.93113	25.0352
23	0.758508	7.04842	5.10423	25.5513
24	0.82241	7.07317	5.19527	26.0749
25	0.961108	7.1262	5.52841	26.6521
26	1.03249	7.19316	5.26443	27.1675
27	1.08714	7.27014	5.13756	27.6497
28	1.02097	7.33454	5.02291	28.1026
29	0.940288	7.38434	4.69368	28.4893
30	0.914283	7.42984	4.71821	28.8752
31	0.863093	7.46681	4.76475	29.2643
32	0.887774	7.50858	4.91989	29.6749
33	0.863458	7.54662	4.56148	30.0194
34	0.796184	7.5739	4.70319	30.3838
35	0.792991	7.60133	4.81937	30.7631
36	0.791188	7.6291	4.56217	31.096
37	0.770692	7.65416	4.10732	31.3528
38	0.711557	7.67048	4.173	31.6186
39	0.716504	7.68835	3.9087	31.8413
40	0.685121	7.70207	3.91739	32.0648
41	0.689705	7.71724	4.17281	32.3263
42	0.742608	7.74106	4.27964	32.6023
43	0.787627	7.77204	4.37672	32.8907
44	0.793405	7.80414	4.40959	33.1816
45	0.733312	7.82769	4.61406	33.4999
46	0.664812	7.84174	4.60983	33.8147
47	0.601278	7.84726	4.6695	34.1351
48	0.580114	7.85048	4.66223	34.4515
49	0.557273	7.85122	4.34502	34.7206
50	0.513313	7.84659	4.17171	34.9638
51	0.517339	7.84332	3.97342	35.1784
52	0.482246	7.83602	3.98386	35.3934
53	0.440383	7.82388	3.94198	35.6018
54	0.384991	7.8052	3.87165	35.8
55	0.367449	7.78513	3.67003	35.9708
56	0.370542	7.76642	3.60369	36.1327
57	0.303961	7.73993	3.54211	36.2865
58	0.285329	7.71202	3.4873	36.4331
59	0.277423	7.6841	3.49232	36.5805
60	0.259169	7.65483	3.54002	36.734
61	0.230473	7.6229	3.51682	36.8845
62	0.207237	7.58904	3.5747	37.0421
63	0.204796	7.55586	3.57819	37.2
64	0.202876	7.5234	3.55168	37.3543
65	0.185105	7.48968	3.53218	37.5061
66	0.195258	7.45811	3.53309	37.6579
67	0.185304	7.4262	3.513	37.807
68	0.226209	7.40002	3.60316	37.9667
69	0.271641	7.37998	3.59674	38.1253
70	0.288606	7.36258	3.58473	38.2821
71	0.305282	7.34773	3.60556	38.4411
72	0.338614	7.33729	3.72479	38.6135
73	0.344139	7.32796	3.81588	38.7959
74	0.346163	7.31931	3.85627	38.9822
75	0.340323	7.31043	3.94655	39.1781
76	0.350566	7.30312	3.72052	39.3474
77	0.364555	7.29778	3.60641	39.5034
78	0.346508	7.29078	3.51774	39.6491
79	0.345374	7.28402	3.52548	39.7954
80	0.340948	7.27713	3.59281	39.9488
81	0.349031	7.27148	3.63283	40.1062
82	0.372624	7.26874	3.69056	40.2694
83	0.364995	7.26545	3.54571	40.4165
84	0.350474	7.26089	3.38427	40.5458
85	0.378878	7.25967	3.37773	40.6743
86	0.391391	7.26003	3.40877	40.8059
87	0.415142	7.26314	3.42274	40.9389
88	0.430565	7.26807	3.43101	41.0725
89	0.476992	7.27804	3.51375	41.2146
90	0.521833	7.29279	3.63152	41.3686
91	0.543017	7.30979	3.66732	41.5259
92	0.551064	7.32764	3.67725	41.6838
93	0.54321	7.34471	3.677	41.8411
94	0.557326	7.36325	3.7346	42.0038
95	0.562789	7.38234	3.74944	42.1674
96	0.585134	7.40369	3.83489	42.3391
97	0.602407	7.42675	3.83419	42.5101
98	0.587538	7.44829	3.90367	42.6874
99	0.597326	7.47076	3.96206	42.8699
100	0.591301	7.4926	3.9758	43.0529
101	0.53921	7.50928	4.05001	43.2425
102	0.49688	7.52181	4.04305	43.4305
103	0.467205	7.53151	4.05035	43.6185
104	0.448064	7.53942	4.14376	43.8148
105	0.404367	7.54321	4.27751	44.0231
106	0.353308	7.5422	4.4184	44.244
107	0.294025	7.53569	4.61108	44.4823
108	0.249397	7.52515	4.69497	44.7273
109	0.239995	7.51396	4.66675	44.9683
110	0.254789	7.50442	4.72242	45.2133
111	0.257736	7.49539	4.78536	45.463
112	0.255528	7.48638	4.82645	45.7152
113	0.290581	7.48086	4.85591	45.9689
114	0.325366	7.47876	4.95587	46.2304
115	0.350612	7.47915	4.95291	46.4904
116	0.368168	7.48128	4.93916	46.7477
117	0.36778	7.4835	4.95407	47.005
118	0.368112	7.48586	4.98063	47.2634
119	0.382381	7.48963	5.00394	47.5226
120	0.396545	7.49478	5.05215	47.7848
121	0.390924	7.4995	5.04732	48.0453
122	0.373843	7.50277	5.03664	48.3035
123	0.361289	7.50502	4.80483	48.5397
124	0.346094	7.50601	4.77663	48.7722
125	0.322111	7.50499	4.72983	48.9995
126	0.299135	7.50206	4.5506	49.21
127	0.292902	7.49871	4.45508	49.4111
128	0.296242	7.4958	4.38565	49.6054
129	0.292897	7.49273	4.33645	49.7946
130	0.297065	7.49015	4.33874	49.9833
131	0.307831	7.48864	4.33992	50.1713
132	0.308875	7.48733	4.3416	50.3588
133	0.323049	7.48735	4.42597	50.5529
134	0.346689	7.4895	4.53197	50.7553
135	0.373151	7.494	4.63906	50.9661
136	0.385351	7.49961	4.65542	51.1774
137	0.40838	7.50722	4.73474	51.3946
138	0.405925	7.51467	4.75207	51.6123
139	0.392833	7.52106	4.68123	51.8232
140	0.38216	7.5266	4.62839	52.0289
141	0.365198	7.53078	4.65092	52.2356
142	0.350589	7.5338	4.63207	52.4399
143	0.338045	7.53586	4.64598	52.6446
144	0.335538	7.53777	4.68091	52.8514
145	0.332954	7.53956	4.69654	53.0587
146	0.326927	7.54092	4.65271	53.2616
147	0.323285	7.54205	4.66103	53.4644
148	0.311909	7.54234	4.64681	53.6653
149	0.293033	7.54117	4.68689	53.8687
150	0.271678	7.53836	4.74734	54.0763
151	0.254027	7.53423	4.80322	54.2876
152	0.23857	7.52895	4.82663	54.5
153	0.247023	7.52447	4.77794	54.7077
154	0.256825	7.52088	4.73665	54.9113
155	0.258903	7.51755	4.70337	55.1116
156	0.242983	7.51306	4.70514	55.3112
157	0.218706	7.50674	4.70787	55.5104
158	0.223053	7.50088	4.63646	55.7032
159	0.222217	7.49506	4.61186	55.8934
160	0.233621	7.49025	4.64333	56.0854
161	0.250967	7.4869	4.65713	56.2779
162	0.277886	7.48574	4.66598	56.4704
163	0.298547	7.48626	4.68765	56.664
164	0.309143	7.48767	4.68885	56.857
165	0.304492	7.48879	4.65676	57.0468
166	0.295606	7.48927	4.64725	57.2354
167	0.289744	7.48937	4.59966	57.4196
168	0.276739	7.48854	4.58733	57.6023
169	0.271854	7.4874	4.49694	57.7775
170	0.271466	7.4863	4.41108	57.9457
171	0.297605	7.48726	4.33563	58.1076
172	0.310858	7.48928	4.22003	58.2603
173	0.305443	7.49094	4.17684	58.4093
174	0.289801	7.49148	4.08535	58.5511
175	0.286138	7.49179	4.01638	58.6874
176	0.306113	7.49366	4.01109	58.823
177	0.322797	7.49683	4.02065	58.9589
178	0.336341	7.50105	4.00266	59.0933
179	0.331567	7.50494	3.98367	59.2259
180	0.336903	7.50927	3.91207	59.353
181	0.348379	7.51448	3.90811	59.4795
182	0.353186	7.52007	3.91013	59.6059
183	0.362484	7.52637	3.89267	59.7308
184	0.376955	7.53375	3.92336	59.8577
185	0.369108	7.54057	3.94372	59.9858
186	0.355075	7.54639	3.97893	60.1163
187	0.340718	7.55118	3.9981	60.2478
188	0.331863	7.55536	4.02055	60.3808
189	0.334759	7.55978	4.05407	60.5159
190	0.34646	7.56507	4.03309	60.6491
191	0.339884	7.56991	4.00368	60.78
192	0.345743	7.5752	3.9856	60.9093
193	0.33708	7.57989	4.00699	61.0399
194	0.324092	7.58368	4.02061	61.1711
195	0.311201	7.58658	4.07236	61.3058
196	0.299561	7.58869	4.10565	61.4426
197	0.282132	7.5896	4.13431	61.5811
198	0.266928	7.58948	4.12672	61.7188
199	0.257953	7.58877	4.13311	61.8566
200	0.243017	7.58706	4.12551	61.9936
201	0.244659	7.58552	4.06463	62.126
202	0.250052	7.58442	4.07908	62.2591
203	0.245488	7.58304	4.07086	62.3914
204	0.239429	7.5813	4.087	62.5245
205	0.235378	7.57932	4.06461	62.6558
206	0.232015	7.57717	4.07922	62.7879
207	0.237323	7.57544	4.01838	62.9155
208	0.242956	7.57414	4.01715	63.0427
209	0.248768	7.5733	4.00886	63.1691
210	0.247679	7.57243	4.00044	63.2947
211	0.257677	7.57229	4.02084	63.4215
212	0.249832	7.57166	4.05627	63.5504
213	0.247339	7.5709	4.08449	63.681
214	0.239531	7.56965	4.07671	63.8108
215	0.228447	7.5677	4.10597	63.9423
216	0.218622	7.56513	4.11754	64.0744
217	0.212214	7.56218	4.13518	64.2074
218	0.203601	7.5587	4.13585	64.3401
219	0.195769	7.55475	4.13721	64.4727
220	0.192818	7.55065	4.17225	64.6073
221	0.191789	7.54655	4.21106	64.7443
222	0.192577	7.54255	4.24326	64.8831
223	0.192961	7.53864	4.24571	65.0219
224	0.193145	7.53479	4.23775	65.1597
225	0.199135	7.53139	4.25127	65.2982
226	0.202994	7.5283	4.29329	65.4392
227	0.209326	7.52568	4.34182	65.5831
228	0.216491	7.52358	4.3746	65.7288
229	0.221857	7.52187	4.39293	65.8754
230	0.219292	7.52004	4.4034	66.0224
231	0.214993	7.51797	4.34925	66.1655
232	0.225103	7.5166	4.33983	66.3077
233	0.232918	7.51579	4.36958	66.4515
234	0.238393	7.51537	4.38153	66.5958
235	0.241427	7.51518	4.38772	66.7401
236	0.239044	7.51487	4.32303	66.88
237	0.235418	7.51436	4.25757	67.0153
238	0.229446	7.5135	4.17779	67.1452
239	0.231138	7.51278	4.09901	67.2698
240	0.232842	7.51221	4.09681	67.3941
241	0.23511	7.51182	4.04441	67.5147
242	0.230969	7.5112	4.0095	67.6329
243	0.227687	7.5104	3.99734	67.7501
244	0.223643	7.50938	3.97696	67.8658
245	0.21873	7.50808	3.94491	67.9793
246	0.218493	7.50681	3.93697	68.0921
247	0.224873	7.50597	3.96936	68.2068
248	0.229799	7.50547	3.99147	68.3227
249	0.226961	7.50483	4.01738	68.44
250	0.233678	7.50465	4.04585	68.559
251	0.232363	7.50441	4.05875	68.6785
252	0.223964	7.50368	4.02317	68.7956
253	0.220581	7.50277	4.04265	68.9138
254	0.230863	7.50253	4.05354	69.0324
255	0.23859	7.5028	4.05576	69.151
256	0.243511	7.50341	4.03841	69.2682
257	0.237593	7.50367	3.99166	69.3824
258	0.238783	7.50403	4.01192	69.4977
259	0.243189	7.5047	4.03847	69.6144
260	0.249215	7.50576	4.03186	69.7305
261	0.25219	7.50703	4.00462	69.8447
262	0.253952	7.50843	3.96143	69.9561
263	0.259852	7.51021	3.95545	70.067
264	0.263778	7.51225	3.93345	70.1764
265	0.265864	7.51444	3.92984	70.2853
266	0.269421	7.51687	3.91736	70.3934
267	0.265228	7.51905	3.94208	70.5028
268	0.266883	7.52136	3.96091	70.6131
269	0.270969	7.52393	3.92303	70.721
270	0.27941	7.52703	3.83594	70.8235
271	0.271116	7.52964	3.8004	70.9237
272	0.265429	7.53192	3.81815	71.0248
273	0.261418	7.53398	3.84198	71.1272
274	0.255862	7.53572	3.87094	71.2313
275	0.249994	7.53713	3.89551	71.3366
276	0.239958	7.53795	3.91172	71.4428
277	0.234854	7.53849	3.91988	71.5494
278	0.236712	7.53916	3.9539	71.6578
279	0.236822	7.53986	3.98448	71.7679
280	0.239448	7.54074	3.99265	71.8783
281	0.242498	7.54182	4.00393	71.9892
282	0.237707	7.54264	3.93501	72.0958
283	0.235444	7.54334	3.88589	72.1994
284	0.225276	7.54346	3.8332	72.2997
285	0.217953	7.54317	3.76371	72.3958
286	0.208968	7.54238	3.71435	72.4889
287	0.209055	7.54162	3.65332	72.5783
288	0.203478	7.54055	3.60448	72.6647
289	0.198207	7.53921	3.5655	72.7488
290	0.202714	7.53815	3.53539	72.831
291	0.196276	7.53674	3.50238	72.9112
292	0.18864	7.53491	3.44255	72.9879
293	0.184574	7.53288	3.40163	73.0621
294	0.176084	7.53038	3.38409	73.1353
295	0.175754	7.52789	3.33791	73.2057
296	0.175168	7.52539	3.32514	73.2754
297	0.182529	7.52336	3.33824	73.3459
298	0.194862	7.52206	3.35753	73.4174
299	0.189945	7.5205	3.36064	73.489
300	0.180466	7.51842	3.36447	73.5608
301	0.178195	7.51624	3.38141	73.6336
302	0.177357	7.51404	3.39536	73.7071
303	0.184338	7.51227	3.38831	73.7802
304	0.196936	7.51124	3.37203	73.8523
305	0.207657	7.51085	3.30614	73.9207
306	0.212487	7.51076	3.30882	73.9891
307	0.215745	7.51087	3.30928	74.0575
308	0.214433	7.51092	3.31765	74.1264
309	0.220081	7.51132	3.34835	74.197
310	0.219089	7.51167	3.35642	74.268
311	0.218888	7.51204	3.35328	74.3388
312	0.229333	7.51301	3.3839	74.4113
313	0.240697	7.51464	3.41107	74.4853
314	0.24981	7.51679	3.43766	74.5608
315	0.246344	7.51876	3.44714	74.6367
316	0.246361	7.52074	3.4576	74.7131
317	0.248687	7.52287	3.45906	74.7896
318	0.243931	7.52474	3.45044	74.8655
319	0.240363	7.52643	3.45455	74.9417
320	0.237226	7.52795	3.46604	75.0183
321	0.233067	7.52926	3.46654	75.095
322	0.23008	7.53041	3.48177	75.1725
323	0.227751	7.53145	3.49258	75.2505
324	0.231465	7.53271	3.50177	75.3289
325	0.232456	7.53404	3.48615	75.4064
326	0.238728	7.53573	3.49869	75.4846
327	0.24191	7.5376	3.49618	75.5625
328	0.237852	7.53927	3.49589	75.6404
329	0.235126	7.5408	3.5069	75.7188
330	0.224961	7.54178	3.54756	75.7994
331	0.217486	7.54236	3.58019	75.8817
332	0.209905	7.54255	3.58714	75.9643
333	0.20846	7.54267	3.55046	76.0448
334	0.205969	7.54268	3.5046	76.1227
335	0.205339	7.54266	3.47993	76.1993
336	0.207067	7.54276	3.44043	76.2736
337	0.211301	7.5431	3.42525	76.3471
338	0.217437	7.54379	3.44678	76.4216
339	0.220188	7.54465	3.44675	76.4962
340	0.220719	7.54555	3.4614	76.5714
341	0.218297	7.54633	3.47672	76.6474
342	0.211699	7.54676	3.49975	76.7246
343	0.201619	7.54667	3.54823	76.8044
344	0.191729	7.54607	3.56431	76.8849
345	0.188023	7.54528	3.57711	76.9661
346	0.185878	7.5444	3.57692	77.0472
347	0.180867	7.54326	3.57952	77.1283
348	0.179116	7.54205	3.57607	77.2092
349	0.183176	7.54108	3.56923	77.2897
350	0.187362	7.54034	3.58539	77.3709
351	0.191691	7.53986	3.59757	77.4527
352	0.188322	7.53921	3.59843	77.5345
353	0.190755	7.53871	3.61272	77.617
354	0.200906	7.53876	3.6301	77.7003
355	0.208796	7.53925	3.65713	77.7849
356	0.214951	7.54007	3.66998	77.8702
357	0.217164	7.54102	3.68048	77.9559
358	0.220822	7.54218	3.7023	78.0427
359	0.229144	7.54379	3.73433	78.1311
360	0.240687	7.54601	3.78235	78.2219
361	0.247618	7.54861	3.8066	78.3138
362	0.250217	7.55135	3.80635	78.4057
363	0.248725	7.55401	3.8138	78.4979
364	0.243416	7.55641	3.8084	78.5896
365	0.232674	7.55825	3.83555	78.6827
366	0.22452	7.55968	3.82819	78.7753
367	0.22526	7.56116	3.77593	78.865
368	0.225408	7.56265	3.78734	78.9553
369	0.226368	7.56421	3.80698	79.0464
370	0.223788	7.56563	3.79359	79.1368
371	0.224652	7.56712	3.80132	79.2275
372	0.227119	7.56874	3.81156	79.3186
373	0.235258	7.57079	3.8351	79.4108
374	0.24042	7.57311	3.83884	79.5031
375	0.24354	7.57561	3.8044	79.5935
376	0.242551	7.57806	3.78017	79.6826
377	0.239447	7.58035	3.75979	79.7705
378	0.235631	7.58246	3.73925	79.8573
379	0.231432	7.58436	3.71174	79.9426
380	0.224476	7.58591	3.7202	80.0283
381	0.22479	7.58749	3.7283	80.1142
382	0.2302	7.58935	3.73567	80.2005
383	0.233829	7.5914	3.73025	80.2864
384	0.23765	7.59366	3.74439	80.3729
385	0.233568	7.59571	3.74529	80.4594
386	0.230416	7.59762	3.76111	80.5466
387	0.223563	7.59918	3.75651	80.6334
388	0.219355	7.60054	3.73287	80.719
389	0.217075	7.60179	3.74352	80.805
390	0.217388	7.60307	3.76062	80.8918
391	0.216451	7.60431	3.74175	80.9776
392	0.218796	7.60567	3.69447	81.0609
393	0.2235	7.60729	3.66264	81.1425
394	0.220724	7.60877	3.68325	81.2251
395	0.218422	7.61014	3.70302	81.3086
396	0.216879	7.61145	3.72279	81.393
397	0.214475	7.61264	3.73571	81.4779
398	0.214444	7.61384	3.74532	81.5633
399	0.222571	7.61545	3.77494	81.65
400	0.229302	7.61741	3.8108	81.7385
401	0.236866	7.61976	3.83379	81.828
402	0.240377	7.62228	3.85585	81.9185
403	0.235469	7.62456	3.86129	82.0092
404	0.233572	7.62676	3.87984	82.1007
405	0.230945	7.62883	3.89811	82.193
406	0.223328	7.63053	3.9224	82.2864
407	0.224242	7.63229	3.93479	82.3803
408	0.227124	7.63419	3.96244	82.4754
409	0.230767	7.63628	3.9818	82.5714
410	0.232579	7.63847	3.99638	82.6681
411	0.23485	7.64077	4.01178	82.7653
412	0.232202	7.64295	3.99345	82.8616
413	0.228829	7.64497	4.00139	82.9581
414	0.224243	7.64677	4.01438	83.0552
415	0.222883	7.64851	4.03141	83.1529
416	0.221436	7.65018	4.01854	83.25
417	0.215611	7.65158	4.03004	83.3474
418	0.211094	7.65277	4.03395	83.445
419	0.210339	7.65393	4.02826	83.5422
420	0.210523	7.6551	4.01916	83.6388
421	0.205067	7.65602	4.0271	83.7356
422	0.202055	7.6568	4.02761	83.8324
423	0.197664	7.65737	4.03373	83.9294
424	0.189786	7.65757	4.03731	84.0265
425	0.18141	7.65738	4.05176	84.1241
426	0.181007	7.65718	4.05264	84.2216
427	0.179432	7.65691	4.0381	84.3184
428	0.174706	7.65643	4.01889	84.4141
429	0.170825	7.65577	3.97385	84.5075
430	0.171529	7.65516	3.9344	84.599
431	0.171649	7.65456	3.9237	84.6898
432	0.169581	7.65388	3.89403	84.7791
433	0.163232	7.6529	3.89335	84.8682
434	0.153786	7.65149	3.90164	84.9577
435	0.154043	7.6501	3.88075	85.0461
436	0.153525	7.64869	3.8586	85.1333
437	0.157018	7.64747	3.85199	85.2201
438	0.155439	7.64619	3.85371	85.307
439	0.149467	7.64463	3.83545	85.3928
440	0.143954	7.64282	3.82778	85.4783
441	0.140687	7.64088	3.84489	85.5644
442	0.135727	7.63871	3.85179	85.6508
443	0.130877	7.63633	3.83828	85.7364
444	0.120632	7.63347	3.84781	85.8225
445	0.110874	7.63017	3.86266	85.9091
446	0.103839	7.62656	3.85142	85.9952
447	0.106155	7.62307	3.83914	86.0805
448	0.107406	7.61966	3.8352	86.1656
449	0.108015	7.61629	3.81501	86.2497
450	0.101304	7.61263	3.82108	86.3339
451	0.095946	7.60873	3.84499	86.4193
452	0.0954554	7.60483	3.83811	86.5042
453	0.094062	7.60087	3.8463	86.5894
454	0.0933823	7.59691	3.84625	86.6745
455	0.0950887	7.59304	3.86197	86.7603
456	0.0956033	7.58921	3.87332	86.8465
457	0.0893924	7.58511	3.88561	86.9332
458	0.0795259	7.58057	3.89089	87.0201
459	0.0708386	7.57565	3.91161	87.1078
460	0.0611049	7.57029	3.85072	87.1926
461	0.0580887	7.56481	3.78822	87.2745
462	0.0516223	7.55905	3.80647	87.3571
463	0.0447392	7.55299	3.83792	87.4411
464	0.0399544	7.54673	3.85869	87.526
465	0.0374911	7.54038	3.87394	87.6115
466	0.0319601	7.5338	3.88297	87.6973
467	0.0288536	7.52709	3.86442	87.7822
468	0.0270914	7.52033	3.84842	87.8663
469	0.0211983	7.51332	3.83841	87.9498
470	0.0130574	7.50596	3.84274	88.0335
471	0.00654278	7.49832	3.85614	88.1177
472	0.0107502	7.4909	3.87365	88.2026
473	0.00780003	7.48337	3.89074	88.2882
474	0.00606794	7.47578	3.86515	88.3726
475	0.000517943	7.46797	3.87256	88.4572
476	0.00055823	7.46018	3.88419	88.5423
477	0.00568998	7.45265	3.90068	88.6281
478	0.00793585	7.44524	3.91498	88.7144
479	0.00392037	7.43768	3.93133	88.8014
480	0.00239049	7.43007	3.95047	88.8892
481	0.00342959	7.42253	3.96979	88.9777
482	0.00577672	7.41512	3.9667	89.0661
483	0.00769335	7.40782	3.9678	89.1544
484	0.000945139	7.40024	3.98671	89.2434
485	-0.00057325	7.39261	3.9944	89.3328
486	-0.00206746	7.38494	3.9919	89.4219
487	-0.00166292	7.37731	3.98629	89.5107
488	0.00122299	7.36983	3.99446	89.5998
489	-0.000220253	7.36231	3.98563	89.6883
490	0.0002891	7.35484	3.98534	89.7768
491	0.0057361	7.34763	3.95776	89.864
492	0.0111123	7.34069	3.93818	89.9502
493	0.0135185	7.33388	3.87851	90.0336
494	0.0180296	7.3273	3.85496	90.1159
495	0.0211984	7.32087	3.85281	90.198
496	0.0289877	7.31482	3.8615	90.2804
497	0.0287539	7.30877	3.84967	90.3622
498	0.0232101	7.3025	3.86799	90.4448
499	0.0228334	7.29622	3.87195	90.5275
500	0.0233992	7.29	3.88652	90.6107
501	0.0256282	7.28389	3.89697	90.6944
502	0.0286531	7.27794	3.89464	90.7778
503	0.029464	7.27204	3.8616	90.8598
504	0.0296795	7.26617	3.86154	90.9416
505	0.028017	7.26024	3.84887	91.0228
506	0.0313162	7.25448	3.86052	91.1045
507	0.0357127	7.24894	3.82567	91.1845
508	0.0404601	7.24362	3.83134	91.2647
509	0.0466126	7.23859	3.85712	91.346
510	0.0530103	7.23386	3.87559	91.428
511	0.0629725	7.22959	3.90628	91.5113
512	0.0710291	7.22568	3.92927	91.5956
513	0.0744228	7.22194	3.90438	91.6787
514	0.0701161	7.21803	3.89845	91.7614
515	0.0732761	7.21427	3.90298	91.8443
516	0.0811125	7.21087	3.92537	91.928
517	0.0913949	7.20793	3.9596	92.0132
518	0.0969565	7.20525	3.96505	92.0986
519	0.097823	7.20261	3.96725	92.184
520	0.0958655	7.19991	3.97108	92.2695
521	0.0912224	7.19701	3.97613	92.3551
522	0.0880683	7.19399	3.97091	92.4404
523	0.0858006	7.19088	3.96053	92.5251
524	0.0859735	7.18779	3.96107	92.6099
525	0.0836028	7.1846	3.96899	92.6948
526	0.0818107	7.18136	3.97697	92.7801
527	0.0769406	7.17791	3.98802	92.8658
528	0.0746882	7.17438	3.99805	92.9518
529	0.0725783	7.17077	4.00428	93.038
530	0.0714986	7.16713	4.01497	93.1246
531	0.0716486	7.16351	4.02568	93.2115
532	0.0713719	7.15989	4.00541	93.2975
533	0.0734654	7.15637	4.00215	93.3833
534	0.072017	7.1528	4.01241	93.4695
535	0.068522	7.14909	4.00263	93.5552
536	0.065817	7.14528	3.98183	93.6398
537	0.0636407	7.14139	3.9876	93.7247
538	0.0612703	7.13741	3.98425	93.8093
539	0.061099	7.13344	3.98849	93.8941
540	0.0627704	7.12955	3.99963	93.9792
541	0.0606808	7.12559	4.00972	94.0647
542	0.0586635	7.12155	3.98601	94.1491
543	0.0588457	7.11754	3.95799	94.2322
544	0.0613644	7.11364	3.94138	94.3146
545	0.0610208	7.10975	3.9357	94.3966
546	0.0596213	7.1058	3.93305	94.4784
547	0.0539587	7.10163	3.93367	94.5602
548	0.051049	7.09735	3.92123	94.6414
549	0.0455436	7.09285	3.91589	94.7223
550	0.0475065	7.08844	3.91669	94.8032
551	0.0531617	7.08429	3.93519	94.8848
552	0.0497092	7.08	3.93434	94.9663
553	0.0470396	7.07562	3.9429	95.0481
554	0.0443257	7.07113	3.95483	95.1303
555	0.0440888	7.06665	3.96756	95.2129
556	0.0483529	7.06236	3.98029	95.2961
557	0.0509456	7.0582	3.97141	95.3788
558	0.0513183	7.05406	3.96801	95.4613
559	0.0489607	7.04984	3.97015	95.5438
560	0.0447547	7.04545	3.97189	95.6263
561	0.0429527	7.041	3.94981	95.7078
562	0.0423789	7.03654	3.93031	95.7884
563	0.0407574	7.03203	3.90853	95.868
564	0.0414362	7.02756	3.90259	95.9473
565	0.0391654	7.023	3.89666	96.0263
566	0.0383574	7.01842	3.88357	96.1047
567	0.0374591	7.01383	3.88032	96.1829
568	0.0329862	7.00905	3.88663	96.2613
569	0.0297262	7.00416	3.89189	96.3398
570	0.0295976	6.99927	3.88474	96.418
571	0.0290555	6.99437	3.8696	96.4955
572	0.0292504	6.9895	3.87029	96.5729
573	0.0311991	6.98472	3.85694	96.6498
574	0.0283983	6.97984	3.85752	96.7266
575	0.0231858	6.97475	3.87769	96.8041
576	0.0195772	6.96953	3.88899	96.8821
577	0.0150801	6.96413	3.87998	96.9597
578	0.00705411	6.95842	3.87055	97.0368
579	0.00168789	6.9525	3.88081	97.1142
580	-0.0014413	6.94646	3.88384	97.1917
581	0.00121909	6.94055	3.87374	97.2688
582	0.0038318	6.93477	3.87114	97.3457
583	0.00106243	6.92888	3.86911	97.4224
584	-0.00464249	6.92278	3.87128	97.4992
585	-0.00830327	6.91653	3.8704	97.5758
586	-0.0100039	6.91024	3.86635	97.6523
587	-0.00969624	6.90397	3.85333	97.7281
588	-0.0106288	6.89768	3.83693	97.8032
589	-0.00816261	6.89151	3.82375	97.8777
590	-0.00872712	6.88532	3.81609	97.9519
591	-0.00969054	6.87912	3.8075	98.0256
592	-0.0110301	6.87287	3.81645	98.0996
593	-0.0108486	6.86665	3.81196	98.1734
594	-0.0102764	6.86047	3.81752	98.2474
595	-0.0101435	6.8543	3.82973	98.3218
596	-0.00938914	6.84819	3.82788	98.3961
597	-0.0080966	6.84214	3.83445	98.4706
598	-0.01164	6.83596	3.83487	98.5451
599	-0.0116809	6.82979	3.84902	98.6201
600	-0.0160489	6.82346	3.85656	98.6953
601	-0.0204577	6.81697	3.86902	98.771
602	-0.0189767	6.81055	3.87801	98.847
603	-0.0190241	6.80415	3.84618	98.9216
604	-0.0201962	6.79771	3.83731	98.9959
605	-0.0199851	6.7913	3.83438	99.0699
606	-0.0181585	6.78497	3.83136	99.1438
607	-0.0183828	6.77866	3.81389	99.2169
608	-0.0200395	6.77229	3.81187	99.2899
609	-0.0205927	6.76591	3.80495	99.3625
610	-0.0199454	6.75957	3.77654	99.434
611	-0.0216504	6.75318	3.77273	99.5052
612	-0.0196071	6.74689	3.78027	99.5767
613	-0.0153551	6.74078	3.78461	99.6483
614	-0.0140625	6.73474	3.7749	99.7195
615	-0.00734292	6.72899	3.78802	99.7912
616	0.00091947	6.72358	3.81274	99.8638
617	0.0067002	6.71841	3.82479	99.9368
618	0.0107427	6.71342	3.82003	100.01
619	0.0149602	6.70862	3.80968	100.082
620	0.0159982	6.70386	3.78202	100.153
621	0.0152115	6.69909	3.76667	100.224
622	0.0158112	6.69435	3.76206	100.294
623	0.0155182	6.68962	3.75465	100.364
624	0.0158673	6.68491	3.7318	100.433
625	0.0157801	6.6802	3.69929	100.5
626	0.0144176	6.67546	3.68609	100.567
627	0.0095832	6.67053	3.69883	100.635
628	0.00649051	6.66549	3.71556	100.703
629	0.00261429	6.66031	3.72289	100.771
630	-0.00102258	6.655	3.72205	100.84
631	-0.00109388	6.6497	3.72205	100.908
632	0.00081216	6.64449	3.71966	100.976
633	0.00179881	6.63932	3.72098	101.044
634	0.00732555	6.63439	3.72689	101.113
635	0.0126091	6.62968	3.73686	101.181
636	0.0177669	6.62519	3.74379	101.25
637	0.0251806	6.621	3.76179	101.32
638	0.0284646	6.61695	3.76145	101.389
639	0.0346179	6.61315	3.7808	101.459
640	0.0369982	6.60946	3.78918	101.53
641	0.0410368	6.60594	3.7974	101.601
642	0.0414575	6.60244	3.79499	101.671
643	0.038147	6.59882	3.79521	101.742
644	0.0336421	6.59504	3.80506	101.813
645	0.0324046	6.59121	3.80343	101.884
646	0.0367708	6.58757	3.79189	101.954
647	0.0392401	6.58403	3.79755	102.024
648	0.038386	6.58047	3.79855	102.095
649	0.0390802	6.57695	3.79213	102.165
650	0.0391735	6.57343	3.79409	102.235
651	0.0388477	6.56992	3.8005	102.306
652	0.0353092	6.56628	3.80991	102.376
653	0.0305674	6.56246	3.82065	102.448
654	0.0268439	6.5585	3.82903	102.519
655	0.0287696	6.55463	3.82921	102.59
656	0.029926	6.55081	3.82553	102.661
657	0.0285164	6.54695	3.82506	102.732
658	0.0285296	6.5431	3.83121	102.804
659	0.0305387	6.53934	3.82859	102.875
660	0.0321492	6.53565	3.82836	102.946
661	0.0332105	6.53201	3.83942	103.017
662	0.0342226	6.52841	3.83854	103.089
663	0.0336749	6.52481	3.83914	103.16
664	0.0316282	6.52113	3.81876	103.231
665	0.0315407	6.51746	3.80504	103.3
666	0.0313552	6.5138	3.79454	103.37
667	0.0340681	6.51024	3.80068	103.44
668	0.0375086	6.50683	3.80599	103.509
669	0.0412757	6.50358	3.81284	103.579
670	0.0398968	6.50027	3.81856	103.65
671	0.0389058	6.49694	3.83134	103.72
672	0.0419039	6.49374	3.84063	103.791
673	0.0410282	6.4905	3.84258	103.862
674	0.0374872	6.48714	3.85289	103.934
675	0.0338076	6.48365	3.84403	104.005
676	0.0282912	6.47995	3.84085	104.075
677	0.0232316	6.47607	3.84775	104.146
678	0.0217252	6.47214	3.85205	104.217
679	0.0212657	6.4682	3.84781	104.288
680	0.0214034	6.46428	3.83935	104.359
681	0.0191222	6.46027	3.84346	104.43
682	0.0194845	6.4563	3.85332	104.5
683	0.0171109	6.45224	3.85908	104.572
684	0.0158712	6.44814	3.86465	104.643
685	0.0176165	6.44411	3.86691	104.714
686	0.0195196	6.44017	3.86811	104.786
687	0.0209101	6.43629	3.8753	104.857
688	0.0249319	6.43258	3.88385	104.929
689	0.026613	6.42893	3.88965	105.001
690	0.0274897	6.42533	3.89691	105.073
691	0.0279462	6.42176	3.90369	105.146
692	0.0262356	6.41812	3.90385	105.218
693	0.0252912	6.41446	3.90493	105.291
694	0.0255933	6.41082	3.89329	105.362
695	0.0250527	6.40717	3.88819	105.434
696	0.0259581	6.40356	3.89561	105.506
697	0.022993	6.39985	3.90257	105.578
698	0.0272153	6.39631	3.91039	105.651
699	0.0313444	6.39293	3.92177	105.723
700	0.0332499	6.38963	3.91984	105.796
701	0.0308318	6.38624	3.92735	105.869
702	0.0312283	6.38288	3.92144	105.941
703	0.0338329	6.37963	3.90706	106.013
704	0.0323269	6.37633	3.88321	106.084
705	0.0286535	6.37289	3.87861	106.155
706	0.0243386	6.36931	3.86474	106.225
707	0.0242699	6.36572	3.82764	106.294
708	0.0234127	6.36212	3.83227	106.363
709	0.0241496	6.35855	3.83371	106.432
710	0.0246646	6.35501	3.81963	106.5
711	0.0263349	6.35153	3.80889	106.568
712	0.0274779	6.34811	3.80271	106.636
713	0.0262491	6.34465	3.79143	106.703
714	0.0268558	6.34123	3.78014	106.77
715	0.0274548	6.33783	3.78129	106.837
716	0.028519	6.33448	3.79148	106.904
717	0.0278187	6.33111	3.79724	106.971
718	0.0231774	6.32757	3.80678	107.039
719	0.0199319	6.32393	3.80802	107.106
720	0.0200463	6.32029	3.79158	107.173
721	0.0198209	6.31666	3.78077	107.24
722	0.0190064	6.313	3.77996	107.306
723	0.0147958	6.30919	3.78488	107.372
724	0.0113683	6.30527	3.7898	107.439
725	0.00785234	6.30122	3.79314	107.506
726	0.00274129	6.29699	3.80055	107.573
727	0.000251124	6.29268	3.78303	107.639
728	-0.00223514	6.28829	3.77161	107.705
729	-0.00174998	6.28392	3.75514	107.77
730	-0.00240409	6.27954	3.74563	107.835
731	-0.0058192	6.27504	3.74295	107.9
732	-0.00995802	6.27039	3.74309	107.964
733	-0.011076	6.26572	3.72533	108.028
734	-0.0109265	6.26106	3.70712	108.092
735	-0.0111309	6.2564	3.69112	108.154
736	-0.0098289	6.2518	3.66842	108.216
737	-0.00965958	6.24721	3.65136	108.277
738	-0.00918772	6.24265	3.64008	108.338
739	-0.00721105	6.23817	3.64089	108.398
740	-0.00816787	6.23367	3.63098	108.458
741	-0.0106339	6.22908	3.62097	108.518
742	-0.0116371	6.22447	3.61243	108.578
743	-0.0114035	6.21987	3.61097	108.637
744	-0.00848246	6.21539	3.61783	108.697
745	-0.00991818	6.21086	3.60855	108.756
746	-0.0116607	6.20628	3.60684	108.815
747	-0.0128602	6.20167	3.59749	108.874
748	-0.0115063	6.19711	3.59106	108.932
749	-0.0124856	6.19253	3.58079	108.991
750	-0.0117011	6.18799	3.56862	109.048
751	-0.0105864	6.18349	3.56912	109.106
752	-0.00650567	6.17915	3.57484	109.164
753	-0.00619511	6.17483	3.57248	109.221
754	-0.00657968	6.17051	3.56225	109.279
755	-0.00761668	6.16615	3.54958	109.335
756	-0.0059774	6.16187	3.54952	109.392
757	-0.00469808	6.15764	3.55187	109.449
758	-0.00218811	6.15351	3.5463	109.506
759	-0.00206157	6.14939	3.53706	109.562
760	-0.00513019	6.14516	3.53758	109.618
761	-0.00545185	6.14094	3.53771	109.674
762	-0.00794942	6.13663	3.5207	109.73
763	-0.00537928	6.13242	3.52805	109.786
764	-0.00712191	6.12816	3.54155	109.842
765	-0.00687752	6.12392	3.54792	109.899
766	-0.00652625	6.11969	3.55799	109.955
767	-0.00649893	6.11548	3.5643	110.012
768	-0.00321246	6.11139	3.56587	110.069
769	-0.00332405	6.10731	3.5684	110.127
770	-0.00315873	6.10324	3.57216	110.184
771	-0.00356124	6.09916	3.56753	110.241
772	-0.00394687	6.09508	3.57349	110.298
773	-0.00143529	6.09109	3.5888	110.356
774	-0.000954113	6.08713	3.57771	110.413
775	-0.00493768	6.08304	3.56637	110.47
776	-0.00903805	6.0788	3.58078	110.527
777	-0.011161	6.0745	3.58534	110.585
778	-0.014365	6.07009	3.59627	110.643
779	-0.0150898	6.06566	3.60405	110.701
780	-0.017803	6.06115	3.60349	110.759
781	-0.022028	6.05649	3.60929	110.817
782	-0.0248254	6.05174	3.60815	110.875
783	-0.0275536	6.0469	3.6004	110.933
784	-0.0285942	6.04203	3.60185	110.991
785	-0.0281114	6.03719	3.59871	111.049
786	-0.0268126	6.0324	3.59597	111.106
787	-0.0270155	6.02761	3.59329	111.164
788	-0.0279999	6.0228	3.59956	111.221
789	-0.0285797	6.01798	3.60539	111.279
790	-0.0312566	6.01307	3.61616	111.338
791	-0.0319052	6.00814	3.61119	111.396
792	-0.0297832	6.0033	3.61491	111.454
793	-0.0300465	5.99846	3.60234	111.511
794	-0.031445	5.99357	3.60094	111.569
795	-0.0336091	5.98862	3.59754	111.626
796	-0.0376742	5.98353	3.61341	111.684
797	-0.0399612	5.97838	3.62592	111.743
798	-0.0415037	5.97317	3.62844	111.801
799	-0.0410389	5.96799	3.62524	111.859
800	-0.0398756	5.96286	3.62397	111.918
801	-0.0415962	5.95768	3.63385	111.976
802	-0.0420656	5.95249	3.64073	112.035
803	-0.0412396	5.94734	3.64806	112.094
804	-0.0398192	5.94224	3.64983	112.153
805	-0.0414248	5.9371	3.65442	112.212
806	-0.0409443	5.93199	3.65304	112.271
807	-0.037953	5.92699	3.66043	112.33
808	-0.0335262	5.92215	3.66783	112.39
809	-0.0292434	5.91747	3.65461	112.449
810	-0.0232783	5.91301	3.65134	112.508
811	-0.0190773	5.9087	3.65133	112.566
812	-0.0141957	5.90457	3.66572	112.626
813	-0.0104027	5.90058	3.6623	112.685
814	-0.00735409	5.89671	3.66329	112.744
815	-0.00466597	5.89294	3.66669	112.803
816	-0.00271933	5.88924	3.67068	112.863
817	-0.00168414	5.88558	3.67155	112.922
818	0.000628592	5.88202	3.67766	112.982
819	0.002323	5.87851	3.67782	113.041
820	0.00456795	5.8751	3.68721	113.101
821	0.00539917	5.87171	3.68997	113.161
822	0.00927015	5.86847	3.7022	113.221
823	0.00942828	5.86524	3.70995	113.282
824	0.00822568	5.86198	3.7187	113.343
825	0.00762112	5.8587	3.71037	113.403
826	0.0033579	5.85528	3.72156	113.464
827	-0.000763742	5.85172	3.72918	113.525
828	-0.00353306	5.84807	3.73599	113.586
829	-0.00605576	5.84434	3.74438	113.648
830	-0.0093718	5.8405	3.75063	113.709
831	-0.0107389	5.83662	3.75669	113.771
832	-0.0125491	5.83269	3.76506	113.833
833	-0.0145293	5.82869	3.77484	113.896
834	-0.014926	5.82469	3.77179	113.958
835	-0.0165098	5.82064	3.77145	114.02
836	-0.0182116	5.81653	3.76528	114.082
837	-0.0210408	5.81234	3.7529	114.144
838	-0.0190317	5.80822	3.75854	114.206
839	-0.019381	5.8041	3.76649	114.268
840	-0.0197789	5.79997	3.7622	114.33
841	-0.0243091	5.79569	3.7505	114.391
842	-0.0275974	5.79131	3.75142	114.452
843	-0.0278036	5.78692	3.74935	114.513
844	-0.024618	5.78265	3.75718	114.575
845	-0.0233045	5.77844	3.75888	114.636
846	-0.0235289	5.77422	3.75556	114.698
847	-0.0244977	5.76998	3.75077	114.759
848	-0.0242001	5.76576	3.74357	114.82
849	-0.02132	5.76164	3.73735	114.88
850	-0.0194398	5.75759	3.7271	114.941
851	-0.0196891	5.75354	3.73458	115.001
852	-0.0195556	5.7495	3.74282	115.062
853	-0.0198833	5.74546	3.73672	115.122
854	-0.019075	5.74145	3.7335	115.183
855	-0.0181613	5.73748	3.73526	115.243
856	-0.0167405	5.73356	3.74158	115.304
857	-0.0168769	5.72965	3.72875	115.364
858	-0.0176959	5.72571	3.70378	115.423
859	-0.0197147	5.72171	3.69871	115.482
860	-0.0199573	5.71771	3.70139	115.541
861	-0.0209886	5.71368	3.69132	115.6
862	-0.0215554	5.70964	3.69085	115.658
863	-0.0218572	5.7056	3.69351	115.717
864	-0.0230376	5.70152	3.68687	115.776
865	-0.0244718	5.6974	3.67876	115.834
866	-0.0235527	5.69332	3.68587	115.892
867	-0.0275956	5.68911	3.70324	115.951
868	-0.0282628	5.68488	3.71277	116.01
869	-0.0294667	5.68061	3.72136	116.07
870	-0.0305159	5.67632	3.73089	116.129
871	-0.0325406	5.67197	3.7217	116.189
872	-0.0374851	5.66746	3.72379	116.248
873	-0.039631	5.66288	3.7187	116.308
874	-0.0408917	5.65826	3.72113	116.367
875	-0.0434527	5.65357	3.7315	116.427
876	-0.0474117	5.64875	3.74121	116.486
877	-0.0500431	5.64385	3.73844	116.546
878	-0.0487558	5.63899	3.73255	116.606
879	-0.048607	5.63416	3.71966	116.665
880	-0.0484542	5.62933	3.71789	116.724
881	-0.0476559	5.62454	3.70382	116.783
882	-0.0472305	5.61977	3.6949	116.841
883	-0.0463883	5.61503	3.69193	116.899
884	-0.0465606	5.6103	3.69355	116.957
885	-0.0466352	5.60557	3.6765	117.014
886	-0.0459817	5.60087	3.67992	117.072
887	-0.0436494	5.59625	3.67599	117.129
888	-0.0457584	5.59157	3.66448	117.186
889	-0.0456399	5.58691	3.66195	117.243
890	-0.0463532	5.58222	3.66374	117.3
891	-0.0482797	5.57748	3.66931	117.357
892	-0.0484348	5.57274	3.66982	117.414
893	-0.0495551	5.56797	3.66735	117.471
894	-0.0493125	5.56321	3.66907	117.528
895	-0.046848	5.55855	3.66908	117.585
896	-0.0448633	5.55395	3.66004	117.642
897	-0.0419633	5.54946	3.65738	117.699
898	-0.043356	5.54494	3.66045	117.755
899	-0.0443634	5.54038	3.66133	117.812
900	-0.0449905	5.53581	3.65648	117.868
901	-0.0460961	5.53121	3.65555	117.925
902	-0.0475954	5.52657	3.65281	117.981
903	-0.0494421	5.52187	3.63137	118.036
904	-0.0513727	5.51711	3.62007	118.091
905	-0.0512816	5.51237	3.61523	118.146
906	-0.0509669	5.50764	3.61518	118.201
907	-0.0514082	5.50291	3.61433	118.256
908	-0.0508972	5.49819	3.61933	118.311
909	-0.0514643	5.49347	3.62013	118.366
910	-0.0511297	5.48877	3.62076	118.421
911	-0.0505894	5.48408	3.61213	118.476
912	-0.0518635	5.47937	3.61041	118.53
913	-0.0495911	5.47473	3.60934	118.585
914	-0.0493875	5.47011	3.61245	118.64
915	-0.0515941	5.46543	3.60729	118.694
916	-0.0540151	5.46066	3.60578	118.748
917	-0.0529799	5.45595	3.60525	118.803
918	-0.053741	5.45121	3.59995	118.857
919	-0.0508089	5.44657	3.59461	118.911
920	-0.0509131	5.44194	3.5822	118.964
921	-0.0498131	5.43735	3.57333	119.017
922	-0.0481543	5.43283	3.56668	119.07
923	-0.0476527	5.42832	3.55665	119.123
924	-0.0476141	5.42383	3.53329	119.174
925	-0.046926	5.41936	3.52709	119.226
926	-0.0467989	5.4149	3.51954	119.277
927	-0.0460554	5.41047	3.51051	119.328
928	-0.0444741	5.40611	3.48946	119.379
929	-0.0409715	5.40186	3.48126	119.428
930	-0.0406042	5.39763	3.47616	119.478
931	-0.0369604	5.39353	3.47284	119.528
932	-0.0324139	5.38958	3.47626	119.578
933	-0.0288105	5.38575	3.4884	119.628
934	-0.0230736	5.38212	3.50668	119.678
935	-0.016073	5.37872	3.52939	119.73
936	-0.0103656	5.37552	3.54252	119.782
937	-0.0042709	5.37252	3.54635	119.834
938	-0.000496704	5.36964	3.55932	119.886
939	0.00130565	5.36683	3.57125	119.939
940	0.00329165	5.36409	3.5725	119.991
941	0.00447494	5.36139	3.58098	120.044
942	0.00769936	5.3588	3.58371	120.097
943	0.0098718	5.35628	3.58057	120.15
944	0.0126657	5.35386	3.58342	120.203
945	0.0142602	5.3515	3.58379	120.256
946	0.0146735	5.34915	3.58293	120.309
947	0.0142896	5.3468	3.58212	120.362
948	0.0143036	5.34445	3.58648	120.415
949	0.0137517	5.34208	3.59303	120.468
950	0.0146806	5.33975	3.60448	120.522
951	0.0140152	5.3374	3.61366	120.576
952	0.0130571	5.33503	3.61945	120.63
953	0.0143527	5.3327	3.61892	120.684
954	0.0146226	5.33038	3.61914	120.737
955	0.017624	5.32817	3.61636	120.791
956	0.0196978	5.32602	3.60503	120.845
957	0.0191375	5.32386	3.59645	120.898
958	0.0192998	5.32171	3.58496	120.95
959	0.0171508	5.31949	3.58569	121.003
960	0.0144941	5.3172	3.60036	121.056
961	0.0139244	5.31488	3.59547	121.109
962	0.0134402	5.31256	3.57776	121.162
963	0.0123514	5.3102	3.55975	121.214
964	0.0134875	5.30789	3.54553	121.265
965	0.0145478	5.30561	3.54435	121.316
966	0.013062	5.30329	3.53753	121.367
967	0.0120862	5.30094	3.53439	121.418
968	0.0108249	5.29855	3.53776	121.469
969	0.0106245	5.29617	3.5345	121.52
970	0.0106817	5.29378	3.53771	121.571
971	0.011115	5.29142	3.54152	121.622
972	0.00980066	5.28902	3.54279	121.673
973	0.010624	5.28664	3.52807	121.724
974	0.00887895	5.28422	3.52903	121.774
975	0.00828114	5.28178	3.5239	121.825
976	0.00943003	5.27938	3.51289	121.875
977	0.00961316	5.27699	3.50305	121.924
978	0.0114251	5.27466	3.50025	121.974
979	0.0147857	5.27244	3.50016	122.023
980	0.0127924	5.27017	3.49757	122.073
981	0.0129495	5.2679	3.50217	122.122
982	0.013661	5.26566	3.50197	122.172
983	0.0137581	5.26342	3.50087	122.222
984	0.0147677	5.26122	3.48868	122.271
985	0.0120897	5.25894	3.48738	122.32
986	0.0103139	5.25661	3.48437	122.369
987	0.0103064	5.25428	3.49206	122.418
988	0.00942086	5.25192	3.49832	122.467
989	0.00760367	5.24951	3.49842	122.517
990	0.00738859	5.2471	3.49636	122.566
991	0.00883066	5.24474	3.49718	122.615
992	0.00781763	5.24235	3.50361	122.664
993	0.00958268	5.24002	3.50308	122.714
994	0.00997777	5.2377	3.50114	122.763
995	0.00858651	5.23535	3.49707	122.812
996	0.00997061	5.23304	3.48981	122.861
997	0.0110037	5.23077	3.48008	122.91
998	0.0100975	5.22847	3.4874	122.959
999	0.00878792	5.22613	3.49297	123.008
1000	0.00841444	5.22379	3.4914	123.057
1001	0.00809682	5.22144	3.49223	123.105
1002	0.00852479	5.21911	3.48916	123.154
1003	0.00729822	5.21674	3.48266	123.203
1004	0.00667034	5.21436	3.47992	123.251
1005	0.00493681	5.21193	3.48306	123.3
1006	0.00301277	5.20944	3.48715	123.348
1007	0.0033097	5.20696	3.48842	123.397
1008	0.00422291	5.20451	3.48794	123.446
1009	0.00399756	5.20206	3.49374	123.495
1010	0.00388789	5.19961	3.48748	123.543
1011	0.00051522	5.19706	3.48889	123.592
1012	-0.0019781	5.19444	3.48523	123.64
1013	-0.00389786	5.19176	3.48019	123.689
1014	-0.00489828	5.18905	3.46923	123.737
1015	-0.00582308	5.18631	3.46064	123.784
1016	-0.00490101	5.18361	3.45995	123.832
1017	-0.00538382	5.1809	3.44874	123.879
1018	-0.00444727	5.17822	3.44085	123.926
1019	-0.00315915	5.17558	3.43012	123.973
1020	-0.00423588	5.17292	3.42697	124.019
1021	-0.00452287	5.17025	3.42382	124.066
1022	-0.00482924	5.16757	3.41565	124.112
1023	-0.00917991	5.16476	3.41733	124.158
1024	-0.0125806	5.16185	3.42257	124.204
1025	-0.0136914	5.15891	3.41673	124.251
1026	-0.012876	5.156	3.41524	124.297
1027	-0.012792	5.1531	3.41451	124.343
1028	-0.0138453	5.15016	3.41189	124.389
1029	-0.011968	5.14729	3.4073	124.434
1030	-0.0124065	5.14441	3.40212	124.48
1031	-0.0110063	5.14158	3.40685	124.526
1032	-0.0106044	5.13876	3.40841	124.571
1033	-0.00951711	5.13598	3.40385	124.617
1034	-0.00993753	5.13319	3.4096	124.663
1035	-0.0101834	5.1304	3.4082	124.709
1036	-0.0128973	5.12753	3.39903	124.754
1037	-0.0135572	5.12464	3.37941	124.799
1038	-0.014128	5.12174	3.38279	124.844
1039	-0.0141037	5.11884	3.38044	124.888
1040	-0.0159154	5.11589	3.39015	124.934
1041	-0.0186943	5.11286	3.38734	124.978
1042	-0.0198052	5.1098	3.38949	125.024
1043	-0.0198392	5.10674	3.38986	125.069
1044	-0.0214108	5.10363	3.38619	125.113
1045	-0.0203502	5.10057	3.3887	125.158
1046	-0.0190897	5.09754	3.39377	125.204
1047	-0.0194203	5.09451	3.39661	125.249
1048	-0.0185018	5.09152	3.39743	125.294
1049	-0.0175044	5.08855	3.40315	125.339
1050	-0.0174557	5.0856	3.41185	125.385
1051	-0.0179663	5.08263	3.41215	125.43
1052	-0.018844	5.07964	3.41208	125.476
1053	-0.0170761	5.0767	3.40752	125.521
1054	-0.0159304	5.07381	3.39866	125.567
1055	-0.0134007	5.07099	3.38946	125.611
1056	-0.0104969	5.06827	3.38966	125.656
1057	-0.00809792	5.06563	3.39293	125.701
1058	-0.0064118	5.06305	3.37399	125.746
1059	-0.00660653	5.06046	3.36849	125.79
1060	-0.00412723	5.05795	3.36411	125.834
1061	-0.00451811	5.05543	3.36823	125.878
1062	-0.00560908	5.05288	3.36912	125.922
1063	-0.00522644	5.05035	3.36846	125.966
1064	-0.00547969	5.04781	3.37315	126.01
1065	-0.00504268	5.04529	3.37066	126.054
1066	-0.0031296	5.04283	3.36907	126.098
1067	-0.000825462	5.04045	3.3643	126.142
1068	-0.000259732	5.03808	3.35911	126.186
1069	-0.000371614	5.03572	3.36083	126.23
1070	-0.00172122	5.03332	3.36337	126.274
1071	-0.00219472	5.0309	3.35995	126.317
1072	-0.000496406	5.02855	3.35346	126.361
1073	0.00017241	5.02621	3.34888	126.404
1074	-0.00173038	5.02382	3.34804	126.448
1075	-0.00263512	5.02141	3.34619	126.491
1076	-0.00199943	5.01902	3.34583	126.534
1077	0.000107998	5.0167	3.35628	126.578
1078	-3.12867e-05	5.01437	3.36413	126.621
1079	1.94019e-05	5.01205	3.36933	126.665
1080	0.000390891	5.00975	3.35376	126.709
1081	0.000808607	5.00746	3.3483	126.752
1082	0.00257509	5.00523	3.3587	126.795
1083	0.00395381	5.00304	3.36166	126.839
1084	0.00283701	5.00082	3.36934	126.883
1085	0.00276069	4.99861	3.363	126.926
1086	0.00396827	4.99643	3.35671	126.97
1087	0.00181297	4.99419	3.36619	127.014
1088	-0.00121793	4.99186	3.37181	127.057
1089	-0.0016538	4.98952	3.37184	127.101
1090	-0.00357421	4.98713	3.38024	127.145
1091	-0.00298794	4.98476	3.37211	127.189
1092	-0.00339132	4.98238	3.36688	127.233
1093	-0.00576966	4.97993	3.36596	127.276
1094	-0.00367801	4.97754	3.36921	127.32
1095	-0.0036019	4.97516	3.37208	127.364
1096	-0.00286674	4.97281	3.37108	127.408
1097	-0.00311037	4.97045	3.36616	127.451
1098	-0.00495618	4.96805	3.35921	127.494
1099	-0.00419609	4.96566	3.36346	127.538
1100	-0.00326424	4.96331	3.36499	127.581
1101	-0.00303777	4.96097	3.36753	127.625
1102	-0.00379521	4.95861	3.36766	127.668
1103	-0.00311518	4.95627	3.37052	127.712
1104	-0.00495371	4.95388	3.37951	127.756
1105	-0.00610788	4.95146	3.38624	127.8
1106	-0.00774268	4.94899	3.38961	127.844
1107	-0.00665371	4.94656	3.39666	127.889
1108	-0.008561	4.94407	3.40333	127.933
1109	-0.0124901	4.94147	3.41159	127.978
1110	-0.0160498	4.93877	3.41674	128.023
1111	-0.0186989	4.93599	3.42598	128.068
1112	-0.0209741	4.93314	3.43652	128.113
1113	-0.0224386	4.93026	3.44275	128.159
1114	-0.0238653	4.92734	3.4425	128.205
1115	-0.0233145	4.92443	3.44451	128.25
1116	-0.0240251	4.92151	3.4407	128.296
1117	-0.0249923	4.91856	3.44562	128.341
1118	-0.0243212	4.91564	3.45182	128.387
1119	-0.0251598	4.9127	3.45921	128.433
1120	-0.0255776	4.90974	3.46679	128.48
1121	-0.0251135	4.90681	3.46798	128.526
1122	-0.0255368	4.90386	3.46872	128.572
1123	-0.0273427	4.90087	3.47219	128.619
1124	-0.0285676	4.89784	3.47325	128.665
1125	-0.0297169	4.89478	3.47194	128.711
1126	-0.029791	4.89172	3.47218	128.758
1127	-0.0298716	4.88867	3.46961	128.804
1128	-0.0303729	4.8856	3.46687	128.85
1129	-0.0324902	4.88247	3.46342	128.896
1130	-0.0333732	4.87933	3.45812	128.942
1131	-0.03306	4.87619	3.44876	128.987
1132	-0.0314207	4.87311	3.43828	129.032
1133	-0.0300858	4.87007	3.42962	129.077
1134	-0.0277058	4.8671	3.42434	129.122
1135	-0.0256811	4.8642	3.42372	129.167
1136	-0.024535	4.86133	3.41994	129.212
1137	-0.0237285	4.85849	3.41212	129.256
1138	-0.0245254	4.85564	3.41921	129.301
1139	-0.0243991	4.85279	3.41612	129.345
1140	-0.0247761	4.84993	3.4195	129.39
1141	-0.0243167	4.84709	3.4216	129.434
1142	-0.0245064	4.84424	3.42604	129.479
1143	-0.0238073	4.84142	3.42833	129.524
1144	-0.0248987	4.83858	3.43209	129.568
1145	-0.0275281	4.83565	3.42716	129.613
1146	-0.0294455	4.83268	3.41598	129.657
1147	-0.031973	4.82963	3.40769	129.702
1148	-0.0326019	4.82657	3.39874	129.745
1149	-0.0338724	4.82347	3.40309	129.789
1150	-0.0337925	4.82038	3.40732	129.833
1151	-0.0329624	4.81732	3.40669	129.877
1152	-0.0329018	4.81427	3.40781	129.921
1153	-0.0316635	4.81125	3.40092	129.965
1154	-0.0306	4.80827	3.40836	130.009
1155	-0.0325125	4.80523	3.41594	130.053
1156	-0.0334596	4.80218	3.41505	130.098
1157	-0.0333209	4.79912	3.42023	130.142
1158	-0.0314759	4.79613	3.43157	130.187
1159	-0.0305531	4.79317	3.43933	130.232
1160	-0.0289363	4.79026	3.44906	130.277
1161	-0.0281871	4.78737	3.4566	130.322
1162	-0.0266341	4.78453	3.46233	130.367
1163	-0.0286981	4.78164	3.46148	130.413
1164	-0.0301994	4.7787	3.45482	130.458
1165	-0.0317313	4.77573	3.45422	130.503
1166	-0.0321417	4.77274	3.44517	130.548
1167	-0.0325821	4.76975	3.42991	130.593
1168	-0.0309691	4.7668	3.41364	130.637
1169	-0.0307479	4.76387	3.4122	130.681
1170	-0.0321226	4.7609	3.4219	130.725
1171	-0.0305083	4.75798	3.43212	130.769
1172	-0.0297001	4.75508	3.43608	130.814
1173	-0.0284026	4.75223	3.42968	130.858
1174	-0.0252592	4.74947	3.42613	130.903
1175	-0.024882	4.74673	3.41839	130.947
1176	-0.0254824	4.74397	3.40955	130.99
1177	-0.0246248	4.74124	3.40209	131.034
1178	-0.0226497	4.73857	3.39715	131.077
1179	-0.0215168	4.73594	3.39304	131.12
1180	-0.0182705	4.73341	3.39306	131.164
1181	-0.0164142	4.73093	3.39572	131.207
1182	-0.0156715	4.72847	3.39375	131.25
1183	-0.0162035	4.72601	3.39216	131.293
1184	-0.0186252	4.72347	3.38839	131.336
1185	-0.0182244	4.72095	3.38769	131.379
1186	-0.0186823	4.71843	3.39435	131.422
1187	-0.0200135	4.71586	3.39008	131.466
1188	-0.0198545	4.7133	3.38026	131.508
1189	-0.0201445	4.71074	3.36905	131.551
1190	-0.0213461	4.70815	3.36597	131.593
1191	-0.0228124	4.70551	3.36489	131.635
1192	-0.0240496	4.70284	3.36238	131.677
1193	-0.0266875	4.7001	3.36676	131.72
1194	-0.0290069	4.6973	3.37284	131.762
1195	-0.0312166	4.69444	3.37492	131.805
1196	-0.0339621	4.69149	3.38216	131.847
1197	-0.0359148	4.6885	3.38861	131.89
1198	-0.036675	4.68549	3.39209	131.933
1199	-0.0365735	4.68248	3.39519	131.976
1200	-0.0357961	4.6795	3.39548	132.019
1201	-0.0359651	4.67652	3.39853	132.062
1202	-0.0385192	4.67347	3.39746	132.105
1203	-0.0390285	4.6704	3.3939	132.148
1204	-0.0391746	4.66734	3.39485	132.191
1205	-0.0416585	4.6642	3.40195	132.234
1206	-0.0433299	4.66103	3.4081	132.278
1207	-0.0448023	4.65781	3.40302	132.321
1208	-0.0456206	4.65457	3.40512	132.364
1209	-0.0463589	4.65132	3.38848	132.407
1210	-0.0476938	4.64803	3.37682	132.449
1211	-0.0491703	4.6447	3.38173	132.492
1212	-0.0487398	4.64139	3.38812	132.534
1213	-0.0483633	4.63809	3.39507	132.577
1214	-0.0486551	4.63479	3.39952	132.62
1215	-0.046429	4.63155	3.40391	132.663
1216	-0.0434345	4.62841	3.39287	132.706
1217	-0.0419751	4.62531	3.39137	132.749
1218	-0.040643	4.62225	3.3927	132.791
1219	-0.0391481	4.61923	3.37204	132.833
1220	-0.0393079	4.61622	3.36121	132.875
1221	-0.0376591	4.61325	3.36853	132.917
1222	-0.0406556	4.61021	3.37711	132.959
1223	-0.0426002	4.60711	3.37549	133.002
1224	-0.0444016	4.60396	3.3778	133.044
1225	-0.0444937	4.60081	3.35778	133.085
1226	-0.0452821	4.59765	3.35243	133.127
1227	-0.0455531	4.59448	3.35537	133.168
1228	-0.0460355	4.5913	3.35795	133.21
1229	-0.0455448	4.58813	3.36373	133.252
1230	-0.0442758	4.58501	3.37154	133.294
1231	-0.0436066	4.58191	3.36867	133.336
1232	-0.0440494	4.5788	3.36199	133.377
1233	-0.0440376	4.57569	3.36379	133.419
1234	-0.0454907	4.57254	3.36136	133.461
1235	-0.0447811	4.56942	3.34288	133.502
1236	-0.0422072	4.56638	3.33231	133.543
1237	-0.0421566	4.56334	3.3221	133.583
1238	-0.0427574	4.56028	3.31649	133.623
1239	-0.0434911	4.55721	3.31728	133.664
1240	-0.0424064	4.55417	3.31815	133.704
1241	-0.041474	4.55116	3.31926	133.744
1242	-0.0398972	4.5482	3.32248	133.785
1243	-0.0388927	4.54527	3.32715	133.825
1244	-0.0383248	4.54236	3.32486	133.866
1245	-0.0363857	4.53951	3.32458	133.906
1246	-0.0346847	4.53671	3.32157	133.947
1247	-0.0328554	4.53396	3.32368	133.987
1248	-0.0299092	4.5313	3.3234	134.027
1249	-0.0265952	4.52874	3.33521	134.068
1250	-0.0254404	4.52621	3.34298	134.109
1251	-0.0268972	4.52365	3.34711	134.15
1252	-0.0259039	4.52111	3.35353	134.191
1253	-0.0239943	4.51863	3.35792	134.233
1254	-0.0217086	4.51622	3.35268	134.274
1255	-0.0184195	4.5139	3.35603	134.315
1256	-0.0145513	4.5117	3.35627	134.356
1257	-0.0108368	4.5096	3.36239	134.398
1258	-0.00864576	4.50757	3.36203	134.439
1259	-0.00716157	4.50558	3.35934	134.48
1260	-0.00617149	4.50362	3.36092	134.522
1261	-0.00531201	4.50169	3.3624	134.563
1262	-0.00464531	4.49977	3.36208	134.604
1263	-0.00383051	4.49789	3.36021	134.646
1264	-0.00162986	4.49607	3.36138	134.687
1265	-0.000716446	4.49427	3.36265	134.728
1266	-0.000736305	4.49248	3.36312	134.769
1267	-0.0014672	4.49067	3.35337	134.81
1268	-0.00101995	4.48887	3.34695	134.851
1269	0.000184424	4.48711	3.34178	134.892
1270	0.00168538	4.48539	3.34771	134.933
1271	0.00198649	4.48368	3.35421	134.974
1272	0.00192418	4.48198	3.36224	135.015
1273	0.00217018	4.48028	3.37104	135.056
1274	0.00147936	4.47857	3.37481	135.098
1275	-0.000591893	4.4768	3.3758	135.14
1276	-0.00218869	4.47498	3.3658	135.181
1277	-0.00278997	4.47316	3.36756	135.222
1278	-0.00312805	4.47132	3.36622	135.263
1279	-0.00448306	4.46945	3.36198	135.305
1280	-0.00564646	4.46755	3.36296	135.346
1281	-0.00705488	4.46561	3.36116	135.387
1282	-0.00924534	4.46361	3.36645	135.428
1283	-0.0102507	4.46159	3.37343	135.469
1284	-0.0107405	4.45956	3.37084	135.511
1285	-0.0107251	4.45752	3.36783	135.552
1286	-0.011308	4.45548	3.37107	135.593
1287	-0.012953	4.45339	3.36834	135.634
1288	-0.0149459	4.45125	3.36693	135.676
1289	-0.0153594	4.44909	3.37063	135.717
1290	-0.0153457	4.44694	3.37521	135.758
1291	-0.0177382	4.44473	3.38316	135.8
1292	-0.020226	4.44245	3.38985	135.842
1293	-0.0207186	4.44016	3.39002	135.883
1294	-0.0218141	4.43784	3.39089	135.925
1295	-0.0194514	4.43559	3.3837	135.967
1296	-0.0183322	4.43337	3.37829	136.008
1297	-0.0180507	4.43116	3.36557	136.049
1298	-0.0181626	4.42896	3.35692	136.09
1299	-0.0186367	4.42674	3.35712	136.131
1300	-0.0192893	4.4245	3.35425	136.171
1301	-0.0197679	4.42226	3.35123	136.212
1302	-0.0213154	4.41997	3.35416	136.252
1303	-0.0226209	4.41765	3.35949	136.293
1304	-0.0232536	4.41531	3.36375	136.334
1305	-0.023964	4.41296	3.36791	136.375
1306	-0.0239439	4.41061	3.37649	136.416
1307	-0.0237314	4.40827	3.38141	136.458
1308	-0.0204857	4.40602	3.39258	136.499
1309	-0.0173163	4.40386	3.40557	136.541
1310	-0.0155231	4.40176	3.41363	136.583
1311	-0.0141074	4.39969	3.42398	136.626
1312	-0.0133632	4.39765	3.43096	136.669
1313	-0.0148	4.39557	3.42018	136.711
1314	-0.0159653	4.39346	3.41004	136.753
1315	-0.015955	4.39135	3.41182	136.795
1316	-0.0174308	4.3892	3.42053	136.837
1317	-0.0175798	4.38705	3.42152	136.88
1318	-0.0162792	4.38494	3.42766	136.922
1319	-0.0171273	4.38281	3.42805	136.965
1320	-0.017919	4.38066	3.4339	137.007
1321	-0.0210533	4.37843	3.4405	137.05
1322	-0.0197732	4.37623	3.44096	137.093
1323	-0.0195378	4.37404	3.44417	137.136
1324	-0.0203643	4.37183	3.44533	137.179
1325	-0.0209765	4.36961	3.45137	137.222
1326	-0.0216387	4.36737	3.44918	137.265
1327	-0.0234777	4.36508	3.44452	137.308
1328	-0.0247157	4.36276	3.44635	137.35
1329	-0.0264729	4.3604	3.44297	137.393
1330	-0.0293028	4.35796	3.44512	137.436
1331	-0.029222	4.35552	3.43709	137.479
1332	-0.027806	4.35313	3.4242	137.521
1333	-0.0263457	4.35078	3.4172	137.563
1334	-0.0244049	4.34848	3.41685	137.605
1335	-0.022927	4.34623	3.4197	137.647
1336	-0.0231515	4.34397	3.41568	137.689
1337	-0.0228547	4.34172	3.41432	137.731
1338	-0.0224794	4.33949	3.40885	137.772
1339	-0.021563	4.33728	3.40814	137.814
1340	-0.0218334	4.33507	3.40908	137.856
1341	-0.0230766	4.33283	3.40801	137.897
1342	-0.0250984	4.33053	3.397	137.939
1343	-0.0267871	4.32819	3.38394	137.98
1344	-0.0274661	4.32583	3.37957	138.021
1345	-0.0284722	4.32345	3.3767	138.061
1346	-0.0305489	4.32101	3.37841	138.102
1347	-0.0319775	4.31854	3.37829	138.143
1348	-0.0323112	4.31606	3.38193	138.184
1349	-0.0325377	4.31358	3.38531	138.225
1350	-0.0330591	4.31108	3.38101	138.266
1351	-0.0337129	4.30857	3.37392	138.306
1352	-0.0344937	4.30605	3.37241	138.347
1353	-0.0353826	4.3035	3.37189	138.387
1354	-0.0344541	4.30097	3.36461	138.428
1355	-0.0336409	4.29847	3.36536	138.468
1356	-0.0354653	4.29593	3.35634	138.508
1357	-0.0383354	4.29331	3.36409	138.548
1358	-0.039333	4.29066	3.36974	138.589
1359	-0.0394293	4.28802	3.37689	138.629
1360	-0.0402819	4.28535	3.37666	138.67
1361	-0.0395639	4.28271	3.37875	138.711
1362	-0.0384792	4.2801	3.3827	138.751
1363	-0.0394724	4.27746	3.38681	138.792
1364	-0.0394293	4.27483	3.39036	138.833
1365	-0.0386844	4.27222	3.3854	138.874
1366	-0.0377479	4.26963	3.38954	138.915
1367	-0.0360307	4.2671	3.39641	138.956
1368	-0.0343755	4.26461	3.3904	138.997
1369	-0.0327353	4.26217	3.3916	139.038
1370	-0.0300506	4.25981	3.39128	139.078
1371	-0.0283017	4.25749	3.39152	139.119
1372	-0.0283296	4.25518	3.39198	139.16
1373	-0.0282022	4.25287	3.3781	139.201
1374	-0.0294028	4.25053	3.37893	139.241
1375	-0.0305799	4.24817	3.37869	139.282
1376	-0.0308628	4.24579	3.37891	139.322
1377	-0.0294208	4.24346	3.3789	139.363
1378	-0.0284193	4.24116	3.37833	139.403
1379	-0.0287835	4.23885	3.37078	139.443
1380	-0.029192	4.23653	3.36328	139.483
1381	-0.0298469	4.23419	3.35971	139.523
1382	-0.0301518	4.23185	3.35518	139.563
1383	-0.0311238	4.22949	3.35012	139.603
1384	-0.0317086	4.22711	3.33842	139.642
1385	-0.031314	4.22475	3.3193	139.681
1386	-0.0302634	4.22241	3.31147	139.719
1387	-0.0296639	4.2201	3.30901	139.758
1388	-0.0310907	4.21774	3.31189	139.796
1389	-0.0311447	4.21539	3.30808	139.835
1390	-0.0306064	4.21306	3.30763	139.873
1391	-0.0288948	4.21077	3.30557	139.912
1392	-0.0268834	4.20854	3.2973	139.95
1393	-0.0252687	4.20636	3.29474	139.988
1394	-0.0258932	4.20416	3.29344	140.026
1395	-0.0264231	4.20194	3.28546	140.063
1396	-0.0295579	4.19965	3.28894	140.101
1397	-0.0325349	4.19728	3.29449	140.139
1398	-0.0343827	4.19486	3.29325	140.177
1399	-0.0361267	4.1924	3.28607	140.215
1400	-0.0364177	4.18993	3.27768	140.253
1401	-0.0366367	4.18746	3.27803	140.29
1402	-0.0385864	4.18494	3.27498	140.327
1403	-0.0406017	4.18236	3.28289	140.365
1404	-0.0400681	4.17981	3.28782	140.403
1405	-0.0410378	4.17723	3.29405	140.441
1406	-0.0412888	4.17464	3.29564	140.479
1407	-0.0417197	4.17205	3.29848	140.517
1408	-0.0423442	4.16944	3.30533	140.555
1409	-0.042355	4.16684	3.30873	140.593
1410	-0.0424796	4.16423	3.31156	140.632
1411	-0.0432252	4.16161	3.31675	140.67
1412	-0.0423794	4.15901	3.31851	140.709
1413	-0.0419313	4.15643	3.31608	140.747
1414	-0.0398085	4.1539	3.31735	140.785
1415	-0.0385184	4.15141	3.31637	140.824
1416	-0.0367376	4.14897	3.30182	140.862
1417	-0.0367511	4.14653	3.30108	140.9
1418	-0.0372342	4.14408	3.30299	140.938
1419	-0.0363651	4.14166	3.30763	140.976
1420	-0.0357678	4.13926	3.30904	141.014
1421	-0.0346803	4.13688	3.31149	141.052
1422	-0.0341108	4.13453	3.31324	141.091
1423	-0.0349359	4.13215	3.31099	141.129
1424	-0.0344197	4.12979	3.31683	141.167
1425	-0.0327271	4.12748	3.32078	141.206
1426	-0.0332278	4.12515	3.32279	141.244
1427	-0.0347267	4.12279	3.32985	141.283
1428	-0.0342735	4.12044	3.33645	141.322
1429	-0.0321469	4.11815	3.3443	141.361
1430	-0.032424	4.11586	3.35012	141.4
1431	-0.0332738	4.11354	3.35481	141.439
1432	-0.0330333	4.11123	3.34509	141.478
1433	-0.0317199	4.10896	3.35097	141.517
1434	-0.0309062	4.10672	3.35455	141.556
1435	-0.0308779	4.10447	3.35556	141.596
1436	-0.0315148	4.10221	3.35257	141.635
1437	-0.0333818	4.09991	3.35892	141.674
1438	-0.0347663	4.09757	3.36494	141.714
1439	-0.0375516	4.09516	3.37801	141.753
1440	-0.0399791	4.09268	3.38272	141.793
1441	-0.0437679	4.09011	3.39234	141.834
1442	-0.0457326	4.08749	3.39953	141.874
1443	-0.0469927	4.08484	3.4064	141.914
1444	-0.0476441	4.08218	3.41263	141.955
1445	-0.0495071	4.07947	3.42079	141.996
1446	-0.049306	4.07676	3.42639	142.037
1447	-0.0486876	4.07407	3.43347	142.078
1448	-0.0480144	4.07141	3.43692	142.119
1449	-0.0459989	4.0688	3.44325	142.161
1450	-0.0452801	4.06621	3.44718	142.202
1451	-0.0441116	4.06365	3.44861	142.244
1452	-0.0441887	4.06109	3.45163	142.285
1453	-0.0416432	4.05861	3.46149	142.327
1454	-0.0385672	4.0562	3.47132	142.369
1455	-0.0361468	4.05386	3.47818	142.412
1456	-0.0344648	4.05157	3.47785	142.454
1457	-0.0325957	4.04933	3.48593	142.496
1458	-0.0314644	4.04712	3.48782	142.539
1459	-0.0329235	4.04487	3.46769	142.581
1460	-0.0342913	4.04259	3.47002	142.623
1461	-0.036467	4.04026	3.47603	142.665
1462	-0.0384116	4.03787	3.4813	142.707
1463	-0.0388954	4.03548	3.47777	142.749
1464	-0.0384776	4.0331	3.47989	142.791
1465	-0.0376788	4.03074	3.48207	142.834
1466	-0.037909	4.02837	3.48681	142.876
1467	-0.0369539	4.02604	3.48721	142.918
1468	-0.036602	4.02371	3.48955	142.961
1469	-0.0366209	4.02139	3.49091	143.003
1470	-0.0376673	4.01904	3.49142	143.046
1471	-0.0374125	4.0167	3.48799	143.088
1472	-0.0372775	4.01437	3.48752	143.13
1473	-0.0361203	4.01207	3.4815	143.172
1474	-0.0364855	4.00976	3.48685	143.215
1475	-0.0354309	4.00748	3.49103	143.257
1476	-0.034732	4.00522	3.49415	143.299
1477	-0.033831	4.00299	3.49704	143.342
1478	-0.0329672	4.00078	3.50014	143.384
1479	-0.0336382	3.99855	3.49948	143.427
1480	-0.0335777	3.99633	3.49862	143.469
1481	-0.0351559	3.99407	3.50077	143.512
1482	-0.0365575	3.99178	3.50189	143.554
1483	-0.0385771	3.98943	3.5014	143.597
1484	-0.0400246	3.98705	3.50262	143.639
1485	-0.0417465	3.98463	3.49977	143.682
1486	-0.0429487	3.98217	3.48873	143.724
1487	-0.0420384	3.97975	3.48293	143.766
1488	-0.0422437	3.97732	3.47974	143.808
1489	-0.0425707	3.97488	3.47483	143.85
1490	-0.0439344	3.97241	3.46266	143.891
1491	-0.0440038	3.96994	3.4572	143.932
1492	-0.043232	3.96749	3.45139	143.974
1493	-0.0423345	3.96507	3.45045	144.015
1494	-0.0420044	3.96266	3.45026	144.056
1495	-0.0436608	3.96021	3.45538	144.097
1496	-0.0458622	3.9577	3.46115	144.138
1497	-0.047141	3.95516	3.46463	144.18
1498	-0.048147	3.9526	3.46858	144.221
1499	-0.0502454	3.94999	3.4714	144.263
1500	-0.0525162	3.94732	3.46895	144.304
1501	-0.0541309	3.94461	3.46667	144.346
1502	-0.0563027	3.94184	3.4669	144.387
1503	-0.0567514	3.93907	3.4593	144.428
1504	-0.0577845	3.93627	3.452	144.469
1505	-0.0585442	3.93346	3.44426	144.51
1506	-0.0577646	3.93067	3.44039	144.551
1507	-0.0575146	3.92789	3.43519	144.591
1508	-0.0576827	3.9251	3.43227	144.632
1509	-0.0589563	3.92228	3.43225	144.672
1510	-0.057043	3.91952	3.42814	144.712
1511	-0.0561962	3.91678	3.43203	144.753
1512	-0.0536621	3.91411	3.42618	144.793
1513	-0.052103	3.91148	3.42721	144.833
1514	-0.051158	3.90887	3.42546	144.873
1515	-0.0486398	3.90633	3.43506	144.914
1516	-0.0462263	3.90386	3.44402	144.954
1517	-0.0456027	3.90141	3.4485	144.995
1518	-0.0467401	3.89892	3.44988	145.036
1519	-0.0467829	3.89644	3.44781	145.077
1520	-0.0475344	3.89394	3.44158	145.117
1521	-0.0487748	3.89142	3.43242	145.158
1522	-0.0491726	3.88888	3.4332	145.198
1523	-0.0484619	3.88636	3.42923	145.238
1524	-0.0484011	3.88385	3.42547	145.278
1525	-0.0479468	3.88135	3.42667	145.318
1526	-0.0483807	3.87884	3.42786	145.358
1527	-0.0500435	3.87629	3.43458	145.399
1528	-0.0482533	3.87379	3.44149	145.439
1529	-0.0470546	3.87133	3.44431	145.48
1530	-0.0474236	3.86885	3.44578	145.52
1531	-0.0496901	3.86632	3.44775	145.561
1532	-0.0518616	3.86374	3.45252	145.602
1533	-0.0531473	3.86112	3.45159	145.642
1534	-0.0525421	3.85852	3.45087	145.683
1535	-0.0526313	3.85592	3.45123	145.723
1536	-0.05334	3.85331	3.45106	145.764
1537	-0.0527193	3.85071	3.45463	145.805
1538	-0.0539005	3.84809	3.4524	145.845
1539	-0.056116	3.84541	3.45066	145.886
1540	-0.0571598	3.84271	3.45075	145.927
1541	-0.0554846	3.84005	3.4573	145.967
1542	-0.0536782	3.83744	3.46283	146.008
1543	-0.0529628	3.83485	3.45561	146.049
1544	-0.0535014	3.83225	3.45781	146.089
1545	-0.052388	3.82968	3.46339	146.13
1546	-0.0513363	3.82714	3.46783	146.171
1547	-0.050509	3.82462	3.47256	146.212
1548	-0.0495963	3.82213	3.47795	146.253
1549	-0.0502039	3.81962	3.47569	146.295
1550	-0.0505707	3.8171	3.47562	146.336
1551	-0.0522171	3.81455	3.47583	146.377
1552	-0.0518943	3.81201	3.47646	146.418
1553	-0.0512788	3.80948	3.47667	146.459
1554	-0.0506568	3.80697	3.48011	146.5
1555	-0.0499216	3.80448	3.48637	146.541
1556	-0.0490554	3.80202	3.48229	146.582
1557	-0.0512499	3.7995	3.48669	146.624
1558	-0.0529178	3.79694	3.48947	146.665
1559	-0.0521997	3.79441	3.49136	146.707
1560	-0.0502878	3.79192	3.49587	146.748
1561	-0.0473969	3.78951	3.50555	146.79
1562	-0.0453739	3.78715	3.49896	146.831
1563	-0.0451251	3.7848	3.49187	146.873
1564	-0.0450362	3.78245	3.48696	146.914
1565	-0.0447836	3.78011	3.48401	146.955
1566	-0.0428007	3.77783	3.4808	146.996
1567	-0.0429296	3.77554	3.47292	147.037
1568	-0.04244	3.77326	3.47604	147.078
1569	-0.0421053	3.771	3.47905	147.119
1570	-0.0427649	3.76872	3.48034	147.16
1571	-0.0425048	3.76645	3.47994	147.201
1572	-0.0432237	3.76417	3.47348	147.241
1573	-0.0425601	3.7619	3.47507	147.282
1574	-0.0415716	3.75966	3.47821	147.323
1575	-0.0405615	3.75744	3.47827	147.364
1576	-0.0409454	3.75522	3.482	147.405
1577	-0.0417727	3.75298	3.48958	147.446
1578	-0.0402135	3.75078	3.49694	147.487
1579	-0.0387365	3.74862	3.50102	147.529
1580	-0.0374549	3.7465	3.50986	147.57
1581	-0.0373987	3.74437	3.51331	147.612
1582	-0.0369293	3.74226	3.5152	147.654
1583	-0.0361488	3.74017	3.516	147.695
1584	-0.0359104	3.73809	3.51396	147.737
1585	-0.0358575	3.73601	3.51568	147.779
1586	-0.035675	3.73394	3.51854	147.821
1587	-0.0338391	3.73192	3.51755	147.862
1588	-0.0346495	3.72988	3.51363	147.904
1589	-0.0345352	3.72784	3.50853	147.945
1590	-0.0348686	3.72579	3.49666	147.987
1591	-0.0363904	3.72371	3.49316	148.028
1592	-0.0364238	3.72163	3.49197	148.069
1593	-0.037655	3.71952	3.49144	148.11
1594	-0.037814	3.71741	3.49643	148.151
1595	-0.0390386	3.71527	3.49569	148.192
1596	-0.0398201	3.71311	3.50239	148.233
1597	-0.0391296	3.71097	3.5074	148.274
1598	-0.0394853	3.70882	3.5106	148.316
1599	-0.0409224	3.70664	3.51409	148.357
1600	-0.0406839	3.70447	3.51396	148.399
1601	-0.040314	3.70231	3.51593	148.44
1602	-0.0405128	3.70014	3.51695	148.482
1603	-0.0415618	3.69795	3.51615	148.523
1604	-0.0426786	3.69573	3.51533	148.565
1605	-0.0438057	3.69349	3.50961	148.606
1606	-0.0437216	3.69125	3.5105	148.648
1607	-0.0449335	3.68898	3.51459	148.689
1608	-0.0447213	3.68672	3.51385	148.73
1609	-0.0457091	3.68444	3.50727	148.772
1610	-0.0463882	3.68214	3.51026	148.813
1611	-0.04852	3.67979	3.50887	148.854
1612	-0.050132	3.6774	3.49898	148.895
1613	-0.0502413	3.67502	3.50414	148.936
1614	-0.0492777	3.67265	3.50721	148.977
1615	-0.0504755	3.67026	3.50888	149.018
1616	-0.0514697	3.66785	3.50713	149.06
1617	-0.0520964	3.66542	3.50878	149.101
1618	-0.052706	3.66298	3.51198	149.142
1619	-0.0528136	3.66054	3.51706	149.183
1620	-0.0520258	3.65812	3.51989	149.225
1621	-0.0532364	3.65567	3.51248	149.266
1622	-0.0535186	3.65321	3.50694	149.307
1623	-0.05257	3.65079	3.50233	149.348
1624	-0.0509196	3.6484	3.50073	149.389
1625	-0.0502622	3.64603	3.50172	149.43
1626	-0.0489437	3.6437	3.50405	149.471
1627	-0.0483417	3.64138	3.50515	149.512
1628	-0.0479721	3.63908	3.50407	149.553
1629	-0.0487308	3.63676	3.50705	149.594
1630	-0.0497173	3.63441	3.5095	149.635
1631	-0.0512585	3.63203	3.50088	149.675
1632	-0.0516386	3.62964	3.50165	149.716
1633	-0.0509539	3.62727	3.49816	149.757
1634	-0.0516268	3.62488	3.50114	149.798
1635	-0.0523909	3.62248	3.49715	149.838
1636	-0.0518004	3.6201	3.49569	149.879
1637	-0.0530764	3.61768	3.49323	149.92
1638	-0.0533348	3.61526	3.49079	149.96
1639	-0.0529302	3.61285	3.4877	150
1640	-0.0532236	3.61044	3.48331	150.041
1641	-0.053856	3.60801	3.48089	150.081
1642	-0.0549823	3.60556	3.47756	150.121
1643	-0.0564048	3.60307	3.47323	150.161
1644	-0.0567119	3.60058	3.46201	150.201
1645	-0.0545745	3.59814	3.4528	150.24
1646	-0.0534387	3.59573	3.44819	150.28
1647	-0.0523405	3.59335	3.44674	150.319
1648	-0.0515388	3.591	3.44523	150.358
1649	-0.0518292	3.58863	3.44594	150.397
1650	-0.0518114	3.58627	3.44615	150.437
1651	-0.0512562	3.58393	3.4476	150.476
1652	-0.0505909	3.5816	3.44664	150.515
1653	-0.0512367	3.57926	3.44625	150.554
1654	-0.052073	3.5769	3.45083	150.594
1655	-0.0516892	3.57455	3.44925	150.633
1656	-0.0500287	3.57224	3.44564	150.672
1657	-0.0492712	3.56995	3.44624	150.711
1658	-0.0494258	3.56766	3.44932	150.751
1659	-0.0500401	3.56536	3.45531	150.79
1660	-0.0512196	3.56303	3.45789	150.83
1661	-0.0516623	3.5607	3.45972	150.869
1662	-0.0515734	3.55836	3.46348	150.909
1663	-0.0512649	3.55604	3.46876	150.948
1664	-0.0509386	3.55372	3.47466	150.988
1665	-0.0525277	3.55137	3.47913	151.028
1666	-0.0545055	3.54897	3.47756	151.068
1667	-0.05573	3.54654	3.4817	151.108
1668	-0.0567074	3.54409	3.48656	151.148
1669	-0.0567655	3.54164	3.48399	151.188
1670	-0.0563727	3.5392	3.48374	151.228
1671	-0.0563597	3.53677	3.48535	151.268
1672	-0.0562556	3.53434	3.48603	151.308
1673	-0.055782	3.53192	3.48668	151.348
1674	-0.0563681	3.52949	3.48416	151.388
1675	-0.0552324	3.52709	3.48277	151.428
1676	-0.0555954	3.52468	3.48382	151.468
1677	-0.0553948	3.52228	3.48604	151.508
1678	-0.0562076	3.51986	3.48211	151.548
1679	-0.0556111	3.51745	3.4768	151.587
1680	-0.0550687	3.51507	3.47869	151.627
1681	-0.0546446	3.51269	3.47882	151.667
1682	-0.0525304	3.51037	3.47991	151.706
1683	-0.0533589	3.50802	3.47712	151.746
1684	-0.0541335	3.50566	3.47547	151.786
1685	-0.0545679	3.5033	3.46606	151.825
1686	-0.0547294	3.50093	3.45717	151.864
1687	-0.0549696	3.49855	3.45371	151.903
1688	-0.055293	3.49617	3.45016	151.942
1689	-0.0559156	3.49378	3.44774	151.981
1690	-0.0556776	3.49139	3.44335	152.02
1691	-0.0551872	3.48902	3.44323	152.059
1692	-0.0551133	3.48665	3.44243	152.098
1693	-0.05591	3.48426	3.43713	152.136
1694	-0.0567453	3.48186	3.4383	152.175
1695	-0.056037	3.47947	3.44247	152.214
1696	-0.0538414	3.47714	3.44844	152.252
1697	-0.0521718	3.47485	3.45588	152.292
1698	-0.0503915	3.47261	3.46281	152.331
1699	-0.0493261	3.47039	3.46639	152.37
1700	-0.0471275	3.46823	3.4743	152.409
1701	-0.0452456	3.46611	3.47867	152.449
1702	-0.0448458	3.46401	3.48046	152.489
1703	-0.0440258	3.46193	3.47733	152.528
1704	-0.0433896	3.45986	3.48008	152.568
1705	-0.0434647	3.4578	3.48239	152.607
1706	-0.0438901	3.45572	3.48552	152.647
1707	-0.0437557	3.45365	3.48607	152.686
1708	-0.043378	3.45159	3.48345	152.726
1709	-0.0429585	3.44955	3.48695	152.766
1710	-0.0427395	3.44751	3.4868	152.805
1711	-0.0422102	3.44548	3.48539	152.845
1712	-0.0416024	3.44347	3.48731	152.885
1713	-0.0421998	3.44145	3.48966	152.924
1714	-0.0433912	3.4394	3.49186	152.964
1715	-0.0445565	3.43732	3.49271	153.004
1716	-0.0432918	3.43528	3.49217	153.043
1717	-0.0432497	3.43323	3.49445	153.083
1718	-0.043916	3.43118	3.4988	153.123
1719	-0.0440823	3.42912	3.49858	153.163
1720	-0.0436861	3.42707	3.4984	153.203
1721	-0.0438314	3.42502	3.49996	153.243
1722	-0.0428797	3.42299	3.50167	153.283
1723	-0.0415271	3.421	3.49953	153.322
1724	-0.0417744	3.419	3.49674	153.362
1725	-0.0411788	3.41702	3.49455	153.402
1726	-0.0405219	3.41506	3.48912	153.441
1727	-0.0390079	3.41313	3.48653	153.481
1728	-0.0383144	3.41122	3.48591	153.52
1729	-0.0371701	3.40934	3.48703	153.56
1730	-0.0366134	3.40748	3.48372	153.599
1731	-0.0373783	3.4056	3.48233	153.638
1732	-0.0373735	3.40372	3.48486	153.678
1733	-0.0370023	3.40185	3.48196	153.717
1734	-0.0369668	3.39998	3.47229	153.756
1735	-0.0365294	3.39813	3.47209	153.795
1736	-0.0367714	3.39627	3.47603	153.834
1737	-0.0376444	3.39439	3.47977	153.873
1738	-0.0359661	3.39255	3.4823	153.913
1739	-0.0330825	3.39078	3.48954	153.952
1740	-0.0319742	3.38904	3.49021	153.992
1741	-0.0306689	3.38734	3.49115	154.031
1742	-0.0300411	3.38565	3.49056	154.07
1743	-0.0307954	3.38394	3.48502	154.11
1744	-0.0315798	3.38221	3.48238	154.149
1745	-0.033556	3.38044	3.47875	154.188
1746	-0.0355273	3.37863	3.47749	154.227
1747	-0.0375283	3.37676	3.47787	154.266
1748	-0.0382729	3.37488	3.4755	154.305
1749	-0.0388117	3.37299	3.47121	154.344
1750	-0.0401033	3.37107	3.47015	154.383
1751	-0.0407752	3.36914	3.47147	154.422
1752	-0.0420827	3.36717	3.46452	154.46
1753	-0.0437798	3.36517	3.46682	154.499
1754	-0.0429028	3.36318	3.46249	154.538
1755	-0.0412257	3.36124	3.46674	154.577
1756	-0.0421215	3.35928	3.4687	154.615
1757	-0.042934	3.3573	3.47127	154.654
1758	-0.0425138	3.35534	3.47443	154.693
1759	-0.0431637	3.35335	3.47648	154.732
1760	-0.0422923	3.3514	3.47857	154.771
1761	-0.0420645	3.34944	3.47628	154.81
1762	-0.041252	3.34751	3.47524	154.849
1763	-0.039969	3.34561	3.47681	154.888
1764	-0.0382668	3.34375	3.48285	154.927
1765	-0.0365426	3.34194	3.48989	154.966
1766	-0.0351894	3.34016	3.48087	155.005
1767	-0.0331117	3.33842	3.47747	155.044
1768	-0.0306604	3.33675	3.48237	155.082
1769	-0.0283166	3.33514	3.48443	155.122
1770	-0.0275431	3.33354	3.47713	155.16
1771	-0.0272808	3.33195	3.47306	155.199
1772	-0.0265209	3.33038	3.4695	155.238
1773	-0.0266939	3.32881	3.46917	155.276
1774	-0.0260909	3.32726	3.47129	155.315
1775	-0.0264092	3.32569	3.46305	155.353
1776	-0.0281131	3.32409	3.46779	155.392
1777	-0.0289732	3.32247	3.47037	155.431
1778	-0.0306342	3.32081	3.47404	155.469
1779	-0.0321604	3.31912	3.47608	155.508
1780	-0.0328123	3.31741	3.47232	155.547
1781	-0.0331539	3.31569	3.46761	155.585
1782	-0.0335293	3.31397	3.46452	155.623
1783	-0.0327589	3.31227	3.46099	155.662
1784	-0.0342124	3.31053	3.4581	155.7
1785	-0.0354486	3.30876	3.45635	155.738
1786	-0.0363941	3.30698	3.45813	155.776
1787	-0.0375539	3.30516	3.46233	155.815
1788	-0.0384893	3.30333	3.46457	155.853
1789	-0.0390317	3.30149	3.46323	155.891
1790	-0.0387774	3.29965	3.45998	155.93
1791	-0.039409	3.2978	3.4586	155.968
1792	-0.0391504	3.29596	3.46015	156.006
1793	-0.0390752	3.29411	3.46036	156.044
1794	-0.0398158	3.29226	3.45663	156.082
1795	-0.0401653	3.29039	3.45926	156.121
1796	-0.0393363	3.28855	3.46133	156.159
1797	-0.0398464	3.2867	3.46365	156.197
1798	-0.0403322	3.28483	3.46086	156.235
1799	-0.0409585	3.28296	3.45589	156.273
1800	-0.0418549	3.28106	3.45328	156.311
1801	-0.0422784	3.27915	3.45349	156.349
1802	-0.0416893	3.27726	3.44347	156.387
1803	-0.0391574	3.27543	3.44875	156.425
1804	-0.0366293	3.27367	3.45288	156.463
1805	-0.0347924	3.27194	3.45789	156.501
1806	-0.0338613	3.27024	3.46224	156.539
1807	-0.0349873	3.26851	3.46001	156.577
1808	-0.0345683	3.2668	3.45407	156.615
1809	-0.0337002	3.2651	3.45308	156.653
1810	-0.0349053	3.26338	3.45488	156.691
1811	-0.0351282	3.26166	3.4501	156.729
1812	-0.0357536	3.25992	3.44791	156.766
1813	-0.0377903	3.25813	3.45187	156.804
1814	-0.0396157	3.25631	3.45484	156.842
1815	-0.0405374	3.25446	3.4543	156.88
1816	-0.0406916	3.25261	3.4574	156.918
1817	-0.0412374	3.25075	3.46098	156.956
1818	-0.0399225	3.24892	3.4596	156.994
1819	-0.0390974	3.24711	3.45724	157.032
1820	-0.0368274	3.24536	3.46289	157.07
1821	-0.0356653	3.24363	3.46611	157.108
1822	-0.034208	3.24194	3.46794	157.146
1823	-0.032908	3.24028	3.47094	157.184
1824	-0.0338138	3.2386	3.47563	157.222
1825	-0.0357451	3.23688	3.47978	157.261
1826	-0.0374378	3.23512	3.4834	157.299
1827	-0.0378091	3.23335	3.48589	157.338
1828	-0.0382222	3.23157	3.48962	157.376
1829	-0.0402675	3.22975	3.49643	157.415
1830	-0.0421616	3.22788	3.50096	157.454
1831	-0.0437138	3.22598	3.50494	157.493
1832	-0.0458464	3.22403	3.50709	157.532
1833	-0.0476745	3.22204	3.50944	157.571
1834	-0.0491843	3.22002	3.5138	157.61
1835	-0.0499355	3.21797	3.51839	157.649
1836	-0.0501586	3.21593	3.51711	157.688
1837	-0.0507398	3.21387	3.51649	157.727
1838	-0.0526296	3.21177	3.51753	157.766
1839	-0.0533819	3.20965	3.50567	157.805
1840	-0.055464	3.20749	3.50452	157.844
1841	-0.057525	3.20528	3.50467	157.883
1842	-0.0590298	3.20304	3.50014	157.922
1843	-0.0608672	3.20075	3.50313	157.96
1844	-0.0626384	3.19843	3.50642	157.999
1845	-0.063798	3.19608	3.50657	158.038
1846	-0.0652023	3.19369	3.50364	158.077
1847	-0.0658272	3.1913	3.50497	158.115
1848	-0.0662102	3.1889	3.50339	158.154
1849	-0.0668216	3.18648	3.5057	158.193
1850	-0.0672244	3.18406	3.50459	158.232
1851	-0.0659885	3.18167	3.5062	158.27
1852	-0.0657161	3.17928	3.50433	158.309
1853	-0.0653149	3.17691	3.5035	158.348
1854	-0.0649608	3.17455	3.50311	158.386
1855	-0.064217	3.1722	3.50742	158.425
1856	-0.0656421	3.16982	3.51326	158.464
1857	-0.0660163	3.16744	3.51774	158.503
1858	-0.0652286	3.16508	3.52308	158.542
1859	-0.064749	3.16273	3.52886	158.581
1860	-0.0630133	3.16042	3.53289	158.621
1861	-0.0614172	3.15814	3.53931	158.66
1862	-0.0605784	3.15589	3.54086	158.699
1863	-0.0602931	3.15365	3.54179	158.739
1864	-0.0606475	3.1514	3.54233	158.778
1865	-0.0606743	3.14915	3.54453	158.818
1866	-0.060199	3.14692	3.54355	158.857
1867	-0.0596975	3.1447	3.54258	158.897
1868	-0.0588957	3.14249	3.54139	158.936
1869	-0.057397	3.14033	3.5403	158.976
1870	-0.0565511	3.13818	3.53392	159.015
1871	-0.0574509	3.13601	3.53363	159.054
1872	-0.057762	3.13384	3.53273	159.093
1873	-0.0579514	3.13167	3.53338	159.132
1874	-0.0587133	3.12948	3.536	159.172
1875	-0.0581365	3.1273	3.54041	159.211
1876	-0.056304	3.12517	3.54404	159.25
1877	-0.0561446	3.12304	3.54213	159.29
1878	-0.0563866	3.12091	3.539	159.329
1879	-0.0579057	3.11875	3.54052	159.368
1880	-0.0590955	3.11656	3.54206	159.407
1881	-0.0610235	3.11432	3.54671	159.447
1882	-0.0642671	3.11202	3.55531	159.486
1883	-0.0669314	3.10965	3.55533	159.526
1884	-0.0686257	3.10724	3.5574	159.566
1885	-0.0685913	3.10484	3.55473	159.605
1886	-0.0693219	3.10242	3.55634	159.645
1887	-0.0686041	3.10002	3.55191	159.684
1888	-0.0673617	3.09765	3.55294	159.724
1889	-0.067069	3.09529	3.55367	159.763
1890	-0.0665111	3.09295	3.55529	159.803
1891	-0.0659019	3.09061	3.5563	159.842
1892	-0.0669002	3.08826	3.55799	159.882
1893	-0.0689829	3.08586	3.56292	159.921
1894	-0.0704613	3.08343	3.56372	159.961
1895	-0.0715436	3.08097	3.56427	160.001
1896	-0.0710829	3.07853	3.56324	160.04
1897	-0.0713329	3.07608	3.56761	160.08
1898	-0.0699284	3.07367	3.5731	160.12
1899	-0.0696093	3.07126	3.57655	160.16
1900	-0.069904	3.06885	3.57752	160.2
1901	-0.0693409	3.06646	3.58086	160.24
1902	-0.0677988	3.0641	3.58619	160.28
1903	-0.0666675	3.06177	3.58657	160.32
1904	-0.0670279	3.05943	3.58939	160.36
1905	-0.067017	3.05709	3.59256	160.4
1906	-0.0680584	3.05473	3.58991	160.44
1907	-0.0670764	3.0524	3.58812	160.481
1908	-0.0645946	3.05012	3.59016	160.521
1909	-0.0639234	3.04786	3.58543	160.561
1910	-0.0627057	3.04563	3.58506	160.601
1911	-0.0621652	3.04341	3.58959	160.641
1912	-0.063011	3.04117	3.59267	160.681
1913	-0.0633857	3.03893	3.59745	160.721
1914	-0.0640144	3.03668	3.59999	160.761
1915	-0.0641418	3.03442	3.60206	160.802
1916	-0.0647694	3.03215	3.5985	160.842
1917	-0.0636175	3.02991	3.60082	160.882
1918	-0.0627173	3.02769	3.60216	160.923
1919	-0.0614978	3.0255	3.60282	160.963
1920	-0.0607368	3.02332	3.60522	161.003
1921	-0.0594414	3.02118	3.60858	161.044
1922	-0.0575672	3.01908	3.61418	161.084
1923	-0.0562355	3.01702	3.62059	161.125
1924	-0.0565376	3.01495	3.62615	161.166
1925	-0.0575685	3.01285	3.62403	161.206
1926	-0.058948	3.01073	3.62238	161.247
1927	-0.060351	3.00857	3.62553	161.288
1928	-0.0622056	3.00638	3.63038	161.329
1929	-0.0634639	3.00416	3.63355	161.37
1930	-0.0650462	3.0019	3.63491	161.411
1931	-0.0659033	2.99962	3.63596	161.451
1932	-0.0665243	2.99733	3.63944	161.492
1933	-0.0675928	2.99502	3.63897	161.533
1934	-0.0696878	2.99267	3.64225	161.575
1935	-0.0707205	2.99029	3.64333	161.616
1936	-0.0703846	2.98792	3.64231	161.657
1937	-0.0703142	2.98555	3.6398	161.698
1938	-0.0702305	2.98318	3.63275	161.738
1939	-0.0702767	2.98082	3.6259	161.779
1940	-0.0706419	2.97845	3.61861	161.819
1941	-0.0708071	2.97608	3.61255	161.86
1942	-0.0707863	2.97371	3.60992	161.9
1943	-0.0714739	2.97132	3.61382	161.94
1944	-0.0711184	2.96894	3.61306	161.981
1945	-0.0711384	2.96657	3.61181	162.021
1946	-0.0719968	2.96418	3.60713	162.061
1947	-0.0722952	2.96178	3.60552	162.101
1948	-0.0718117	2.95939	3.60508	162.141
1949	-0.0710141	2.95703	3.60673	162.181
1950	-0.0704702	2.95467	3.6052	162.221
1951	-0.0714323	2.9523	3.60754	162.261
1952	-0.0731516	2.94989	3.61123	162.302
1953	-0.0737615	2.94747	3.61363	162.342
1954	-0.0750365	2.94502	3.61413	162.382
1955	-0.0758809	2.94255	3.61652	162.422
1956	-0.0766362	2.94007	3.61904	162.463
1957	-0.0761318	2.9376	3.62115	162.503
1958	-0.0759317	2.93513	3.61608	162.543
1959	-0.0754023	2.93268	3.61448	162.583
1960	-0.0754885	2.93023	3.61519	162.624
1961	-0.0754058	2.92778	3.61627	162.664
1962	-0.0746789	2.92535	3.61776	162.704
1963	-0.0748639	2.92292	3.6205	162.744
1964	-0.0759918	2.92046	3.62287	162.785
1965	-0.0762012	2.918	3.62249	162.825
1966	-0.0765451	2.91553	3.61773	162.865
1967	-0.0762279	2.91307	3.61312	162.905
1968	-0.0763737	2.91061	3.60922	162.945
1969	-0.0769808	2.90814	3.60551	162.985
1970	-0.0770395	2.90567	3.6038	163.025
1971	-0.0767064	2.90321	3.59679	163.064
1972	-0.0755092	2.90077	3.59	163.104
1973	-0.0748635	2.89835	3.58851	163.143
1974	-0.0749642	2.89593	3.58667	163.183
1975	-0.0750258	2.89351	3.58545	163.222
1976	-0.0756044	2.89108	3.5847	163.261
1977	-0.0766496	2.88863	3.58093	163.301
1978	-0.0785243	2.88613	3.58003	163.34
