#	<x>	stDevX	<E>	stDevE
0	2.44883	0	4.27107	0
1	2.06125	2.25504	4.1704	4.22074
2	1.66667	2.91175	3.53504	5.64578
3	1.70572	3.41321	2.84651	6.41856
4	1.35691	3.69576	2.77213	7.03806
5	1.00739	3.81875	2.86503	7.62506
6	1.04934	3.95282	2.78518	8.13419
7	0.953072	4.05104	2.91267	8.65096
8	0.598137	4.03753	3.10341	9.19599
9	0.354118	3.96043	3.05372	9.69455
10	0.318402	3.88668	2.44855	9.99387
11	0.535459	3.88468	2.68109	10.3492
12	0.661601	3.92161	2.90352	10.7516
13	0.729289	3.978	3.04872	11.1765
14	0.719112	4.03234	3.07606	11.5924
15	0.795547	4.10557	3.17908	12.0189
16	0.676875	4.15005	3.17674	12.4303
17	0.673099	4.19431	3.01952	12.7927
18	0.589843	4.22046	3.02864	13.1471
19	0.612851	4.25287	3.10322	13.5083
20	0.515394	4.26534	3.19439	13.8795
21	0.484375	4.2729	3.21473	14.2454
22	0.46804	4.27875	3.11597	14.5822
23	0.483022	4.28914	3.05421	14.899
24	0.522786	4.30858	2.79315	15.158
25	0.583452	4.3405	2.70001	15.3948
26	0.570129	4.37019	2.55671	15.601
27	0.570796	4.40031	2.35067	15.7666
28	0.51918	4.42127	2.14215	15.8932
29	0.497768	4.4389	2.16099	16.0233
30	0.44508	4.44778	2.07281	16.1377
31	0.43182	4.45515	2.09683	16.2566
32	0.401034	4.45801	2.12037	16.3797
33	0.390929	4.46003	2.09703	16.4988
34	0.398916	4.46422	2.07171	16.6136
35	0.390912	4.46782	2.09678	16.7325
36	0.395184	4.47281	2.06311	16.8457
37	0.40155	4.47946	2.0479	16.9565
38	0.410638	4.48809	2.04486	17.0667
39	0.399297	4.49543	1.9626	17.164
40	0.404775	4.5041	1.9339	17.257
41	0.368289	4.50763	1.94873	17.3525
42	0.334212	4.50654	1.9108	17.4424
43	0.340483	4.50698	1.91251	17.5327
44	0.36529	4.51162	1.98053	17.6332
45	0.339616	4.51294	2.00087	17.7366
46	0.287987	4.50729	1.99466	17.8389
47	0.257005	4.49781	1.97311	17.9379
48	0.221426	4.48395	2.00364	18.0411
49	0.229268	4.4719	2.00498	18.1441
50	0.248926	4.46324	2.04393	18.2524
51	0.248591	4.45511	2.04428	18.3602
52	0.24837	4.44749	2.04529	18.4678
53	0.248279	4.44037	2.03088	18.5731
54	0.264494	4.43592	2.03695	18.6788
55	0.271245	4.43278	1.96985	18.7752
56	0.287254	4.43214	1.98905	18.8739
57	0.287245	4.43183	1.95098	18.9673
58	0.280421	4.43096	1.91386	19.0557
59	0.26898	4.42895	1.89762	19.1419
60	0.256593	4.42569	1.85496	19.2225
61	0.21158	4.41709	1.84127	19.3014
62	0.175613	4.40442	1.83151	19.379
63	0.157085	4.3899	1.82904	19.4563
64	0.139689	4.37373	1.84124	19.535
65	0.13689	4.3577	1.80619	19.6094
66	0.125991	4.34083	1.76316	19.6785
67	0.132634	4.32524	1.69212	19.7391
68	0.138657	4.31082	1.63963	19.7936
69	0.151179	4.29831	1.63267	19.8476
70	0.153576	4.28646	1.60834	19.8988
71	0.169704	4.27688	1.59328	19.9486
72	0.138671	4.26401	1.60308	19.9997
73	0.132071	4.25075	1.63167	20.0544
74	0.13734	4.23845	1.63701	20.1098
75	0.132964	4.226	1.6271	20.1643
76	0.127847	4.21331	1.63426	20.2197
77	0.135004	4.20175	1.64808	20.2767
78	0.1307	4.19003	1.57294	20.3255
79	0.124003	4.17787	1.52383	20.369
80	0.109328	4.1644	1.48334	20.4082
81	0.105655	4.15084	1.45447	20.4446
82	0.122212	4.1394	1.45578	20.4814
83	0.136444	4.12978	1.46936	20.52
84	0.124428	4.11913	1.45188	20.5569
85	0.124038	4.10869	1.44909	20.5938
86	0.1272	4.09884	1.431	20.629
87	0.137084	4.09029	1.40943	20.6622
88	0.141974	4.08247	1.35201	20.6896
89	0.13932	4.07458	1.31983	20.714
90	0.16417	4.0695	1.31544	20.7383
91	0.178389	4.06606	1.31794	20.7632
92	0.183762	4.06334	1.31614	20.7882
93	0.189154	4.0613	1.32774	20.8147
94	0.163945	4.05683	1.3291	20.8417
95	0.158044	4.05192	1.32777	20.8688
96	0.16189	4.04755	1.33764	20.8972
97	0.175776	4.04472	1.36055	20.9282
98	0.198328	4.04429	1.38617	20.9619
99	0.187038	4.04283	1.37418	20.9946
100	0.186429	4.04142	1.38718	21.0288
101	0.175482	4.03905	1.36061	21.0606
102	0.139015	4.03322	1.39897	21.0963
103	0.110091	4.02472	1.42589	21.1347
104	0.118574	4.01721	1.43539	21.1742
105	0.128457	4.01081	1.43653	21.2139
106	0.109304	4.00272	1.44525	21.2546
107	0.0909418	3.99303	1.45918	21.2966
108	0.0806104	3.98253	1.45963	21.3388
109	0.07883	3.97203	1.44014	21.3792
110	0.0781952	3.96165	1.4487	21.4204
111	0.0931628	3.95285	1.47337	21.464
112	0.0879063	3.94371	1.48929	21.5092
113	0.0872806	3.93467	1.49178	21.5546
114	0.0975531	3.92673	1.50896	21.6016
115	0.126525	3.92161	1.5265	21.6502
116	0.122652	3.91625	1.53249	21.6993
117	0.131405	3.91181	1.52083	21.7474
118	0.136479	3.90794	1.52536	21.7959
119	0.140323	3.90452	1.53538	21.8452
120	0.142699	3.9014	1.5249	21.8935
121	0.145226	3.89861	1.53216	21.9425
122	0.145932	3.89596	1.51955	21.9903
123	0.15435	3.89415	1.50675	22.037
124	0.143865	3.89149	1.47365	22.0806
125	0.148359	3.8893	1.46056	22.1231
126	0.150406	3.88738	1.45863	22.1655
127	0.14771	3.88529	1.44614	22.2067
128	0.148162	3.88331	1.44716	22.2481
129	0.146246	3.88124	1.45482	22.2901
130	0.149	3.87948	1.44163	22.331
131	0.144942	3.87744	1.46254	22.3737
132	0.14096	3.87512	1.47594	22.4176
133	0.142823	3.87303	1.45952	22.46
134	0.151073	3.87173	1.46461	22.5029
135	0.160967	3.87132	1.4743	22.5466
136	0.16069	3.87095	1.4854	22.5912
137	0.156296	3.87026	1.49155	22.6363
138	0.165491	3.8704	1.49927	22.682
139	0.19003	3.87265	1.53076	22.7304
140	0.18842	3.87481	1.53441	22.779
141	0.190152	3.87714	1.53295	22.8274
142	0.186806	3.87922	1.54912	22.8771
143	0.192078	3.88177	1.55217	22.927
144	0.185505	3.88381	1.55719	22.9772
145	0.190829	3.88632	1.56102	23.0277
146	0.191915	3.88894	1.56096	23.078
147	0.193178	3.8917	1.56731	23.1289
148	0.19117	3.89431	1.57469	23.1802
149	0.191233	3.89696	1.57548	23.2316
150	0.189423	3.89948	1.57454	23.2827
151	0.188119	3.90193	1.57667	23.334
152	0.188858	3.90446	1.58408	23.3858
153	0.181849	3.90645	1.56711	23.4361
154	0.179834	3.90831	1.52402	23.4829
155	0.179209	3.91014	1.48432	23.5264
156	0.183206	3.91233	1.475	23.5692
157	0.179412	3.91423	1.47174	23.6117
158	0.171442	3.91554	1.47897	23.6547
159	0.167874	3.91659	1.47725	23.6976
160	0.166905	3.9176	1.48902	23.7413
161	0.171681	3.91901	1.4841	23.7846
162	0.179032	3.92102	1.4749	23.8272
163	0.17954	3.9231	1.47306	23.8695
164	0.182813	3.92546	1.45448	23.9104
165	0.189912	3.92838	1.44268	23.9504
166	0.191817	3.93147	1.43407	23.9896
167	0.193316	3.93469	1.4396	24.0293
168	0.196403	3.93817	1.41176	24.0668
169	0.193671	3.94145	1.42643	24.1054
170	0.192835	3.94468	1.40783	24.1426
171	0.193317	3.94796	1.39592	24.1788
172	0.182932	3.95047	1.40987	24.2161
173	0.195012	3.9539	1.43735	24.2555
174	0.207149	3.95827	1.46426	24.2969
175	0.203071	3.96234	1.46204	24.338
176	0.198303	3.96606	1.471	24.3798
177	0.19841	3.96979	1.47702	24.422
178	0.203565	3.97392	1.47827	24.4643
179	0.199416	3.97775	1.47187	24.506
180	0.194795	3.98125	1.45788	24.5467
181	0.184604	3.984	1.47289	24.5884
182	0.179918	3.98643	1.47344	24.6301
183	0.180525	3.98891	1.46422	24.6711
184	0.181419	3.99148	1.44753	24.7108
185	0.183905	3.99424	1.45142	24.7508
186	0.184217	3.99704	1.4388	24.7898
187	0.177012	3.99933	1.43703	24.8287
188	0.169174	4.00106	1.4422	24.8679
189	0.167473	4.00269	1.44761	24.9075
190	0.166399	4.00426	1.45438	24.9475
191	0.170461	4.00615	1.4694	24.9885
192	0.177554	4.00856	1.48281	25.0305
193	0.174482	4.01076	1.48125	25.0723
194	0.173919	4.01294	1.48086	25.1141
195	0.16987	4.01484	1.44821	25.1534
196	0.169338	4.01673	1.44901	25.1928
197	0.171345	4.01877	1.44414	25.2318
198	0.163423	4.02026	1.44415	25.2708
199	0.162272	4.0217	1.41942	25.3079
200	0.169289	4.02364	1.4054	25.3441
201	0.173826	4.02592	1.40051	25.3799
202	0.16803	4.02781	1.39842	25.4155
203	0.165935	4.02956	1.39168	25.4507
204	0.16341	4.03115	1.39929	25.4863
205	0.163346	4.03276	1.40447	25.5223
206	0.160843	4.0342	1.3992	25.5579
207	0.166237	4.03604	1.39466	25.5931
208	0.166709	4.03792	1.36359	25.6262
209	0.164614	4.03968	1.35076	25.6584
210	0.167913	4.04167	1.33599	25.6896
211	0.165453	4.04351	1.3339	25.7206
212	0.16502	4.04533	1.32898	25.7513
213	0.158692	4.04674	1.33394	25.7823
214	0.154591	4.04788	1.34205	25.8139
215	0.14352	4.04828	1.35841	25.8466
216	0.139379	4.04843	1.36288	25.8795
217	0.138732	4.04855	1.35379	25.9118
218	0.135101	4.04844	1.35505	25.9442
219	0.132409	4.04818	1.32746	25.9748
220	0.133189	4.04799	1.3324	26.0056
221	0.130539	4.04765	1.33391	26.0366
222	0.126909	4.04708	1.32446	26.0669
223	0.123452	4.04631	1.31953	26.0969
224	0.124089	4.0456	1.29322	26.1251
225	0.122291	4.0448	1.28218	26.1526
226	0.116165	4.04361	1.28646	26.1804
227	0.115021	4.04237	1.28875	26.2083
228	0.112292	4.04098	1.29803	26.2369
229	0.117263	4.03994	1.30511	26.2659
230	0.110557	4.03848	1.31881	26.2958
231	0.110574	4.03705	1.32764	26.3263
232	0.111807	4.03573	1.33574	26.3573
233	0.108178	4.03419	1.33925	26.3885
234	0.111054	4.03286	1.32896	26.4191
235	0.116258	4.0319	1.33416	26.45
236	0.114171	4.03082	1.34169	26.4813
237	0.110727	4.02954	1.34263	26.5127
238	0.100678	4.02763	1.35463	26.5448
239	0.0951102	4.0254	1.36649	26.5777
240	0.0912511	4.02294	1.36713	26.6106
241	0.091916	4.02055	1.37103	26.6438
242	0.0955755	4.01842	1.37143	26.6769
243	0.0964429	4.01637	1.37236	26.7101
244	0.102462	4.01473	1.37325	26.7433
245	0.0986047	4.01287	1.35328	26.7752
246	0.100833	4.01118	1.35164	26.807
247	0.0995588	4.00942	1.34074	26.8381
248	0.0967528	4.00752	1.32091	26.8679
249	0.095344	4.00554	1.32147	26.8978
250	0.101312	4.00397	1.32358	26.9277
251	0.103838	4.00258	1.31568	26.9572
252	0.104554	4.00125	1.31846	26.9868
253	0.102477	3.99981	1.30771	27.0157
254	0.103404	3.99846	1.31297	27.045
255	0.102134	3.99704	1.30832	27.0739
256	0.10434	3.99578	1.31729	27.1034
257	0.105331	3.99461	1.31117	27.1325
258	0.102373	3.99327	1.30504	27.1612
259	0.098964	3.99174	1.30368	27.1898
260	0.0957594	3.99003	1.30678	27.2186
261	0.0891841	3.98793	1.31343	27.2478
262	0.0920145	3.98604	1.31846	27.2773
263	0.0925414	3.98419	1.32112	27.3069
264	0.0891467	3.98216	1.32252	27.3366
265	0.0816017	3.97969	1.3261	27.3666
266	0.078027	3.97703	1.33031	27.3967
267	0.0745322	3.97417	1.33191	27.427
268	0.0657193	3.97081	1.34715	27.4581
269	0.0726882	3.96789	1.35061	27.4894
270	0.0714215	3.96492	1.35437	27.521
271	0.0731529	3.96208	1.36352	27.5531
272	0.0677295	3.95894	1.37232	27.5856
273	0.0676794	3.95581	1.37525	27.6184
274	0.0681767	3.95274	1.384	27.6516
275	0.0746423	3.95009	1.38629	27.6849
276	0.0774834	3.94762	1.38908	27.7184
277	0.0772271	3.94517	1.39474	27.7522
278	0.0717619	3.9424	1.40161	27.7864
279	0.0670554	3.93938	1.40857	27.8209
280	0.0665115	3.93635	1.41199	27.8556
281	0.0621329	3.93309	1.41023	27.8902
282	0.0644501	3.92998	1.40761	27.9246
283	0.0707207	3.92727	1.4159	27.9594
284	0.074723	3.92481	1.41834	27.9943
285	0.0708153	3.92215	1.42223	28.0295
286	0.0649086	3.91916	1.41007	28.0639
287	0.0609305	3.91596	1.41835	28.0987
288	0.0565	3.91252	1.42579	28.1339
289	0.0526559	3.90888	1.42743	28.1692
290	0.0513857	3.90519	1.42638	28.2044
291	0.046813	3.90125	1.41954	28.2392
292	0.0421117	3.89707	1.41919	28.2739
293	0.0449783	3.89307	1.41258	28.3082
294	0.0510673	3.88946	1.41326	28.3425
295	0.0471766	3.88565	1.40277	28.3761
296	0.0442538	3.88168	1.4075	28.41
297	0.0470023	3.87791	1.40455	28.4437
298	0.0453782	3.87406	1.38571	28.4762
299	0.0519985	3.87061	1.38968	28.509
300	0.0525379	3.86722	1.39852	28.5422
301	0.0600573	3.86429	1.41512	28.5764
302	0.0659496	3.86171	1.42172	28.6109
303	0.0649139	3.85909	1.41777	28.6451
304	0.0676592	3.85665	1.41162	28.679
305	0.0658541	3.85412	1.41533	28.713
306	0.0667376	3.85166	1.4204	28.7473
307	0.0704139	3.84943	1.42231	28.7817
308	0.0745666	3.84745	1.41831	28.8158
309	0.0756945	3.84555	1.41452	28.8496
310	0.0793749	3.84388	1.41927	28.8837
311	0.0795054	3.84223	1.42188	28.9179
312	0.0762896	3.84041	1.4268	28.9523
313	0.0724892	3.83839	1.43328	28.9871
314	0.0715539	3.83634	1.43081	29.0217
315	0.0669041	3.83404	1.43083	29.0562
316	0.0715254	3.83202	1.42621	29.0905
317	0.0739636	3.83015	1.42299	29.1245
318	0.0792925	3.82859	1.4185	29.1583
319	0.0815495	3.82718	1.40539	29.1913
320	0.0783836	3.8256	1.39869	29.2238
321	0.0760843	3.82391	1.39921	29.2564
322	0.0761294	3.82223	1.39793	29.2889
323	0.0686257	3.82015	1.4015	29.3215
324	0.0651796	3.8179	1.40045	29.3541
325	0.0610458	3.81543	1.40403	29.3868
326	0.0576798	3.8128	1.41357	29.42
327	0.048023	3.80964	1.42817	29.454
328	0.0471125	3.80646	1.43576	29.4884
329	0.0501158	3.80346	1.44048	29.523
330	0.0545532	3.80072	1.44382	29.5578
331	0.0521696	3.79787	1.44581	29.5926
332	0.0497434	3.7949	1.44877	29.6275
333	0.0530054	3.79213	1.44518	29.6622
334	0.05102	3.78927	1.43285	29.6962
335	0.0528674	3.78652	1.41877	29.7294
336	0.053206	3.78381	1.41535	29.7624
337	0.0515053	3.78102	1.40896	29.795
338	0.0474558	3.77803	1.41053	29.8276
339	0.040509	3.77468	1.42147	29.8608
340	0.0404433	3.77135	1.42286	29.8941
341	0.0377826	3.76788	1.42483	29.9274
342	0.0395403	3.76454	1.42197	29.9606
343	0.0398316	3.76122	1.4149	29.9933
344	0.0361341	3.75772	1.42018	30.0263
345	0.03753	3.75432	1.41968	30.0592
346	0.0368986	3.7509	1.41316	30.0917
347	0.0317394	3.74722	1.41324	30.1242
348	0.029732	3.74345	1.41931	30.157
349	0.0270489	3.73956	1.42585	30.1901
350	0.0288405	3.73578	1.42879	30.2234
351	0.029848	3.73208	1.43066	30.2567
352	0.0249738	3.72813	1.43434	30.2901
353	0.0209559	3.72399	1.42257	30.323
354	0.0223957	3.71994	1.42095	30.3556
355	0.0232516	3.71596	1.42144	30.3883
356	0.0213738	3.71189	1.41874	30.4208
357	0.0189396	3.70772	1.42278	30.4535
358	0.0169364	3.70346	1.42283	30.4862
359	0.0174149	3.69924	1.42298	30.5188
360	0.0219342	3.69528	1.42717	30.5517
361	0.0220409	3.69135	1.4224	30.5842
362	0.0190327	3.68727	1.41697	30.6164
363	0.0220491	3.68337	1.41757	30.6487
364	0.0265702	3.67972	1.41574	30.6808
365	0.0318434	3.67637	1.41735	30.7129
366	0.0333836	3.67311	1.41721	30.7451
367	0.0365216	3.67003	1.42581	30.7776
368	0.0316857	3.66672	1.42793	30.8102
369	0.0312056	3.66339	1.43059	30.8429
370	0.0348237	3.66027	1.42861	30.8755
371	0.0373993	3.6573	1.43367	30.9083
372	0.0400075	3.65447	1.4394	30.9414
373	0.0402425	3.65167	1.42554	30.9737
374	0.0396532	3.64886	1.42371	31.006
375	0.0353196	3.64584	1.40831	31.0373
376	0.0356195	3.64284	1.41086	31.0688
377	0.0355963	3.63986	1.41456	31.1005
378	0.0384693	3.63704	1.41441	31.1321
379	0.0387162	3.63425	1.41276	31.1636
380	0.0421157	3.63165	1.40937	31.1949
381	0.0430007	3.6291	1.39604	31.2255
382	0.0443429	3.62663	1.36387	31.2544
383	0.0455519	3.62424	1.34095	31.2821
384	0.0428076	3.62172	1.30701	31.3081
385	0.0411576	3.61913	1.30281	31.3338
386	0.0411202	3.61655	1.30595	31.3597
387	0.0415097	3.61401	1.30987	31.3858
388	0.041929	3.61149	1.31246	31.412
389	0.0396553	3.60888	1.32138	31.4386
390	0.0422424	3.60641	1.32563	31.4654
391	0.0394425	3.6038	1.33005	31.4925
392	0.0364147	3.60106	1.32966	31.5195
393	0.0385766	3.59844	1.3274	31.5463
394	0.0376421	3.59579	1.31298	31.5725
395	0.037727	3.59315	1.3112	31.5985
396	0.0403037	3.59065	1.30785	31.6243
397	0.0405591	3.58818	1.30434	31.65
398	0.0412221	3.58575	1.3033	31.6755
399	0.041497	3.58335	1.30539	31.7012
400	0.042501	3.58101	1.30796	31.727
401	0.0376074	3.57844	1.31728	31.7532
402	0.0380644	3.5759	1.31645	31.7794
403	0.035605	3.57325	1.32248	31.8059
404	0.0355918	3.57062	1.31745	31.832
405	0.0399847	3.56821	1.32275	31.8585
406	0.042977	3.56596	1.32917	31.8852
407	0.0428439	3.56372	1.31841	31.9114
408	0.0392519	3.56131	1.31383	31.9374
409	0.0385749	3.55888	1.31258	31.9632
410	0.039123	3.55648	1.31354	31.9891
411	0.0383888	3.55406	1.3109	32.0149
412	0.0375667	3.55162	1.30531	32.0403
413	0.0378611	3.54919	1.30878	32.066
414	0.0355319	3.54667	1.30604	32.0914
415	0.0331905	3.54404	1.30783	32.117
416	0.0313549	3.54133	1.30848	32.1425
417	0.0257589	3.53836	1.30803	32.1681
418	0.0261261	3.53542	1.3037	32.1934
419	0.0229297	3.53233	1.29485	32.2182
420	0.0222385	3.52923	1.29321	32.243
421	0.0260127	3.52632	1.29416	32.2677
422	0.0251079	3.52338	1.29842	32.2927
423	0.0259148	3.52049	1.3007	32.3178
424	0.0270627	3.51766	1.2957	32.3426
425	0.0256624	3.51479	1.29927	32.3676
426	0.0261497	3.51194	1.29497	32.3924
427	0.0294601	3.50927	1.29725	32.4172
428	0.0286127	3.50656	1.29607	32.442
429	0.0244725	3.50367	1.30147	32.4671
430	0.0201216	3.50058	1.30402	32.4922
431	0.0210622	3.49755	1.3019	32.5172
432	0.0220844	3.49458	1.30761	32.5425
433	0.0221784	3.49162	1.31192	32.568
434	0.0230987	3.48872	1.30472	32.5931
435	0.0251732	3.48593	1.30977	32.6184
436	0.026748	3.48323	1.31554	32.644
437	0.0263205	3.48052	1.3195	32.6698
438	0.0247006	3.47774	1.31565	32.6954
439	0.0200762	3.47475	1.31693	32.721
440	0.0173128	3.47164	1.30724	32.7462
441	0.0178184	3.46856	1.29535	32.7707
442	0.0165661	3.46544	1.2943	32.7952
443	0.0153348	3.46227	1.29347	32.8197
444	0.0200086	3.45934	1.30197	32.8445
445	0.0222435	3.45652	1.2864	32.8686
446	0.0239625	3.45379	1.28609	32.8926
447	0.0274379	3.45124	1.29116	32.9169
448	0.025196	3.44859	1.29581	32.9414
449	0.02007	3.44571	1.30186	32.9662
450	0.0139029	3.44255	1.31495	32.9915
451	0.0147518	3.43944	1.31542	33.0169
452	0.0161876	3.43641	1.31021	33.042
453	0.0188016	3.43351	1.30543	33.0669
454	0.0200661	3.43069	1.3071	33.0918
455	0.0204046	3.42788	1.30724	33.1167
456	0.0211533	3.42513	1.30774	33.1417
457	0.0202198	3.42234	1.30284	33.1664
458	0.0192584	3.41951	1.30063	33.1909
459	0.0173821	3.41661	1.3029	33.2156
460	0.0192199	3.41381	1.30813	33.2405
461	0.0187553	3.41099	1.30812	33.2654
462	0.0195733	3.40822	1.3078	33.2902
463	0.0233369	3.40564	1.30504	33.3149
464	0.0187751	3.40285	1.30837	33.3398
465	0.0188002	3.40008	1.30726	33.3646
466	0.0184061	3.39729	1.31335	33.3896
467	0.0153212	3.39438	1.31662	33.4148
468	0.0130148	3.39136	1.31562	33.4399
469	0.0120451	3.38832	1.31223	33.4648
470	0.0143742	3.38539	1.30849	33.4896
471	0.0119392	3.38236	1.30959	33.5144
472	0.00936327	3.37922	1.31134	33.5393
473	0.0122415	3.37622	1.29827	33.5635
474	0.0112274	3.37319	1.28928	33.5873
475	0.0118134	3.37019	1.28034	33.6107
476	0.010628	3.36715	1.27804	33.634
477	0.0107207	3.36412	1.27431	33.6571
478	0.0130904	3.36121	1.27086	33.68
479	0.0130597	3.35831	1.27078	33.7029
480	0.012188	3.35538	1.26878	33.7258
481	0.0126234	3.35248	1.27298	33.7487
482	0.0146049	3.34968	1.27786	33.772
483	0.0137871	3.34685	1.27953	33.7952
484	0.0131012	3.344	1.28179	33.8186
485	0.0110034	3.34106	1.27946	33.8418
486	0.00724136	3.33797	1.2808	33.8651
487	0.00840179	3.33493	1.2826	33.8885
488	0.00840643	3.33191	1.2851	33.9119
489	0.0109711	3.32901	1.28244	33.9352
490	0.00831849	3.326	1.27731	33.9583
491	0.00911387	3.32303	1.25987	33.9806
492	0.0110821	3.32017	1.25027	34.0024
493	0.0132503	3.31741	1.24819	34.0242
494	0.0138658	3.31468	1.24534	34.0458
495	0.0124224	3.3119	1.24602	34.0674
496	0.0128759	3.30915	1.24765	34.0891
497	0.0137461	3.30645	1.24585	34.1107
498	0.0205682	3.30406	1.26166	34.133
499	0.0233688	3.30181	1.26486	34.1554
500	0.0267346	3.29971	1.2659	34.1779
501	0.0272046	3.29764	1.26254	34.2002
502	0.0302893	3.29572	1.2666	34.2227
503	0.028566	3.29373	1.27203	34.2454
504	0.0244766	3.29156	1.28034	34.2684
505	0.0248228	3.28941	1.28444	34.2917
506	0.0246178	3.28727	1.28694	34.315
507	0.0236218	3.28508	1.28452	34.3382
508	0.0227878	3.28287	1.27983	34.3612
509	0.02272	3.28066	1.27477	34.3839
510	0.0237875	3.27851	1.27305	34.4066
511	0.0207992	3.27623	1.27779	34.4295
512	0.0208809	3.27396	1.27598	34.4522
513	0.0237087	3.27182	1.2788	34.4751
514	0.0238788	3.2697	1.27855	34.498
515	0.0266961	3.26771	1.28376	34.5211
516	0.0290259	3.26583	1.28698	34.5443
517	0.0310723	3.26405	1.29245	34.5677
518	0.0317156	3.2623	1.29131	34.5911
519	0.0297151	3.26047	1.28922	34.6144
520	0.0259631	3.25848	1.29688	34.638
521	0.026381	3.25652	1.29055	34.6613
522	0.025289	3.25451	1.291	34.6846
523	0.0234691	3.25244	1.2936	34.708
524	0.0230453	3.25035	1.28726	34.7311
525	0.0211251	3.24818	1.28857	34.7543
526	0.0197062	3.24596	1.28425	34.7772
527	0.0168174	3.24363	1.28679	34.8003
528	0.0152791	3.24123	1.284	34.8232
529	0.014145	3.23879	1.28591	34.8462
530	0.0124252	3.23628	1.27947	34.8689
531	0.0129435	3.23381	1.26741	34.8911
532	0.0114249	3.23127	1.2607	34.913
533	0.0114395	3.22874	1.25975	34.9348
534	0.0122081	3.22626	1.25461	34.9564
535	0.0114071	3.22375	1.24692	34.9776
536	0.00974109	3.22117	1.23248	34.9982
537	0.00728841	3.21849	1.23364	35.0189
538	0.00842494	3.21587	1.23497	35.0396
539	0.00956702	3.21331	1.23693	35.0604
540	0.00919395	3.21074	1.23688	35.0811
541	0.00821664	3.20814	1.2407	35.1021
542	0.0104055	3.20563	1.24293	35.1231
543	0.00840198	3.20305	1.23958	35.1439
544	0.00752003	3.20044	1.23826	35.1647
545	0.00782125	3.19784	1.24162	35.1857
546	0.0090478	3.19531	1.24508	35.2067
547	0.00931221	3.1928	1.2439	35.2277
548	0.00858509	3.19026	1.24673	35.2489
549	0.00654458	3.18764	1.24513	35.2699
550	0.00693231	3.18505	1.2446	35.2909
551	0.0090642	3.18255	1.24843	35.3121
552	0.00771338	3.18001	1.24621	35.3331
553	0.00678669	3.17743	1.24191	35.354
554	0.00642418	3.17484	1.23399	35.3745
555	0.00461013	3.17219	1.23207	35.395
556	0.00275203	3.16946	1.22544	35.4151
557	0.00313421	3.16676	1.22274	35.4351
558	0.00330697	3.16407	1.22091	35.4551
559	0.0017445	3.16132	1.22189	35.4751
560	-8.3992e-05	3.1585	1.21727	35.4948
561	-0.000487975	3.15568	1.2101	35.5143
562	0.00109362	3.15292	1.20596	35.5336
563	0.00281171	3.15025	1.20865	35.553
564	0.00478525	3.14767	1.21109	35.5725
565	0.00478505	3.14509	1.20935	35.5919
566	0.00382856	3.14248	1.19822	35.6108
567	0.0039647	3.13988	1.2011	35.6298
568	0.00477447	3.13733	1.19509	35.6486
569	0.00564417	3.13482	1.18959	35.6672
570	0.00657131	3.13235	1.1796	35.6853
571	0.00856956	3.12997	1.17849	35.7034
572	0.00980857	3.12766	1.17668	35.7214
573	0.00907379	3.12531	1.16325	35.7388
574	0.012479	3.12312	1.16725	35.7564
575	0.0119535	3.12091	1.16804	35.7741
576	0.0101844	3.11863	1.17369	35.7919
577	0.0103651	3.11637	1.17252	35.8097
578	0.00904622	3.11406	1.17308	35.8275
579	0.0101753	3.1118	1.17565	35.8455
580	0.00985511	3.10953	1.17428	35.8633
581	0.00712919	3.10716	1.17228	35.8811
582	0.00695683	3.10479	1.17552	35.899
583	0.00706704	3.10242	1.17006	35.9167
584	0.00523321	3.09999	1.1692	35.9343
585	0.00246282	3.09745	1.16833	35.952
586	0.00153532	3.09488	1.16339	35.9693
587	0.000766425	3.09228	1.1554	35.9864
588	0.00136321	3.08972	1.14702	36.0031
589	0.000835348	3.08714	1.13388	36.0193
590	0.000666785	3.08455	1.13124	36.0353
591	-0.000842257	3.08192	1.13133	36.0514
592	-0.000907865	3.07929	1.12907	36.0674
593	0.00036303	3.07671	1.12354	36.0831
594	-0.000383157	3.07411	1.12598	36.099
595	-1.64706e-05	3.07154	1.12563	36.1148
596	-0.000270933	3.06896	1.12096	36.1304
597	3.87076e-05	3.0664	1.11222	36.1457
598	0.000750926	3.06387	1.11394	36.161
599	6.97724e-05	3.06132	1.11652	36.1765
600	0.00274696	3.05889	1.11648	36.1919
601	0.00332557	3.05649	1.11506	36.2073
602	0.00194614	3.05404	1.10891	36.2224
603	0.000367165	3.05153	1.11082	36.2376
604	-0.00208259	3.04892	1.11273	36.2529
605	-0.00356232	3.04627	1.11349	36.2683
606	-0.00334544	3.04363	1.11508	36.2836
607	-0.00356888	3.04098	1.11735	36.2991
608	-0.00453443	3.0383	1.12002	36.3147
609	-0.00281657	3.0357	1.12214	36.3304
610	-0.00273634	3.03311	1.11849	36.3459
611	-0.00394748	3.03048	1.11741	36.3614
612	-0.00304546	3.02788	1.1183	36.3769
613	-0.00113535	3.02538	1.12111	36.3925
614	-0.000681842	3.02289	1.12061	36.4081
615	0.00175899	3.02051	1.12408	36.4238
616	0.00415933	3.01823	1.12827	36.4397
617	0.00549249	3.01602	1.13028	36.4557
618	0.00592238	3.01382	1.12435	36.4715
619	0.00417988	3.01156	1.12382	36.4872
620	0.00460534	3.00932	1.12357	36.5029
621	0.00371516	3.00706	1.12217	36.5185
622	0.00191082	3.00472	1.12111	36.5341
623	0.00380746	3.00247	1.12462	36.5499
624	0.00358714	3.00021	1.12659	36.5657
625	0.00229557	2.99791	1.12732	36.5816
626	0.00284781	2.99564	1.12813	36.5974
627	0.00104754	2.9933	1.12695	36.6133
628	0.000975832	2.99096	1.12206	36.6289
629	-0.0018239	2.98852	1.12295	36.6446
630	-0.0024026	2.98606	1.12412	36.6603
631	-0.00246999	2.9836	1.12278	36.6759
632	-0.00501166	2.98105	1.12572	36.6917
633	-0.00566379	2.97847	1.12706	36.7075
634	-0.00478809	2.97594	1.12626	36.7233
635	-0.00709165	2.97332	1.12888	36.7392
636	-0.00622824	2.97074	1.12529	36.755
637	-0.00525176	2.96821	1.12718	36.7708
638	-0.00546422	2.96568	1.13081	36.7868
639	-0.00460507	2.96318	1.131	36.8027
640	-0.0026648	2.96077	1.13279	36.8188
641	-0.00120503	2.95841	1.13652	36.8349
642	-0.00259684	2.95601	1.13752	36.8511
643	-0.000826854	2.95369	1.13816	36.8674
644	0.000236735	2.95141	1.13991	36.8837
645	0.00360071	2.94927	1.14409	36.9002
646	0.00300469	2.94711	1.14666	36.9167
647	0.00310421	2.94496	1.14845	36.9333
648	0.00227807	2.94279	1.15001	36.95
649	0.00439316	2.9407	1.15118	36.9668
650	0.00280667	2.93855	1.1562	36.9837
651	0.000494069	2.93632	1.16082	37.0008
652	-0.000846525	2.93404	1.16082	37.0179
653	0.00044273	2.93182	1.16386	37.0351
654	0.00207199	2.92966	1.1652	37.0523
655	0.00246678	2.92753	1.16231	37.0695
656	0.00158537	2.92537	1.16119	37.0866
657	0.00226465	2.92323	1.15389	37.1034
658	0.000197487	2.92103	1.15344	37.1201
659	0.00101972	2.91886	1.15203	37.1369
660	-0.000348796	2.91664	1.154	37.1536
661	-0.00361905	2.9143	1.15799	37.1706
662	-0.00436034	2.91193	1.15221	37.1873
663	-0.00266604	2.90964	1.15194	37.204
664	-0.00337899	2.90732	1.15223	37.2207
665	-0.00307793	2.90502	1.15195	37.2374
666	-0.00283077	2.90274	1.14631	37.2539
667	-0.00151319	2.90051	1.13434	37.2699
668	0.000452773	2.89836	1.12597	37.2855
669	0.00350313	2.89634	1.12962	37.3014
670	0.00505416	2.89437	1.13085	37.3172
671	0.00422068	2.89239	1.13289	37.3332
672	0.00433972	2.89041	1.13364	37.3491
673	0.005324	2.88847	1.13582	37.3652
674	0.00478099	2.88652	1.13506	37.3812
675	0.00393152	2.88453	1.1283	37.3969
676	0.00302145	2.88252	1.11931	37.4123
677	0.003031	2.88052	1.11833	37.4277
678	0.000344731	2.87841	1.11979	37.4431
679	2.99661e-05	2.8763	1.11736	37.4584
680	0.00113237	2.87423	1.11652	37.4737
681	0.000895444	2.87216	1.11505	37.4889
682	-0.00163586	2.87	1.11635	37.5042
683	-0.00171086	2.86784	1.11854	37.5195
684	-0.00436948	2.86558	1.12063	37.535
685	-0.00618674	2.86326	1.12103	37.5504
686	-0.003706	2.86103	1.12255	37.5659
687	-0.00204953	2.85888	1.11963	37.5813
688	-0.00150589	2.85675	1.11803	37.5966
689	-0.00367167	2.85454	1.11997	37.612
690	-0.00436287	2.85231	1.1157	37.6272
691	-0.00485413	2.85007	1.11248	37.6423
692	-0.00704035	2.84775	1.1129	37.6574
693	-0.00723738	2.84542	1.10807	37.6724
694	-0.0085349	2.84306	1.10549	37.6872
695	-0.0101353	2.84063	1.10183	37.7019
696	-0.0104285	2.8382	1.09655	37.7164
697	-0.0111463	2.83575	1.09449	37.7308
698	-0.00981486	2.83335	1.09578	37.7452
699	-0.010141	2.83095	1.09592	37.7597
700	-0.011068	2.82851	1.09807	37.7742
701	-0.013644	2.82598	1.09543	37.7887
702	-0.0136352	2.82346	1.08813	37.8028
703	-0.0142145	2.82092	1.08474	37.8169
704	-0.0125653	2.81845	1.08913	37.8311
705	-0.0133436	2.81596	1.09198	37.8454
706	-0.0121332	2.81351	1.09203	37.8597
707	-0.0144739	2.81098	1.09346	37.874
708	-0.0162251	2.80839	1.09687	37.8885
709	-0.0176089	2.80576	1.10051	37.9031
710	-0.0177491	2.80312	1.10212	37.9178
711	-0.0158226	2.80056	1.1036	37.9325
712	-0.0130721	2.79811	1.10362	37.9473
713	-0.013087	2.79567	1.09492	37.9617
714	-0.0121578	2.79326	1.09042	37.9759
715	-0.00983712	2.79094	1.08696	37.99
716	-0.00861847	2.78868	1.08907	38.0042
717	-0.00634552	2.7865	1.09038	38.0184
718	-0.0050189	2.78438	1.09175	38.0327
719	-0.00513289	2.78225	1.09013	38.0469
720	-0.00510503	2.78014	1.09147	38.0612
721	-0.00462946	2.77804	1.0926	38.0755
722	-0.00848793	2.77581	1.09963	38.09
723	-0.00944056	2.77354	1.10238	38.1047
724	-0.0086728	2.77131	1.10273	38.1194
725	-0.00881687	2.76907	1.10045	38.134
726	-0.0100122	2.7668	1.10196	38.1486
727	-0.0107299	2.76451	1.10233	38.1633
728	-0.0111653	2.7622	1.10391	38.178
729	-0.00982564	2.75994	1.10607	38.1928
730	-0.00984329	2.7577	1.10617	38.2075
731	-0.0110792	2.7554	1.09857	38.222
732	-0.0105599	2.75314	1.09932	38.2366
733	-0.0103669	2.75088	1.10004	38.2511
734	-0.013135	2.74853	1.10111	38.2657
735	-0.0121709	2.74621	1.09586	38.2801
736	-0.0108156	2.74395	1.09327	38.2944
737	-0.010131	2.74172	1.08869	38.3086
738	-0.00969331	2.73951	1.08466	38.3225
739	-0.0123415	2.73721	1.08537	38.3365
740	-0.0146271	2.73483	1.08603	38.3506
741	-0.0124798	2.73253	1.0832	38.3645
742	-0.0125355	2.73023	1.08013	38.3783
743	-0.0134923	2.72791	1.08187	38.3922
744	-0.0121509	2.72563	1.08374	38.4061
745	-0.0113915	2.72339	1.08706	38.4202
746	-0.0122607	2.72112	1.08436	38.4341
747	-0.0118986	2.71887	1.08252	38.448
748	-0.0115921	2.71663	1.08297	38.4619
749	-0.0129728	2.71435	1.08652	38.4759
750	-0.0136906	2.71205	1.0877	38.49
751	-0.0136175	2.70975	1.08715	38.5041
752	-0.014894	2.70741	1.08785	38.5181
753	-0.0143665	2.70509	1.08865	38.5322
754	-0.0141555	2.70279	1.08595	38.5463
755	-0.0145143	2.70048	1.08181	38.5601
756	-0.0151931	2.69814	1.08376	38.574
757	-0.0144867	2.69584	1.08345	38.5879
758	-0.013015	2.69359	1.08333	38.6018
759	-0.0109573	2.69142	1.08508	38.6158
760	-0.0108997	2.68926	1.0845	38.6297
761	-0.00956735	2.68715	1.0811	38.6436
762	-0.00999861	2.68503	1.08229	38.6574
763	-0.0101002	2.68291	1.08351	38.6713
764	-0.00928202	2.68082	1.08271	38.6852
765	-0.0079693	2.67879	1.08471	38.6991
766	-0.00895278	2.67672	1.08525	38.7131
767	-0.00862099	2.67467	1.08492	38.727
768	-0.0098595	2.67258	1.08146	38.7408
769	-0.0112565	2.67044	1.07964	38.7546
770	-0.0114522	2.6683	1.08148	38.7684
771	-0.0120961	2.66613	1.08232	38.7822
772	-0.00964775	2.66406	1.08517	38.7962
773	-0.0102621	2.66198	1.08678	38.8102
774	-0.0109076	2.65987	1.09047	38.8243
775	-0.00988408	2.6578	1.09068	38.8385
776	-0.00872013	2.65578	1.09374	38.8527
777	-0.00702921	2.65382	1.09278	38.8669
778	-0.00747493	2.65185	1.08863	38.881
779	-0.00598564	2.64994	1.08766	38.895
780	-0.00740696	2.64798	1.08376	38.9089
781	-0.00673319	2.64605	1.08124	38.9227
782	-0.00496296	2.64418	1.08166	38.9365
783	-0.00460124	2.64234	1.08108	38.9502
784	-0.00459014	2.64049	1.0801	38.964
785	-0.00222713	2.63873	1.08632	38.9779
786	-0.00233597	2.63697	1.0895	38.992
787	-0.00217471	2.63523	1.09025	39.0061
788	-0.00245887	2.63347	1.09213	39.0203
789	-0.00114587	2.63176	1.0918	39.0344
790	-0.000972549	2.63007	1.0863	39.0484
791	-0.00268646	2.62831	1.09005	39.0624
792	-0.00474864	2.62649	1.09287	39.0766
793	-0.00298565	2.62473	1.09749	39.091
794	-0.00249536	2.62299	1.09219	39.1051
795	-0.0014663	2.6213	1.09264	39.1193
796	-0.00160624	2.6196	1.09013	39.1333
797	-0.0022412	2.61788	1.08906	39.1474
798	-0.00193897	2.61617	1.09088	39.1615
799	-0.00300312	2.61443	1.09242	39.1756
800	-6.38482e-05	2.6128	1.09634	39.1899
801	0.000708576	2.6112	1.09405	39.2041
802	0.000258806	2.60958	1.09446	39.2183
803	0.00077219	2.60799	1.09842	39.2326
804	-0.00130698	2.60632	1.1004	39.2471
805	-0.00204066	2.60464	1.10396	39.2616
806	-0.00294813	2.60292	1.10745	39.2763
807	-0.00270872	2.60122	1.10837	39.2909
808	-0.00279472	2.59951	1.10856	39.3056
809	-0.00251869	2.59782	1.11131	39.3204
810	-0.00250537	2.59613	1.11089	39.3352
811	-0.00264871	2.59444	1.10942	39.3499
812	-0.00262562	2.59275	1.11084	39.3646
813	-0.000927869	2.59113	1.11362	39.3795
814	-0.00412711	2.5894	1.11799	39.3945
815	-0.00373334	2.58768	1.11884	39.4095
816	-0.00156377	2.58605	1.11764	39.4245
817	-0.00025283	2.58446	1.12064	39.4396
818	7.53264e-05	2.58288	1.11636	39.4545
819	-0.0010386	2.58127	1.11382	39.4694
820	0.00103665	2.57974	1.11327	39.4842
821	0.000427789	2.57819	1.11276	39.499
822	2.43002e-05	2.57662	1.11328	39.5138
823	0.00142824	2.57511	1.11501	39.5286
824	0.0026759	2.57364	1.1181	39.5436
825	0.00222324	2.57217	1.1184	39.5586
826	0.00179115	2.57067	1.11721	39.5735
827	0.00283341	2.56922	1.11634	39.5884
828	0.00272329	2.56777	1.11346	39.6032
829	0.00155595	2.56628	1.11027	39.6179
830	0.000646695	2.56476	1.10138	39.6322
831	-0.00103826	2.56318	1.09974	39.6466
832	-0.00125378	2.5616	1.09814	39.6608
833	-0.00290618	2.55996	1.09232	39.6748
834	-0.00424661	2.55829	1.09062	39.6888
835	-0.00299418	2.55665	1.09007	39.7028
836	-0.000891881	2.5551	1.09199	39.7168
837	-0.00144562	2.55352	1.09295	39.7309
838	0.000363407	2.55202	1.09323	39.7449
839	0.000876836	2.55053	1.09464	39.7591
840	0.000359543	2.54903	1.09427	39.7731
841	-0.000536454	2.5475	1.09104	39.7871
842	-0.00253043	2.5459	1.09622	39.8013
843	-0.00229033	2.54431	1.0975	39.8155
844	-0.00128048	2.54276	1.09558	39.8296
845	-0.00143124	2.54121	1.09039	39.8436
846	-0.000709544	2.53969	1.09018	39.8575
847	-0.00297148	2.53809	1.0925	39.8715
848	-0.0025706	2.53651	1.08915	39.8854
849	-0.000311963	2.53501	1.09117	39.8994
850	0.000134777	2.53353	1.09117	39.9133
851	4.38504e-05	2.53204	1.09222	39.9273
852	-0.00142364	2.53051	1.09156	39.9413
853	0.00099014	2.52906	1.09606	39.9554
854	0.00284325	2.52768	1.09516	39.9695
855	0.00319213	2.52632	1.09758	39.9837
856	0.00441639	2.525	1.09894	39.9979
857	0.00559664	2.52372	1.09932	40.0121
858	0.0062755	2.52246	1.10199	40.0264
859	0.00715848	2.52124	1.09651	40.0405
860	0.00739414	2.52003	1.09813	40.0547
861	0.00584893	2.51877	1.09877	40.0689
862	0.00478883	2.51747	1.09855	40.0831
863	0.00442405	2.51617	1.09575	40.0971
864	0.00463265	2.51487	1.09563	40.1112
865	0.00576947	2.51362	1.09534	40.1253
866	0.00703635	2.51241	1.09537	40.1393
867	0.00720768	2.51121	1.09673	40.1534
868	0.00676705	2.50999	1.09775	40.1676
869	0.00666698	2.50878	1.0986	40.1817
870	0.00649426	2.50756	1.09439	40.1957
871	0.0053358	2.5063	1.09085	40.2096
872	0.00479508	2.50503	1.08428	40.2233
873	0.00360256	2.50372	1.08259	40.2369
874	0.00387058	2.50242	1.08528	40.2506
875	0.0041459	2.50114	1.08725	40.2644
876	0.00455433	2.49986	1.08699	40.2781
877	0.00537106	2.49862	1.08553	40.2918
878	0.00378112	2.49733	1.08798	40.3056
879	0.00339166	2.49603	1.08775	40.3193
880	0.00277501	2.4947	1.08823	40.3331
881	0.00373814	2.49342	1.09071	40.347
882	0.00272136	2.4921	1.08822	40.3608
883	0.000369452	2.4907	1.09227	40.3747
884	0.00166252	2.48935	1.09518	40.3887
885	0.000155321	2.48795	1.09377	40.4026
886	-0.00076284	2.48653	1.09059	40.4165
887	-0.00116652	2.48509	1.08053	40.43
888	0.000189263	2.4837	1.07991	40.4434
889	0.00153697	2.48236	1.08289	40.457
890	0.00206989	2.48103	1.07868	40.4705
891	0.00145244	2.47969	1.07319	40.4837
892	0.00104831	2.47834	1.07197	40.4969
893	0.00113384	2.47699	1.06668	40.5099
894	0.00110791	2.47565	1.06667	40.523
895	-0.000610348	2.47425	1.06791	40.536
896	-0.000479137	2.47285	1.06684	40.549
897	-8.62763e-05	2.47147	1.06498	40.562
898	0.00037062	2.47011	1.06435	40.5749
899	-0.00178203	2.46868	1.06412	40.5879
900	-0.00176137	2.46726	1.06066	40.6007
901	-0.00106072	2.46585	1.0562	40.6133
902	-0.00252943	2.46441	1.05639	40.626
903	-0.00268404	2.46295	1.0537	40.6386
904	-0.00281312	2.4615	1.05237	40.6511
905	-0.0019197	2.46008	1.04836	40.6635
906	-0.000791804	2.4587	1.0452	40.6758
907	-0.00171654	2.45729	1.04654	40.6881
908	1.72182e-05	2.45594	1.048	40.7005
909	0.00110193	2.45463	1.05007	40.7129
910	0.00212445	2.45335	1.0525	40.7255
911	0.00499251	2.45217	1.05845	40.7382
912	0.00422953	2.45097	1.06184	40.751
913	0.00383975	2.44976	1.06281	40.7639
914	0.00202687	2.44849	1.06603	40.7768
915	0.0019893	2.44722	1.06533	40.7898
916	0.00278916	2.44598	1.06624	40.8028
917	0.00199646	2.44471	1.0676	40.8158
918	0.00130289	2.44343	1.06701	40.8288
919	0.00108178	2.44213	1.06498	40.8417
920	0.000224891	2.44082	1.06808	40.8547
921	-0.000515135	2.43948	1.07104	40.8678
922	-0.00125175	2.43812	1.0719	40.881
923	-0.00363052	2.43668	1.07452	40.8942
924	-0.00365874	2.43524	1.07402	40.9074
925	-0.00390832	2.4338	1.0725	40.9205
926	-0.00353033	2.43237	1.07233	40.9337
927	-0.00427444	2.43092	1.07275	40.9469
928	-0.00449566	2.42947	1.07465	40.9601
929	-0.0056073	2.42798	1.07724	40.9734
930	-0.00541261	2.4265	1.07727	40.9867
931	-0.00569612	2.42501	1.07273	40.9998
932	-0.00566957	2.42353	1.0703	41.0129
933	-0.00577825	2.42204	1.06196	41.0257
934	-0.00593685	2.42055	1.06221	41.0385
935	-0.00609336	2.41906	1.05967	41.0512
936	-0.00440849	2.41763	1.06063	41.0639
937	-0.00411349	2.41621	1.05801	41.0766
938	-0.0039005	2.41479	1.05884	41.0893
939	-0.00313795	2.41341	1.06128	41.102
940	-0.00193797	2.41206	1.06181	41.1148
941	-0.00217301	2.41071	1.06326	41.1276
942	-0.00260424	2.40935	1.06158	41.1404
943	-0.00302043	2.40798	1.06275	41.1532
944	-0.00367142	2.40659	1.06056	41.1659
945	-0.00218999	2.40524	1.06089	41.1786
946	-0.00213602	2.40391	1.06321	41.1914
947	-0.00134918	2.40259	1.06406	41.2043
948	-0.00214451	2.40126	1.06491	41.2171
949	-0.00206258	2.39993	1.0668	41.2301
950	-0.000644947	2.39865	1.06894	41.243
951	-0.000830042	2.39736	1.06444	41.2559
952	-0.00256243	2.39602	1.06582	41.2688
953	-0.00425891	2.39463	1.06276	41.2815
954	-0.00525621	2.39321	1.06323	41.2943
955	-0.00563998	2.39178	1.06516	41.3072
956	-0.00710962	2.3903	1.05875	41.3198
957	-0.00748889	2.38881	1.05986	41.3325
958	-0.00783745	2.38731	1.05679	41.3451
959	-0.00868861	2.38579	1.0596	41.3577
960	-0.0093607	2.38425	1.06156	41.3705
961	-0.00800384	2.38275	1.06358	41.3832
962	-0.00654871	2.3813	1.0669	41.3961
963	-0.00576039	2.37988	1.06814	41.4091
964	-0.00415248	2.37852	1.0711	41.4221
965	-0.00302128	2.37719	1.06843	41.435
966	-0.00318357	2.37586	1.06447	41.4478
967	-0.00259213	2.37455	1.0625	41.4606
968	-0.000896339	2.3733	1.06125	41.4733
969	-0.00145068	2.37203	1.06178	41.486
970	-0.000616862	2.37079	1.06086	41.4987
971	-0.00164529	2.36952	1.06237	41.5114
972	-0.000690195	2.36828	1.06299	41.5241
973	-0.00041706	2.36705	1.06448	41.5369
974	0.000596655	2.36586	1.06515	41.5497
975	0.00151779	2.36469	1.06648	41.5626
976	0.00242427	2.36356	1.06944	41.5755
977	0.00248282	2.36243	1.06896	41.5885
978	0.00145682	2.36127	1.07031	41.6014
979	0.000332633	2.36008	1.06984	41.6144
980	-1.16035e-05	2.35888	1.07234	41.6274
981	-0.000847126	2.35765	1.07478	41.6405
982	-0.000462072	2.35644	1.0746	41.6536
983	0.00102623	2.35527	1.0743	41.6667
984	0.000692292	2.3541	1.07013	41.6796
985	0.0011209	2.35295	1.06675	41.6925
986	0.00193459	2.35182	1.06182	41.7051
987	0.00179516	2.35068	1.06109	41.7178
988	0.00186168	2.34956	1.05523	41.7302
989	0.00175088	2.34843	1.05338	41.7426
990	0.00247008	2.34732	1.05009	41.7549
991	0.00316358	2.34624	1.04502	41.7671
992	0.00305911	2.34515	1.04707	41.7793
993	0.00231786	2.34405	1.04837	41.7915
994	0.00302398	2.34297	1.05124	41.8038
995	0.00341462	2.3419	1.05317	41.8162
996	0.00437154	2.34087	1.05203	41.8286
997	0.00453144	2.33984	1.05172	41.8409
998	0.00312224	2.33877	1.05079	41.8532
999	0.00254331	2.33768	1.04755	41.8654
1000	0.00358327	2.33662	1.04657	41.8776
1001	0.00337342	2.33556	1.04872	41.8898
1002	0.00420161	2.33453	1.04825	41.902
1003	0.00545812	2.33354	1.04667	41.9142
1004	0.00474322	2.33253	1.04649	41.9263
1005	0.0062591	2.33157	1.04594	41.9385
1006	0.00683177	2.33063	1.04682	41.9506
1007	0.00687367	2.32969	1.04766	41.9628
1008	0.00760727	2.32878	1.05098	41.9751
1009	0.00785367	2.32787	1.05194	41.9874
1010	0.00653965	2.32693	1.04929	41.9997
1011	0.00461128	2.32592	1.05291	42.012
1012	0.00348363	2.32489	1.05274	42.0244
1013	0.00419575	2.32387	1.05437	42.0367
1014	0.0034606	2.32284	1.05468	42.0491
1015	0.00268179	2.32178	1.05726	42.0616
1016	0.00187364	2.3207	1.0594	42.0741
1017	0.00305443	2.31965	1.06067	42.0867
1018	0.00281993	2.3186	1.06106	42.0993
1019	0.00208049	2.31753	1.06135	42.1119
1020	0.00152137	2.31645	1.06263	42.1245
1021	0.00210299	2.31538	1.06309	42.1372
1022	0.00251672	2.31433	1.06284	42.1498
1023	0.00161305	2.31325	1.06508	42.1625
1024	-0.00162781	2.31207	1.06864	42.1753
1025	-0.0030387	2.31085	1.06883	42.1881
1026	-0.00239102	2.30965	1.06707	42.2009
1027	-0.00269211	2.30845	1.06508	42.2136
1028	-0.00205102	2.30726	1.05947	42.2261
1029	-0.00158171	2.30609	1.05222	42.2384
1030	-0.00232242	2.3049	1.04999	42.2506
1031	-0.0021471	2.30372	1.04939	42.2628
1032	-0.00195978	2.30254	1.04735	42.2749
1033	-0.00330331	2.30133	1.04772	42.2871
1034	-0.0036474	2.30011	1.04643	42.2992
1035	-0.00341568	2.29889	1.04414	42.3112
1036	-0.00420641	2.29765	1.04364	42.3232
1037	-0.00476819	2.2964	1.04369	42.3352
1038	-0.00508643	2.29514	1.04443	42.3472
1039	-0.00520696	2.29387	1.04568	42.3593
1040	-0.0043957	2.29263	1.04687	42.3714
1041	-0.00426443	2.2914	1.04596	42.3835
1042	-0.003149	2.29021	1.04845	42.3956
1043	-0.00285584	2.28902	1.04931	42.4078
1044	-0.00308692	2.28783	1.04755	42.4199
1045	-0.00400069	2.28662	1.04818	42.432
1046	-0.00320371	2.28543	1.04817	42.4442
1047	-0.00251339	2.28426	1.04919	42.4563
1048	-0.00409194	2.28305	1.05146	42.4685
1049	-0.00504795	2.2818	1.05399	42.4808
1050	-0.00449274	2.28058	1.05471	42.4932
1051	-0.00514562	2.27934	1.05524	42.5055
1052	-0.00529709	2.27809	1.05198	42.5177
1053	-0.00663609	2.27681	1.04344	42.5297
1054	-0.0062724	2.27554	1.04143	42.5416
1055	-0.00746206	2.27423	1.04047	42.5535
1056	-0.00796478	2.27291	1.03673	42.5653
1057	-0.0100543	2.27153	1.03763	42.577
1058	-0.0105026	2.27014	1.03915	42.5889
1059	-0.0096254	2.26877	1.03995	42.6007
1060	-0.0091318	2.26742	1.03653	42.6125
1061	-0.00878096	2.26609	1.03471	42.6241
1062	-0.00857133	2.26476	1.03454	42.6358
1063	-0.00879287	2.26342	1.03281	42.6475
1064	-0.00889867	2.26209	1.03178	42.659
1065	-0.00980819	2.26073	1.02856	42.6705
1066	-0.0091802	2.25939	1.02817	42.682
1067	-0.00949512	2.25804	1.02978	42.6936
1068	-0.0078124	2.25675	1.02443	42.7049
1069	-0.00785397	2.25545	1.02624	42.7163
1070	-0.00850041	2.25414	1.02767	42.7278
1071	-0.00795999	2.25285	1.02576	42.7392
1072	-0.0061775	2.25161	1.02745	42.7506
1073	-0.00551273	2.2504	1.03016	42.7622
1074	-0.00685425	2.24914	1.03301	42.7738
1075	-0.00634352	2.2479	1.03402	42.7854
1076	-0.00377115	2.24675	1.03936	42.7972
1077	-0.0041216	2.24558	1.03564	42.8089
1078	-0.00476096	2.24439	1.03638	42.8206
1079	-0.00410994	2.24323	1.03737	42.8324
1080	-0.00417457	2.24207	1.03789	42.8441
1081	-0.0047607	2.24089	1.03956	42.8559
1082	-0.00423086	2.23972	1.03996	42.8678
1083	-0.00398055	2.23857	1.03611	42.8795
1084	-0.00299367	2.23745	1.03245	42.891
1085	-0.00278342	2.23634	1.0302	42.9025
1086	-0.00446059	2.23517	1.03023	42.9141
1087	-0.00466837	2.234	1.02954	42.9256
1088	-0.00473635	2.23284	1.02969	42.937
1089	-0.00369738	2.2317	1.03158	42.9486
1090	-0.00226536	2.23061	1.03373	42.9602
1091	-0.00274689	2.22951	1.03476	42.9718
1092	-0.00336915	2.22838	1.03483	42.9835
1093	-0.0040252	2.22725	1.03492	42.9951
1094	-0.00321988	2.22613	1.03641	43.0068
1095	-0.00279796	2.22503	1.03646	43.0185
1096	-0.00088487	2.22399	1.03387	43.0301
1097	-0.0013346	2.22294	1.03008	43.0416
1098	0.000196114	2.22194	1.02992	43.0531
1099	0.00199073	2.22099	1.03162	43.0646
1100	0.00172241	2.22003	1.03171	43.0762
1101	0.00102435	2.21905	1.03327	43.0877
1102	-0.000733283	2.21803	1.03692	43.0994
1103	-0.00184285	2.21697	1.03779	43.1111
1104	-0.00262108	2.21589	1.04013	43.1229
1105	-0.00231408	2.21482	1.04012	43.1347
1106	-0.00281893	2.21373	1.04044	43.1465
1107	-0.00267177	2.21265	1.04081	43.1583
1108	-0.00153115	2.21161	1.04304	43.1702
1109	-0.00208579	2.21055	1.0399	43.1819
1110	-0.000102916	2.20955	1.03826	43.1936
1111	0.000138833	2.20857	1.03416	43.2052
1112	0.000656362	2.20759	1.03438	43.2168
1113	0.000171487	2.20661	1.03387	43.2284
1114	-0.000954046	2.20559	1.035	43.24
1115	-0.0012682	2.20457	1.03593	43.2516
1116	-0.000949895	2.20355	1.03556	43.2633
1117	-0.00169305	2.20252	1.03758	43.2749
1118	-0.00283814	2.20145	1.04014	43.2867
1119	-0.00267522	2.20039	1.04008	43.2985
1120	-0.00309413	2.19931	1.03814	43.3101
1121	-0.00352791	2.19823	1.03512	43.3217
1122	-0.00546852	2.19709	1.03386	43.3333
1123	-0.00727527	2.19589	1.03605	43.3449
1124	-0.00841431	2.19467	1.03613	43.3566
1125	-0.00891801	2.19343	1.03607	43.3682
1126	-0.00881357	2.19219	1.03383	43.3797
1127	-0.00978342	2.19093	1.03298	43.3913
1128	-0.0107323	2.18964	1.03486	43.4028
1129	-0.0115798	2.18833	1.03389	43.4144
1130	-0.0123797	2.18699	1.03326	43.4259
1131	-0.0126449	2.18565	1.03388	43.4375
1132	-0.0123531	2.18432	1.03284	43.449
1133	-0.0116441	2.18301	1.03363	43.4605
1134	-0.0114935	2.18171	1.03388	43.4721
1135	-0.0112931	2.18042	1.03002	43.4835
1136	-0.0119027	2.17911	1.02855	43.4949
1137	-0.0123986	2.17778	1.03041	43.5063
1138	-0.0124482	2.17646	1.03161	43.5178
1139	-0.0126146	2.17513	1.03271	43.5293
1140	-0.0127875	2.1738	1.03116	43.5407
1141	-0.0116221	2.17251	1.03299	43.5522
1142	-0.0112296	2.17122	1.03364	43.5637
1143	-0.0116219	2.16993	1.03382	43.5753
1144	-0.0111379	2.16866	1.02688	43.5866
1145	-0.0117033	2.16736	1.02306	43.5978
1146	-0.0115822	2.16608	1.01864	43.6089
1147	-0.0105754	2.16482	1.01996	43.62
1148	-0.00976741	2.16359	1.01512	43.6309
1149	-0.0083379	2.16241	1.01488	43.6419
1150	-0.00758419	2.16125	1.01467	43.6528
1151	-0.00713056	2.1601	1.01547	43.6638
1152	-0.00699552	2.15896	1.0145	43.6748
1153	-0.00799292	2.15779	1.01513	43.6857
1154	-0.00861639	2.1566	1.0142	43.6966
1155	-0.00886656	2.15541	1.01592	43.7076
1156	-0.00970715	2.15419	1.01612	43.7186
1157	-0.00994633	2.15297	1.01584	43.7296
1158	-0.010774	2.15172	1.01355	43.7405
1159	-0.010617	2.15049	1.01057	43.7513
1160	-0.0103832	2.14926	1.00873	43.7621
1161	-0.0102373	2.14803	1.00906	43.7728
1162	-0.0104999	2.1468	1.00792	43.7836
1163	-0.0114352	2.14554	1.0065	43.7943
1164	-0.013281	2.14424	1.00948	43.805
1165	-0.0149043	2.14288	1.0127	43.8159
1166	-0.0153438	2.14151	1.01413	43.8268
1167	-0.0158956	2.14013	1.01483	43.8378
1168	-0.0152816	2.13877	1.01175	43.8486
1169	-0.0168609	2.13737	1.01348	43.8595
1170	-0.0164578	2.13597	1.01399	43.8704
1171	-0.0167475	2.13457	1.01353	43.8813
1172	-0.0169949	2.13317	1.0148	43.8922
1173	-0.0169431	2.13177	1.01423	43.9031
1174	-0.0183036	2.13032	1.01575	43.9141
1175	-0.01863	2.12888	1.01624	43.925
1176	-0.0182938	2.12744	1.01624	43.936
1177	-0.018579	2.126	1.01726	43.947
1178	-0.018853	2.12455	1.01854	43.958
1179	-0.0193916	2.12308	1.01949	43.9691
1180	-0.0192998	2.12162	1.01802	43.9801
1181	-0.022038	2.12009	1.0243	43.9913
1182	-0.0226335	2.11853	1.0268	44.0025
1183	-0.0231741	2.11696	1.02815	44.0138
1184	-0.0245749	2.11536	1.0299	44.0252
1185	-0.0250025	2.11374	1.03148	44.0365
1186	-0.0261394	2.11209	1.03374	44.048
1187	-0.0274047	2.11041	1.03457	44.0595
1188	-0.0265965	2.10875	1.03199	44.0709
1189	-0.0278857	2.10706	1.03343	44.0823
1190	-0.0289141	2.10534	1.03469	44.0938
1191	-0.0293165	2.10361	1.03252	44.1052
1192	-0.0290818	2.10188	1.0303	44.1165
1193	-0.0295259	2.10015	1.02919	44.1279
1194	-0.0294488	2.09842	1.02651	44.1391
1195	-0.0293452	2.09669	1.02756	44.1503
1196	-0.0293857	2.09497	1.02485	44.1615
1197	-0.0300154	2.09323	1.02631	44.1727
1198	-0.031674	2.09144	1.02846	44.184
1199	-0.0326877	2.08963	1.02989	44.1953
1200	-0.0332466	2.0878	1.03074	44.2067
1201	-0.0328328	2.08599	1.02946	44.218
1202	-0.0321566	2.08419	1.03063	44.2293
1203	-0.0317107	2.08241	1.02978	44.2406
1204	-0.0326373	2.08061	1.02885	44.2519
1205	-0.0335049	2.07878	1.02959	44.2632
1206	-0.0348876	2.07692	1.03031	44.2745
1207	-0.0355893	2.07504	1.0311	44.2859
1208	-0.0348309	2.07318	1.02957	44.2972
1209	-0.0337836	2.07135	1.02879	44.3084
1210	-0.0333616	2.06954	1.02855	44.3197
1211	-0.0338211	2.06771	1.0288	44.331
1212	-0.0335026	2.0659	1.02967	44.3423
1213	-0.0325987	2.06412	1.03198	44.3536
1214	-0.0317654	2.06236	1.03336	44.365
1215	-0.0311493	2.06062	1.03317	44.3764
1216	-0.0313596	2.05887	1.03341	44.3878
1217	-0.0321365	2.05711	1.03276	44.3991
1218	-0.0307598	2.05538	1.03496	44.4106
1219	-0.0312335	2.05365	1.03261	44.4219
1220	-0.0325127	2.05188	1.03247	44.4333
1221	-0.0322023	2.05012	1.03267	44.4447
1222	-0.0332418	2.04833	1.03172	44.456
1223	-0.0348856	2.0465	1.03363	44.4674
1224	-0.0358594	2.04464	1.03188	44.4787
1225	-0.0356146	2.04279	1.03149	44.49
1226	-0.0357142	2.04093	1.03129	44.5013
1227	-0.0359259	2.03908	1.0322	44.5127
1228	-0.0360727	2.03722	1.0329	44.524
1229	-0.0353097	2.03539	1.03185	44.5353
1230	-0.0342638	2.03359	1.03053	44.5466
1231	-0.0323254	2.03184	1.03179	44.5579
1232	-0.0329989	2.03008	1.03178	44.5693
1233	-0.0340606	2.02829	1.03299	44.5806
1234	-0.035091	2.02647	1.03558	44.592
1235	-0.0371593	2.02459	1.03955	44.6035
1236	-0.0363212	2.02274	1.03832	44.615
1237	-0.0374808	2.02086	1.03593	44.6265
1238	-0.037059	2.01899	1.03773	44.6379
1239	-0.0371054	2.01713	1.0386	44.6494
1240	-0.0376094	2.01525	1.03678	44.6609
1241	-0.0381598	2.01335	1.03895	44.6724
1242	-0.0373983	2.01148	1.03949	44.6839
1243	-0.0370686	2.00962	1.03957	44.6954
1244	-0.0364419	2.00779	1.04085	44.7069
1245	-0.0359417	2.00596	1.04206	44.7185
1246	-0.0356361	2.00415	1.04085	44.7301
1247	-0.0361313	2.00233	1.03996	44.7416
1248	-0.0366462	2.00049	1.03832	44.753
1249	-0.0371109	1.99864	1.03842	44.7645
1250	-0.0359061	1.99683	1.03806	44.776
1251	-0.0347229	1.99505	1.03607	44.7874
1252	-0.0346554	1.99327	1.03366	44.7987
1253	-0.0355157	1.99148	1.03052	44.8099
1254	-0.035494	1.98968	1.02912	44.8211
1255	-0.0361939	1.98787	1.02818	44.8323
1256	-0.0353829	1.98608	1.02757	44.8435
1257	-0.0358052	1.98428	1.02552	44.8545
1258	-0.0362804	1.98247	1.02529	44.8656
1259	-0.036295	1.98067	1.02523	44.8767
1260	-0.0351883	1.97889	1.027	44.8878
1261	-0.0339252	1.97715	1.02725	44.899
1262	-0.033462	1.97543	1.02821	44.9101
1263	-0.0326877	1.97373	1.02907	44.9213
1264	-0.0318136	1.97206	1.02949	44.9325
1265	-0.0312811	1.9704	1.02994	44.9437
1266	-0.0311411	1.96875	1.03012	44.9549
1267	-0.031202	1.96709	1.03007	44.9661
1268	-0.0312062	1.96544	1.02837	44.9772
1269	-0.0304535	1.96382	1.0255	44.9883
1270	-0.0283856	1.96225	1.02409	44.9993
1271	-0.0268389	1.96073	1.02426	45.0104
1272	-0.0266252	1.95921	1.02168	45.0213
1273	-0.0273835	1.95767	1.0221	45.0323
1274	-0.0280291	1.95612	1.0224	45.0433
1275	-0.0289439	1.95455	1.02462	45.0543
1276	-0.0278362	1.953	1.02552	45.0653
1277	-0.0290742	1.95143	1.02596	45.0764
1278	-0.0293593	1.94984	1.02559	45.0875
1279	-0.0294919	1.94826	1.02804	45.0986
1280	-0.0283564	1.94671	1.02997	45.1098
1281	-0.0265316	1.94521	1.03121	45.121
1282	-0.0252668	1.94374	1.03104	45.1322
1283	-0.0253608	1.94228	1.03093	45.1434
1284	-0.0253372	1.94082	1.03024	45.1545
1285	-0.0244587	1.93938	1.03123	45.1657
1286	-0.0252307	1.93793	1.03219	45.177
1287	-0.0257509	1.93646	1.03375	45.1882
1288	-0.0266979	1.93496	1.03493	45.1995
1289	-0.0255068	1.9335	1.03572	45.2108
1290	-0.0263078	1.93202	1.03596	45.2222
1291	-0.0254289	1.93057	1.03441	45.2334
1292	-0.0239993	1.92916	1.03521	45.2447
1293	-0.0227555	1.92778	1.03521	45.256
1294	-0.0230649	1.92639	1.03572	45.2673
1295	-0.0232214	1.92501	1.03599	45.2786
1296	-0.0225432	1.92364	1.03661	45.29
1297	-0.0222271	1.92228	1.03856	45.3014
1298	-0.0219341	1.92093	1.03762	45.3127
1299	-0.020785	1.91962	1.03792	45.3241
1300	-0.0215647	1.91828	1.03781	45.3354
1301	-0.0221177	1.91694	1.03935	45.3468
1302	-0.0231082	1.91556	1.04171	45.3583
1303	-0.023088	1.91419	1.04175	45.3697
1304	-0.0241152	1.91279	1.04311	45.3812
1305	-0.0239104	1.91139	1.04555	45.3928
1306	-0.0238847	1.91	1.04793	45.4044
1307	-0.0260381	1.90855	1.05207	45.4161
1308	-0.0276462	1.90706	1.05534	45.4279
1309	-0.0278502	1.90556	1.05582	45.4398
1310	-0.0278828	1.90407	1.0557	45.4516
1311	-0.0265916	1.90261	1.05643	45.4634
1312	-0.025742	1.90117	1.0553	45.4752
1313	-0.0262414	1.89973	1.05646	45.4871
1314	-0.0272264	1.89826	1.05239	45.4988
1315	-0.0271771	1.89679	1.0531	45.5106
1316	-0.0253524	1.89537	1.05576	45.5224
1317	-0.0250204	1.89396	1.05495	45.5342
1318	-0.0248372	1.89256	1.05483	45.5459
1319	-0.0248994	1.89116	1.05457	45.5577
1320	-0.0246162	1.88977	1.0528	45.5694
1321	-0.0250056	1.88836	1.05234	45.5811
1322	-0.0241654	1.88699	1.05303	45.5929
1323	-0.0245503	1.8856	1.05245	45.6046
1324	-0.023313	1.88425	1.05093	45.6162
1325	-0.0223191	1.88293	1.05332	45.6279
1326	-0.022141	1.88161	1.05428	45.6397
1327	-0.0218517	1.8803	1.05614	45.6515
1328	-0.0208303	1.87902	1.05795	45.6633
1329	-0.0200428	1.87777	1.05823	45.6752
1330	-0.0199396	1.87652	1.05878	45.687
1331	-0.0198966	1.87527	1.05689	45.6989
1332	-0.0189157	1.87405	1.05509	45.7106
1333	-0.018565	1.87284	1.05353	45.7223
1334	-0.0181283	1.87164	1.05332	45.734
1335	-0.0174625	1.87046	1.05503	45.7458
1336	-0.0186152	1.86925	1.05611	45.7575
1337	-0.0195128	1.86802	1.05401	45.7693
1338	-0.0191759	1.8668	1.05345	45.781
1339	-0.0191261	1.86558	1.05309	45.7926
1340	-0.0191545	1.86436	1.05186	45.8043
1341	-0.0187488	1.86316	1.0496	45.8159
1342	-0.017834	1.86198	1.04899	45.8274
1343	-0.0182952	1.86079	1.04599	45.8389
1344	-0.0192787	1.85957	1.04492	45.8504
1345	-0.0204886	1.85832	1.045	45.8618
1346	-0.0202062	1.85708	1.04578	45.8733
1347	-0.0197313	1.85586	1.04481	45.8847
1348	-0.0192803	1.85464	1.04346	45.8961
1349	-0.0198835	1.85342	1.04369	45.9075
1350	-0.0206052	1.85217	1.04574	45.919
1351	-0.0207789	1.85092	1.04446	45.9304
1352	-0.0211418	1.84966	1.04407	45.9418
1353	-0.0222398	1.84838	1.04539	45.9533
1354	-0.0222982	1.84709	1.04722	45.9648
1355	-0.0222516	1.8458	1.04742	45.9763
1356	-0.0222624	1.84452	1.04775	45.9878
1357	-0.0229349	1.84322	1.04909	45.9993
1358	-0.0217578	1.84195	1.05026	46.0109
1359	-0.0212253	1.8407	1.05111	46.0225
1360	-0.0215937	1.83944	1.05172	46.034
1361	-0.0210737	1.83819	1.05256	46.0457
1362	-0.0206962	1.83696	1.05246	46.0573
1363	-0.0215569	1.8357	1.05276	46.0689
1364	-0.0224912	1.83442	1.05256	46.0805
1365	-0.0214619	1.83317	1.05173	46.0921
1366	-0.020724	1.83194	1.0486	46.1036
1367	-0.0195769	1.83074	1.04609	46.115
1368	-0.0202079	1.82953	1.04577	46.1265
1369	-0.0213399	1.82828	1.04621	46.1379
1370	-0.0209098	1.82705	1.04742	46.1494
1371	-0.019554	1.82586	1.04933	46.1609
1372	-0.0196885	1.82466	1.05011	46.1724
1373	-0.0211823	1.82343	1.0525	46.184
1374	-0.0220873	1.82217	1.05337	46.1956
1375	-0.020919	1.82095	1.05352	46.2072
1376	-0.0212004	1.81971	1.05268	46.2188
1377	-0.0214842	1.81848	1.0522	46.2304
1378	-0.0210969	1.81725	1.05102	46.2419
1379	-0.0214974	1.81601	1.04995	46.2534
1380	-0.0220388	1.81476	1.04955	46.2649
1381	-0.0219794	1.81351	1.04969	46.2764
1382	-0.0212241	1.81229	1.04933	46.2879
1383	-0.0214662	1.81106	1.05061	46.2994
1384	-0.0215369	1.80983	1.05165	46.311
1385	-0.0200497	1.80863	1.05428	46.3226
1386	-0.0201635	1.80744	1.05454	46.3342
1387	-0.0197058	1.80626	1.05351	46.3458
1388	-0.0189929	1.8051	1.05274	46.3573
1389	-0.0202478	1.80391	1.05315	46.3689
1390	-0.0205103	1.80271	1.05266	46.3805
1391	-0.0212666	1.8015	1.05244	46.392
1392	-0.0213554	1.80028	1.05147	46.4035
1393	-0.0212032	1.79906	1.05099	46.415
1394	-0.0202484	1.79788	1.05274	46.4266
1395	-0.0193083	1.79672	1.05401	46.4382
1396	-0.0196891	1.79555	1.05422	46.4497
1397	-0.0207424	1.79435	1.05325	46.4613
1398	-0.0215419	1.79314	1.05424	46.4729
1399	-0.0223635	1.7919	1.05624	46.4845
1400	-0.0220656	1.79067	1.05735	46.4962
1401	-0.0226735	1.78943	1.05782	46.5078
1402	-0.0213156	1.78822	1.05731	46.5195
1403	-0.0207963	1.78703	1.05665	46.5311
1404	-0.0200641	1.78586	1.05184	46.5426
1405	-0.0214945	1.78465	1.04591	46.554
1406	-0.0219117	1.78343	1.04694	46.5653
1407	-0.0203617	1.78226	1.04889	46.5767
1408	-0.020043	1.78109	1.04678	46.5881
1409	-0.0201981	1.77992	1.04601	46.5994
1410	-0.0200152	1.77876	1.04476	46.6107
1411	-0.0206402	1.77758	1.04561	46.622
1412	-0.0217538	1.77637	1.04639	46.6334
1413	-0.0221907	1.77516	1.04608	46.6447
1414	-0.0231607	1.77391	1.04592	46.656
1415	-0.0226785	1.77268	1.04508	46.6673
1416	-0.0223952	1.77146	1.03975	46.6785
1417	-0.0205556	1.77029	1.03767	46.6896
1418	-0.0193375	1.76916	1.03729	46.7007
1419	-0.0203741	1.768	1.03479	46.7117
1420	-0.0210673	1.76681	1.03178	46.7226
1421	-0.0219665	1.76561	1.0298	46.7335
1422	-0.022614	1.76439	1.02905	46.7444
1423	-0.0224418	1.76318	1.02498	46.7551
1424	-0.0224502	1.76197	1.02265	46.7658
1425	-0.0218259	1.76077	1.02287	46.7765
1426	-0.0225579	1.75956	1.02174	46.7871
1427	-0.0230441	1.75833	1.02146	46.7978
1428	-0.0233464	1.7571	1.02181	46.8084
1429	-0.0231348	1.75587	1.02163	46.8191
1430	-0.0229552	1.75465	1.02162	46.8297
1431	-0.0226106	1.75344	1.02162	46.8404
1432	-0.0234929	1.75221	1.02002	46.851
1433	-0.023203	1.75099	1.01851	46.8615
1434	-0.0232915	1.74976	1.01852	46.8721
1435	-0.0236422	1.74853	1.01718	46.8826
1436	-0.0237671	1.7473	1.01768	46.8931
1437	-0.0240283	1.74606	1.01752	46.9037
1438	-0.0233399	1.74484	1.01511	46.9141
1439	-0.0233458	1.74361	1.01568	46.9246
1440	-0.0223736	1.74242	1.01517	46.9351
1441	-0.0226578	1.74122	1.01606	46.9456
1442	-0.0220603	1.74004	1.01202	46.9559
1443	-0.0233333	1.73882	1.01173	46.9663
1444	-0.0229084	1.73762	1.01086	46.9766
1445	-0.0231991	1.73641	1.01186	46.987
1446	-0.02202	1.73523	1.01275	46.9974
1447	-0.0211059	1.73407	1.01221	47.0078
1448	-0.0227303	1.73288	1.01278	47.0181
1449	-0.0231303	1.73168	1.01381	47.0285
1450	-0.0234844	1.73046	1.01431	47.039
1451	-0.0238172	1.72924	1.01544	47.0494
1452	-0.0237295	1.72803	1.01354	47.0598
1453	-0.0232393	1.72682	1.01267	47.0702
1454	-0.0235303	1.72561	1.01183	47.0805
1455	-0.0234148	1.72441	1.0136	47.0909
1456	-0.024285	1.72318	1.01568	47.1014
1457	-0.0244135	1.72195	1.01748	47.1119
1458	-0.0243362	1.72072	1.0183	47.1224
1459	-0.0249141	1.71948	1.01905	47.1329
1460	-0.0239862	1.71827	1.01965	47.1435
1461	-0.0249454	1.71703	1.01901	47.154
1462	-0.0254714	1.71577	1.01916	47.1645
1463	-0.0249748	1.71454	1.01909	47.175
1464	-0.0249904	1.7133	1.01839	47.1856
1465	-0.0245043	1.71208	1.01962	47.1961
1466	-0.0235091	1.71088	1.0185	47.2066
1467	-0.0224464	1.70971	1.01977	47.2171
1468	-0.0226429	1.70854	1.02173	47.2277
1469	-0.0220693	1.70738	1.02008	47.2383
1470	-0.02135	1.70625	1.02041	47.2488
1471	-0.0209235	1.70512	1.02214	47.2594
1472	-0.0200761	1.70402	1.0213	47.27
1473	-0.0202143	1.70292	1.02198	47.2805
1474	-0.0203703	1.70181	1.02283	47.2912
1475	-0.0199492	1.70071	1.02337	47.3018
1476	-0.020325	1.69961	1.02411	47.3124
1477	-0.0209803	1.69849	1.02303	47.323
1478	-0.0204903	1.69738	1.02417	47.3336
1479	-0.0197284	1.6963	1.02549	47.3443
1480	-0.0197658	1.69521	1.02738	47.355
1481	-0.0201426	1.69412	1.02871	47.3658
1482	-0.0196321	1.69304	1.02758	47.3765
1483	-0.0192125	1.69197	1.02789	47.3872
1484	-0.0194395	1.69089	1.02746	47.3979
1485	-0.0204089	1.68979	1.02883	47.4086
1486	-0.020192	1.6887	1.02821	47.4194
1487	-0.0187278	1.68765	1.02959	47.4301
1488	-0.0190824	1.68659	1.03058	47.4409
1489	-0.0199248	1.68551	1.03151	47.4517
1490	-0.0189391	1.68445	1.02681	47.4624
1491	-0.017771	1.68343	1.02659	47.473
1492	-0.0164064	1.68244	1.02914	47.4838
1493	-0.0153271	1.68148	1.03059	47.4946
1494	-0.0151309	1.68053	1.02972	47.5053
1495	-0.0147664	1.67959	1.02914	47.516
1496	-0.0138263	1.67867	1.03097	47.5268
1497	-0.0143268	1.67774	1.03232	47.5376
1498	-0.0142732	1.67681	1.03234	47.5484
1499	-0.0153023	1.67586	1.03096	47.5592
1500	-0.0147866	1.67492	1.03286	47.57
1501	-0.0159827	1.67395	1.03546	47.5809
1502	-0.0171739	1.67295	1.03725	47.5918
1503	-0.0180169	1.67193	1.03849	47.6028
1504	-0.018358	1.6709	1.03932	47.6137
1505	-0.0176163	1.66989	1.03921	47.6247
1506	-0.0179093	1.66888	1.03821	47.6357
1507	-0.0175884	1.66787	1.0377	47.6466
1508	-0.0191261	1.66683	1.03859	47.6575
1509	-0.0181535	1.66581	1.03819	47.6685
1510	-0.0173814	1.66481	1.03639	47.6793
1511	-0.0171304	1.66382	1.0345	47.6902
1512	-0.0176007	1.66282	1.03507	47.701
1513	-0.0186962	1.66179	1.03745	47.7119
1514	-0.0197901	1.66073	1.03951	47.7229
1515	-0.0195762	1.65968	1.04036	47.7339
1516	-0.0200731	1.65862	1.04146	47.7449
1517	-0.0211087	1.65753	1.04206	47.7559
1518	-0.021987	1.65642	1.04339	47.767
1519	-0.022744	1.65529	1.04464	47.778
1520	-0.0235078	1.65415	1.04622	47.7892
1521	-0.0222085	1.65304	1.04437	47.8002
1522	-0.0222773	1.65192	1.04235	47.8112
1523	-0.0222773	1.65081	1.0439	47.8223
1524	-0.0216128	1.64972	1.045	47.8334
1525	-0.0209679	1.64864	1.04749	47.8445
1526	-0.0210606	1.64756	1.04715	47.8556
1527	-0.0220317	1.64646	1.04574	47.8667
1528	-0.0215074	1.64537	1.04713	47.8779
1529	-0.0209507	1.6443	1.04762	47.889
1530	-0.0207371	1.64323	1.04688	47.9001
1531	-0.0208096	1.64216	1.04718	47.9112
1532	-0.0209955	1.64109	1.04603	47.9223
1533	-0.0205872	1.64003	1.04546	47.9334
1534	-0.020286	1.63898	1.046	47.9445
1535	-0.0208005	1.63792	1.04489	47.9555
1536	-0.0211778	1.63684	1.0455	47.9666
1537	-0.0206574	1.63579	1.0463	47.9777
1538	-0.0209296	1.63472	1.04467	47.9887
1539	-0.0208024	1.63366	1.04474	47.9998
1540	-0.0210705	1.63259	1.04348	48.0108
1541	-0.0211721	1.63153	1.04279	48.0218
1542	-0.0218592	1.63044	1.04051	48.0327
1543	-0.0224331	1.62934	1.0377	48.0435
1544	-0.0225046	1.62824	1.03913	48.0544
1545	-0.0228328	1.62714	1.03644	48.0652
1546	-0.0231467	1.62602	1.03707	48.0761
1547	-0.0220733	1.62494	1.03933	48.087
1548	-0.0223722	1.62384	1.04017	48.0979
1549	-0.0220233	1.62276	1.04047	48.1088
1550	-0.0236546	1.62164	1.04255	48.1197
1551	-0.0230483	1.62053	1.042	48.1307
1552	-0.022295	1.61944	1.04236	48.1416
1553	-0.0220542	1.61836	1.03966	48.1525
1554	-0.0227864	1.61727	1.03852	48.1634
1555	-0.0232917	1.61616	1.03715	48.1742
1556	-0.0232099	1.61505	1.03431	48.1849
1557	-0.02364	1.61393	1.0342	48.1957
1558	-0.024787	1.61279	1.03098	48.2063
1559	-0.0245521	1.61165	1.02883	48.2169
1560	-0.0239176	1.61053	1.02718	48.2275
1561	-0.0226637	1.60944	1.02596	48.238
1562	-0.0219425	1.60837	1.02792	48.2486
1563	-0.0227125	1.60728	1.02858	48.2591
1564	-0.0227006	1.6062	1.02892	48.2697
1565	-0.022364	1.60512	1.02788	48.2803
1566	-0.0208851	1.60408	1.02745	48.2908
1567	-0.0199153	1.60306	1.02911	48.3014
1568	-0.0193837	1.60207	1.02864	48.312
1569	-0.018644	1.60108	1.02896	48.3226
1570	-0.0191199	1.60009	1.02717	48.3331
1571	-0.0176669	1.59914	1.02914	48.3437
1572	-0.0179861	1.59818	1.0287	48.3543
1573	-0.0188352	1.5972	1.02912	48.3648
1574	-0.0191539	1.59621	1.02801	48.3754
1575	-0.018683	1.59523	1.02645	48.3859
1576	-0.0197941	1.59423	1.0261	48.3964
1577	-0.0204223	1.59321	1.02494	48.4069
1578	-0.0206477	1.59218	1.02376	48.4173
1579	-0.0202445	1.59117	1.02421	48.4277
1580	-0.0185364	1.5902	1.02777	48.4383
1581	-0.018689	1.58923	1.02963	48.4489
1582	-0.0186739	1.58826	1.02905	48.4594
1583	-0.0181312	1.5873	1.02843	48.47
1584	-0.01736	1.58637	1.02848	48.4805
1585	-0.0174348	1.58543	1.02941	48.4911
1586	-0.017151	1.5845	1.03071	48.5017
1587	-0.0168385	1.58358	1.03039	48.5122
1588	-0.0162303	1.58267	1.0312	48.5228
1589	-0.0159544	1.58177	1.0323	48.5335
1590	-0.0153085	1.58089	1.03358	48.5441
1591	-0.0160811	1.58	1.03307	48.5548
1592	-0.0162699	1.57909	1.03356	48.5654
1593	-0.0165602	1.57818	1.03083	48.576
1594	-0.0165729	1.57727	1.0268	48.5865
1595	-0.0162106	1.57637	1.02578	48.597
1596	-0.0163144	1.57547	1.02472	48.6074
1597	-0.0151597	1.5746	1.0241	48.6178
1598	-0.0145496	1.57374	1.02513	48.6282
1599	-0.0136511	1.57291	1.0266	48.6387
1600	-0.0142923	1.57206	1.0271	48.6492
1601	-0.0148229	1.5712	1.02586	48.6596
1602	-0.0146622	1.57035	1.02413	48.67
1603	-0.0145003	1.5695	1.0242	48.6804
1604	-0.0145763	1.56864	1.02327	48.6908
1605	-0.0149071	1.56778	1.02252	48.7011
1606	-0.0140082	1.56695	1.02295	48.7115
1607	-0.013999	1.56611	1.02339	48.7219
1608	-0.014232	1.56527	1.02177	48.7322
1609	-0.0139843	1.56443	1.02091	48.7425
1610	-0.0133809	1.56362	1.02107	48.7528
1611	-0.0131531	1.5628	1.02094	48.7631
1612	-0.0120721	1.56202	1.01622	48.7733
1613	-0.0115525	1.56125	1.01193	48.7834
1614	-0.0110708	1.56049	1.01212	48.7935
1615	-0.00940575	1.55977	1.0144	48.8036
1616	-0.00840026	1.55908	1.01538	48.8138
1617	-0.00895169	1.55838	1.01451	48.8239
1618	-0.00992094	1.55765	1.01626	48.8341
1619	-0.00879331	1.55695	1.01743	48.8443
1620	-0.00878582	1.55625	1.01599	48.8545
1621	-0.00913224	1.55555	1.01598	48.8646
1622	-0.00979261	1.55483	1.01577	48.8748
1623	-0.00981394	1.5541	1.01267	48.8849
1624	-0.00901039	1.5534	1.01289	48.895
1625	-0.00855689	1.55271	1.0125	48.905
1626	-0.00951072	1.552	1.01327	48.9151
1627	-0.0104082	1.55127	1.01228	48.9252
1628	-0.0106297	1.55053	1.01256	48.9353
1629	-0.0105829	1.54979	1.01149	48.9453
1630	-0.010694	1.54905	1.00935	48.9553
1631	-0.0113828	1.54829	1.00826	48.9652
1632	-0.0113969	1.54754	1.00769	48.9752
1633	-0.011402	1.54678	1.0062	48.9851
1634	-0.0111153	1.54603	1.00746	48.995
1635	-0.0102822	1.54531	1.00705	49.0049
1636	-0.0105188	1.54458	1.00578	49.0148
1637	-0.0102714	1.54385	1.00519	49.0247
1638	-0.0102318	1.54313	1.00198	49.0345
1639	-0.0104063	1.5424	1.00347	49.0443
1640	-0.00993098	1.54169	1.00435	49.0542
1641	-0.0110327	1.54094	1.00593	49.0641
1642	-0.0112774	1.5402	1.00541	49.0739
1643	-0.0106125	1.53947	1.00691	49.0838
1644	-0.00981034	1.53876	1.00786	49.0938
1645	-0.00956552	1.53806	1.00799	49.1037
1646	-0.00948093	1.53735	1.0092	49.1137
1647	-0.00968542	1.53665	1.01055	49.1237
1648	-0.00991792	1.53594	1.0115	49.1337
1649	-0.0100742	1.53523	1.01266	49.1437
1650	-0.00983757	1.53452	1.01312	49.1538
1651	-0.00896791	1.53384	1.01362	49.1638
1652	-0.00809315	1.53317	1.01488	49.1739
1653	-0.00725596	1.53253	1.01515	49.184
1654	-0.00747228	1.53188	1.01597	49.1941
1655	-0.00818281	1.53122	1.015	49.2042
1656	-0.0076417	1.53057	1.01558	49.2143
1657	-0.0082456	1.52991	1.01713	49.2244
1658	-0.00708606	1.52927	1.01934	49.2346
1659	-0.00640931	1.52866	1.01996	49.2448
1660	-0.00698837	1.52802	1.02057	49.2551
1661	-0.00738114	1.52738	1.02083	49.2653
1662	-0.00750449	1.52674	1.02126	49.2755
1663	-0.00710517	1.52611	1.01956	49.2857
1664	-0.00706837	1.52548	1.01711	49.2958
1665	-0.0063624	1.52486	1.01676	49.3059
1666	-0.00485782	1.52429	1.01767	49.3161
1667	-0.00470205	1.52372	1.01811	49.3262
1668	-0.00512228	1.52313	1.01779	49.3364
1669	-0.00487331	1.52256	1.01942	49.3465
1670	-0.00580961	1.52196	1.02125	49.3567
1671	-0.0051929	1.52138	1.0226	49.367
1672	-0.00506972	1.5208	1.02315	49.3773
1673	-0.0051235	1.52022	1.02231	49.3875
1674	-0.00473942	1.51965	1.02175	49.3977
1675	-0.00430568	1.51909	1.02153	49.4079
1676	-0.00377746	1.51855	1.0211	49.4181
1677	-0.00513995	1.51797	1.02242	49.4284
1678	-0.00627287	1.51737	1.024	49.4386
1679	-0.00689945	1.51675	1.02453	49.4489
1680	-0.0066586	1.51613	1.02611	49.4592
1681	-0.00688075	1.51552	1.0273	49.4696
1682	-0.0066925	1.5149	1.02882	49.48
1683	-0.00717507	1.51428	1.02947	49.4903
1684	-0.00682207	1.51366	1.02937	49.5007
1685	-0.00682026	1.51305	1.02892	49.5111
1686	-0.00786239	1.51241	1.0301	49.5215
1687	-0.0084058	1.51176	1.03117	49.532
1688	-0.00790142	1.51112	1.03286	49.5424
1689	-0.00826742	1.51047	1.03382	49.5529
1690	-0.00837285	1.50982	1.03206	49.5634
1691	-0.00821342	1.50917	1.03061	49.5738
1692	-0.00848186	1.50852	1.03016	49.5842
1693	-0.00869361	1.50787	1.02914	49.5945
1694	-0.00863939	1.50721	1.03048	49.6049
1695	-0.00957047	1.50653	1.03199	49.6154
1696	-0.0094899	1.50586	1.02924	49.6257
1697	-0.00999471	1.50517	1.02685	49.636
1698	-0.0104024	1.50448	1.02625	49.6463
1699	-0.0108539	1.50377	1.02617	49.6566
1700	-0.0112709	1.50306	1.02448	49.6668
1701	-0.0111264	1.50235	1.02109	49.677
1702	-0.0109329	1.50164	1.02136	49.6872
1703	-0.010156	1.50096	1.02372	49.6974
1704	-0.0103404	1.50027	1.02299	49.7076
1705	-0.0104539	1.49957	1.02229	49.7178
1706	-0.0103289	1.49888	1.02397	49.728
1707	-0.0111794	1.49818	1.02553	49.7382
1708	-0.0115462	1.49746	1.02456	49.7485
1709	-0.0122629	1.49672	1.02627	49.7587
1710	-0.0130634	1.49597	1.02834	49.7691
1711	-0.012697	1.49523	1.0296	49.7794
1712	-0.0123644	1.49449	1.02937	49.7898
1713	-0.011833	1.49377	1.03055	49.8001
1714	-0.0113798	1.49306	1.03215	49.8105
1715	-0.0112067	1.49236	1.03311	49.8209
1716	-0.0113583	1.49165	1.03447	49.8314
1717	-0.0106525	1.49096	1.03504	49.8419
1718	-0.0107352	1.49026	1.03575	49.8524
1719	-0.00957834	1.4896	1.0361	49.8628
1720	-0.00915711	1.48895	1.03583	49.8733
1721	-0.00837316	1.48831	1.03664	49.8838
1722	-0.00720636	1.48771	1.03836	49.8944
1723	-0.00687345	1.48711	1.0382	49.9049
1724	-0.00781072	1.48649	1.03885	49.9154
1725	-0.00761463	1.48588	1.03725	49.9259
1726	-0.0079905	1.48526	1.03789	49.9365
1727	-0.0077588	1.48464	1.03767	49.947
1728	-0.00754194	1.48403	1.0387	49.9575
1729	-0.00716785	1.48343	1.04045	49.9681
1730	-0.00816996	1.4828	1.04198	49.9787
1731	-0.0079056	1.48219	1.04026	49.9893
1732	-0.00762799	1.48158	1.04124	49.9999
1733	-0.0069287	1.48098	1.04331	50.0105
1734	-0.0076933	1.48037	1.04478	50.0212
1735	-0.00906428	1.47973	1.04812	50.0319
1736	-0.00920052	1.47908	1.04809	50.0427
1737	-0.00918518	1.47844	1.04917	50.0534
1738	-0.00817978	1.47781	1.05126	50.0642
1739	-0.00824147	1.47719	1.05072	50.075
1740	-0.00849995	1.47656	1.04958	50.0858
1741	-0.00890645	1.47593	1.04867	50.0966
1742	-0.00913788	1.47529	1.04993	50.1073
1743	-0.00937293	1.47464	1.05106	50.1181
1744	-0.00818559	1.47402	1.05262	50.129
1745	-0.00727829	1.47342	1.05432	50.1399
1746	-0.00734376	1.47283	1.05493	50.1507
1747	-0.00776421	1.47222	1.055	50.1616
1748	-0.00809737	1.47161	1.05583	50.1725
1749	-0.00773795	1.471	1.05592	50.1834
1750	-0.00771305	1.4704	1.0553	50.1943
1751	-0.00735511	1.4698	1.05501	50.2052
1752	-0.00698169	1.46922	1.05555	50.2161
1753	-0.00716324	1.46863	1.05525	50.227
1754	-0.00719511	1.46804	1.05486	50.2378
1755	-0.0071213	1.46745	1.0547	50.2487
1756	-0.0070787	1.46686	1.05529	50.2596
1757	-0.006793	1.46628	1.05625	50.2705
1758	-0.00782552	1.46568	1.05742	50.2814
1759	-0.00862939	1.46506	1.05857	50.2924
1760	-0.00817524	1.46445	1.05929	50.3033
1761	-0.00694186	1.46387	1.06133	50.3143
1762	-0.00726878	1.46328	1.06061	50.3253
1763	-0.00701505	1.4627	1.05958	50.3363
1764	-0.00717938	1.46211	1.05935	50.3472
1765	-0.00715125	1.46153	1.05983	50.3582
1766	-0.00691568	1.46095	1.0612	50.3692
1767	-0.00758151	1.46036	1.05914	50.3801
1768	-0.00774197	1.45976	1.05837	50.3911
1769	-0.00840525	1.45915	1.05905	50.402
1770	-0.00830553	1.45854	1.06051	50.413
1771	-0.00833788	1.45793	1.06112	50.4239
1772	-0.00911002	1.4573	1.06104	50.4349
1773	-0.00915737	1.45667	1.06039	50.4459
1774	-0.00848779	1.45606	1.05864	50.4568
1775	-0.00828169	1.45546	1.05981	50.4677
1776	-0.00841146	1.45485	1.06047	50.4787
1777	-0.00805766	1.45425	1.05979	50.4896
1778	-0.0087477	1.45363	1.05969	50.5006
1779	-0.00967042	1.453	1.05896	50.5115
1780	-0.00972383	1.45236	1.05947	50.5224
1781	-0.0094749	1.45173	1.06023	50.5333
1782	-0.00956677	1.45109	1.0592	50.5443
1783	-0.00919121	1.45047	1.05775	50.5551
1784	-0.00946065	1.44984	1.05566	50.566
1785	-0.00968607	1.4492	1.05483	50.5768
1786	-0.00941279	1.44858	1.05507	50.5876
1787	-0.00933147	1.44795	1.05488	50.5984
1788	-0.00992287	1.44731	1.05552	50.6092
1789	-0.0101563	1.44667	1.05462	50.62
1790	-0.00945854	1.44604	1.05638	50.6308
1791	-0.00930007	1.44542	1.05574	50.6416
1792	-0.0091844	1.4448	1.05367	50.6524
1793	-0.00876514	1.44419	1.05269	50.6631
1794	-0.00829763	1.44359	1.0534	50.6738
1795	-0.0082277	1.44299	1.0543	50.6846
1796	-0.0077499	1.44241	1.05245	50.6953
1797	-0.00779576	1.44182	1.05171	50.706
1798	-0.00862428	1.44122	1.05287	50.7168
1799	-0.00824705	1.44063	1.05329	50.7275
1800	-0.00806775	1.44004	1.05414	50.7383
1801	-0.00876013	1.43943	1.05289	50.749
1802	-0.00854646	1.43883	1.05179	50.7597
1803	-0.0083998	1.43823	1.05241	50.7704
1804	-0.00824451	1.43764	1.05317	50.7811
1805	-0.00785688	1.43706	1.05241	50.7918
1806	-0.00888939	1.43645	1.05287	50.8025
1807	-0.00940192	1.43583	1.05308	50.8133
1808	-0.00996704	1.4352	1.0525	50.824
1809	-0.0104915	1.43456	1.05258	50.8347
1810	-0.0106654	1.43391	1.05198	50.8453
1811	-0.0102243	1.43328	1.05252	50.856
1812	-0.0103513	1.43264	1.05178	50.8667
1813	-0.0112284	1.43198	1.05333	50.8774
1814	-0.011058	1.43133	1.0543	50.8881
1815	-0.0104789	1.43069	1.05336	50.8989
1816	-0.0113567	1.43003	1.0516	50.9095
1817	-0.0112197	1.42937	1.05146	50.9202
1818	-0.010783	1.42873	1.05194	50.9308
1819	-0.0113455	1.42807	1.05283	50.9415
1820	-0.0106209	1.42743	1.05253	50.9522
1821	-0.0105041	1.42679	1.05263	50.9629
1822	-0.0105688	1.42615	1.05082	50.9735
1823	-0.00981191	1.42553	1.04992	50.9841
1824	-0.00969453	1.42491	1.04839	50.9947
1825	-0.00878532	1.42432	1.04889	51.0053
1826	-0.00835081	1.42373	1.0489	51.0159
1827	-0.00875912	1.42314	1.04944	51.0264
1828	-0.00851336	1.42255	1.04949	51.037
1829	-0.00883852	1.42196	1.04821	51.0476
1830	-0.00940864	1.42135	1.04645	51.0581
1831	-0.00940159	1.42074	1.04584	51.0686
1832	-0.00987707	1.42012	1.04666	51.0791
1833	-0.00938752	1.41952	1.04775	51.0897
1834	-0.00938739	1.41891	1.04896	51.1002
1835	-0.00974674	1.4183	1.04717	51.1107
1836	-0.00989875	1.41768	1.04579	51.1212
1837	-0.0101458	1.41706	1.0456	51.1317
1838	-0.0102104	1.41644	1.04532	51.1422
1839	-0.00973169	1.41582	1.04592	51.1527
1840	-0.00976994	1.41521	1.04362	51.1631
1841	-0.00899614	1.41462	1.04407	51.1735
1842	-0.00928626	1.41402	1.04479	51.184
1843	-0.00962472	1.41341	1.04572	51.1945
1844	-0.00952313	1.41281	1.04649	51.205
1845	-0.00895534	1.41222	1.04774	51.2155
1846	-0.00913872	1.41162	1.04758	51.226
1847	-0.00871554	1.41104	1.04756	51.2365
1848	-0.00958351	1.41043	1.04957	51.247
1849	-0.00972764	1.40983	1.05163	51.2576
1850	-0.00991331	1.40921	1.05171	51.2682
1851	-0.00916759	1.40862	1.05251	51.2789
1852	-0.00974765	1.40801	1.05303	51.2895
1853	-0.00981623	1.40741	1.05363	51.3001
1854	-0.0100422	1.4068	1.05453	51.3108
1855	-0.0098019	1.40619	1.05296	51.3214
1856	-0.0107109	1.40556	1.05257	51.332
1857	-0.0108617	1.40493	1.05361	51.3426
1858	-0.0110608	1.4043	1.05462	51.3533
1859	-0.0109314	1.40367	1.05613	51.364
1860	-0.0115749	1.40302	1.05458	51.3746
1861	-0.0113543	1.40238	1.05533	51.3853
1862	-0.0115911	1.40174	1.05544	51.3959
1863	-0.0118865	1.40109	1.05569	51.4066
1864	-0.0125291	1.40042	1.05692	51.4173
1865	-0.0128216	1.39975	1.05749	51.428
1866	-0.0133568	1.39907	1.05702	51.4387
1867	-0.0139328	1.39837	1.05787	51.4494
1868	-0.0143626	1.39766	1.05831	51.4601
1869	-0.0143589	1.39696	1.05921	51.4708
1870	-0.0144652	1.39625	1.0592	51.4816
1871	-0.0145265	1.39554	1.05954	51.4923
1872	-0.0138209	1.39485	1.06121	51.5031
1873	-0.014406	1.39414	1.06238	51.5139
1874	-0.0139751	1.39345	1.06318	51.5247
1875	-0.0137047	1.39276	1.06442	51.5355
1876	-0.0133674	1.39208	1.06499	51.5464
1877	-0.0128195	1.39142	1.06454	51.5572
1878	-0.0127321	1.39075	1.06455	51.568
1879	-0.0138596	1.39006	1.06578	51.5789
1880	-0.0133322	1.38939	1.06581	51.5898
1881	-0.0125668	1.38873	1.0648	51.6006
1882	-0.0115827	1.38809	1.0639	51.6114
1883	-0.0103043	1.38749	1.06464	51.6223
1884	-0.00871602	1.38692	1.06557	51.6331
1885	-0.00801325	1.38637	1.06547	51.644
1886	-0.00757474	1.38583	1.06495	51.6548
1887	-0.00839773	1.38527	1.06583	51.6656
1888	-0.0086757	1.3847	1.06388	51.6764
1889	-0.00875257	1.38413	1.06233	51.6872
1890	-0.00845011	1.38357	1.06294	51.698
1891	-0.00831715	1.38302	1.06455	51.7088
1892	-0.00785919	1.38247	1.06465	51.7196
1893	-0.0086014	1.38191	1.06496	51.7304
1894	-0.00922271	1.38133	1.06481	51.7412
1895	-0.00911946	1.38076	1.0644	51.752
1896	-0.00936234	1.38018	1.06322	51.7628
1897	-0.00925821	1.3796	1.06216	51.7735
1898	-0.00988431	1.37901	1.0621	51.7843
1899	-0.00914016	1.37844	1.06009	51.795
1900	-0.00911538	1.37787	1.05978	51.8056
1901	-0.00929652	1.37729	1.05961	51.8163
1902	-0.0090724	1.37672	1.05882	51.827
1903	-0.00935709	1.37615	1.05908	51.8376
1904	-0.00946966	1.37557	1.05735	51.8483
1905	-0.00973705	1.37499	1.05718	51.8589
1906	-0.0103003	1.37439	1.05632	51.8695
1907	-0.0105764	1.37379	1.05557	51.88
1908	-0.0104915	1.37319	1.0555	51.8906
1909	-0.00920468	1.37262	1.05671	51.9012
1910	-0.00851359	1.37207	1.05749	51.9118
1911	-0.00866765	1.37151	1.058	51.9224
1912	-0.00832957	1.37096	1.05852	51.9331
1913	-0.00788728	1.37042	1.05716	51.9437
1914	-0.0066696	1.36991	1.05675	51.9542
1915	-0.00743587	1.36938	1.05731	51.9648
1916	-0.007624	1.36885	1.05647	51.9754
1917	-0.00796248	1.36831	1.0577	51.986
1918	-0.00842515	1.36777	1.05773	51.9966
1919	-0.00854687	1.36722	1.05725	52.0072
1920	-0.0083677	1.36667	1.05786	52.0178
1921	-0.00806785	1.36613	1.05871	52.0284
1922	-0.00746633	1.3656	1.06029	52.0391
1923	-0.00808642	1.36506	1.06145	52.0497
1924	-0.00826024	1.36452	1.06323	52.0604
1925	-0.00824272	1.36398	1.06426	52.0712
1926	-0.00794371	1.36345	1.06488	52.0819
1927	-0.00756387	1.36292	1.06177	52.0926
1928	-0.00772541	1.36239	1.06085	52.1033
1929	-0.00689523	1.36188	1.06196	52.1139
1930	-0.00702438	1.36137	1.06333	52.1246
1931	-0.00744117	1.36085	1.06356	52.1353
1932	-0.00690675	1.36034	1.0639	52.146
1933	-0.00638029	1.35984	1.06204	52.1567
1934	-0.00621455	1.35935	1.06132	52.1674
1935	-0.00586989	1.35887	1.06034	52.178
1936	-0.00696427	1.35836	1.06146	52.1886
1937	-0.00771257	1.35783	1.0625	52.1993
1938	-0.00820784	1.35729	1.06374	52.21
1939	-0.00768352	1.35677	1.06281	52.2207
1940	-0.00752311	1.35625	1.06186	52.2313
1941	-0.0074202	1.35573	1.06286	52.242
1942	-0.00741569	1.35522	1.06398	52.2527
1943	-0.00713198	1.35471	1.06402	52.2634
1944	-0.00721654	1.35419	1.06305	52.274
1945	-0.00648331	1.3537	1.06197	52.2847
1946	-0.00639532	1.35321	1.06245	52.2953
1947	-0.00708834	1.3527	1.06247	52.306
1948	-0.00847544	1.35216	1.0649	52.3167
1949	-0.0094515	1.3516	1.06545	52.3274
1950	-0.00862225	1.35106	1.06494	52.3381
1951	-0.00919339	1.3505	1.06491	52.3488
1952	-0.00992299	1.34993	1.06498	52.3595
1953	-0.0104826	1.34935	1.06413	52.3702
1954	-0.00994382	1.34878	1.06356	52.3808
1955	-0.00977446	1.34822	1.06177	52.3914
1956	-0.00968205	1.34765	1.05982	52.402
1957	-0.0103911	1.34707	1.05848	52.4125
1958	-0.0112758	1.34648	1.05699	52.423
1959	-0.0120554	1.34586	1.05595	52.4335
1960	-0.0122181	1.34524	1.05557	52.444
1961	-0.0115047	1.34464	1.05667	52.4545
1962	-0.0114793	1.34404	1.05435	52.4649
1963	-0.0111487	1.34344	1.05192	52.4753
1964	-0.0116666	1.34284	1.0528	52.4857
1965	-0.0109188	1.34225	1.05326	52.4961
1966	-0.011381	1.34165	1.05391	52.5065
1967	-0.01178	1.34105	1.0535	52.5169
1968	-0.0112834	1.34045	1.05265	52.5273
1969	-0.0118389	1.33985	1.05221	52.5377
1970	-0.0126263	1.33922	1.05321	52.5481
1971	-0.0126558	1.3386	1.05421	52.5585
1972	-0.0125421	1.33798	1.05438	52.5689
1973	-0.0128318	1.33735	1.05505	52.5793
1974	-0.0119614	1.33674	1.05387	52.5897
1975	-0.0124289	1.33612	1.0539	52.6001
1976	-0.0133243	1.33549	1.05443	52.6106
1977	-0.0127708	1.33486	1.05231	52.6209
1978	-0.0136122	1.33422	1.05071	52.6312
