#	<x>	stDevX	<E>	stDevE
0	1.5191	0	-0.714293	0
1	0.935941	1.22752	-0.470624	0.592459
2	0.573305	1.42758	-0.0728912	0.592937
3	0.656082	1.5954	0.485567	0.33439
4	0.459509	1.65758	0.543122	0.0916478
5	0.411403	1.69768	0.508451	0.104101
6	0.367227	1.72254	0.631301	0.318655
7	0.275112	1.71897	0.622696	0.507101
8	0.162985	1.68469	0.440766	0.620398
9	0.146639	1.65219	0.434113	0.722462
10	0.145602	1.6251	0.514689	0.840274
11	0.0499294	1.57618	0.49446	0.944507
12	0.0813617	1.54131	0.51055	1.04667
13	0.0929263	1.51359	0.546205	1.15226
14	0.0918183	1.48892	0.583587	1.26161
15	0.108361	1.47108	0.642208	1.37973
16	0.0253181	1.43591	0.727964	1.51244
17	0.00923788	1.39999	0.651847	1.62169
18	0.0617492	1.37855	0.626933	1.72087
19	0.0430561	1.35489	0.666424	1.82487
20	0.0456975	1.33363	0.705369	1.93333
21	0.0581557	1.31656	0.731966	2.0435
22	0.0506951	1.29929	0.727382	2.14898
23	0.0180317	1.27674	0.781908	2.26197
24	0.0140838	1.25479	0.795072	2.374
25	0.0262277	1.23645	0.827568	2.48891
26	0.0566499	1.22494	0.873452	2.60915
27	0.0371033	1.21058	0.895378	2.73005
28	0.0232649	1.19452	0.838651	2.83731
29	0.00405609	1.17587	0.849853	2.94383
30	0.0037315	1.15806	0.875901	3.05233
31	0.0202121	1.14393	0.875709	3.15819
32	0.0432302	1.13442	0.891353	3.26429
33	0.0272148	1.12273	0.865573	3.36365
34	0.0154567	1.10963	0.855118	3.45914
35	-0.0104025	1.09284	0.832444	3.54895
36	-0.000980646	1.07823	0.80136	3.63197
37	-0.0160876	1.06176	0.768587	3.7082
38	-0.0224509	1.04488	0.774546	3.78404
39	-0.0299777	1.02739	0.766187	3.85729
40	-0.0287659	1.01067	0.685156	3.91684
41	-0.0514619	0.991013	0.672918	3.97368
42	-0.0613994	0.970446	0.663277	4.02828
43	-0.0634622	0.950156	0.664416	4.08234
44	-0.0520603	0.932108	0.672484	4.13689
45	-0.0474179	0.915234	0.634373	4.1852
46	-0.0514862	0.898229	0.601431	4.22821
47	-0.0502329	0.88185	0.565154	4.2656
48	-0.0600346	0.864506	0.535464	4.29847
49	-0.0658189	0.846781	0.523611	4.32946
50	-0.0703688	0.828849	0.474499	4.35345
51	-0.0696209	0.811438	0.481318	4.37832
52	-0.0709788	0.794237	0.50077	4.40576
53	-0.092179	0.774562	0.513663	4.4348
54	-0.084499	0.75633	0.530957	4.46599
55	-0.0586457	0.741904	0.568278	4.50193
56	-0.062759	0.727245	0.576296	4.53863
57	-0.0753128	0.711256	0.571682	4.57444
58	-0.0924194	0.693378	0.581731	4.61128
59	-0.0998451	0.674892	0.593118	4.64928
60	-0.0931295	0.657604	0.60501	4.68848
61	-0.103303	0.639354	0.619483	4.72917
62	-0.111567	0.620398	0.602212	4.76737
63	-0.121734	0.600512	0.5966	4.80456
64	-0.125119	0.580548	0.532144	4.83354
65	-0.137394	0.559418	0.547318	4.86421
66	-0.141658	0.538115	0.556805	4.89584
67	-0.143883	0.516883	0.564033	4.92814
68	-0.138966	0.496572	0.5704	4.961
69	-0.135229	0.477017	0.55989	4.99239
70	-0.130905	0.458268	0.570231	5.02481
71	-0.117827	0.441331	0.579418	5.0581
72	-0.11958	0.42444	0.577531	5.09095
73	-0.114419	0.408391	0.546587	5.12002
74	-0.0945953	0.394847	0.552663	5.14962
75	-0.0886131	0.382178	0.572745	5.18135
76	-0.0983866	0.368582	0.564359	5.21194
77	-0.103642	0.354582	0.572276	5.24324
78	-0.0936739	0.341888	0.579929	5.27521
79	-0.0986193	0.328815	0.574612	5.3064
80	-0.0911886	0.316735	0.576564	5.33762
81	-0.0919295	0.304732	0.590604	5.3702
82	-0.0926161	0.292809	0.600275	5.40364
83	-0.0902057	0.281298	0.615841	5.43856
84	-0.094392	0.26948	0.625149	5.47426
85	-0.112	0.255921	0.64567	5.51194
86	-0.121285	0.241535	0.648568	5.54967
87	-0.113272	0.228168	0.662469	5.58863
88	-0.107805	0.215535	0.663303	5.62742
89	-0.0919065	0.204714	0.65849	5.66544
90	-0.0745527	0.195826	0.683149	5.7058
91	-0.0647592	0.188056	0.690994	5.74669
92	-0.0601218	0.180852	0.69219	5.78744
93	-0.0645137	0.17328	0.703235	5.82905
94	-0.0682931	0.165405	0.708662	5.87094
95	-0.078518	0.156579	0.716113	5.91332
96	-0.067261	0.148984	0.73014	5.95683
97	-0.0666192	0.141535	0.734358	6.00047
98	-0.0666337	0.134162	0.722633	6.04266
99	-0.0537345	0.12815	0.733455	6.08566
100	-0.0434018	0.123223	0.719657	6.12701
101	-0.0459662	0.118095	0.716626	6.16781
102	-0.0432566	0.113284	0.722377	6.20892
103	-0.0466166	0.108195	0.717513	6.24931
104	-0.061533	0.101707	0.713148	6.28903
105	-0.060283	0.095403	0.689701	6.32625
106	-0.0607095	0.0891189	0.682263	6.36255
107	-0.0577774	0.0831754	0.668868	6.39736
108	-0.0494223	0.0780845	0.668441	6.43196
109	-0.0508049	0.07291	0.666256	6.46616
110	-0.0556253	0.0673279	0.665655	6.50013
111	-0.0540795	0.0619422	0.660762	6.53346
112	-0.0468849	0.057279	0.672565	6.56774
113	-0.046561	0.0526878	0.683549	6.60286
114	-0.041934	0.0485669	0.678995	6.63739
115	-0.0355122	0.045076	0.677602	6.67161
116	-0.022946	0.0427723	0.696224	6.70737
117	-0.00791335	0.0418669	0.71271	6.74447
118	-0.00979396	0.040798	0.713672	6.78146
119	-0.00869446	0.0398388	0.719925	6.81882
120	0.00148608	0.0398097	0.730053	6.85692
121	0.0012259	0.0397581	0.74097	6.8958
122	-0.000518363	0.0395509	0.744558	6.9348
123	-0.00551929	0.0388988	0.74556	6.97369
124	0.00263527	0.0389789	0.754624	7.01319
125	0.0019424	0.0389975	0.760233	7.05299
126	-0.0038315	0.0385062	0.761572	7.0927
127	-0.00916697	0.0375496	0.762206	7.13227
128	-0.0117977	0.0363703	0.76225	7.17164
129	-0.00916414	0.0354305	0.764793	7.21103
130	-0.00552054	0.0348156	0.761127	7.24992
131	0.00382063	0.0350158	0.750535	7.28769
132	0.00920139	0.0356797	0.749971	7.32523
133	0.00429784	0.0359173	0.752994	7.36286
134	0.00974346	0.0366205	0.759917	7.40091
135	0.0112052	0.0374439	0.752247	7.43812
136	0.0124484	0.0383676	0.755177	7.4754
137	0.00832344	0.0389353	0.765178	7.51337
138	0.00721602	0.0394059	0.743134	7.54929
139	0.00340465	0.0395526	0.729246	7.58389
140	0.00805874	0.0400894	0.72475	7.61796
141	0.0166588	0.041342	0.718752	7.65138
142	0.0169094	0.0426073	0.709739	7.68392
143	0.0174431	0.0439087	0.706232	7.71602
144	0.0309883	0.0463226	0.720784	7.74921
145	0.0397665	0.0494446	0.734667	7.7834
146	0.0314883	0.0518656	0.736786	7.81763
147	0.0320622	0.0543178	0.732261	7.85134
148	0.0319125	0.0567421	0.733817	7.88504
149	0.0341364	0.0593318	0.727548	7.9181
150	0.0362285	0.0620748	0.731731	7.95136
151	0.0386144	0.0649933	0.732182	7.98453
152	0.0407959	0.0680694	0.736714	8.01793
153	0.0415063	0.0711832	0.743758	8.05176
154	0.0440095	0.0744782	0.748552	8.08585
155	0.0414182	0.0775462	0.748242	8.11977
156	0.049017	0.0811999	0.753998	8.15402
157	0.0558699	0.0853748	0.760537	8.18865
158	0.0566861	0.089589	0.755224	8.22273
159	0.0596581	0.094012	0.733716	8.25498
160	0.0536708	0.0979381	0.734612	8.28718
161	0.0566881	0.102077	0.732041	8.31906
162	0.0605596	0.106494	0.724897	8.35026
163	0.0612587	0.11094	0.724219	8.3813
164	0.0636763	0.115548	0.708671	8.41102
165	0.0672019	0.120401	0.702354	8.44015
166	0.0700782	0.125449	0.693803	8.46853
167	0.0655776	0.130122	0.700148	8.49729
168	0.0645338	0.134688	0.698251	8.52582
169	0.0678475	0.139482	0.69964	8.55435
170	0.0614494	0.143761	0.693927	8.58236
171	0.0639265	0.148205	0.691305	8.61008
172	0.0575253	0.15214	0.701245	8.63847
173	0.0579859	0.156088	0.707501	8.66723
174	0.0567353	0.15992	0.711575	8.69621
175	0.0692619	0.164674	0.712911	8.7252
176	0.0719972	0.169607	0.699344	8.75307
177	0.0747803	0.174722	0.704679	8.78126
178	0.0753113	0.179849	0.703377	8.80926
179	0.0780384	0.185152	0.698094	8.83678
180	0.0799901	0.190572	0.701721	8.86449
181	0.0816581	0.196087	0.701992	8.89213
182	0.0825964	0.201642	0.699377	8.91949
183	0.0772949	0.206779	0.686824	8.94585
184	0.0757627	0.211778	0.686529	8.97211
185	0.0834135	0.217311	0.6898	8.99853
186	0.0765585	0.222315	0.679817	9.02415
187	0.0686259	0.226718	0.689426	9.05039
188	0.0682361	0.231071	0.687976	9.07646
189	0.0624287	0.234983	0.689278	9.10254
190	0.0578288	0.238543	0.693789	9.12887
191	0.0545978	0.241855	0.694215	9.15516
192	0.0542227	0.245123	0.686888	9.18085
193	0.0611902	0.248876	0.687728	9.20653
194	0.0673099	0.253048	0.69844	9.23291
195	0.0702827	0.257412	0.701779	9.25944
196	0.0777914	0.26229	0.708086	9.28635
197	0.0749533	0.266943	0.70913	9.31326
198	0.0741262	0.271517	0.700936	9.33951
199	0.0695704	0.275747	0.694401	9.36523
200	0.071264	0.280078	0.68794	9.39042
201	0.0705525	0.284339	0.685855	9.41541
202	0.0749458	0.288889	0.681412	9.44001
203	0.0791453	0.293711	0.677711	9.46429
204	0.0853531	0.298944	0.687883	9.48922
205	0.08674	0.30425	0.677411	9.51335
206	0.0843059	0.309363	0.670936	9.53698
207	0.0868467	0.314629	0.669016	9.56041
208	0.0832094	0.319621	0.666738	9.58363
209	0.079804	0.324357	0.660768	9.60639
210	0.0790289	0.329019	0.646931	9.62813
211	0.0813696	0.333821	0.641534	9.64946
212	0.0845052	0.338817	0.636271	9.67039
213	0.0837481	0.343739	0.629214	9.69078
214	0.0782251	0.348265	0.633899	9.71146
215	0.0749738	0.352551	0.62715	9.73163
216	0.0767029	0.356937	0.629054	9.75189
217	0.0712637	0.360936	0.632798	9.77236
218	0.0683427	0.364723	0.634458	9.7929
219	0.0602301	0.367948	0.634231	9.81338
220	0.0605535	0.371183	0.632511	9.83371
221	0.0605083	0.374401	0.637071	9.8543
222	0.0599033	0.377567	0.638443	9.87493
223	0.0605712	0.380765	0.639704	9.89561
224	0.0560821	0.383653	0.643949	9.91653
225	0.0586776	0.386701	0.641552	9.93725
226	0.0571921	0.38964	0.635211	9.9575
227	0.0579569	0.392618	0.636107	9.97777
228	0.0511511	0.395136	0.644833	9.99857
229	0.0512225	0.39765	0.637836	10.0189
230	0.0526681	0.40025	0.639904	10.0393
231	0.0538452	0.402918	0.635208	10.0593
232	0.0536796	0.405565	0.638618	10.0795
233	0.0531894	0.408171	0.63609	10.0996
234	0.049947	0.410557	0.638763	10.1197
235	0.0533528	0.413155	0.634549	10.1396
236	0.0518356	0.415646	0.637481	10.1596
237	0.0531582	0.418214	0.633612	10.1793
238	0.0575674	0.421058	0.635625	10.1991
239	0.058641	0.423961	0.639324	10.2191
240	0.0565874	0.426722	0.644099	10.2394
241	0.0541015	0.429314	0.64748	10.2598
242	0.055155	0.431964	0.648156	10.2803
243	0.0567596	0.434708	0.647344	10.3006
244	0.0537989	0.437253	0.649559	10.3211
245	0.0554666	0.439896	0.651282	10.3416
246	0.0542242	0.442452	0.649412	10.362
247	0.054697	0.445029	0.650634	10.3824
248	0.0587924	0.447856	0.647049	10.4025
249	0.0573018	0.45058	0.650477	10.4228
250	0.0589283	0.453397	0.651558	10.4432
251	0.0624589	0.456427	0.654926	10.4637
252	0.0643779	0.459567	0.65258	10.484
253	0.0621025	0.462554	0.652866	10.5043
254	0.0644809	0.46568	0.65431	10.5247
255	0.0675122	0.468984	0.660025	10.5453
256	0.0664604	0.472212	0.664431	10.5663
257	0.0671002	0.475469	0.659226	10.5868
258	0.0661243	0.478655	0.647174	10.6066
259	0.067263	0.4819	0.645602	10.6262
260	0.0709424	0.485363	0.638878	10.6454
261	0.0708015	0.488805	0.6381	10.6644
262	0.0729233	0.492366	0.634957	10.6833
263	0.0723236	0.495879	0.635044	10.7021
264	0.0723215	0.499381	0.638056	10.7211
265	0.0720053	0.502851	0.636748	10.74
266	0.0745064	0.506463	0.641337	10.7591
267	0.0736172	0.51001	0.645852	10.7785
268	0.0692865	0.513281	0.644944	10.7978
269	0.0666474	0.516382	0.646368	10.8171
270	0.0643919	0.519336	0.649727	10.8366
271	0.0641451	0.522266	0.651262	10.8561
272	0.0673914	0.525383	0.654172	10.8758
273	0.0666702	0.528448	0.656269	10.8956
274	0.0700695	0.531707	0.657906	10.9154
275	0.0686428	0.534871	0.656639	10.9352
276	0.0695644	0.53808	0.658764	10.955
277	0.0684	0.54121	0.65793	10.9747
278	0.0687115	0.544349	0.65765	10.9944
279	0.071265	0.547631	0.660042	11.0142
280	0.0709506	0.550884	0.660266	11.034
281	0.0693387	0.554032	0.665096	11.054
282	0.0693639	0.557171	0.660345	11.0737
283	0.0710837	0.560404	0.660236	11.0934
284	0.0725367	0.563712	0.661472	11.1131
285	0.0763568	0.567236	0.659974	11.1327
286	0.0812027	0.571036	0.666322	11.1526
287	0.0846421	0.575026	0.669372	11.1727
288	0.083284	0.578924	0.672075	11.1928
289	0.081939	0.582732	0.671353	11.2129
290	0.0821102	0.586538	0.672458	11.2331
291	0.078613	0.590129	0.674445	11.2533
292	0.0775172	0.593646	0.67543	11.2735
293	0.081066	0.597358	0.676816	11.2938
294	0.0841019	0.601237	0.679181	11.3142
295	0.0858906	0.605208	0.679564	11.3346
296	0.0822527	0.608956	0.683135	11.3551
297	0.0803531	0.612584	0.68484	11.3757
298	0.0787328	0.616108	0.684341	11.3962
299	0.0770031	0.619522	0.687954	11.417
300	0.0792786	0.623057	0.68797	11.4376
301	0.0769684	0.62645	0.681736	11.4579
302	0.0776449	0.629872	0.681903	11.4781
303	0.0796109	0.633397	0.684051	11.4985
304	0.0773933	0.636786	0.686553	11.5189
305	0.077075	0.640147	0.680669	11.539
306	0.0748816	0.643373	0.682936	11.5592
307	0.0719862	0.646427	0.684324	11.5794
308	0.0720295	0.649474	0.685943	11.5996
309	0.0734766	0.652596	0.683465	11.6197
310	0.0752809	0.655811	0.688966	11.6401
311	0.0743791	0.658967	0.690558	11.6605
312	0.0766245	0.662241	0.695181	11.6812
313	0.0745948	0.665391	0.691581	11.7016
314	0.0755401	0.668587	0.688681	11.7218
315	0.0749351	0.671741	0.688573	11.742
316	0.0774141	0.675025	0.691082	11.7622
317	0.0790642	0.678393	0.685371	11.7822
318	0.0751838	0.681535	0.684093	11.802
319	0.0744412	0.684627	0.684458	11.8218
320	0.073943	0.687684	0.679179	11.8413
321	0.0772059	0.690915	0.681392	11.8608
322	0.0802791	0.694307	0.686489	11.8807
323	0.0803107	0.697693	0.685365	11.9004
324	0.0823198	0.701182	0.684279	11.92
325	0.080808	0.704577	0.686824	11.9398
326	0.0784181	0.707832	0.686114	11.9594
327	0.0717401	0.710711	0.685233	11.979
328	0.0730748	0.713656	0.686112	11.9986
329	0.0735149	0.716618	0.688293	12.0183
330	0.0688288	0.719315	0.692186	12.0382
331	0.0679734	0.721959	0.689275	12.0579
332	0.0676127	0.724577	0.692639	12.0777
333	0.067801	0.727199	0.690638	12.0974
334	0.0704674	0.729961	0.693625	12.1172
335	0.0720205	0.7328	0.693611	12.137
336	0.0708889	0.735571	0.692314	12.1567
337	0.0730665	0.738454	0.692624	12.1764
338	0.0713089	0.741234	0.689799	12.1959
339	0.07088	0.743985	0.690259	12.2154
340	0.0728585	0.746836	0.692059	12.2349
341	0.0748135	0.749787	0.696128	12.2547
342	0.0730289	0.752633	0.694103	12.2743
343	0.0694624	0.755282	0.693687	12.2938
344	0.0701748	0.757962	0.689145	12.3131
345	0.0721971	0.760745	0.693179	12.3325
346	0.073212	0.763576	0.695128	12.3521
347	0.0736942	0.766426	0.693699	12.3715
348	0.0721721	0.769188	0.689936	12.3907
349	0.0740466	0.772043	0.692296	12.41
350	0.0736323	0.774871	0.696179	12.4294
351	0.0756898	0.777801	0.699858	12.4491
352	0.0747301	0.780673	0.703789	12.4689
353	0.0734915	0.783474	0.703591	12.4886
354	0.0711968	0.786146	0.700614	12.5082
355	0.0745509	0.78899	0.698716	12.5277
356	0.071133	0.791646	0.700189	12.5472
357	0.0702852	0.794253	0.698051	12.5665
358	0.0719613	0.796941	0.697628	12.5858
359	0.0730703	0.799683	0.698179	12.6051
360	0.0726325	0.802395	0.698569	12.6244
361	0.0704123	0.804985	0.702527	12.6439
362	0.070667	0.807582	0.704516	12.6634
363	0.0719244	0.81024	0.70801	12.6831
364	0.072635	0.812929	0.708384	12.7028
365	0.0703132	0.815491	0.711373	12.7226
366	0.0669509	0.817872	0.714372	12.7426
367	0.0671069	0.820257	0.717678	12.7627
368	0.0682612	0.822696	0.719244	12.7828
369	0.0688676	0.825162	0.719614	12.8029
370	0.0684214	0.8276	0.716301	12.8228
371	0.0691737	0.830071	0.716442	12.8427
372	0.0652374	0.832334	0.716684	12.8626
373	0.0650265	0.834582	0.715913	12.8824
374	0.0631571	0.836728	0.712641	12.902
375	0.0613655	0.838778	0.711529	12.9216
376	0.0643178	0.840976	0.715382	12.9412
377	0.0641708	0.843162	0.716036	12.9609
378	0.0645864	0.845365	0.715149	12.9806
379	0.0632574	0.847496	0.710816	12.9999
380	0.0635546	0.849637	0.702096	13.0188
381	0.0628654	0.85174	0.703471	13.0378
382	0.0651444	0.853954	0.705587	13.0568
383	0.0671167	0.856265	0.707012	13.0759
384	0.0682424	0.858629	0.706326	13.0949
385	0.0643471	0.86079	0.710312	13.114
386	0.0651735	0.862989	0.708911	13.1331
387	0.065411	0.865195	0.709927	13.1522
388	0.0636088	0.867306	0.709863	13.1713
389	0.0604819	0.869255	0.71038	13.1904
390	0.0602635	0.871189	0.707502	13.2093
391	0.0596272	0.873088	0.710018	13.2283
392	0.0609337	0.875049	0.704501	13.247
393	0.0633762	0.87713	0.708447	13.2658
394	0.0630263	0.879189	0.70902	13.2847
395	0.062038	0.881194	0.709091	13.3035
396	0.0615529	0.883172	0.710483	13.3224
397	0.0628949	0.885213	0.710645	13.3413
398	0.0634794	0.88728	0.71244	13.3602
399	0.0625612	0.889297	0.713828	13.3792
400	0.0620709	0.891286	0.714816	13.3982
401	0.0597699	0.893157	0.718126	13.4174
402	0.0590493	0.894989	0.716532	13.4364
403	0.0626918	0.896998	0.719731	13.4556
404	0.0602554	0.898883	0.720794	13.4747
405	0.0582479	0.900666	0.722767	13.494
406	0.0586717	0.902466	0.722493	13.5132
407	0.0577265	0.904216	0.721937	13.5324
408	0.0553559	0.905847	0.721211	13.5515
409	0.0574388	0.907577	0.722226	13.5706
410	0.0614509	0.909503	0.720135	13.5896
411	0.0610747	0.911406	0.716197	13.6084
412	0.0616752	0.913336	0.71012	13.6269
413	0.057947	0.915079	0.712661	13.6454
414	0.0562052	0.916735	0.711433	13.6639
415	0.0551962	0.918338	0.71088	13.6823
416	0.0523434	0.919799	0.714012	13.7009
417	0.0504785	0.921167	0.716032	13.7195
418	0.0528526	0.922648	0.719872	13.7383
419	0.0531499	0.924142	0.722038	13.7571
420	0.0548438	0.925716	0.717642	13.7757
421	0.0522638	0.927163	0.717446	13.7943
422	0.0506619	0.928529	0.717191	13.8129
423	0.0487528	0.929801	0.71896	13.8315
424	0.0479155	0.93103	0.717512	13.85
425	0.048205	0.932272	0.716435	13.8685
426	0.0476597	0.933486	0.717401	13.8869
427	0.0457857	0.934608	0.719712	13.9055
428	0.0450558	0.935694	0.722151	13.9241
429	0.0468212	0.936863	0.719154	13.9426
430	0.0462321	0.938002	0.713051	13.9608
431	0.0450914	0.939085	0.705811	13.9786
432	0.0463504	0.940228	0.705298	13.9963
433	0.0442691	0.941269	0.703381	14.0139
434	0.0431545	0.942256	0.705208	14.0316
435	0.0400535	0.943093	0.708341	14.0494
436	0.0408787	0.943969	0.707577	14.0672
437	0.0416686	0.944882	0.708661	14.085
438	0.0402545	0.945727	0.707412	14.1027
439	0.0398398	0.946551	0.707433	14.1204
440	0.0391657	0.947343	0.70896	14.1381
441	0.0397572	0.948162	0.711617	14.156
442	0.0405411	0.949017	0.712789	14.1739
443	0.0391626	0.949807	0.712396	14.1917
444	0.0370683	0.950497	0.709686	14.2094
445	0.0378754	0.951224	0.708458	14.227
446	0.0353932	0.951834	0.710177	14.2447
447	0.0356926	0.952458	0.710548	14.2623
448	0.0368897	0.953138	0.713104	14.2801
449	0.0376859	0.953856	0.710393	14.2977
450	0.0391397	0.954641	0.709781	14.3152
451	0.0411685	0.955521	0.710601	14.3328
452	0.0434027	0.956505	0.712497	14.3505
453	0.0437048	0.957502	0.713598	14.3681
454	0.0430845	0.958469	0.712615	14.3858
455	0.0446393	0.959508	0.715581	14.4035
456	0.0431688	0.960477	0.717308	14.4213
457	0.0447213	0.961518	0.719596	14.4391
458	0.0450338	0.962572	0.72186	14.4571
459	0.0451565	0.963631	0.722106	14.475
460	0.0440575	0.964637	0.723299	14.493
461	0.0443822	0.965657	0.722898	14.5109
462	0.0424816	0.966588	0.723688	14.5289
463	0.0443437	0.967605	0.724803	14.5469
464	0.0442175	0.968614	0.720621	14.5646
465	0.0445435	0.969638	0.71847	14.5823
466	0.047333	0.970789	0.721802	14.6001
467	0.0454785	0.971854	0.721966	14.6178
468	0.0411071	0.972716	0.726726	14.6358
469	0.0379085	0.973429	0.725603	14.6537
470	0.0381669	0.974154	0.722174	14.6714
471	0.0376431	0.974855	0.715955	14.6888
472	0.0387936	0.975608	0.715648	14.7062
473	0.0378668	0.976318	0.717626	14.7236
474	0.0373615	0.977004	0.716778	14.741
475	0.0387326	0.977753	0.712157	14.7581
476	0.0386112	0.978496	0.71464	14.7754
477	0.0364177	0.979138	0.71535	14.7926
478	0.037059	0.979809	0.715205	14.8098
479	0.0363821	0.980449	0.714012	14.827
480	0.0360264	0.981072	0.708147	14.8439
481	0.034454	0.981624	0.703728	14.8605
482	0.0361291	0.982251	0.701744	14.8771
483	0.0372422	0.982929	0.700566	14.8935
484	0.0354832	0.983527	0.699739	14.9099
485	0.0356872	0.984134	0.698272	14.9263
486	0.0336968	0.98465	0.700366	14.9427
487	0.0349802	0.985225	0.702383	14.9591
488	0.03577	0.985835	0.70206	14.9756
489	0.0355	0.986433	0.701941	14.992
490	0.0351841	0.987016	0.703358	15.0085
491	0.0349426	0.987588	0.701323	15.0248
492	0.0362334	0.988218	0.701797	15.0412
493	0.0383637	0.988944	0.703844	15.0576
494	0.0383351	0.989668	0.703847	15.074
495	0.0370988	0.990336	0.705627	15.0905
496	0.0360712	0.990957	0.705285	15.107
497	0.0345476	0.99151	0.705024	15.1234
498	0.0381537	0.992225	0.702618	15.1397
499	0.0398673	0.993015	0.698022	15.1557
500	0.0401877	0.993819	0.694316	15.1716
501	0.041523	0.994682	0.694386	15.1875
502	0.0422214	0.995576	0.694634	15.2034
503	0.0416629	0.996443	0.695112	15.2192
504	0.0426313	0.997353	0.696821	15.2352
505	0.0426571	0.998264	0.697987	15.2511
506	0.0434143	0.999207	0.700099	15.2672
507	0.0438609	1.00017	0.698688	15.2831
508	0.0428282	1.00108	0.698543	15.2991
509	0.0420225	1.00196	0.698179	15.315
510	0.0395097	1.00273	0.70058	15.331
511	0.0396518	1.0035	0.702971	15.3471
512	0.0407919	1.00433	0.702428	15.3631
513	0.0409657	1.00516	0.701366	15.3791
514	0.0419349	1.00603	0.700099	15.395
515	0.0410258	1.00686	0.701579	15.411
516	0.0394505	1.00762	0.703615	15.427
517	0.0380562	1.00832	0.704122	15.443
518	0.0377093	1.009	0.702564	15.459
519	0.0369268	1.00965	0.701786	15.4749
520	0.0374057	1.01032	0.701778	15.4908
521	0.0378882	1.01101	0.7018	15.5067
522	0.0394663	1.01177	0.702771	15.5226
523	0.0386979	1.0125	0.702726	15.5384
524	0.037771	1.01318	0.700163	15.5542
525	0.0374194	1.01385	0.700857	15.57
526	0.0343473	1.01438	0.704469	15.5859
527	0.0367222	1.01502	0.702244	15.6017
528	0.0395074	1.01578	0.702528	15.6174
529	0.0384396	1.01649	0.704426	15.6333
530	0.0379373	1.01718	0.706651	15.6492
531	0.0388479	1.01791	0.706518	15.6652
532	0.0381016	1.0186	0.706817	15.6811
533	0.0390147	1.01933	0.704321	15.6969
534	0.0379487	1.02002	0.70302	15.7126
535	0.039204	1.02076	0.704395	15.7283
536	0.0389591	1.02149	0.701943	15.744
537	0.0401495	1.02228	0.705007	15.7597
538	0.0383922	1.02298	0.706444	15.7755
539	0.0371703	1.02363	0.706595	15.7913
540	0.0369966	1.02428	0.706934	15.8071
541	0.0359616	1.02488	0.703414	15.8227
542	0.0376707	1.02555	0.699042	15.8382
543	0.0367357	1.02618	0.696883	15.8535
544	0.0386943	1.0269	0.698896	15.8689
545	0.0380881	1.02759	0.697302	15.8842
546	0.0367426	1.02822	0.695679	15.8994
547	0.0371914	1.02887	0.697624	15.9147
548	0.0371746	1.02952	0.698577	15.93
549	0.0354617	1.0301	0.69842	15.9453
550	0.0362222	1.0307	0.697748	15.9605
551	0.0339833	1.03122	0.697125	15.9757
552	0.0344776	1.03175	0.697051	15.9909
553	0.0357612	1.03234	0.697118	16.0061
554	0.034802	1.03289	0.694306	16.0211
555	0.0332675	1.03337	0.695979	16.0362
556	0.0331752	1.03385	0.695853	16.0513
557	0.0332181	1.03433	0.694105	16.0663
558	0.030527	1.03469	0.696251	16.0814
559	0.030059	1.03504	0.695666	16.0964
560	0.030201	1.03539	0.694579	16.1114
561	0.0285708	1.03567	0.692989	16.1263
562	0.0253884	1.03583	0.694557	16.1412
563	0.0254619	1.03598	0.693268	16.1561
564	0.0240749	1.03608	0.691439	16.1709
565	0.0224509	1.0361	0.688057	16.1855
566	0.0210816	1.03608	0.688797	16.2002
567	0.0226483	1.03612	0.691547	16.2149
568	0.0233116	1.03618	0.693071	16.2297
569	0.0243525	1.03629	0.693435	16.2445
570	0.0275617	1.03654	0.698464	16.2595
571	0.0258548	1.03672	0.699238	16.2745
572	0.0221884	1.03674	0.699954	16.2896
573	0.0225244	1.03678	0.700942	16.3046
574	0.021931	1.03679	0.698963	16.3196
575	0.0210256	1.03677	0.700158	16.3346
576	0.0220217	1.03678	0.700113	16.3496
577	0.0208306	1.03675	0.701997	16.3646
578	0.0210371	1.03673	0.702859	16.3797
579	0.0194195	1.03665	0.700416	16.3946
580	0.0208257	1.03662	0.702275	16.4097
581	0.0199055	1.03655	0.701699	16.4246
582	0.0198576	1.03649	0.700553	16.4396
583	0.017746	1.03633	0.700957	16.4545
584	0.0178519	1.03619	0.7006	16.4694
585	0.0178385	1.03604	0.70175	16.4843
586	0.0178487	1.0359	0.701616	16.4992
587	0.0168058	1.03571	0.702009	16.5141
588	0.0157225	1.03548	0.703988	16.5291
589	0.0143814	1.03519	0.704319	16.5441
590	0.0144746	1.03491	0.704408	16.5591
591	0.0131116	1.03458	0.705599	16.5741
592	0.0129435	1.03424	0.702355	16.5889
593	0.0162253	1.03403	0.704932	16.6039
594	0.0152008	1.03379	0.705454	16.6189
595	0.0154553	1.03356	0.707412	16.6339
596	0.0157229	1.03333	0.709299	16.649
597	0.0134603	1.03302	0.70802	16.664
598	0.0126135	1.03267	0.706014	16.6789
599	0.0120785	1.03231	0.705176	16.6938
600	0.0114797	1.03192	0.704647	16.7087
601	0.0108055	1.0315	0.70603	16.7236
602	0.0117451	1.03113	0.706991	16.7385
603	0.0129891	1.0308	0.708207	16.7534
604	0.0132095	1.03049	0.708381	16.7684
605	0.0146793	1.03023	0.70938	16.7834
606	0.0154235	1.03001	0.709093	16.7983
607	0.0159564	1.02981	0.709423	16.8133
608	0.016396	1.02963	0.710588	16.8282
609	0.0161541	1.02944	0.711175	16.8432
610	0.0146986	1.02919	0.710323	16.8582
611	0.0137277	1.02891	0.709478	16.8731
612	0.0127361	1.02859	0.710421	16.888
613	0.0126923	1.02826	0.709878	16.9029
614	0.0134904	1.02797	0.702714	16.9175
615	0.013046	1.02766	0.701464	16.932
616	0.0118127	1.0273	0.697963	16.9464
617	0.0122012	1.02696	0.69712	16.9607
618	0.0106545	1.02656	0.697191	16.975
619	0.0108277	1.02617	0.696726	16.9893
620	0.0116577	1.02581	0.697629	17.0036
621	0.0116809	1.02546	0.697082	17.0179
622	0.0109891	1.02508	0.696768	17.0321
623	0.0106392	1.02468	0.694563	17.0463
624	0.0109095	1.0243	0.696866	17.0605
625	0.011265	1.02393	0.69369	17.0746
626	0.0107292	1.02354	0.694008	17.0887
627	0.0113186	1.02318	0.69384	17.1028
628	0.0126574	1.02287	0.695354	17.1169
629	0.0129614	1.02258	0.695357	17.131
630	0.0146795	1.02235	0.697343	17.1452
631	0.0161503	1.02219	0.697026	17.1594
632	0.015442	1.02199	0.696381	17.1735
633	0.0164027	1.02184	0.698744	17.1877
634	0.0152097	1.02164	0.699451	17.2019
635	0.0154071	1.02145	0.698087	17.216
636	0.0134066	1.02118	0.698485	17.2302
637	0.0124676	1.02087	0.698419	17.2443
638	0.0123318	1.02056	0.698434	17.2585
639	0.0127239	1.02027	0.698562	17.2726
640	0.0139903	1.02002	0.698863	17.2867
641	0.0146918	1.01981	0.69815	17.3008
642	0.0134988	1.01955	0.699362	17.3149
643	0.0134695	1.01929	0.699784	17.3291
644	0.013578	1.01903	0.700269	17.3432
645	0.012372	1.01873	0.701866	17.3574
646	0.0125412	1.01844	0.701972	17.3716
647	0.01315	1.01817	0.702948	17.3858
648	0.013315	1.01791	0.704241	17.4
649	0.0145809	1.0177	0.702771	17.4142
650	0.0160478	1.01755	0.703784	17.4284
651	0.0155168	1.01737	0.703813	17.4426
652	0.016909	1.01726	0.705003	17.4568
653	0.0155061	1.01709	0.70576	17.471
654	0.014784	1.01689	0.70427	17.4852
655	0.0141305	1.01667	0.702557	17.4993
656	0.0144009	1.01645	0.700551	17.5133
657	0.0145633	1.01625	0.701235	17.5273
658	0.0152439	1.01607	0.699807	17.5413
659	0.0145281	1.01587	0.697676	17.5552
660	0.0158377	1.01572	0.698135	17.569
661	0.0153372	1.01555	0.699025	17.5829
662	0.0147765	1.01535	0.697564	17.5968
663	0.0127343	1.01508	0.695749	17.6105
664	0.0130886	1.01483	0.697193	17.6243
665	0.0135526	1.01459	0.697168	17.6381
666	0.0131364	1.01434	0.697973	17.6519
667	0.0141173	1.01413	0.699204	17.6657
668	0.0131016	1.01388	0.69791	17.6795
669	0.0138196	1.01366	0.699414	17.6933
670	0.0168199	1.01355	0.701963	17.7072
671	0.0162888	1.01343	0.700864	17.7211
672	0.0162869	1.0133	0.700976	17.7349
673	0.0164434	1.01318	0.697439	17.7486
674	0.0163323	1.01306	0.695454	17.7622
675	0.0166842	1.01295	0.693024	17.7757
676	0.0194336	1.01295	0.696911	17.7894
677	0.0202869	1.01299	0.698469	17.8031
678	0.0188595	1.01296	0.700132	17.8168
679	0.0190185	1.01295	0.701082	17.8306
680	0.0188018	1.01293	0.701339	17.8444
681	0.019766	1.01294	0.700123	17.8581
682	0.020527	1.01298	0.699327	17.8718
683	0.0204227	1.01302	0.698119	17.8854
684	0.0214605	1.01311	0.69893	17.8991
685	0.0216305	1.01319	0.694195	17.9125
686	0.0218638	1.01329	0.691976	17.9259
687	0.0221032	1.0134	0.692121	17.9392
688	0.023205	1.01354	0.69237	17.9526
689	0.0239217	1.01372	0.690685	17.9659
690	0.0247654	1.01393	0.688251	17.9791
691	0.0236892	1.0141	0.686652	17.9922
692	0.0222161	1.01421	0.688943	18.0053
693	0.0215893	1.0143	0.69024	18.0186
694	0.0208384	1.01436	0.690264	18.0318
695	0.022448	1.01448	0.692537	18.0451
696	0.0215828	1.01457	0.692021	18.0583
697	0.0223058	1.01469	0.692163	18.0716
698	0.0218197	1.01479	0.691926	18.0848
699	0.0223164	1.01491	0.69071	18.098
700	0.0232439	1.01506	0.690677	18.1112
701	0.0239295	1.01524	0.690789	18.1244
702	0.0234765	1.01541	0.690261	18.1375
703	0.0260286	1.01567	0.690269	18.1506
704	0.0286057	1.01602	0.690257	18.1637
705	0.0294777	1.01641	0.689735	18.1768
706	0.0306021	1.01685	0.689495	18.1899
707	0.029895	1.01725	0.690789	18.203
708	0.0295437	1.01764	0.689464	18.2161
709	0.0295557	1.01804	0.688807	18.2291
710	0.0290483	1.01841	0.68864	18.2421
711	0.0276402	1.01873	0.690097	18.2551
712	0.027583	1.01905	0.691979	18.2682
713	0.0280429	1.01938	0.69348	18.2814
714	0.0275691	1.0197	0.694003	18.2946
715	0.0260736	1.01997	0.695911	18.3078
716	0.0247005	1.02018	0.697786	18.3211
717	0.0243864	1.02038	0.699393	18.3344
718	0.0237069	1.02055	0.699483	18.3478
719	0.023795	1.02073	0.700285	18.3611
720	0.0241353	1.02092	0.699835	18.3744
721	0.0236534	1.02109	0.697127	18.3876
722	0.0224229	1.02122	0.699295	18.4009
723	0.0234667	1.02139	0.699862	18.4142
724	0.0230777	1.02154	0.697473	18.4274
725	0.0239655	1.02173	0.696621	18.4406
726	0.0255246	1.02197	0.695421	18.4537
727	0.0261763	1.02224	0.69455	18.4668
728	0.0263834	1.02252	0.694847	18.4798
729	0.0265059	1.0228	0.695836	18.4929
730	0.0239828	1.02298	0.698447	18.5061
731	0.0239231	1.02317	0.699231	18.5193
732	0.0241681	1.02336	0.696496	18.5324
733	0.0253465	1.0236	0.695742	18.5454
734	0.0238733	1.02379	0.69385	18.5584
735	0.0240909	1.02398	0.692273	18.5713
736	0.0238478	1.02416	0.689077	18.5841
737	0.0231143	1.02432	0.686516	18.5968
738	0.0221401	1.02444	0.681898	18.6093
739	0.0196526	1.02447	0.684469	18.6218
740	0.0193842	1.02449	0.684319	18.6344
741	0.0195346	1.02452	0.683171	18.6469
742	0.0210051	1.0246	0.685685	18.6595
743	0.021079	1.02469	0.686603	18.6722
744	0.0216627	1.02479	0.686359	18.6848
745	0.0219339	1.02491	0.686814	18.6974
746	0.0218498	1.02502	0.687858	18.71
747	0.0219128	1.02514	0.688388	18.7227
748	0.0207643	1.02521	0.689676	18.7354
749	0.0186488	1.02521	0.688469	18.748
750	0.0190325	1.02522	0.689583	18.7607
751	0.0189926	1.02523	0.691014	18.7734
752	0.0192124	1.02525	0.690972	18.7861
753	0.0194826	1.02528	0.691687	18.7989
754	0.0193816	1.02531	0.692778	18.8116
755	0.0192333	1.02533	0.693741	18.8244
756	0.0199323	1.02538	0.693209	18.8372
757	0.0201509	1.02544	0.692793	18.8499
758	0.018327	1.02543	0.693553	18.8627
759	0.0184288	1.02542	0.693683	18.8754
760	0.0188625	1.02543	0.691951	18.8881
761	0.0202859	1.02549	0.686823	18.9006
762	0.0211483	1.02559	0.687977	18.9131
763	0.0205814	1.02566	0.686753	18.9256
764	0.0203912	1.02573	0.688306	18.9381
765	0.0199634	1.02578	0.689342	18.9506
766	0.0190471	1.0258	0.687457	18.9631
767	0.0185107	1.0258	0.687223	18.9755
768	0.0198049	1.02585	0.686686	18.9879
769	0.019822	1.02589	0.687042	19.0004
770	0.020109	1.02595	0.687255	19.0128
771	0.0200509	1.02601	0.68902	19.0253
772	0.0195773	1.02605	0.689058	19.0377
773	0.0190445	1.02607	0.687789	19.0502
774	0.0191542	1.0261	0.686745	19.0625
775	0.0191004	1.02612	0.68507	19.0748
776	0.0186289	1.02613	0.683052	19.0871
777	0.0175224	1.0261	0.680839	19.0992
778	0.0181887	1.02609	0.681535	19.1114
779	0.0189726	1.02612	0.682375	19.1235
780	0.0185549	1.02612	0.679627	19.1356
781	0.0198987	1.02618	0.68043	19.1477
782	0.0180913	1.02617	0.682601	19.1599
783	0.0176027	1.02614	0.683959	19.1721
784	0.018924	1.02617	0.685799	19.1843
785	0.0180055	1.02616	0.684038	19.1965
786	0.0187629	1.02617	0.685057	19.2087
787	0.0197654	1.02623	0.686208	19.221
788	0.0199129	1.02629	0.68476	19.2332
789	0.0205403	1.02637	0.685983	19.2454
790	0.0207905	1.02646	0.686768	19.2577
791	0.021034	1.02656	0.684499	19.2698
792	0.0221288	1.0267	0.683664	19.282
793	0.0223169	1.02684	0.684387	19.2941
794	0.0221292	1.02698	0.684217	19.3062
795	0.0224721	1.02713	0.685214	19.3184
796	0.0212475	1.02724	0.685659	19.3305
797	0.0207467	1.02733	0.686916	19.3427
798	0.0201238	1.0274	0.687578	19.355
799	0.0204016	1.02748	0.687959	19.3672
800	0.020902	1.02758	0.688473	19.3794
801	0.0193912	1.02762	0.68906	19.3917
802	0.0207984	1.02772	0.690101	19.4039
803	0.0216323	1.02784	0.68684	19.4161
804	0.022927	1.02801	0.686718	19.4282
805	0.0224247	1.02816	0.684721	19.4403
806	0.0226217	1.02832	0.683922	19.4523
807	0.0227769	1.02849	0.684503	19.4644
808	0.0231779	1.02867	0.684838	19.4764
809	0.0240164	1.02887	0.686146	19.4885
810	0.0251644	1.02912	0.687588	19.5006
811	0.0252899	1.02938	0.688255	19.5128
812	0.0246427	1.02961	0.689431	19.5249
813	0.0247048	1.02984	0.687706	19.537
814	0.0238827	1.03005	0.68799	19.5491
815	0.0234005	1.03023	0.688171	19.5613
816	0.0228508	1.0304	0.687376	19.5733
817	0.0219516	1.03054	0.68795	19.5854
818	0.022294	1.03069	0.688898	19.5975
819	0.0229464	1.03086	0.690658	19.6097
820	0.0215602	1.03099	0.689481	19.6218
821	0.0206034	1.03108	0.689798	19.6339
822	0.0217823	1.03121	0.690781	19.6461
823	0.0211642	1.03133	0.691553	19.6582
824	0.0217762	1.03146	0.691449	19.6704
825	0.0224943	1.03162	0.692521	19.6826
826	0.022889	1.03179	0.692113	19.6947
827	0.0235071	1.03198	0.692327	19.7069
828	0.0216429	1.03211	0.69118	19.719
829	0.0208403	1.03221	0.690884	19.7311
830	0.0216435	1.03234	0.689637	19.7432
831	0.0205822	1.03244	0.68737	19.7551
832	0.0218119	1.03257	0.688372	19.7671
833	0.0227166	1.03274	0.688195	19.7791
834	0.0232617	1.03293	0.689001	19.7911
835	0.0234751	1.03312	0.687029	19.803
836	0.0242536	1.03334	0.686883	19.8149
837	0.0238047	1.03355	0.686935	19.8268
838	0.0232963	1.03374	0.686899	19.8387
839	0.0234421	1.03393	0.686615	19.8506
840	0.022787	1.0341	0.687599	19.8625
841	0.0229192	1.03428	0.686001	19.8743
842	0.0234295	1.03447	0.684404	19.8861
843	0.0232636	1.03466	0.679188	19.8977
844	0.0240252	1.03487	0.680297	19.9094
845	0.0250396	1.03512	0.681418	19.921
846	0.0249066	1.03537	0.679852	19.9326
847	0.0245539	1.0356	0.679026	19.9442
848	0.0246259	1.03584	0.67947	19.9557
849	0.0243419	1.03606	0.680506	19.9673
850	0.024058	1.03628	0.67842	19.9789
851	0.0234771	1.03647	0.678216	19.9904
852	0.0236096	1.03668	0.679395	20.0019
853	0.0237691	1.03688	0.680033	20.0135
854	0.0249141	1.03713	0.6776	20.0249
855	0.0245908	1.03736	0.676334	20.0363
856	0.023547	1.03756	0.676006	20.0477
857	0.0209503	1.03767	0.678547	20.0592
858	0.0214014	1.0378	0.67595	20.0706
859	0.0206777	1.0379	0.676031	20.082
860	0.0202124	1.03799	0.676082	20.0934
861	0.0191807	1.03804	0.675009	20.1047
862	0.0196575	1.03811	0.676144	20.1161
863	0.019073	1.03815	0.674879	20.1274
864	0.017926	1.03816	0.673201	20.1386
865	0.017873	1.03817	0.673265	20.1499
866	0.0187169	1.03821	0.672345	20.1611
867	0.0199848	1.03829	0.67297	20.1723
868	0.0197795	1.03836	0.671611	20.1835
869	0.0206593	1.03847	0.672011	20.1947
870	0.0217861	1.03861	0.672481	20.2059
871	0.0215122	1.03874	0.67277	20.217
872	0.0224537	1.03891	0.673481	20.2283
873	0.0232889	1.0391	0.673298	20.2395
874	0.0227932	1.03928	0.674391	20.2507
875	0.0239419	1.03949	0.675432	20.2619
876	0.0237021	1.0397	0.676076	20.2732
877	0.0241669	1.03992	0.6756	20.2845
878	0.0238281	1.04014	0.676208	20.2957
879	0.0218383	1.04028	0.677254	20.307
880	0.0210537	1.0404	0.675727	20.3183
881	0.0206195	1.04051	0.67331	20.3294
882	0.020813	1.04062	0.674179	20.3406
883	0.0219295	1.04077	0.675458	20.3518
884	0.0203127	1.04086	0.677045	20.3631
885	0.0197519	1.04094	0.677388	20.3743
886	0.0191169	1.04099	0.676862	20.3856
887	0.0184906	1.04103	0.677378	20.3968
888	0.018314	1.04106	0.677619	20.4081
889	0.0183116	1.04108	0.674971	20.4192
890	0.0177244	1.04109	0.672959	20.4303
891	0.0164349	1.04106	0.672915	20.4414
892	0.0173284	1.04106	0.672784	20.4525
893	0.0171297	1.04105	0.672122	20.4635
894	0.0168682	1.04103	0.672212	20.4745
895	0.0158275	1.04098	0.673043	20.4856
896	0.0145429	1.04089	0.673341	20.4966
897	0.0136088	1.04076	0.673001	20.5077
898	0.0134638	1.04063	0.671362	20.5187
899	0.0145589	1.04054	0.672847	20.5297
900	0.0129125	1.04039	0.672756	20.5407
901	0.0130369	1.04025	0.672522	20.5517
902	0.0132843	1.04011	0.67214	20.5627
903	0.0136798	1.03999	0.671241	20.5736
904	0.0136722	1.03987	0.67169	20.5846
905	0.0141059	1.03977	0.67186	20.5956
906	0.0130218	1.03963	0.672512	20.6065
907	0.0137629	1.03951	0.673013	20.6175
908	0.0140726	1.03941	0.671147	20.6284
909	0.0132475	1.03928	0.67098	20.6393
910	0.0139596	1.03917	0.670908	20.6502
911	0.0144401	1.03908	0.672062	20.6612
912	0.0138868	1.03897	0.672443	20.6721
913	0.0132943	1.03884	0.670824	20.683
914	0.0139984	1.03874	0.67124	20.6939
915	0.0149125	1.03866	0.671128	20.7047
916	0.0159795	1.03862	0.671378	20.7156
917	0.0153646	1.03856	0.670709	20.7265
918	0.0167827	1.03855	0.671394	20.7373
919	0.0156151	1.0385	0.671939	20.7482
920	0.0158935	1.03846	0.672993	20.7591
921	0.0176492	1.03848	0.675616	20.7701
922	0.016925	1.03848	0.676011	20.7811
923	0.0173824	1.03849	0.676113	20.7921
924	0.017514	1.0385	0.675873	20.8031
925	0.0169304	1.0385	0.675347	20.8141
926	0.0173315	1.03851	0.673239	20.8249
927	0.0164565	1.03849	0.674948	20.8359
928	0.0150091	1.03842	0.675196	20.8468
929	0.0142526	1.03833	0.674857	20.8577
930	0.0136713	1.03822	0.675955	20.8687
931	0.0124098	1.03807	0.677606	20.8797
932	0.0127018	1.03793	0.676571	20.8906
933	0.0122017	1.03777	0.676199	20.9016
934	0.0124304	1.03763	0.673626	20.9124
935	0.0118784	1.03746	0.670333	20.9232
936	0.0121183	1.0373	0.669218	20.9338
937	0.0119514	1.03714	0.669745	20.9446
938	0.0111314	1.03695	0.671009	20.9553
939	0.0103094	1.03674	0.670681	20.966
940	0.0106316	1.03653	0.671669	20.9768
941	0.0107014	1.03633	0.669624	20.9875
942	0.00944152	1.03609	0.670907	20.9982
943	0.00885101	1.03583	0.67196	21.0089
944	0.00878319	1.03557	0.673212	21.0197
945	0.00856697	1.0353	0.673097	21.0305
946	0.0083569	1.03502	0.673316	21.0412
947	0.00882987	1.03477	0.673411	21.052
948	0.00815507	1.03449	0.672251	21.0627
949	0.00845874	1.03422	0.670638	21.0734
950	0.00929554	1.03397	0.671941	21.0841
951	0.0106157	1.03377	0.672447	21.0948
952	0.010269	1.03357	0.671992	21.1055
953	0.00976531	1.03334	0.671423	21.1162
954	0.00920137	1.0331	0.671215	21.1269
955	0.00843753	1.03283	0.671024	21.1375
956	0.00929918	1.03259	0.669154	21.1481
957	0.00994275	1.03237	0.669077	21.1587
958	0.0103706	1.03217	0.667002	21.1692
959	0.0107724	1.03198	0.664246	21.1796
960	0.00973405	1.03176	0.663916	21.19
961	0.00933531	1.03152	0.663457	21.2004
962	0.00997954	1.03131	0.663817	21.2107
963	0.00991752	1.03109	0.663364	21.2211
964	0.00972588	1.03087	0.663556	21.2315
965	0.00925327	1.03064	0.660777	21.2417
966	0.00863073	1.03038	0.660209	21.252
967	0.0091825	1.03015	0.659241	21.2622
968	0.00829714	1.02988	0.659451	21.2724
969	0.0085399	1.02962	0.659398	21.2826
970	0.00869504	1.02937	0.658966	21.2928
971	0.00894348	1.02913	0.658648	21.303
972	0.00970272	1.02891	0.657612	21.3131
973	0.0096206	1.02869	0.658646	21.3233
974	0.00905912	1.02846	0.65761	21.3334
975	0.00978315	1.02824	0.657318	21.3435
976	0.00907878	1.02801	0.658354	21.3536
977	0.00937731	1.02778	0.655843	21.3637
978	0.0103573	1.02759	0.655917	21.3737
979	0.0111781	1.02742	0.656225	21.3838
980	0.0116411	1.02727	0.655038	21.3938
981	0.0124453	1.02714	0.6544	21.4038
982	0.0114319	1.02699	0.6531	21.4137
983	0.0113079	1.02683	0.65166	21.4236
984	0.011252	1.02666	0.649171	21.4334
985	0.0113729	1.0265	0.64758	21.4432
986	0.0110287	1.02634	0.646496	21.4529
987	0.0107424	1.02616	0.646469	21.4626
988	0.00989915	1.02595	0.644965	21.4723
989	0.00950326	1.02574	0.641607	21.4818
990	0.00914705	1.02551	0.641854	21.4913
991	0.0100769	1.02532	0.643596	21.5009
992	0.0102446	1.02512	0.643511	21.5105
993	0.010038	1.02493	0.644251	21.5202
994	0.00958909	1.02472	0.64448	21.5298
995	0.00988283	1.02452	0.644892	21.5394
996	0.0096874	1.02431	0.644199	21.549
997	0.00953405	1.0241	0.64321	21.5586
998	0.00925647	1.02388	0.643348	21.5681
999	0.00904853	1.02365	0.642426	21.5776
1000	0.00927964	1.02344	0.641664	21.5871
1001	0.00862321	1.0232	0.640402	21.5966
1002	0.00829112	1.02295	0.641543	21.6061
1003	0.00652091	1.02265	0.64396	21.6157
1004	0.00752289	1.02237	0.644988	21.6252
1005	0.00736076	1.0221	0.645832	21.6349
1006	0.00779737	1.02184	0.645686	21.6445
1007	0.0073825	1.02156	0.646621	21.6541
1008	0.0075088	1.02129	0.647093	21.6637
1009	0.00838584	1.02105	0.647401	21.6734
1010	0.00853893	1.02082	0.646833	21.683
1011	0.00912035	1.0206	0.647098	21.6926
1012	0.00824917	1.02035	0.647712	21.7023
1013	0.00727953	1.02008	0.649191	21.7119
1014	0.00807059	1.01983	0.649316	21.7216
1015	0.00746903	1.01956	0.649599	21.7313
1016	0.00820182	1.01932	0.649496	21.741
1017	0.0089036	1.0191	0.650324	21.7507
1018	0.00937055	1.01889	0.650387	21.7604
1019	0.0106838	1.01873	0.65095	21.7701
1020	0.0112448	1.01858	0.651221	21.7798
1021	0.0118707	1.01845	0.651582	21.7895
1022	0.0118817	1.01833	0.652127	21.7993
1023	0.0124518	1.01822	0.651016	21.809
1024	0.012372	1.01811	0.652012	21.8187
1025	0.0120691	1.01799	0.651784	21.8284
1026	0.0115526	1.01786	0.652401	21.8381
1027	0.01153	1.01772	0.652422	21.8479
1028	0.0116623	1.01759	0.650802	21.8575
1029	0.0123792	1.01748	0.649486	21.8672
1030	0.0122254	1.01737	0.64873	21.8768
1031	0.0122015	1.01726	0.648436	21.8863
1032	0.0121725	1.01714	0.648308	21.8959
1033	0.0122489	1.01703	0.647833	21.9055
1034	0.011093	1.01689	0.646631	21.915
1035	0.0110179	1.01674	0.645925	21.9245
1036	0.0107301	1.01658	0.647142	21.934
1037	0.0102221	1.01641	0.647437	21.9435
1038	0.00980558	1.01622	0.64698	21.953
1039	0.0080278	1.01598	0.648169	21.9626
1040	0.00724852	1.01572	0.649171	21.9722
1041	0.00747623	1.01547	0.648192	21.9817
1042	0.00739584	1.01521	0.648634	21.9912
1043	0.00646688	1.01492	0.650162	22.0008
1044	0.00662398	1.01464	0.651277	22.0104
1045	0.00639559	1.01435	0.65022	22.02
1046	0.00654477	1.01407	0.648892	22.0296
1047	0.00593369	1.01377	0.649881	22.0391
1048	0.00598029	1.01347	0.650923	22.0487
1049	0.00625598	1.01318	0.650245	22.0583
1050	0.0061164	1.01289	0.650296	22.0678
1051	0.00564639	1.01258	0.650328	22.0774
1052	0.00586938	1.01228	0.65033	22.087
1053	0.00544738	1.01197	0.649204	22.0965
1054	0.00604894	1.01168	0.648448	22.106
1055	0.00641563	1.0114	0.64891	22.1155
1056	0.00695458	1.01113	0.647567	22.1249
1057	0.00686261	1.01087	0.645182	22.1343
1058	0.00732418	1.01062	0.641853	22.1436
1059	0.00518602	1.0103	0.644293	22.1529
1060	0.00426548	1.00995	0.645724	22.1623
1061	0.00521168	1.00964	0.646174	22.1717
1062	0.00520019	1.00932	0.646618	22.1811
1063	0.00413069	1.00898	0.64531	22.1904
1064	0.00443876	1.00864	0.646116	22.1998
1065	0.00293987	1.00826	0.64834	22.2093
1066	0.00309294	1.00788	0.648768	22.2187
1067	0.00144406	1.00745	0.651287	22.2282
1068	0.00154681	1.00703	0.651926	22.2378
1069	0.00199528	1.00662	0.652439	22.2473
1070	0.00137288	1.00619	0.652767	22.2569
1071	0.000344898	1.00573	0.652121	22.2664
1072	0.000476137	1.00528	0.650754	22.2759
1073	0.000636485	1.00483	0.651353	22.2854
1074	0.000621345	1.00438	0.651736	22.2949
1075	0.00150246	1.00396	0.65313	22.3045
1076	0.0021358	1.00356	0.653554	22.314
1077	0.00221712	1.00316	0.653554	22.3236
1078	0.0018713	1.00275	0.652769	22.3331
1079	0.00235177	1.00236	0.653268	22.3427
1080	0.00327073	1.002	0.653356	22.3522
1081	0.0032051	1.00163	0.652955	22.3617
1082	0.00297271	1.00126	0.651676	22.3712
1083	0.00412656	1.00093	0.653196	22.3807
1084	0.00343137	1.00057	0.652433	22.3902
1085	0.00301724	1.0002	0.652641	22.3997
1086	0.00391502	0.999858	0.652989	22.4092
1087	0.00380133	0.999514	0.65116	22.4186
1088	0.00347729	0.999161	0.651449	22.4281
1089	0.00303774	0.998795	0.652149	22.4375
1090	0.00201091	0.998399	0.653234	22.447
1091	0.00187212	0.997998	0.652293	22.4565
1092	0.00227974	0.997611	0.652983	22.466
1093	0.00155509	0.997202	0.654183	22.4755
1094	0.00160964	0.996796	0.653713	22.485
1095	0.00126803	0.99638	0.653686	22.4944
1096	0.000853004	0.995952	0.652582	22.5039
1097	0.000908546	0.995526	0.652147	22.5133
1098	0.00107265	0.995106	0.650583	22.5227
1099	0.00143168	0.994697	0.650909	22.5321
1100	0.00224627	0.994313	0.652006	22.5415
1101	0.00327565	0.993961	0.65286	22.5509
1102	0.00287967	0.993597	0.652739	22.5604
1103	0.00255595	0.993224	0.652194	22.5698
1104	0.00331359	0.992875	0.653076	22.5792
1105	0.0034398	0.99253	0.653541	22.5887
1106	0.00295855	0.992171	0.653046	22.5981
1107	0.00322556	0.99182	0.652466	22.6075
1108	0.00365084	0.991483	0.65129	22.6168
1109	0.00415808	0.991161	0.651627	22.6262
1110	0.00461311	0.990854	0.650763	22.6356
1111	0.00306154	0.9905	0.651902	22.6449
1112	0.00364866	0.990165	0.65212	22.6543
1113	0.00409594	0.989844	0.652674	22.6637
1114	0.00363281	0.989509	0.653176	22.6731
1115	0.00390898	0.989183	0.651227	22.6824
1116	0.00406441	0.988862	0.650246	22.6917
1117	0.00326717	0.988517	0.650809	22.701
1118	0.00319463	0.988172	0.650724	22.7103
1119	0.00348117	0.987835	0.651939	22.7197
1120	0.00347978	0.987498	0.651682	22.729
1121	0.00493105	0.987206	0.65258	22.7384
1122	0.00460297	0.986904	0.652076	22.7477
1123	0.00551837	0.986629	0.652397	22.757
1124	0.00544267	0.986353	0.652052	22.7663
1125	0.00624682	0.986102	0.652433	22.7757
1126	0.00600315	0.985843	0.652019	22.785
1127	0.0061694	0.98559	0.653029	22.7943
1128	0.00600766	0.985333	0.654007	22.8037
1129	0.0055242	0.985061	0.655025	22.8131
1130	0.00658514	0.984822	0.656391	22.8225
1131	0.00614131	0.98457	0.656456	22.832
1132	0.00596068	0.984312	0.656378	22.8414
1133	0.00557463	0.984044	0.655652	22.8508
1134	0.00600254	0.983789	0.65373	22.8601
1135	0.00575994	0.983527	0.650864	22.8694
1136	0.00576743	0.983266	0.649374	22.8786
1137	0.00602954	0.983013	0.649632	22.8878
1138	0.00572705	0.982751	0.648471	22.8969
1139	0.00651672	0.982513	0.647827	22.9061
1140	0.0061645	0.982266	0.648408	22.9152
1141	0.00549114	0.981998	0.648231	22.9244
1142	0.00579431	0.98174	0.647854	22.9335
1143	0.00617803	0.981494	0.648033	22.9426
1144	0.0078642	0.981298	0.649215	22.9518
1145	0.00762209	0.981095	0.649369	22.961
1146	0.00716739	0.980879	0.64966	22.9701
1147	0.00757818	0.980676	0.649882	22.9793
1148	0.00674627	0.980448	0.650352	22.9885
1149	0.00720439	0.980235	0.65058	22.9977
1150	0.0072239	0.980022	0.650397	23.0069
1151	0.00742149	0.979816	0.650855	23.0161
1152	0.00728042	0.979605	0.6504	23.0252
1153	0.00592001	0.979355	0.650621	23.0344
1154	0.00527764	0.979087	0.649868	23.0436
1155	0.0056732	0.97883	0.648602	23.0527
1156	0.00531256	0.978564	0.648119	23.0618
1157	0.00558396	0.978306	0.647316	23.0708
1158	0.00636391	0.978071	0.646834	23.0799
1159	0.00762325	0.977873	0.647552	23.0889
1160	0.00757733	0.977674	0.648351	23.098
1161	0.00795433	0.977487	0.647539	23.1071
1162	0.00853572	0.977318	0.646553	23.1161
1163	0.00810961	0.977136	0.646539	23.1251
1164	0.008408	0.976963	0.645072	23.1341
1165	0.00809911	0.976781	0.644164	23.143
1166	0.00956054	0.976643	0.646322	23.152
1167	0.00991886	0.976515	0.64683	23.161
1168	0.0091693	0.976366	0.64688	23.17
1169	0.00762539	0.976171	0.646182	23.179
1170	0.00750065	0.975974	0.644171	23.188
1171	0.00703907	0.975763	0.642638	23.1968
1172	0.00743968	0.975565	0.642159	23.2057
1173	0.00696398	0.975353	0.642504	23.2146
1174	0.00688641	0.975139	0.642965	23.2234
1175	0.00582626	0.974894	0.641587	23.2323
1176	0.00625093	0.974663	0.642417	23.2411
1177	0.00680449	0.974447	0.642504	23.25
1178	0.00680579	0.974232	0.641676	23.2588
1179	0.00712502	0.974027	0.642232	23.2676
1180	0.00692382	0.973817	0.642822	23.2765
1181	0.0065501	0.973595	0.643386	23.2854
1182	0.00585988	0.973354	0.644136	23.2943
1183	0.00677599	0.97314	0.644592	23.3031
1184	0.0063166	0.972913	0.643368	23.312
1185	0.00568106	0.972668	0.643648	23.3209
1186	0.00513396	0.972408	0.64317	23.3297
1187	0.00504715	0.972145	0.643492	23.3386
1188	0.00547678	0.971896	0.644311	23.3474
1189	0.00632144	0.971671	0.644355	23.3563
1190	0.00671353	0.971457	0.645408	23.3652
1191	0.00666469	0.971243	0.645495	23.3741
1192	0.00664794	0.971029	0.644711	23.3829
1193	0.00581684	0.970791	0.645427	23.3918
1194	0.00638656	0.970569	0.644785	23.4007
1195	0.00624557	0.970344	0.644553	23.4095
1196	0.00643232	0.970125	0.645306	23.4184
1197	0.00665681	0.969913	0.645793	23.4273
1198	0.00700118	0.969711	0.645958	23.4362
1199	0.00730481	0.969518	0.6469	23.4451
1200	0.00828107	0.969353	0.646299	23.454
1201	0.00897287	0.969209	0.645887	23.4629
1202	0.00830378	0.969046	0.645184	23.4717
1203	0.0083558	0.968884	0.644928	23.4805
1204	0.00886379	0.968738	0.645373	23.4894
1205	0.00869161	0.968586	0.645757	23.4982
1206	0.00878574	0.968438	0.645523	23.5071
1207	0.00880074	0.968291	0.64501	23.5159
1208	0.00990152	0.968175	0.646226	23.5248
1209	0.00935886	0.968044	0.645205	23.5336
1210	0.00790006	0.967872	0.646444	23.5425
1211	0.00821908	0.967709	0.646848	23.5513
1212	0.00792432	0.967537	0.64756	23.5602
1213	0.00848127	0.967383	0.647221	23.5691
1214	0.0087233	0.967235	0.64666	23.5779
1215	0.00832184	0.967076	0.646793	23.5868
1216	0.00731171	0.966888	0.645906	23.5956
1217	0.00695234	0.966691	0.645605	23.6044
1218	0.00738706	0.966506	0.645672	23.6132
1219	0.00590252	0.966279	0.646992	23.6221
1220	0.00505032	0.966028	0.646749	23.6309
1221	0.00415605	0.965752	0.646071	23.6397
1222	0.00316156	0.965448	0.647413	23.6486
1223	0.00256651	0.965127	0.646488	23.6574
1224	0.00235251	0.9648	0.646338	23.6662
1225	0.00298388	0.964492	0.646519	23.675
1226	0.00392218	0.964211	0.64648	23.6838
1227	0.0037215	0.963925	0.646597	23.6926
1228	0.00380432	0.963642	0.646127	23.7014
1229	0.00407744	0.963367	0.646817	23.7102
1230	0.00387489	0.963086	0.645839	23.719
1231	0.00378938	0.962803	0.64517	23.7277
1232	0.00296632	0.962497	0.646683	23.7365
1233	0.00221591	0.962171	0.647201	23.7453
1234	0.00191384	0.961836	0.647318	23.7541
1235	0.00206736	0.961506	0.64848	23.763
1236	0.00170753	0.961166	0.649246	23.7718
1237	0.0021533	0.960839	0.650044	23.7807
1238	0.00297791	0.960536	0.649379	23.7895
1239	0.00376677	0.960256	0.650008	23.7984
1240	0.005158	0.960016	0.650967	23.8073
1241	0.00452093	0.959758	0.651804	23.8162
1242	0.00517164	0.959519	0.652321	23.8251
1243	0.00639155	0.959314	0.651616	23.834
1244	0.00635099	0.959109	0.651263	23.8429
1245	0.00593028	0.958892	0.651283	23.8518
1246	0.00548206	0.958663	0.651168	23.8607
1247	0.00562496	0.958439	0.650484	23.8695
1248	0.0063179	0.958234	0.651868	23.8784
1249	0.00524221	0.957999	0.653483	23.8873
1250	0.00469805	0.957749	0.65454	23.8963
1251	0.0046505	0.957498	0.654973	23.9053
1252	0.00514141	0.957262	0.656048	23.9142
1253	0.00513528	0.957025	0.656114	23.9232
1254	0.00478287	0.956779	0.656287	23.9322
1255	0.00499246	0.956539	0.655813	23.9412
1256	0.0048837	0.956297	0.656614	23.9502
1257	0.00529901	0.956066	0.657304	23.9592
1258	0.00494923	0.955826	0.6574	23.9682
1259	0.00486937	0.955584	0.658287	23.9773
1260	0.00515531	0.955351	0.658009	23.9863
1261	0.0050416	0.955114	0.656823	23.9953
1262	0.00587017	0.954901	0.656911	24.0042
1263	0.00652495	0.954707	0.656077	24.0132
1264	0.0069411	0.954525	0.655182	24.0221
1265	0.00718134	0.95435	0.655111	24.0311
1266	0.00757976	0.954187	0.655387	24.04
1267	0.00767891	0.954026	0.656141	24.0489
1268	0.00906458	0.953905	0.656474	24.0579
1269	0.00896329	0.953781	0.655695	24.0668
1270	0.00903417	0.953659	0.656268	24.0757
1271	0.00874047	0.95353	0.657082	24.0847
1272	0.00928547	0.953416	0.657963	24.0937
1273	0.00945699	0.953306	0.657482	24.1026
1274	0.00998913	0.953212	0.657821	24.1116
1275	0.00956494	0.953107	0.658196	24.1206
1276	0.00998067	0.953013	0.658249	24.1296
1277	0.0102588	0.952927	0.658423	24.1385
1278	0.0103204	0.952843	0.658957	24.1475
1279	0.0105126	0.952765	0.65883	24.1565
1280	0.0107493	0.952694	0.658234	24.1655
1281	0.0107363	0.952622	0.656541	24.1744
1282	0.0114518	0.952571	0.656407	24.1833
1283	0.0113726	0.952517	0.654977	24.1921
1284	0.0109342	0.952452	0.655122	24.201
1285	0.0106875	0.952379	0.655041	24.2099
1286	0.0100774	0.95229	0.654825	24.2187
1287	0.00952842	0.952186	0.655283	24.2276
1288	0.010028	0.952096	0.655444	24.2364
1289	0.0100846	0.952008	0.654881	24.2453
1290	0.0103536	0.951928	0.655571	24.2541
1291	0.0106562	0.951856	0.655345	24.263
1292	0.0111728	0.951799	0.654809	24.2718
1293	0.011048	0.951738	0.654296	24.2806
1294	0.0107665	0.95167	0.654091	24.2894
1295	0.0107793	0.951602	0.652164	24.2981
1296	0.0110024	0.951541	0.652304	24.3069
1297	0.010968	0.951479	0.652897	24.3156
1298	0.0109157	0.951416	0.651002	24.3243
1299	0.0108486	0.951351	0.651287	24.333
1300	0.0105631	0.951278	0.651825	24.3418
1301	0.00928779	0.95117	0.653076	24.3505
1302	0.00966684	0.951073	0.653508	24.3593
1303	0.00966668	0.950976	0.653225	24.368
1304	0.00988019	0.950886	0.653298	24.3768
1305	0.00953603	0.950786	0.653382	24.3855
1306	0.00963327	0.950689	0.653876	24.3943
1307	0.00885831	0.95057	0.654375	24.403
1308	0.00928081	0.950464	0.654808	24.4118
1309	0.00813938	0.950326	0.656558	24.4206
1310	0.00817833	0.950189	0.657483	24.4295
1311	0.00784343	0.950044	0.657302	24.4383
1312	0.00818136	0.949908	0.657659	24.4471
1313	0.00760738	0.949757	0.656409	24.4559
1314	0.00730255	0.949597	0.65708	24.4648
1315	0.00786261	0.949453	0.657352	24.4736
1316	0.00761867	0.949303	0.658146	24.4824
1317	0.00792334	0.949161	0.658788	24.4913
1318	0.00785661	0.949018	0.659961	24.5002
1319	0.0077926	0.948873	0.659916	24.5091
1320	0.00726852	0.948714	0.659542	24.5179
1321	0.00809065	0.948578	0.659384	24.5268
1322	0.00837534	0.948449	0.659581	24.5357
1323	0.0087374	0.948331	0.659561	24.5445
1324	0.0096734	0.948239	0.658802	24.5533
1325	0.00910585	0.948132	0.657853	24.5622
1326	0.00923287	0.948028	0.656482	24.5709
1327	0.00930817	0.947927	0.655023	24.5796
1328	0.0099691	0.947844	0.654906	24.5884
1329	0.0104911	0.947775	0.655236	24.5971
1330	0.0103471	0.947703	0.654514	24.6058
1331	0.00997066	0.947621	0.654518	24.6145
1332	0.00953882	0.947526	0.654327	24.6232
1333	0.00944765	0.94743	0.653191	24.6318
1334	0.00902301	0.947322	0.653262	24.6405
1335	0.00879863	0.947209	0.652551	24.6491
1336	0.00875996	0.947094	0.652084	24.6577
1337	0.00924311	0.946993	0.651661	24.6663
1338	0.00933675	0.946895	0.651493	24.6749
1339	0.0086089	0.946777	0.652079	24.6835
1340	0.00810002	0.946645	0.653008	24.6921
1341	0.00798511	0.94651	0.653051	24.7008
1342	0.00758445	0.946365	0.652255	24.7094
1343	0.00766982	0.946222	0.651264	24.7179
1344	0.00872346	0.946108	0.651123	24.7265
1345	0.00869017	0.945994	0.650983	24.735
1346	0.00901969	0.945889	0.65051	24.7436
1347	0.00941123	0.945794	0.650863	24.7521
1348	0.00894386	0.945687	0.649638	24.7606
1349	0.00914875	0.945586	0.649738	24.7692
1350	0.00867032	0.945472	0.649357	24.7777
1351	0.00919543	0.945373	0.649935	24.7862
1352	0.00854499	0.945256	0.649894	24.7947
1353	0.00855803	0.945139	0.650371	24.8032
1354	0.00836564	0.945018	0.650701	24.8117
1355	0.00750237	0.944873	0.649647	24.8202
1356	0.00763992	0.944733	0.649675	24.8287
1357	0.00791993	0.9446	0.649557	24.8372
1358	0.00729641	0.94445	0.649966	24.8457
1359	0.00683246	0.944289	0.651057	24.8542
1360	0.00610432	0.944107	0.650648	24.8627
1361	0.00555369	0.943911	0.650101	24.8712
1362	0.00513982	0.943704	0.649897	24.8797
1363	0.00346766	0.943453	0.652429	24.8882
1364	0.00228789	0.943169	0.653363	24.8968
1365	0.00240871	0.942889	0.652569	24.9053
1366	0.00248072	0.942612	0.652517	24.9139
1367	0.0028051	0.942343	0.652904	24.9224
1368	0.00354755	0.942095	0.654111	24.931
1369	0.00371459	0.941852	0.655035	24.9396
1370	0.00265	0.94158	0.655911	24.9482
1371	0.00292808	0.941316	0.655311	24.9568
1372	0.00233084	0.941036	0.655134	24.9654
1373	0.00258123	0.940764	0.655607	24.974
1374	0.00252363	0.94049	0.656218	24.9826
1375	0.00270055	0.940221	0.655789	24.9912
1376	0.00359807	0.939977	0.655615	24.9998
1377	0.00314346	0.93972	0.654047	25.0083
1378	0.00370349	0.939479	0.654531	25.0169
1379	0.00421738	0.939253	0.654886	25.0254
1380	0.00416511	0.939025	0.655155	25.034
1381	0.00403571	0.938794	0.65453	25.0426
1382	0.00325933	0.938542	0.65576	25.0511
1383	0.00339489	0.938295	0.655895	25.0597
1384	0.00328056	0.938044	0.656152	25.0683
1385	0.00344376	0.937798	0.656741	25.0769
1386	0.00274302	0.937534	0.657597	25.0855
1387	0.00245619	0.937263	0.657414	25.0941
1388	0.00192531	0.936977	0.658107	25.1027
1389	0.00107416	0.936669	0.657575	25.1114
1390	7.3923e-05	0.936334	0.658284	25.12
1391	1.90669e-05	0.935999	0.658688	25.1286
1392	0.000421822	0.935674	0.65827	25.1372
1393	0.000306261	0.935347	0.658534	25.1458
1394	0.000104471	0.935015	0.657938	25.1544
1395	-0.000877277	0.934657	0.659222	25.1631
1396	8.23538e-05	0.934324	0.660754	25.1717
1397	0.000135854	0.933994	0.660881	25.1804
1398	0.000303376	0.933669	0.661285	25.1891
1399	7.37631e-05	0.933337	0.662151	25.1978
1400	0.000116466	0.933007	0.661633	25.2065
1401	0.000103146	0.932678	0.662253	25.2152
1402	0.000146619	0.932349	0.662444	25.2239
1403	-4.2287e-06	0.932017	0.663062	25.2326
1404	0.000327702	0.931695	0.662741	25.2413
1405	0.000155182	0.931368	0.661602	25.2499
1406	0.000275817	0.931044	0.660697	25.2586
1407	0.000839599	0.930736	0.659804	25.2672
1408	0.00105609	0.930434	0.659826	25.2758
1409	0.000949351	0.93013	0.660086	25.2844
1410	0.000401081	0.929811	0.657556	25.293
1411	-0.000482364	0.929469	0.655268	25.3014
1412	-0.000704498	0.929122	0.654107	25.3099
1413	-0.00040261	0.928782	0.653347	25.3183
1414	-0.000345216	0.928445	0.651914	25.3267
1415	-0.000913012	0.928093	0.652554	25.3351
1416	-5.8392e-05	0.927764	0.65358	25.3435
1417	-0.000285788	0.92743	0.653759	25.3519
1418	-0.000386051	0.927093	0.653082	25.3603
1419	-0.000481299	0.926754	0.6521	25.3687
1420	-8.52517e-05	0.926426	0.652047	25.3771
1421	0.000662519	0.926118	0.65261	25.3855
1422	0.000910665	0.925817	0.652277	25.3938
1423	0.00108351	0.925521	0.651879	25.4022
1424	0.000924188	0.92522	0.652199	25.4106
1425	-5.05073e-05	0.924895	0.653383	25.419
1426	-0.000841617	0.924549	0.65413	25.4274
1427	-0.00150323	0.924185	0.655002	25.4358
1428	-0.0015965	0.92382	0.653468	25.4442
1429	-0.00192659	0.923446	0.653398	25.4526
1430	-0.00179161	0.923076	0.653593	25.4609
1431	-0.00166427	0.92271	0.653886	25.4693
1432	-0.00108198	0.92236	0.654568	25.4777
1433	-0.00149071	0.921999	0.654712	25.4861
1434	-0.00246224	0.921613	0.656338	25.4946
1435	-0.00172092	0.921247	0.657169	25.503
1436	-0.00213686	0.92087	0.657618	25.5115
1437	-0.00209499	0.920495	0.658014	25.52
1438	-0.00219152	0.920117	0.658252	25.5285
1439	-0.00186617	0.919749	0.658218	25.537
1440	-0.00227028	0.91937	0.657088	25.5454
1441	-0.00248828	0.918986	0.657238	25.5539
1442	-0.00199204	0.918615	0.657293	25.5623
1443	-0.00149161	0.918258	0.657135	25.5707
1444	-0.00176032	0.917894	0.657786	25.5792
1445	-0.00149626	0.917538	0.657363	25.5876
1446	-0.00184274	0.917173	0.657713	25.5961
1447	-0.00175521	0.91681	0.657836	25.6045
1448	-0.0015783	0.916452	0.658039	25.613
1449	-0.00181735	0.916089	0.658418	25.6214
1450	-0.00157895	0.915732	0.658047	25.6299
1451	-0.00191113	0.915366	0.657905	25.6383
1452	-0.00202498	0.914999	0.658191	25.6468
1453	-0.00220611	0.914626	0.657906	25.6552
1454	-0.00200087	0.91426	0.657633	25.6636
1455	-0.00262274	0.913877	0.657771	25.6721
1456	-0.0020852	0.913509	0.656857	25.6804
1457	-0.0018243	0.913148	0.656956	25.6888
1458	-0.00200139	0.912783	0.65653	25.6972
1459	-0.00226992	0.912411	0.657248	25.7056
1460	-0.00133582	0.912064	0.65736	25.714
1461	-0.000398554	0.911742	0.656901	25.7224
1462	-0.000688064	0.911413	0.65778	25.7308
1463	-0.00186008	0.911053	0.65779	25.7392
1464	-0.00207598	0.910688	0.656983	25.7476
1465	-0.002085	0.910323	0.656916	25.756
1466	-0.00154434	0.909973	0.656699	25.7643
1467	-0.00215842	0.909606	0.656405	25.7727
1468	-0.00229458	0.909237	0.655537	25.781
1469	-0.00248193	0.908863	0.655696	25.7894
1470	-0.00247539	0.90849	0.656459	25.7977
1471	-0.00316124	0.908099	0.656979	25.8061
1472	-0.00393951	0.907689	0.657455	25.8144
1473	-0.00354441	0.907289	0.658073	25.8228
1474	-0.00367032	0.906886	0.658321	25.8312
1475	-0.00314574	0.906497	0.659067	25.8396
1476	-0.00376468	0.906092	0.65941	25.848
1477	-0.00440524	0.905671	0.660604	25.8564
1478	-0.00450317	0.905248	0.661453	25.8649
1479	-0.00436695	0.904829	0.660848	25.8733
1480	-0.00488029	0.904397	0.659686	25.8818
1481	-0.00435134	0.903979	0.660218	25.8902
1482	-0.0042555	0.903564	0.660902	25.8986
1483	-0.00400133	0.903156	0.659568	25.907
1484	-0.00293086	0.902776	0.660152	25.9154
1485	-0.00324054	0.902388	0.660092	25.9238
1486	-0.00346418	0.901995	0.659527	25.9322
1487	-0.0022682	0.901633	0.660224	25.9406
1488	-0.00131742	0.901296	0.660009	25.949
1489	-0.00177702	0.900948	0.660667	25.9574
1490	-0.00244792	0.900583	0.661184	25.9658
1491	-0.00325462	0.900197	0.661686	25.9742
1492	-0.00378038	0.899798	0.662284	25.9827
1493	-0.00335459	0.89941	0.662133	25.9911
1494	-0.00360328	0.899016	0.662585	25.9995
1495	-0.00436988	0.898603	0.66348	26.008
1496	-0.004713	0.898181	0.663408	26.0165
1497	-0.00335157	0.897795	0.664935	26.025
1498	-0.0026851	0.897426	0.665497	26.0335
1499	-0.0024144	0.897065	0.66611	26.042
1500	-0.00243374	0.896704	0.666206	26.0505
1501	-0.00297512	0.896328	0.666735	26.059
1502	-0.00294132	0.895955	0.667155	26.0676
1503	-0.00277294	0.895585	0.667143	26.0761
1504	-0.00292708	0.895213	0.666896	26.0846
1505	-0.00240476	0.894854	0.666664	26.0932
1506	-0.00176401	0.894511	0.664583	26.1016
1507	-0.00180702	0.894168	0.6641	26.1101
1508	-0.0017171	0.893828	0.663318	26.1185
1509	-0.00220003	0.893476	0.663144	26.1269
1510	-0.00216969	0.893124	0.662868	26.1353
1511	-0.00159678	0.892788	0.663863	26.1437
1512	-0.00195887	0.892443	0.664076	26.1522
1513	-0.00193273	0.892099	0.663485	26.1606
1514	-0.00223123	0.891747	0.663672	26.169
1515	-0.00259873	0.891386	0.663302	26.1774
1516	-0.00287991	0.891019	0.663352	26.1858
1517	-0.00297574	0.890649	0.663809	26.1942
1518	-0.00252178	0.890291	0.664639	26.2026
1519	-0.00294428	0.889923	0.665391	26.2111
1520	-0.0024982	0.889567	0.66595	26.2195
1521	-0.00246905	0.889211	0.666305	26.228
1522	-0.00252787	0.888855	0.666164	26.2365
1523	-0.00232451	0.888504	0.666694	26.2449
1524	-0.00276988	0.888142	0.666734	26.2534
1525	-0.00218465	0.887795	0.666614	26.2619
1526	-0.00278426	0.887433	0.66661	26.2703
1527	-0.00302094	0.887066	0.666307	26.2788
1528	-0.00230825	0.886717	0.666684	26.2872
1529	-0.00264796	0.88636	0.667327	26.2957
1530	-0.00314856	0.88599	0.667774	26.3042
1531	-0.00358958	0.885609	0.667861	26.3126
1532	-0.00330727	0.885236	0.667788	26.3211
1533	-0.00324875	0.884865	0.667477	26.3296
1534	-0.00361417	0.884484	0.667214	26.338
1535	-0.0043438	0.884086	0.667984	26.3465
1536	-0.00435332	0.883687	0.667263	26.355
1537	-0.004361	0.883289	0.666966	26.3634
1538	-0.00437821	0.882891	0.667213	26.3718
1539	-0.00412688	0.882499	0.666982	26.3803
1540	-0.00405056	0.88211	0.667082	26.3887
1541	-0.00415435	0.881718	0.667487	26.3971
1542	-0.00439652	0.88132	0.667523	26.4056
1543	-0.00372104	0.880941	0.668433	26.414
1544	-0.00287083	0.880583	0.66931	26.4225
1545	-0.00337692	0.880212	0.669263	26.431
1546	-0.0027283	0.879858	0.667291	26.4394
1547	-0.00218063	0.879519	0.667826	26.4478
1548	-0.00208131	0.879182	0.668035	26.4563
1549	-0.00158931	0.878858	0.66833	26.4647
1550	-0.00102848	0.878549	0.669022	26.4732
1551	-0.00159983	0.878226	0.668514	26.4816
1552	-0.00189871	0.877895	0.668111	26.49
1553	-0.00139364	0.877577	0.668937	26.4985
1554	-0.00110118	0.877267	0.66942	26.5069
1555	-0.001012	0.87696	0.669759	26.5154
1556	-0.00176547	0.876634	0.670037	26.5239
1557	-0.00223729	0.876296	0.670678	26.5323
1558	-0.00274851	0.875945	0.670242	26.5408
1559	-0.00273307	0.875595	0.67015	26.5493
1560	-0.00225652	0.875258	0.670361	26.5577
1561	-0.00228598	0.87492	0.669483	26.5662
1562	-0.00223872	0.874584	0.668106	26.5746
1563	-0.0021143	0.874251	0.667019	26.5829
1564	-0.00270183	0.873903	0.66667	26.5913
1565	-0.00260599	0.873559	0.665622	26.5996
1566	-0.00354322	0.873191	0.667169	26.608
1567	-0.00298508	0.872837	0.667722	26.6164
1568	-0.00234063	0.8725	0.667526	26.6247
1569	-0.00231808	0.872164	0.667548	26.6331
1570	-0.00259872	0.871821	0.667022	26.6414
1571	-0.00286333	0.871471	0.667087	26.6498
1572	-0.00327581	0.871112	0.667171	26.6581
1573	-0.00355458	0.870746	0.666915	26.6665
1574	-0.00407157	0.870367	0.665254	26.6748
1575	-0.00418608	0.869985	0.664879	26.6831
1576	-0.00502802	0.869583	0.664107	26.6913
1577	-0.00443476	0.869196	0.662959	26.6996
1578	-0.0050788	0.868793	0.663162	26.7078
1579	-0.00537043	0.868383	0.662824	26.716
1580	-0.00582323	0.867963	0.662807	26.7242
1581	-0.00564313	0.867546	0.661991	26.7324
1582	-0.00494028	0.867148	0.66167	26.7406
1583	-0.00444391	0.866763	0.660377	26.7488
1584	-0.00468885	0.866372	0.659993	26.7569
1585	-0.00436915	0.86599	0.659851	26.765
1586	-0.00458697	0.865602	0.659622	26.7732
1587	-0.00405385	0.865228	0.659875	26.7813
1588	-0.00506723	0.864828	0.660292	26.7894
1589	-0.00526677	0.864425	0.659788	26.7975
1590	-0.00540184	0.864018	0.660172	26.8057
1591	-0.00540232	0.863611	0.660569	26.8138
1592	-0.00666178	0.863173	0.662293	26.822
1593	-0.00713265	0.862724	0.662157	26.8302
1594	-0.00700103	0.862278	0.662327	26.8383
1595	-0.00628786	0.861851	0.662979	26.8465
1596	-0.00531707	0.861448	0.662573	26.8547
1597	-0.00537835	0.861044	0.662093	26.8628
1598	-0.00540718	0.86064	0.662466	26.871
1599	-0.00466336	0.860255	0.662834	26.8792
1600	-0.00413833	0.859883	0.663449	26.8874
1601	-0.00421081	0.859509	0.663655	26.8956
1602	-0.00461148	0.859126	0.664624	26.9038
1603	-0.00358732	0.858769	0.665517	26.912
1604	-0.00260527	0.858437	0.665492	26.9202
1605	-0.00243912	0.858109	0.665673	26.9284
1606	-0.0021914	0.857787	0.665696	26.9367
1607	-0.00189369	0.857473	0.664969	26.9449
1608	-0.0016626	0.857166	0.665571	26.9531
1609	-0.00165793	0.856858	0.665797	26.9613
1610	-0.00119831	0.856563	0.665698	26.9695
1611	-0.00101458	0.856272	0.665381	26.9777
1612	-0.00155076	0.855968	0.665879	26.986
1613	-0.00199563	0.855653	0.665481	26.9942
1614	-0.00174588	0.855345	0.666239	27.0024
1615	-0.00199919	0.855031	0.667057	27.0106
1616	-0.00184509	0.854721	0.667691	27.0189
1617	-0.00235882	0.854398	0.66781	27.0271
1618	-0.00261851	0.854069	0.667418	27.0354
1619	-0.00277845	0.853737	0.66775	27.0436
1620	-0.00285194	0.853403	0.668261	27.0519
1621	-0.00255146	0.853076	0.667503	27.0601
1622	-0.00219675	0.852759	0.66714	27.0683
1623	-0.00205798	0.852446	0.667639	27.0765
1624	-0.00246729	0.852122	0.667604	27.0848
1625	-0.0024721	0.851799	0.667152	27.093
1626	-0.00215418	0.851484	0.667057	27.1012
1627	-0.0024383	0.851162	0.667242	27.1094
1628	-0.00231016	0.850844	0.666875	27.1176
1629	-0.00185666	0.850537	0.667371	27.1258
1630	-0.00161827	0.850236	0.665789	27.134
1631	-0.00109834	0.849949	0.666069	27.1422
1632	-0.000465306	0.849677	0.666393	27.1503
1633	-0.000598729	0.849402	0.667059	27.1585
1634	-0.00104873	0.849117	0.667433	27.1667
1635	-0.00123878	0.848827	0.666872	27.1749
1636	-0.00083993	0.848547	0.666894	27.1831
1637	-0.00107117	0.848262	0.666905	27.1913
1638	-0.00146124	0.847967	0.666754	27.1995
1639	-0.00181214	0.847664	0.66634	27.2076
1640	-0.00142849	0.84737	0.666746	27.2158
1641	-0.000948888	0.847089	0.667367	27.224
1642	-0.00128075	0.8468	0.666929	27.2321
1643	-0.000639303	0.846527	0.667148	27.2403
1644	9.39827e-05	0.846272	0.66748	27.2485
1645	-0.000474337	0.846003	0.667222	27.2566
1646	-0.000605103	0.845731	0.666807	27.2648
1647	-0.000904711	0.845453	0.665669	27.2729
1648	-0.00110504	0.845169	0.666176	27.2811
1649	-0.00158307	0.844874	0.666152	27.2892
1650	-0.00161402	0.844579	0.666033	27.2973
1651	-0.00134184	0.84429	0.666169	27.3054
1652	-0.00117346	0.844006	0.666599	27.3136
1653	-0.00151656	0.843714	0.666362	27.3217
1654	-0.00201348	0.84341	0.666104	27.3298
1655	-0.00209881	0.843104	0.666607	27.338
1656	-0.00249699	0.842788	0.666377	27.3461
1657	-0.00314631	0.842457	0.666986	27.3542
1658	-0.00400157	0.842105	0.667897	27.3624
1659	-0.00426654	0.841746	0.667099	27.3705
1660	-0.00484411	0.841374	0.667077	27.3786
1661	-0.00493688	0.841	0.666989	27.3867
1662	-0.00464579	0.840634	0.667112	27.3949
1663	-0.00455816	0.840269	0.66727	27.403
1664	-0.0045762	0.839905	0.667451	27.4111
1665	-0.00452428	0.839542	0.668139	27.4193
1666	-0.00479739	0.839173	0.668503	27.4274
1667	-0.00435908	0.838815	0.669083	27.4356
1668	-0.00467129	0.83845	0.668669	27.4437
1669	-0.00418014	0.838096	0.669109	27.4519
1670	-0.00492437	0.837725	0.670289	27.46
1671	-0.00536284	0.837344	0.66991	27.4682
1672	-0.00567412	0.836955	0.667803	27.4763
1673	-0.00530844	0.836575	0.667373	27.4844
1674	-0.00593095	0.836181	0.667204	27.4925
1675	-0.00545964	0.835798	0.66784	27.5006
1676	-0.00551367	0.835415	0.667951	27.5088
1677	-0.00599306	0.835019	0.667809	27.5169
1678	-0.00669857	0.834607	0.666803	27.5249
1679	-0.00621827	0.834208	0.66592	27.533
1680	-0.00624305	0.833807	0.665299	27.541
1681	-0.00626155	0.833407	0.663982	27.549
1682	-0.0055245	0.833025	0.663561	27.557
1683	-0.00457523	0.832666	0.664087	27.565
1684	-0.00466205	0.832306	0.663951	27.573
1685	-0.00529334	0.83193	0.66474	27.581
1686	-0.00464981	0.83157	0.665477	27.589
1687	-0.00441076	0.831217	0.664325	27.597
1688	-0.00383124	0.830878	0.664137	27.605
1689	-0.00354964	0.830546	0.663438	27.613
1690	-0.00309445	0.830225	0.662489	27.6209
1691	-0.00317231	0.829903	0.662695	27.6289
1692	-0.00317863	0.82958	0.661778	27.6368
1693	-0.00247388	0.829276	0.659662	27.6447
1694	-0.00358225	0.828944	0.658082	27.6525
1695	-0.0033625	0.828618	0.658308	27.6603
1696	-0.0034956	0.828289	0.65849	27.6682
1697	-0.00408665	0.827946	0.659248	27.676
1698	-0.00412824	0.827603	0.65924	27.6839
1699	-0.00375482	0.827268	0.659861	27.6917
1700	-0.00342345	0.826942	0.660278	27.6996
1701	-0.00347335	0.826615	0.660762	27.7075
1702	-0.00335698	0.826291	0.660635	27.7154
1703	-0.00312898	0.825973	0.660953	27.7232
1704	-0.00322006	0.825653	0.661314	27.7311
1705	-0.00388371	0.825317	0.661936	27.739
1706	-0.00364515	0.824987	0.662323	27.7469
1707	-0.00349464	0.824662	0.662186	27.7548
1708	-0.00355144	0.824335	0.662389	27.7627
1709	-0.00265819	0.824029	0.66306	27.7706
1710	-0.00276649	0.823722	0.66243	27.7785
1711	-0.00319075	0.823404	0.662338	27.7864
1712	-0.00364206	0.823076	0.661385	27.7943
1713	-0.00299735	0.822764	0.661028	27.8022
1714	-0.00379403	0.822432	0.660877	27.81
1715	-0.00418671	0.822092	0.65973	27.8178
1716	-0.0048158	0.821736	0.660132	27.8257
1717	-0.00518947	0.821372	0.660288	27.8335
1718	-0.00475452	0.821019	0.660587	27.8413
1719	-0.00455535	0.82067	0.660265	27.8492
1720	-0.00429596	0.820328	0.659734	27.857
1721	-0.00343341	0.820008	0.660733	27.8648
1722	-0.00276295	0.819703	0.661281	27.8726
1723	-0.00305386	0.819392	0.662046	27.8805
1724	-0.00311679	0.81908	0.662267	27.8884
1725	-0.00265304	0.818779	0.66214	27.8962
1726	-0.00283819	0.818473	0.662161	27.9041
1727	-0.00303137	0.818164	0.662748	27.9119
1728	-0.00329864	0.817848	0.661575	27.9198
1729	-0.00294072	0.817541	0.660083	27.9276
1730	-0.00278055	0.817238	0.659504	27.9354
1731	-0.0028442	0.816934	0.659462	27.9431
1732	-0.00308214	0.816624	0.65986	27.9509
1733	-0.00337603	0.816308	0.659957	27.9587
1734	-0.0033957	0.815991	0.659024	27.9665
1735	-0.00317864	0.81568	0.657944	27.9742
1736	-0.00271382	0.81538	0.656932	27.9819
1737	-0.00291437	0.815076	0.656936	27.9896
1738	-0.00278319	0.814775	0.656581	27.9973
1739	-0.00262405	0.814478	0.655414	28.005
1740	-0.00332161	0.814165	0.655317	28.0127
1741	-0.00311702	0.813856	0.655748	28.0203
1742	-0.0031716	0.813547	0.656053	28.028
1743	-0.00352886	0.813229	0.656312	28.0357
1744	-0.00352519	0.812912	0.656194	28.0434
1745	-0.00379517	0.812589	0.656572	28.051
1746	-0.00335101	0.812276	0.657301	28.0587
1747	-0.00404856	0.811947	0.657749	28.0664
1748	-0.0035488	0.81163	0.658557	28.0742
1749	-0.00371079	0.81131	0.658945	28.0819
1750	-0.00276551	0.811012	0.659724	28.0896
1751	-0.00338898	0.8107	0.660659	28.0974
1752	-0.00324653	0.810391	0.659776	28.1051
1753	-0.00370837	0.810072	0.659316	28.1129
1754	-0.00358215	0.809755	0.658872	28.1206
1755	-0.00318972	0.809449	0.658851	28.1283
1756	-0.00307604	0.809145	0.659274	28.136
1757	-0.00316167	0.80884	0.659144	28.1437
1758	-0.00349034	0.808527	0.658704	28.1515
1759	-0.00435272	0.808194	0.659852	28.1592
1760	-0.00466568	0.807853	0.659908	28.1669
1761	-0.00516337	0.807501	0.659746	28.1746
1762	-0.0056794	0.807137	0.659984	28.1824
1763	-0.00637613	0.806756	0.660238	28.1901
1764	-0.00589627	0.806388	0.660132	28.1978
1765	-0.00613813	0.806013	0.660315	28.2055
1766	-0.00633556	0.805635	0.660602	28.2133
1767	-0.00521002	0.805283	0.660462	28.221
1768	-0.00493531	0.804938	0.660311	28.2287
1769	-0.00563366	0.804577	0.660831	28.2365
1770	-0.00583873	0.804211	0.659517	28.2442
1771	-0.00587748	0.803845	0.657792	28.2518
1772	-0.00553843	0.803487	0.657197	28.2595
1773	-0.00566235	0.803126	0.656861	28.2671
1774	-0.00576098	0.802763	0.656085	28.2747
1775	-0.0060177	0.802395	0.656137	28.2823
1776	-0.00645177	0.802016	0.656596	28.2899
1777	-0.00616703	0.801644	0.657143	28.2975
1778	-0.00567379	0.801285	0.657415	28.3052
1779	-0.00603481	0.800917	0.657759	28.3128
1780	-0.0057623	0.800555	0.657959	28.3205
1781	-0.00598233	0.800189	0.658109	28.3281
1782	-0.00612352	0.79982	0.658014	28.3357
1783	-0.00622476	0.799448	0.658148	28.3434
1784	-0.00627653	0.799076	0.657781	28.351
1785	-0.00623608	0.798705	0.65815	28.3586
1786	-0.00589836	0.798342	0.658633	28.3663
1787	-0.00560612	0.797986	0.65871	28.3739
1788	-0.00539334	0.797636	0.65845	28.3816
1789	-0.00559311	0.797281	0.658589	28.3892
1790	-0.00625548	0.796911	0.659139	28.3969
1791	-0.00678465	0.796528	0.659875	28.4045
1792	-0.0075572	0.796128	0.660062	28.4122
1793	-0.00782272	0.795721	0.660411	28.4199
1794	-0.00716982	0.795331	0.66086	28.4275
1795	-0.00794062	0.794922	0.66169	28.4352
1796	-0.00742726	0.794526	0.661229	28.4429
1797	-0.00771144	0.794123	0.661731	28.4506
1798	-0.00755544	0.793724	0.662189	28.4583
1799	-0.00743786	0.793329	0.662029	28.466
1800	-0.00752269	0.792931	0.662361	28.4737
1801	-0.00771087	0.79253	0.662788	28.4814
1802	-0.00746381	0.792134	0.661596	28.4891
1803	-0.0070675	0.791749	0.660668	28.4968
1804	-0.00703737	0.791364	0.660223	28.5044
1805	-0.00790988	0.790959	0.659781	28.5121
1806	-0.00760888	0.790561	0.658319	28.5197
1807	-0.00753155	0.790165	0.658736	28.5273
1808	-0.00789128	0.789762	0.658364	28.5348
1809	-0.00785202	0.789359	0.65754	28.5424
1810	-0.00696908	0.788977	0.65732	28.55
1811	-0.00732589	0.788588	0.657063	28.5575
1812	-0.00749659	0.788194	0.657395	28.5651
1813	-0.00764932	0.787798	0.657709	28.5727
1814	-0.00786064	0.787396	0.657353	28.5802
1815	-0.00811634	0.786989	0.656887	28.5878
1816	-0.00857394	0.786572	0.65702	28.5953
1817	-0.00885186	0.786148	0.65723	28.6029
1818	-0.00918866	0.785716	0.657297	28.6104
1819	-0.00918228	0.785285	0.655537	28.6179
1820	-0.00958763	0.784845	0.655653	28.6254
1821	-0.00950042	0.784408	0.6553	28.6329
1822	-0.0088047	0.783986	0.654584	28.6404
1823	-0.00892653	0.783563	0.654551	28.6479
1824	-0.00949356	0.783126	0.654152	28.6553
1825	-0.0101934	0.782673	0.654237	28.6628
1826	-0.00962826	0.782234	0.655045	28.6703
1827	-0.0094329	0.781799	0.65529	28.6778
1828	-0.00937134	0.781367	0.655155	28.6852
1829	-0.00945128	0.780932	0.654568	28.6927
1830	-0.00956663	0.780496	0.653565	28.7001
1831	-0.0102452	0.780043	0.653621	28.7076
1832	-0.00994618	0.779598	0.652526	28.715
1833	-0.00961507	0.779162	0.652792	28.7224
1834	-0.0100317	0.778715	0.653014	28.7298
1835	-0.0103165	0.778262	0.653018	28.7372
1836	-0.00989832	0.77782	0.653289	28.7447
1837	-0.0101035	0.777373	0.653545	28.7521
1838	-0.00975699	0.776934	0.654136	28.7595
1839	-0.00985185	0.776493	0.65449	28.767
1840	-0.00978074	0.776055	0.654564	28.7744
1841	-0.00996967	0.775612	0.654486	28.7818
1842	-0.00947578	0.775181	0.654827	28.7893
1843	-0.00869047	0.774768	0.656113	28.7968
1844	-0.0088303	0.774353	0.655721	28.8042
1845	-0.00882668	0.773938	0.655503	28.8117
1846	-0.00866783	0.773527	0.655605	28.8191
1847	-0.00940189	0.773099	0.656405	28.8266
1848	-0.00921669	0.772676	0.6564	28.8341
1849	-0.00922802	0.772253	0.656976	28.8415
1850	-0.00976614	0.771817	0.657065	28.849
1851	-0.00955632	0.771387	0.6569	28.8565
1852	-0.0098664	0.77095	0.657209	28.864
1853	-0.0105336	0.770497	0.658054	28.8715
1854	-0.0105711	0.770044	0.658726	28.879
1855	-0.0104234	0.769595	0.658718	28.8865
1856	-0.0101197	0.769153	0.658688	28.894
1857	-0.0100789	0.768712	0.658403	28.9015
1858	-0.0103778	0.768265	0.658261	28.909
1859	-0.0107235	0.76781	0.657963	28.9165
1860	-0.0111022	0.767347	0.657445	28.9239
1861	-0.0112163	0.766881	0.657258	28.9314
1862	-0.01168	0.766405	0.656817	28.9389
1863	-0.0114134	0.765935	0.655842	28.9463
1864	-0.0118796	0.765455	0.655549	28.9537
1865	-0.0127046	0.764955	0.656054	28.9611
1866	-0.0127488	0.764456	0.656154	28.9686
1867	-0.0124053	0.763964	0.656359	28.976
1868	-0.0122114	0.763478	0.656874	28.9834
1869	-0.0120784	0.762994	0.656895	28.9909
1870	-0.0119659	0.762514	0.657158	28.9983
1871	-0.011809	0.762037	0.657211	29.0058
1872	-0.0114515	0.76157	0.657923	29.0132
1873	-0.0118555	0.761093	0.65834	29.0207
1874	-0.0122623	0.760607	0.658093	29.0281
1875	-0.0122686	0.760121	0.658529	29.0356
1876	-0.012126	0.759639	0.659086	29.0431
1877	-0.0118461	0.759163	0.659105	29.0506
1878	-0.0122814	0.758678	0.659088	29.058
1879	-0.0118584	0.758203	0.659216	29.0655
1880	-0.0122587	0.757719	0.658867	29.073
1881	-0.0126778	0.757225	0.659023	29.0804
1882	-0.0128969	0.756727	0.658684	29.0879
1883	-0.0127372	0.756233	0.658566	29.0954
1884	-0.0130176	0.755733	0.657753	29.1028
1885	-0.0132381	0.755228	0.657274	29.1102
1886	-0.0136656	0.754713	0.657022	29.1176
1887	-0.0135939	0.754201	0.65697	29.125
1888	-0.0135084	0.753691	0.657275	29.1324
1889	-0.0130719	0.753191	0.657202	29.1398
1890	-0.0125576	0.752703	0.657028	29.1472
1891	-0.0129335	0.752207	0.656931	29.1546
1892	-0.0133783	0.751701	0.657059	29.162
1893	-0.0131711	0.7512	0.655765	29.1694
1894	-0.0128771	0.750706	0.655991	29.1768
1895	-0.0122642	0.750226	0.656564	29.1842
1896	-0.0122985	0.749747	0.656159	29.1915
1897	-0.0134189	0.749241	0.657147	29.1989
1898	-0.0134932	0.748734	0.657051	29.2063
1899	-0.0135218	0.748227	0.657336	29.2137
1900	-0.0130156	0.747732	0.657093	29.2211
1901	-0.0133729	0.747229	0.657418	29.2285
1902	-0.0128005	0.74674	0.65672	29.2359
1903	-0.0126282	0.746254	0.656099	29.2432
1904	-0.0126462	0.745769	0.654963	29.2506
1905	-0.0127287	0.745282	0.654034	29.2579
1906	-0.0133702	0.74478	0.65358	29.2652
1907	-0.0126748	0.744295	0.654189	29.2725
1908	-0.0122917	0.743819	0.654512	29.2798
1909	-0.0115494	0.74336	0.655462	29.2871
1910	-0.0110748	0.742912	0.655218	29.2944
1911	-0.0112587	0.742461	0.654822	29.3017
1912	-0.0117917	0.741997	0.654087	29.309
1913	-0.0114542	0.741542	0.653272	29.3163
1914	-0.011393	0.741088	0.652491	29.3236
1915	-0.0114294	0.740634	0.652624	29.3308
1916	-0.0110392	0.740188	0.652585	29.3381
1917	-0.01003	0.739767	0.653813	29.3454
1918	-0.00919421	0.739364	0.654614	29.3527
1919	-0.00928786	0.73896	0.654229	29.3599
1920	-0.00909828	0.73856	0.65441	29.3672
1921	-0.00938318	0.738154	0.653823	29.3745
1922	-0.00941176	0.737747	0.654127	29.3818
1923	-0.00995758	0.737329	0.654382	29.3891
1924	-0.0102294	0.736904	0.653759	29.3963
1925	-0.0105702	0.736472	0.653292	29.4036
1926	-0.0106439	0.736039	0.653175	29.4108
1927	-0.00956809	0.73563	0.653563	29.4181
1928	-0.00986705	0.735215	0.653487	29.4253
1929	-0.0095419	0.734808	0.651876	29.4326
1930	-0.00947897	0.734402	0.652382	29.4398
1931	-0.0097375	0.73399	0.652704	29.447
1932	-0.00970969	0.73358	0.651832	29.4542
1933	-0.009713	0.733169	0.650506	29.4614
1934	-0.0100066	0.732752	0.650815	29.4686
1935	-0.0106899	0.73232	0.651051	29.4758
1936	-0.0108289	0.731885	0.650677	29.4829
1937	-0.010587	0.731456	0.6508	29.4901
1938	-0.0104442	0.731031	0.651064	29.4973
1939	-0.0107705	0.730598	0.651144	29.5045
1940	-0.00992249	0.730184	0.651614	29.5117
1941	-0.00982621	0.729774	0.65102	29.5188
1942	-0.00933279	0.729374	0.651287	29.526
1943	-0.00971925	0.728966	0.651056	29.5332
1944	-0.00995591	0.728553	0.650828	29.5403
1945	-0.00979995	0.728144	0.650331	29.5475
1946	-0.0094663	0.727743	0.65037	29.5547
1947	-0.0094842	0.727341	0.65074	29.5618
1948	-0.00962547	0.726937	0.650671	29.569
1949	-0.00990742	0.726526	0.649562	29.5761
1950	-0.00968368	0.726121	0.649411	29.5832
1951	-0.00952473	0.725719	0.648485	29.5903
1952	-0.00945525	0.72532	0.648247	29.5974
1953	-0.00959272	0.724917	0.649004	29.6045
1954	-0.00961867	0.724514	0.649345	29.6116
1955	-0.00942168	0.724116	0.649734	29.6187
1956	-0.0099395	0.723707	0.64944	29.6259
1957	-0.00934305	0.723311	0.649727	29.633
1958	-0.00951576	0.722911	0.649917	29.6401
1959	-0.00995124	0.722502	0.650175	29.6472
1960	-0.0101595	0.722089	0.650375	29.6543
1961	-0.00984052	0.721683	0.649584	29.6615
1962	-0.00944333	0.721286	0.648079	29.6685
1963	-0.00887922	0.720902	0.646238	29.6756
1964	-0.00901937	0.720515	0.646666	29.6826
1965	-0.00921684	0.720124	0.646248	29.6896
1966	-0.00960332	0.719725	0.646281	29.6966
1967	-0.010011	0.719316	0.646638	29.7037
1968	-0.00984587	0.718912	0.646478	29.7107
1969	-0.00967159	0.718512	0.646564	29.7177
1970	-0.0102351	0.718099	0.646606	29.7247
1971	-0.0101478	0.717689	0.646651	29.7318
1972	-0.0104382	0.717272	0.646315	29.7388
1973	-0.0102436	0.71686	0.646859	29.7458
1974	-0.0105191	0.716442	0.646231	29.7528
1975	-0.0112534	0.716007	0.646842	29.7598
1976	-0.01196	0.715557	0.647403	29.7669
1977	-0.0125516	0.715095	0.647532	29.7739
1978	-0.0128317	0.714626	0.647672	29.7809
