#	<x>	stDevX	<E>	stDevE
0	2.68244	0	6.75508	0
1	2.67064	2.67654	7.64142	7.19825
2	2.58039	3.73988	6.75975	9.97315
3	2.69184	4.6009	7.09539	12.2333
4	2.38889	5.20568	6.83188	14.0334
5	2.10191	5.63344	6.0449	15.3277
6	1.73678	5.89728	5.96699	16.48
7	1.30227	6.00426	5.4627	17.382
8	0.930704	5.99811	5.53473	18.2568
9	0.518363	5.88127	5.79627	19.1667
10	0.312249	5.72558	5.57145	19.9685
11	0.455652	5.63056	5.09604	20.6064
12	0.543159	5.57328	5.11235	21.2293
13	0.567738	5.53273	4.90529	21.7812
14	0.493649	5.48195	4.54262	22.2296
15	0.448013	5.42815	4.09885	22.5639
16	0.326212	5.35315	3.77768	22.822
17	0.291557	5.27814	3.53089	23.0262
18	0.225141	5.19558	3.27748	23.1786
19	0.249964	5.12553	3.36584	23.3566
20	0.2142	5.05389	3.48312	23.564
21	0.18798	4.98246	3.63182	23.8049
22	0.158251	4.91025	3.52668	24.025
23	0.155363	4.84246	3.37259	24.2153
24	0.229706	4.79376	3.0832	24.3509
25	0.30178	4.76247	3.21929	24.5162
26	0.292769	4.73219	3.10586	24.6623
27	0.30907	4.70747	3.09623	24.8091
28	0.28529	4.6806	3.01012	24.9424
29	0.236323	4.64709	2.91074	25.0603
30	0.186695	4.60705	2.77083	25.156
31	0.179994	4.56817	2.74367	25.2501
32	0.211751	4.53692	2.62561	25.3268
33	0.233855	4.51127	2.51739	25.3884
34	0.171691	4.47689	2.4418	25.4407
35	0.135468	4.43833	2.46296	25.4999
36	0.0997696	4.39581	2.5075	25.5692
37	0.0661928	4.34977	2.56834	25.6509
38	0.0513645	4.30325	2.57801	25.7362
39	0.0850726	4.2638	2.52134	25.8144
40	0.0860976	4.22608	2.53031	25.896
41	0.0766891	4.1884	2.54961	25.9821
42	0.0952512	4.15494	2.58135	26.0746
43	0.132923	4.12837	2.66245	26.1803
44	0.17947	4.10975	2.77839	26.304
45	0.17933	4.09199	2.80957	26.4327
46	0.13003	4.06795	2.82121	26.5633
47	0.118012	4.04312	2.80641	26.6919
48	0.12036	4.01953	2.76756	26.8152
49	0.140086	3.99958	2.644	26.9214
50	0.179946	3.98591	2.61879	27.0246
51	0.176621	3.97241	2.5239	27.1152
52	0.171621	3.95884	2.52514	27.2067
53	0.17903	3.94685	2.48946	27.2941
54	0.192482	3.93719	2.48412	27.3813
55	0.218472	3.93146	2.47431	27.4679
56	0.251912	3.93051	2.47579	27.5553
57	0.233368	3.92746	2.45621	27.6406
58	0.238081	3.92534	2.42015	27.7219
59	0.24489	3.9244	2.33029	27.7921
60	0.251043	3.92452	2.34636	27.8652
61	0.258621	3.92585	2.33701	27.9377
62	0.256879	3.92718	2.32026	28.0086
63	0.229727	3.92536	2.33777	28.0824
64	0.189486	3.91884	2.40055	28.1644
65	0.166213	3.9098	2.41	28.2479
66	0.165811	3.90107	2.34647	28.3241
67	0.137208	3.88922	2.34891	28.4009
68	0.143085	3.87846	2.35912	28.4793
69	0.17287	3.87157	2.36898	28.5593
70	0.183097	3.86618	2.27756	28.6287
71	0.194393	3.86237	2.19346	28.6887
72	0.215784	3.86127	2.15586	28.7449
73	0.21526	3.86031	2.16282	28.8024
74	0.205476	3.8584	2.16836	28.8611
75	0.193111	3.85528	2.13038	28.9159
76	0.202566	3.85343	2.15946	28.9745
77	0.214651	3.85312	2.14338	29.0317
78	0.190788	3.8503	2.1058	29.0851
79	0.175173	3.84593	2.09076	29.1374
80	0.187483	3.84312	2.11744	29.193
81	0.185198	3.84023	2.11882	29.2493
82	0.215779	3.84085	2.14078	29.3082
83	0.2363	3.84382	2.16512	29.3702
84	0.215001	3.8446	2.18973	29.4351
85	0.232107	3.84733	2.21119	29.5026
86	0.24215	3.85123	2.2219	29.5713
87	0.259036	3.85699	2.25976	29.6443
88	0.260628	3.86298	2.29552	29.7211
89	0.262035	3.86917	2.27672	29.7961
90	0.263868	3.8756	2.28493	29.8719
91	0.273288	3.88304	2.24843	29.9441
92	0.257692	3.88892	2.25899	30.0174
93	0.234914	3.8925	2.2472	30.0896
94	0.231999	3.89585	2.21703	30.1587
95	0.218671	3.89793	2.21606	30.2279
96	0.230981	3.90132	2.20505	30.2961
97	0.233976	3.90509	2.12973	30.3567
98	0.225133	3.90803	2.04833	30.4094
99	0.227728	3.9113	2.07922	30.4654
100	0.229154	3.91477	2.03018	30.5167
101	0.191168	3.91456	2.08279	30.5735
102	0.139369	3.90936	2.19074	30.641
103	0.122955	3.9027	2.22386	30.7118
104	0.118811	3.8958	2.23654	30.7838
105	0.103041	3.88751	2.224	30.8546
106	0.097023	3.87881	2.24016	30.927
107	0.0786005	3.86851	2.24293	30.9997
108	0.062617	3.85686	2.27743	31.0756
109	0.0651795	3.84563	2.23775	31.1477
110	0.0711387	3.83515	2.23158	31.2192
111	0.0802607	3.8257	2.23195	31.2908
112	0.0723722	3.81566	2.22092	31.3613
113	0.0829783	3.80678	2.22811	31.4324
114	0.113011	3.80083	2.29522	31.5097
115	0.121346	3.79577	2.32173	31.5894
116	0.141336	3.79266	2.34623	31.6713
117	0.145019	3.78999	2.36642	31.7549
118	0.160827	3.78885	2.37789	31.8394
119	0.157844	3.78751	2.38444	31.9243
120	0.17094	3.78744	2.40095	32.0106
121	0.176004	3.78788	2.38613	32.0954
122	0.180973	3.78883	2.36607	32.1782
123	0.167211	3.7886	2.36027	32.2603
124	0.159783	3.78777	2.27054	32.3343
125	0.165994	3.78756	2.2589	32.4073
126	0.173484	3.78807	2.25847	32.48
127	0.166158	3.78799	2.29258	32.5558
128	0.168226	3.78815	2.3018	32.6322
129	0.173812	3.78885	2.30352	32.7087
130	0.171285	3.78938	2.30682	32.7853
131	0.171995	3.79002	2.30464	32.8617
132	0.174977	3.79097	2.28792	32.9365
133	0.186283	3.79294	2.25678	33.0085
134	0.19105	3.79535	2.24548	33.0795
135	0.195801	3.79821	2.24456	33.1503
136	0.21413	3.80265	2.28517	33.2245
137	0.227453	3.80824	2.26853	33.2972
138	0.253031	3.816	2.29714	33.3723
139	0.250804	3.82356	2.31333	33.4485
140	0.25003	3.83106	2.3215	33.5254
141	0.241379	3.83783	2.32227	33.6021
142	0.250358	3.84534	2.34669	33.6808
143	0.244529	3.85237	2.34281	33.7591
144	0.246611	3.85956	2.36434	33.8389
145	0.250354	3.86706	2.39226	33.9209
146	0.240177	3.87372	2.42462	34.0055
147	0.244033	3.88069	2.45059	34.0919
148	0.235308	3.88695	2.47013	34.1798
149	0.229165	3.8927	2.47825	34.2681
150	0.224282	3.89807	2.49742	34.3578
151	0.219025	3.90302	2.52025	34.4491
152	0.211395	3.90736	2.52833	34.5408
153	0.225451	3.91285	2.52878	34.6323
154	0.228883	3.91861	2.51579	34.7225
155	0.231537	3.92459	2.4836	34.81
156	0.238477	3.93112	2.46845	34.8961
157	0.230066	3.93699	2.45678	34.981
158	0.231073	3.94293	2.4447	35.0648
159	0.242535	3.94979	2.4419	35.1482
160	0.247326	3.95701	2.43254	35.2306
161	0.252087	3.9646	2.41	35.3112
162	0.258252	3.97266	2.40098	35.3908
163	0.264865	3.98122	2.40065	35.4703
164	0.273736	3.99046	2.38402	35.5484
165	0.276115	3.99986	2.39761	35.6273
166	0.263264	4.00825	2.38583	35.7052
167	0.259168	4.01631	2.37463	35.7821
168	0.252596	4.02385	2.37309	35.8587
169	0.234857	4.03003	2.37761	35.9355
170	0.224137	4.03539	2.40894	36.0146
171	0.215471	4.04009	2.43764	36.0957
172	0.226316	4.04562	2.46824	36.1789
173	0.222205	4.05085	2.48364	36.2632
174	0.220329	4.05593	2.50234	36.3486
175	0.220197	4.06101	2.50068	36.4337
176	0.219067	4.066	2.4978	36.5185
177	0.213306	4.07057	2.47066	36.601
178	0.225678	4.07607	2.45632	36.6823
179	0.216098	4.08086	2.44026	36.7622
180	0.208838	4.08511	2.39228	36.8384
181	0.204373	4.08905	2.36493	36.9124
182	0.193919	4.09222	2.34098	36.9846
183	0.186834	4.09488	2.33948	37.0565
184	0.173742	4.09659	2.34048	37.1283
185	0.1757	4.09848	2.3534	37.201
186	0.176648	4.10044	2.31419	37.2708
187	0.17897	4.1026	2.32344	37.341
188	0.174407	4.10444	2.34143	37.4125
189	0.178121	4.10657	2.33065	37.4831
190	0.188433	4.10946	2.35149	37.555
191	0.191623	4.1126	2.36553	37.6279
192	0.191479	4.11573	2.33643	37.6986
193	0.192485	4.11895	2.33386	37.7689
194	0.180659	4.12133	2.35562	37.8407
195	0.174172	4.12327	2.34754	37.9118
196	0.167521	4.12475	2.35709	37.9834
197	0.169189	4.12637	2.34944	38.0544
198	0.164642	4.12768	2.32932	38.1239
199	0.167939	4.12925	2.32639	38.193
200	0.16999	4.13097	2.3219	38.2617
201	0.152905	4.13152	2.33826	38.3315
202	0.147177	4.13168	2.33583	38.401
203	0.149667	4.13205	2.30456	38.4682
204	0.150239	4.13248	2.3004	38.535
205	0.151526	4.13301	2.30444	38.6019
206	0.145115	4.13313	2.31989	38.6699
207	0.149044	4.13354	2.31687	38.7375
208	0.155069	4.13439	2.31743	38.8051
209	0.156772	4.13537	2.30721	38.8719
210	0.161745	4.13671	2.28729	38.9372
211	0.161765	4.13808	2.27646	39.0017
212	0.16105	4.13941	2.27949	39.0663
213	0.154936	4.14034	2.2939	39.1317
214	0.166467	4.14207	2.31607	39.1986
215	0.173385	4.14428	2.31187	39.2652
216	0.172926	4.14648	2.30416	39.3311
217	0.174412	4.14879	2.29197	39.396
218	0.174264	4.1511	2.28259	39.4603
219	0.170685	4.15318	2.2838	39.5246
220	0.168882	4.15515	2.29415	39.5894
221	0.174355	4.1575	2.29661	39.6543
222	0.172903	4.15976	2.28074	39.7181
223	0.169249	4.16179	2.28581	39.7821
224	0.17029	4.1639	2.2962	39.8468
225	0.172336	4.16615	2.28966	39.9109
226	0.1752	4.16861	2.27461	39.9739
227	0.175896	4.17112	2.27156	40.0366
228	0.171742	4.17337	2.23903	40.0971
229	0.16498	4.17518	2.22669	40.1568
230	0.167608	4.17718	2.22663	40.2163
231	0.164264	4.17897	2.23138	40.2761
232	0.163667	4.18073	2.23694	40.3362
233	0.169403	4.18287	2.23773	40.3963
234	0.175753	4.18544	2.23426	40.456
235	0.177508	4.18813	2.20976	40.5141
236	0.171862	4.19047	2.20928	40.5721
237	0.166766	4.19248	2.22275	40.6309
238	0.162857	4.19425	2.19086	40.6876
239	0.170725	4.19653	2.20903	40.7454
240	0.180628	4.19947	2.22264	40.804
241	0.1848	4.20267	2.20791	40.8616
242	0.189626	4.20619	2.22382	40.9202
243	0.188624	4.20965	2.21554	40.9781
244	0.183886	4.21281	2.20681	41.0354
245	0.178815	4.21565	2.22487	41.0939
246	0.174093	4.2182	2.23906	41.1531
247	0.171827	4.22061	2.2342	41.212
248	0.174546	4.2232	2.24815	41.2717
249	0.180448	4.22617	2.24167	41.3309
250	0.176984	4.22892	2.23286	41.3894
251	0.173825	4.23148	2.23747	41.4482
252	0.172231	4.23395	2.23262	41.5066
253	0.16516	4.23599	2.17799	41.5616
254	0.164043	4.23796	2.18062	41.6166
255	0.164953	4.23999	2.1906	41.6722
256	0.166677	4.24215	2.20057	41.7284
257	0.16491	4.2442	2.19745	41.7843
258	0.163281	4.24615	2.20293	41.8405
259	0.162039	4.24804	2.21467	41.8973
260	0.162985	4.24999	2.22507	41.9548
261	0.166513	4.25217	2.2336	42.0126
262	0.161504	4.25405	2.23772	42.0707
263	0.15944	4.25581	2.23997	42.1289
264	0.159166	4.25757	2.24979	42.1876
265	0.161494	4.25947	2.26266	42.2469
266	0.158033	4.26117	2.25558	42.3058
267	0.162084	4.26312	2.25285	42.3645
268	0.158165	4.26485	2.24593	42.4226
269	0.158167	4.26658	2.24314	42.4806
270	0.150588	4.26786	2.25237	42.539
271	0.153544	4.26933	2.25431	42.5974
272	0.159879	4.27119	2.25915	42.6561
273	0.151654	4.27256	2.25642	42.7146
274	0.152585	4.274	2.26801	42.7736
275	0.155165	4.2756	2.27877	42.8333
276	0.14954	4.27687	2.28689	42.8933
277	0.142414	4.27773	2.28907	42.9534
278	0.135713	4.27819	2.29112	43.0136
279	0.131136	4.2784	2.28783	43.0734
280	0.132021	4.27867	2.29615	43.1337
281	0.13339	4.27903	2.3039	43.1944
282	0.140217	4.27981	2.30902	43.2553
283	0.145279	4.2809	2.31358	43.3164
284	0.146321	4.28206	2.31212	43.3773
285	0.143965	4.28309	2.32064	43.4387
286	0.137312	4.28374	2.34072	43.5011
287	0.137069	4.28439	2.33203	43.563
288	0.139344	4.28518	2.33483	43.6249
289	0.133634	4.28564	2.34212	43.6872
290	0.130071	4.28591	2.32817	43.7486
291	0.130919	4.28624	2.30445	43.8085
292	0.126727	4.28633	2.30951	43.8686
293	0.120607	4.28608	2.31449	43.929
294	0.118457	4.28572	2.30225	43.9885
295	0.116987	4.28529	2.28428	44.0469
296	0.113972	4.2847	2.27761	44.1049
297	0.112088	4.28401	2.27603	44.1627
298	0.113894	4.28344	2.27679	44.2205
299	0.11274	4.28281	2.26515	44.2775
300	0.115787	4.28238	2.26023	44.3342
301	0.115662	4.28195	2.23436	44.3894
302	0.113446	4.28141	2.21164	44.4432
303	0.106587	4.28049	2.21348	44.497
304	0.10598	4.27955	2.20568	44.5503
305	0.111336	4.27893	2.22234	44.6045
306	0.115568	4.27856	2.23612	44.6595
307	0.113354	4.27808	2.2188	44.7134
308	0.114725	4.27769	2.22103	44.7674
309	0.113579	4.27725	2.22132	44.8213
310	0.112457	4.27676	2.20183	44.874
311	0.113124	4.27631	2.20212	44.9268
312	0.107725	4.27558	2.19681	44.9792
313	0.109447	4.27495	2.19209	45.0312
314	0.111847	4.27447	2.18477	45.0828
315	0.114621	4.27416	2.18475	45.1344
316	0.117733	4.27404	2.17605	45.1854
317	0.120747	4.2741	2.17326	45.2362
318	0.121509	4.27421	2.17365	45.2869
319	0.12436	4.27448	2.16785	45.3373
320	0.123144	4.2747	2.15573	45.387
321	0.113396	4.27439	2.15945	45.4369
322	0.107383	4.27376	2.15859	45.4866
323	0.105809	4.27305	2.16689	45.5368
324	0.104632	4.27228	2.17153	45.5872
325	0.103777	4.27148	2.17317	45.6376
326	0.108204	4.27094	2.18029	45.6883
327	0.111439	4.27059	2.18743	45.7394
328	0.115986	4.2705	2.17888	45.79
329	0.112286	4.27022	2.1737	45.8403
330	0.114771	4.27008	2.17906	45.8908
331	0.121418	4.27032	2.18035	45.9413
332	0.125452	4.27078	2.18055	45.9918
333	0.125759	4.27127	2.16618	46.0415
334	0.128048	4.2719	2.15631	46.0905
335	0.125098	4.27237	2.13916	46.1386
336	0.127068	4.27296	2.12814	46.1861
337	0.123618	4.27337	2.12575	46.2334
338	0.127198	4.27397	2.13734	46.2812
339	0.129206	4.2747	2.14559	46.3295
340	0.138041	4.27591	2.17116	46.3791
341	0.136814	4.27706	2.1686	46.4286
342	0.133567	4.27804	2.17089	46.4781
343	0.135334	4.27912	2.17747	46.5279
344	0.134832	4.28018	2.17228	46.5774
345	0.126965	4.28083	2.18929	46.6278
346	0.123669	4.2813	2.19035	46.6782
347	0.122147	4.2817	2.20084	46.729
348	0.121944	4.2821	2.20219	46.7799
349	0.121197	4.28246	2.19689	46.8305
350	0.116416	4.28258	2.19344	46.8809
351	0.117528	4.28277	2.18818	46.9309
352	0.125115	4.28336	2.19311	46.9811
353	0.131471	4.2843	2.2073	47.032
354	0.130347	4.28519	2.21342	47.0833
355	0.128097	4.28596	2.2124	47.1344
356	0.132203	4.28696	2.21667	47.1856
357	0.135855	4.28816	2.22075	47.2371
358	0.135677	4.28935	2.21437	47.2881
359	0.133102	4.29041	2.22055	47.3395
360	0.135042	4.29158	2.21845	47.3906
361	0.140857	4.29305	2.23084	47.4424
362	0.146753	4.29484	2.24662	47.4949
363	0.153158	4.29697	2.24345	47.5473
364	0.158848	4.2994	2.23288	47.599
365	0.15986	4.30189	2.2226	47.6501
366	0.15549	4.30414	2.20816	47.7004
367	0.151315	4.30618	2.19192	47.7499
368	0.147644	4.30804	2.18462	47.7989
369	0.147967	4.30991	2.17453	47.8473
370	0.149787	4.31188	2.18223	47.8961
371	0.150163	4.31387	2.16975	47.9442
372	0.150878	4.3159	2.16475	47.992
373	0.152438	4.31801	2.14293	48.0386
374	0.153383	4.32018	2.13011	48.0845
375	0.152545	4.3223	2.11577	48.1297
376	0.154309	4.32452	2.11708	48.1749
377	0.15455	4.32675	2.11502	48.2199
378	0.157324	4.32912	2.11351	48.2649
379	0.155057	4.33138	2.1239	48.3103
380	0.152185	4.33349	2.12157	48.3556
381	0.153661	4.33568	2.13151	48.4013
382	0.15077	4.33773	2.13286	48.4471
383	0.147481	4.33961	2.13192	48.4928
384	0.151456	4.34169	2.13886	48.5388
385	0.155532	4.34398	2.13571	48.5846
386	0.159859	4.3465	2.13941	48.6306
387	0.161074	4.34908	2.11808	48.6754
388	0.161724	4.35169	2.10497	48.7196
389	0.159593	4.35419	2.09654	48.7632
390	0.157622	4.35659	2.08868	48.8065
391	0.154623	4.35885	2.08671	48.8496
392	0.153083	4.36102	2.09807	48.8933
393	0.151282	4.36311	2.09923	48.937
394	0.144479	4.36486	2.10856	48.9811
395	0.148044	4.36679	2.096	49.0246
396	0.150481	4.36884	2.09097	49.0678
397	0.148914	4.37082	2.08265	49.1105
398	0.147969	4.37275	2.07022	49.1526
399	0.14185	4.37438	2.06514	49.1944
400	0.143482	4.37609	2.06087	49.236
401	0.144503	4.37786	2.04556	49.2767
402	0.151884	4.37999	2.05494	49.3179
403	0.158346	4.38245	2.06073	49.3594
404	0.161692	4.38507	2.05568	49.4006
405	0.16411	4.38782	2.04406	49.4412
406	0.160355	4.39038	2.04012	49.4816
407	0.155709	4.3927	2.03282	49.5216
408	0.157076	4.3951	2.03728	49.5618
409	0.154304	4.39736	2.04331	49.6022
410	0.155465	4.39968	2.04585	49.6428
411	0.154422	4.40195	2.0496	49.6835
412	0.150285	4.40402	2.06024	49.7247
413	0.148915	4.40602	2.05402	49.7656
414	0.14264	4.40771	2.06807	49.8071
415	0.134716	4.40902	2.07743	49.8491
416	0.130195	4.41011	2.07474	49.8909
417	0.127324	4.41107	2.07542	49.9328
418	0.123951	4.41186	2.07774	49.9747
419	0.123844	4.41265	2.08632	50.017
420	0.118156	4.41317	2.07997	50.0589
421	0.117466	4.41367	2.06359	50.1
422	0.118111	4.41419	2.05329	50.1406
423	0.116567	4.41465	2.05385	50.1812
424	0.116157	4.4151	2.05082	50.2217
425	0.114311	4.41545	2.05797	50.2624
426	0.112887	4.41575	2.05869	50.3032
427	0.10853	4.41584	2.06094	50.344
428	0.101829	4.41561	2.0701	50.3853
429	0.102352	4.41542	2.06998	50.4265
430	0.104504	4.41533	2.07456	50.4679
431	0.10213	4.41514	2.05748	50.5085
432	0.099768	4.41484	2.0636	50.5493
433	0.104535	4.41477	2.07382	50.5906
434	0.106914	4.41483	2.07616	50.632
435	0.105155	4.4148	2.08285	50.6737
436	0.103069	4.41469	2.07145	50.7148
437	0.0991795	4.41439	2.07662	50.7561
438	0.101108	4.41419	2.08456	50.7977
439	0.101113	4.414	2.08971	50.8396
440	0.0985223	4.41369	2.09546	50.8818
441	0.0973914	4.41333	2.10549	50.9243
442	0.097901	4.413	2.10574	50.9669
443	0.0964663	4.41262	2.10713	51.0095
444	0.0927188	4.41206	2.10287	51.0518
445	0.0874919	4.41126	2.11151	51.0946
446	0.0840122	4.4103	2.11841	51.1376
447	0.0749587	4.40892	2.13977	51.1816
448	0.0672709	4.40719	2.15393	51.2262
449	0.0649991	4.40537	2.15368	51.2708
450	0.0646422	4.40353	2.15687	51.3155
451	0.0665286	4.40179	2.16678	51.3607
452	0.0664034	4.40006	2.17397	51.4061
453	0.0648343	4.39826	2.17911	51.4517
454	0.0613309	4.39631	2.18471	51.4976
455	0.0615933	4.39438	2.17822	51.5431
456	0.05999	4.39238	2.16406	51.5879
457	0.0615469	4.39046	2.16519	51.6328
458	0.0654671	4.38874	2.17672	51.6781
459	0.0685358	4.38717	2.17385	51.7233
460	0.0718959	4.38577	2.17643	51.7685
461	0.0764743	4.38458	2.1789	51.8138
462	0.0726089	4.38322	2.18002	51.8592
463	0.0716469	4.38183	2.17344	51.9042
464	0.0717739	4.38045	2.16415	51.9487
465	0.0731712	4.37915	2.15871	51.993
466	0.0707206	4.37773	2.15908	52.0372
467	0.0678908	4.3762	2.15592	52.0812
468	0.0682871	4.37469	2.15331	52.1251
469	0.0665078	4.37311	2.14426	52.1686
470	0.0638183	4.37141	2.13707	52.2116
471	0.0625394	4.36966	2.13918	52.2548
472	0.0586179	4.36774	2.13156	52.2975
473	0.0567503	4.36575	2.12282	52.3399
474	0.0548227	4.36367	2.11722	52.3819
475	0.0504755	4.36141	2.11671	52.4239
476	0.0459905	4.35895	2.11318	52.4657
477	0.0455652	4.35648	2.11641	52.5076
478	0.0438265	4.35394	2.10646	52.549
479	0.0415175	4.3513	2.11118	52.5906
480	0.0410618	4.34866	2.09951	52.6316
481	0.0415878	4.34604	2.09663	52.6725
482	0.0423974	4.34348	2.0937	52.7133
483	0.0415649	4.34089	2.09809	52.7542
484	0.0400975	4.33824	2.10118	52.7952
485	0.04528	4.33583	2.1137	52.8367
486	0.0451939	4.33343	2.11599	52.8783
487	0.0415444	4.33088	2.11768	52.92
488	0.0382867	4.32819	2.11453	52.9615
489	0.0386099	4.32552	2.09878	53.0023
490	0.0379326	4.32283	2.08006	53.0422
491	0.0374499	4.32013	2.07397	53.0817
492	0.0404629	4.31758	2.05949	53.1206
493	0.0408883	4.31505	2.05837	53.1595
494	0.0423485	4.3126	2.05104	53.198
495	0.0447727	4.31027	2.03946	53.2359
496	0.047238	4.30806	2.0252	53.2732
497	0.0487271	4.30592	2.01893	53.3101
498	0.0491993	4.30381	2.01351	53.3469
499	0.0501262	4.30175	1.99614	53.3828
500	0.0504065	4.29972	1.97754	53.4178
501	0.0471152	4.29754	1.98275	53.4531
502	0.0437153	4.29522	1.98606	53.4885
503	0.043149	4.29289	1.98774	53.524
504	0.0440858	4.2906	1.98935	53.5595
505	0.0451826	4.28838	1.98797	53.595
506	0.0423758	4.28603	1.98772	53.6304
507	0.0455603	4.28384	1.98907	53.6658
508	0.0462554	4.28169	1.9883	53.7012
509	0.0440769	4.27945	1.99067	53.7367
510	0.0444584	4.27723	1.99371	53.7723
511	0.0460254	4.27509	1.99504	53.808
512	0.0461383	4.27297	1.99793	53.8437
513	0.0477704	4.27092	2.00066	53.8796
514	0.0489036	4.26893	2.00483	53.9156
515	0.0449913	4.26678	2.01432	53.952
516	0.0404129	4.26444	2.02521	53.9889
517	0.0325448	4.26175	2.04066	54.0265
518	0.0296666	4.25896	2.03174	54.0636
519	0.0336063	4.25634	2.03278	54.1007
520	0.0357568	4.25382	2.02913	54.1377
521	0.0409122	4.25154	2.03602	54.1749
522	0.0477387	4.24957	2.05065	54.2128
523	0.0484699	4.24764	2.03475	54.25
524	0.0442048	4.24553	2.03649	54.2872
525	0.0417167	4.24331	2.03083	54.3241
526	0.0414343	4.2411	2.03287	54.3611
527	0.0387425	4.23877	2.04055	54.3984
528	0.0376821	4.23641	2.0385	54.4356
529	0.0401149	4.23416	2.04328	54.473
530	0.0419664	4.23199	2.04657	54.5105
531	0.0416712	4.22983	2.03882	54.5477
532	0.0380842	4.22751	2.0439	54.585
533	0.0372435	4.22517	2.04527	54.6224
534	0.037977	4.22287	2.05013	54.66
535	0.0396646	4.22065	2.0464	54.6974
536	0.041531	4.21851	2.04775	54.7348
537	0.0406065	4.21635	2.03456	54.7716
538	0.0351773	4.21395	2.04087	54.8087
539	0.0310579	4.21139	2.03285	54.8454
540	0.027997	4.20871	2.02687	54.8819
541	0.0263546	4.20596	2.02173	54.9181
542	0.0258774	4.2032	2.02214	54.9543
543	0.0258523	4.20045	2.01954	54.9904
544	0.0248338	4.19767	2.01672	55.0263
545	0.0252926	4.19491	2.01855	55.0623
546	0.0239042	4.1921	2.01596	55.0981
547	0.0233718	4.18928	2.00937	55.1337
548	0.0254814	4.18656	2.01642	55.1695
549	0.0270366	4.18391	2.02069	55.2055
550	0.0259618	4.18122	2.0203	55.2415
551	0.024084	4.17846	2.02459	55.2776
552	0.0213851	4.1756	2.02329	55.3136
553	0.0179694	4.1726	2.02281	55.3497
554	0.0191214	4.16966	2.02317	55.3857
555	0.0205122	4.16678	2.01386	55.4213
556	0.0161352	4.16373	2.01997	55.4571
557	0.0157424	4.16067	2.02508	55.4931
558	0.0138532	4.15754	2.02322	55.529
559	0.0141808	4.15443	2.02782	55.5651
560	0.0161775	4.15141	2.02673	55.6012
561	0.0175785	4.14846	2.02444	55.6371
562	0.0212208	4.14568	2.02674	55.6731
563	0.0182003	4.14277	2.0321	55.7093
564	0.0152061	4.13975	2.03794	55.7457
565	0.0163696	4.13679	2.03176	55.7819
566	0.0170745	4.13386	2.03194	55.818
567	0.0201369	4.13107	2.03744	55.8543
568	0.0208259	4.12832	2.02557	55.8902
569	0.0190554	4.1255	2.02599	55.926
570	0.0155512	4.12254	2.03176	55.962
571	0.0144561	4.11955	2.03451	55.9982
572	0.0124381	4.11648	2.036	56.0343
573	0.0100032	4.11331	2.03906	56.0706
574	0.0108499	4.11019	2.03647	56.1068
575	0.0100957	4.10705	2.03219	56.1428
576	0.0111304	4.10396	2.02948	56.1786
577	0.0105932	4.10085	2.02394	56.2142
578	0.00604893	4.09757	2.02689	56.2498
579	0.000905852	4.09408	2.0208	56.2853
580	-0.00446197	4.09037	2.03007	56.321
581	-0.00773555	4.08654	2.03706	56.3571
582	-0.0105089	4.08261	2.036	56.393
583	-0.0145678	4.07851	2.04081	56.4292
584	-0.0154508	4.07439	2.03777	56.4652
585	-0.0130225	4.07039	2.02948	56.5009
586	-0.011392	4.06645	2.03232	56.5366
587	-0.0134029	4.06245	2.03429	56.5724
588	-0.016469	4.05832	2.03366	56.6082
589	-0.0176115	4.05417	2.03307	56.6439
590	-0.019371	4.04994	2.0321	56.6796
591	-0.0163959	4.04585	2.02407	56.7149
592	-0.014614	4.04185	2.0198	56.75
593	-0.0139805	4.03788	2.01061	56.7847
594	-0.013408	4.03394	2.00985	56.8194
595	-0.0128958	4.03003	2.00758	56.8539
596	-0.0105533	4.02623	2.01466	56.8888
597	-0.0113816	4.0224	2.01561	56.9236
598	-0.0146633	4.01845	2.01669	56.9585
599	-0.015214	4.01448	2.01064	56.9931
600	-0.015108	4.01053	2.00422	57.0274
601	-0.0137809	4.00664	2.00907	57.0619
602	-0.0141384	4.00275	2.0067	57.0963
603	-0.0124072	3.99894	2.00967	57.1308
604	-0.0120566	3.99515	2.01372	57.1655
605	-0.0133723	3.99131	2.01894	57.2003
606	-0.014436	3.98744	2.02027	57.2352
607	-0.01569	3.98353	2.01248	57.2697
608	-0.0164996	3.9796	2.01882	57.3045
609	-0.0181493	3.9756	2.0225	57.3394
610	-0.0169837	3.97167	2.02904	57.3746
611	-0.0156636	3.9678	2.02372	57.4095
612	-0.0176392	3.96385	2.01919	57.4442
613	-0.0170287	3.95994	2.01585	57.4788
614	-0.0167323	3.95605	2.01627	57.5133
615	-0.0179759	3.95212	2.01938	57.548
616	-0.0164856	3.94826	2.01723	57.5826
617	-0.0138591	3.94451	2.01593	57.6171
618	-0.0121129	3.94084	2.01085	57.6513
619	-0.00906209	3.9373	2.0153	57.6858
620	-0.00492213	3.93394	2.02408	57.7205
621	-0.00658106	3.93052	2.0256	57.7553
622	-0.00635343	3.92711	2.03061	57.7903
623	-0.00340652	3.92383	2.03927	57.8257
624	-0.00429116	3.92053	2.04273	57.8611
625	-0.00471931	3.91721	2.0489	57.8968
626	-0.00545152	3.91387	2.04751	57.9324
627	-0.00581706	3.91053	2.04531	57.9678
628	-0.00287101	3.90731	2.04538	58.0033
629	-0.00541348	3.904	2.04465	58.0387
630	-0.00438235	3.90073	2.03722	58.0738
631	-0.0037754	3.8975	2.03246	58.1087
632	-0.00493424	3.89423	2.03247	58.1436
633	-0.00702498	3.89088	2.03588	58.1786
634	-0.00943889	3.88745	2.03973	58.2137
635	-0.00929652	3.88403	2.04132	58.2489
636	-0.00774045	3.88068	2.03182	58.2836
637	-0.00501754	3.87744	2.03626	58.3186
638	-0.00514311	3.87421	2.03506	58.3534
639	-0.000738611	3.87115	2.0371	58.3884
640	-0.00245606	3.86804	2.03359	58.4231
641	-0.00189026	3.86496	2.03798	58.4581
642	-0.00408038	3.8618	2.03741	58.4929
643	-0.00716314	3.85852	2.04299	58.528
644	-0.00722837	3.85525	2.04897	58.5633
645	-0.00871308	3.85192	2.04755	58.5985
646	-0.00519881	3.84875	2.05081	58.6339
647	-0.00633004	3.84553	2.0522	58.6692
648	-0.00612093	3.84233	2.05111	58.7045
649	-0.00640375	3.83913	2.04996	58.7398
650	-0.010339	3.83578	2.05494	58.7752
651	-0.00998758	3.83245	2.05007	58.8104
652	-0.0133122	3.829	2.05219	58.8457
653	-0.0125624	3.82558	2.05385	58.881
654	-0.0115015	3.82222	2.05372	58.9163
655	-0.0105605	3.81889	2.04959	58.9514
656	-0.011428	3.81555	2.0435	58.9862
657	-0.014792	3.81207	2.04388	59.0211
658	-0.0183458	3.80847	2.05196	59.0562
659	-0.0205566	3.80479	2.05541	59.0915
660	-0.0191288	3.80117	2.05172	59.1266
661	-0.0196367	3.79754	2.04716	59.1615
662	-0.0203513	3.79389	2.04696	59.1963
663	-0.0184075	3.79032	2.04259	59.231
664	-0.0169098	3.78682	2.04156	59.2656
665	-0.0190152	3.78325	2.0452	59.3004
666	-0.0187123	3.77969	2.05182	59.3354
667	-0.0179458	3.77617	2.05179	59.3703
668	-0.0175888	3.77267	2.05221	59.4053
669	-0.0209354	3.76905	2.05716	59.4404
670	-0.019843	3.76548	2.06056	59.4757
671	-0.0197915	3.76192	2.06558	59.5111
672	-0.0176585	3.75845	2.07317	59.5468
673	-0.0173924	3.75499	2.06304	59.5821
674	-0.0188542	3.75149	2.0548	59.617
675	-0.0215413	3.74789	2.04873	59.6517
676	-0.0241736	3.74419	2.04498	59.6862
677	-0.0248471	3.74048	2.0423	59.7206
678	-0.0262522	3.73672	2.04589	59.7552
679	-0.0263244	3.73297	2.03601	59.7893
680	-0.0294201	3.72911	2.02722	59.8231
681	-0.034368	3.72506	2.02362	59.8567
682	-0.0359845	3.72096	2.00693	59.8897
683	-0.0388168	3.71676	2.00751	59.9226
684	-0.0356495	3.71269	2.01222	59.9558
685	-0.0335107	3.70871	2.01081	59.9888
686	-0.0338661	3.70472	2.01366	60.022
687	-0.0338442	3.70074	2.01404	60.0552
688	-0.0329751	3.6968	2.01382	60.0883
689	-0.0340647	3.69283	2.01356	60.1214
690	-0.0311954	3.68898	2.01594	60.1546
691	-0.0295952	3.68519	2.01715	60.1878
692	-0.0287291	3.68144	2.0194	60.2211
693	-0.0251514	3.67784	2.01997	60.2543
694	-0.0272521	3.67416	2.01186	60.2873
695	-0.0251294	3.67058	2.01573	60.3204
696	-0.0245369	3.66702	2.01335	60.3534
697	-0.0244127	3.66347	2.00878	60.3862
698	-0.0266514	3.65984	2.0062	60.4188
699	-0.0271355	3.65621	2.00433	60.4514
700	-0.027666	3.65256	1.9997	60.4838
701	-0.0264438	3.64896	1.99944	60.5162
702	-0.0241962	3.64546	1.99838	60.5485
703	-0.0225086	3.64202	1.995	60.5807
704	-0.0254829	3.63849	2.00188	60.6131
705	-0.028434	3.63484	2.00344	60.6456
706	-0.0307891	3.63112	2.00146	60.678
707	-0.0316061	3.62737	1.99725	60.7102
708	-0.0305182	3.62367	1.99945	60.7424
709	-0.0302668	3.61998	2.00138	60.7748
710	-0.0308974	3.61628	1.99975	60.807
711	-0.0320393	3.61255	1.99883	60.8392
712	-0.0318481	3.60882	1.98591	60.8709
713	-0.0324518	3.60508	1.97905	60.9024
714	-0.0320764	3.60137	1.97846	60.9337
715	-0.0317543	3.59767	1.9777	60.9651
716	-0.0312803	3.594	1.97617	60.9964
717	-0.0294127	3.5904	1.97448	61.0276
718	-0.0287123	3.58683	1.96405	61.0584
719	-0.0298416	3.58324	1.96608	61.0892
720	-0.0337675	3.5795	1.97557	61.1204
721	-0.0329456	3.57579	1.96925	61.1514
722	-0.0321229	3.57213	1.9538	61.1818
723	-0.032898	3.56844	1.93779	61.2115
724	-0.0339404	3.56473	1.93976	61.2413
725	-0.034451	3.561	1.94243	61.2713
726	-0.0364372	3.5572	1.94492	61.3012
727	-0.0370429	3.55339	1.94627	61.3313
728	-0.0379565	3.54955	1.94644	61.3613
729	-0.0396412	3.54565	1.94843	61.3914
730	-0.0404241	3.54174	1.94938	61.4215
731	-0.0427187	3.53774	1.94968	61.4516
732	-0.0439232	3.53371	1.94013	61.4813
733	-0.0437946	3.52969	1.9228	61.5104
734	-0.044227	3.52566	1.9248	61.5395
735	-0.0428286	3.52169	1.92525	61.5687
736	-0.0433497	3.51771	1.92221	61.5977
737	-0.0466104	3.51361	1.92808	61.627
738	-0.0442443	3.50961	1.93258	61.6563
739	-0.0438906	3.50563	1.93259	61.6857
740	-0.0427019	3.5017	1.92966	61.715
741	-0.0437602	3.49774	1.93595	61.7445
742	-0.0450286	3.49373	1.9387	61.774
743	-0.0458692	3.48971	1.93474	61.8034
744	-0.0444123	3.48574	1.93643	61.8329
745	-0.0457267	3.48173	1.9318	61.8622
746	-0.0453632	3.47775	1.93172	61.8914
747	-0.0460714	3.47374	1.92415	61.9204
748	-0.0465376	3.46973	1.9242	61.9494
749	-0.0472594	3.46569	1.91236	61.9779
750	-0.0489244	3.4616	1.90764	62.0063
751	-0.0503479	3.45747	1.90002	62.0343
752	-0.0517196	3.45329	1.88472	62.0618
753	-0.0515111	3.44913	1.87782	62.089
754	-0.052506	3.44494	1.87847	62.1163
755	-0.0516727	3.44078	1.88251	62.1436
756	-0.0499285	3.4367	1.88644	62.1712
757	-0.0497142	3.43263	1.88721	62.1987
758	-0.0495113	3.42857	1.8892	62.2263
759	-0.0489566	3.42455	1.89369	62.254
760	-0.0486305	3.42054	1.89316	62.2818
761	-0.0496883	3.4165	1.89593	62.3096
762	-0.0491936	3.41248	1.88946	62.3371
763	-0.0459073	3.40859	1.88902	62.3647
764	-0.0438093	3.40478	1.88509	62.3921
765	-0.0456986	3.40091	1.88577	62.4195
766	-0.0442267	3.3971	1.87992	62.4467
767	-0.0448243	3.39327	1.87816	62.4738
768	-0.0436715	3.38949	1.87549	62.5008
769	-0.0450291	3.38567	1.87927	62.5279
770	-0.0444436	3.38188	1.88602	62.5553
771	-0.0434315	3.37813	1.88565	62.5826
772	-0.0434538	3.37439	1.8825	62.6098
773	-0.0404044	3.37076	1.88964	62.6373
774	-0.0384184	3.36721	1.89477	62.665
775	-0.0385276	3.36366	1.89389	62.6926
776	-0.0369145	3.36017	1.88641	62.7199
777	-0.0363077	3.35671	1.87937	62.747
778	-0.0343933	3.35333	1.87725	62.7739
779	-0.0309973	3.35007	1.87862	62.801
780	-0.0326457	3.34676	1.8768	62.8279
781	-0.0335385	3.34342	1.87337	62.8547
782	-0.0334506	3.3401	1.87429	62.8816
783	-0.0331889	3.33678	1.87717	62.9085
784	-0.0312887	3.33354	1.87631	62.9354
785	-0.031934	3.33029	1.87047	62.9621
786	-0.0351508	3.32692	1.86659	62.9886
787	-0.035642	3.32354	1.85998	63.0149
788	-0.0367359	3.32013	1.8588	63.0411
789	-0.03889	3.31665	1.85823	63.0673
790	-0.038197	3.3132	1.85648	63.0935
791	-0.0384062	3.30975	1.85238	63.1195
792	-0.037783	3.30632	1.84347	63.1451
793	-0.0406226	3.3028	1.84599	63.1709
794	-0.0412043	3.29926	1.84956	63.1967
795	-0.0436765	3.29565	1.85454	63.2228
796	-0.0466929	3.29193	1.85888	63.2489
797	-0.0477882	3.28818	1.85771	63.2751
798	-0.0491106	3.28438	1.85566	63.3011
799	-0.0493944	3.28059	1.85738	63.3272
800	-0.0483152	3.27684	1.85916	63.3534
801	-0.0498463	3.27304	1.8569	63.3795
802	-0.0533555	3.26912	1.85643	63.4055
803	-0.0533187	3.26521	1.85379	63.4314
804	-0.0528223	3.26132	1.85221	63.4573
805	-0.05262	3.25745	1.85228	63.4832
806	-0.0522739	3.25359	1.85029	63.509
807	-0.052553	3.24973	1.84651	63.5346
808	-0.0525608	3.24588	1.84425	63.5602
809	-0.050625	3.2421	1.84131	63.5857
810	-0.050887	3.23832	1.84246	63.6112
811	-0.0493786	3.23459	1.84968	63.6369
812	-0.0490717	3.23089	1.85385	63.6628
813	-0.0468179	3.22726	1.85601	63.6887
814	-0.0449567	3.22371	1.85657	63.7147
815	-0.0433518	3.22022	1.85596	63.7406
816	-0.0408761	3.21682	1.85058	63.7663
817	-0.0376039	3.21354	1.85096	63.7921
818	-0.0361668	3.21032	1.85191	63.8178
819	-0.037494	3.20706	1.85277	63.8436
820	-0.0364828	3.20383	1.8511	63.8693
821	-0.0343488	3.20069	1.85707	63.8953
822	-0.0327261	3.19761	1.8604	63.9213
823	-0.0336422	3.1945	1.86286	63.9474
824	-0.0337931	3.19139	1.86842	63.9737
825	-0.0340751	3.18827	1.86962	64
826	-0.0339623	3.18516	1.86039	64.026
827	-0.0340769	3.18206	1.85197	64.0517
828	-0.0321091	3.17903	1.84557	64.0772
829	-0.0314033	3.17602	1.83995	64.1024
830	-0.0302556	3.17307	1.83282	64.1274
831	-0.0307777	3.1701	1.83077	64.1524
832	-0.0337797	3.16702	1.83832	64.1775
833	-0.035322	3.16391	1.8395	64.2028
834	-0.0344661	3.16082	1.83871	64.2279
835	-0.0334777	3.15777	1.84112	64.2532
836	-0.0330136	3.15475	1.84222	64.2785
837	-0.0304292	3.15182	1.84974	64.304
838	-0.0278828	3.14898	1.85657	64.3298
839	-0.0273825	3.14616	1.85023	64.3553
840	-0.0285741	3.14331	1.84566	64.3807
841	-0.0299523	3.14041	1.83845	64.4058
842	-0.0303423	3.13751	1.83619	64.4309
843	-0.0326559	3.13453	1.83386	64.4558
844	-0.0319126	3.13158	1.83611	64.4809
845	-0.0292726	3.12872	1.82996	64.5057
846	-0.0276849	3.12593	1.82445	64.5303
847	-0.0253335	3.12321	1.81783	64.5546
848	-0.0267998	3.12046	1.81411	64.5789
849	-0.0261842	3.11773	1.80627	64.6028
850	-0.0233896	3.11509	1.81	64.6269
851	-0.0233184	3.11247	1.81086	64.651
852	-0.0221947	3.10989	1.80756	64.675
853	-0.0224924	3.1073	1.80914	64.6991
854	-0.0213423	3.10475	1.81431	64.7233
855	-0.0202148	3.10225	1.81958	64.7477
856	-0.0181562	3.09982	1.82042	64.7721
857	-0.0193528	3.09736	1.80655	64.796
858	-0.0190318	3.09491	1.80394	64.8198
859	-0.0183712	3.09248	1.8028	64.8436
860	-0.0185413	3.09006	1.80537	64.8675
861	-0.0190043	3.08762	1.80732	64.8914
862	-0.0191206	3.08518	1.80417	64.9152
863	-0.0195188	3.08273	1.80258	64.939
864	-0.0207914	3.08025	1.80729	64.9629
865	-0.021246	3.07775	1.80202	64.9866
866	-0.0236496	3.07517	1.80403	65.0104
867	-0.0246432	3.07257	1.80215	65.0341
868	-0.0239781	3.06999	1.80742	65.058
869	-0.0246967	3.06739	1.81137	65.082
870	-0.0265348	3.06473	1.81434	65.1061
871	-0.0262221	3.06209	1.81455	65.1302
872	-0.0257387	3.05946	1.81308	65.1543
873	-0.0258671	3.05684	1.8142	65.1784
874	-0.0258721	3.05422	1.81888	65.2026
875	-0.0262573	3.05159	1.81991	65.2269
876	-0.0275318	3.04893	1.82318	65.2513
877	-0.0270591	3.04628	1.82738	65.2758
878	-0.0280567	3.0436	1.82503	65.3002
879	-0.030772	3.04084	1.82683	65.3247
880	-0.0321767	3.03803	1.82885	65.3492
881	-0.0336941	3.03517	1.82504	65.3736
882	-0.0353429	3.03227	1.82542	65.398
883	-0.0374582	3.0293	1.82739	65.4225
884	-0.0377085	3.02632	1.82666	65.4469
885	-0.0348908	3.02344	1.83393	65.4716
886	-0.0337409	3.02061	1.8355	65.4963
887	-0.0327973	3.01781	1.83524	65.521
888	-0.0322226	3.01503	1.83833	65.5458
889	-0.030684	3.01231	1.83097	65.5704
890	-0.0306206	3.0096	1.82741	65.5948
891	-0.032205	3.00683	1.82592	65.6192
892	-0.0328287	3.00405	1.82591	65.6435
893	-0.0316928	3.00131	1.82308	65.6678
894	-0.029703	2.99865	1.81714	65.6918
895	-0.0305038	2.99596	1.81357	65.7158
896	-0.0310921	2.99325	1.81499	65.7397
897	-0.0300929	2.99058	1.81828	65.7638
898	-0.0317557	2.98786	1.81986	65.7879
899	-0.0314458	2.98515	1.81767	65.812
900	-0.029426	2.98252	1.81461	65.8359
901	-0.029837	2.97988	1.81499	65.8598
902	-0.029857	2.97723	1.81148	65.8836
903	-0.0286251	2.97464	1.80617	65.9073
904	-0.0281406	2.97206	1.80886	65.931
905	-0.0297933	2.96943	1.8058	65.9546
906	-0.0307402	2.96678	1.80514	65.9782
907	-0.0312535	2.96411	1.80478	66.0017
908	-0.0312147	2.96144	1.8076	66.0254
909	-0.0306885	2.9588	1.80846	66.049
910	-0.0300228	2.95618	1.81283	66.0728
911	-0.0328783	2.95348	1.81975	66.0969
912	-0.0324013	2.95079	1.8216	66.121
913	-0.032391	2.9481	1.82102	66.145
914	-0.0303314	2.94549	1.82094	66.1691
915	-0.0294127	2.94291	1.82047	66.1931
916	-0.0300208	2.94032	1.82146	66.2172
917	-0.0298047	2.93774	1.82207	66.2412
918	-0.0301406	2.93515	1.82274	66.2653
919	-0.0311577	2.93253	1.82536	66.2895
920	-0.0295945	2.92996	1.82582	66.3136
921	-0.0300964	2.92738	1.82992	66.3379
922	-0.0306964	2.92479	1.83362	66.3624
923	-0.0325323	2.92214	1.83646	66.3869
924	-0.0326148	2.91949	1.83562	66.4113
925	-0.0332945	2.91682	1.83387	66.4357
926	-0.0312735	2.91422	1.83593	66.4602
927	-0.0313519	2.91162	1.83526	66.4846
928	-0.0292681	2.9091	1.82698	66.5088
929	-0.029189	2.90658	1.82315	66.5328
930	-0.0294955	2.90405	1.81931	66.5567
931	-0.0303755	2.9015	1.82108	66.5806
932	-0.0298206	2.89897	1.82454	66.6047
933	-0.0267882	2.89654	1.83247	66.629
934	-0.0264087	2.89413	1.83435	66.6533
935	-0.0263234	2.89173	1.82891	66.6775
936	-0.0249434	2.88937	1.82947	66.7017
937	-0.0244313	2.88704	1.82377	66.7257
938	-0.0228306	2.88476	1.82018	66.7495
939	-0.0214009	2.88252	1.82245	66.7735
940	-0.0204214	2.88033	1.82465	66.7975
941	-0.0182939	2.87821	1.81835	66.8213
942	-0.0148165	2.8762	1.82182	66.8452
943	-0.0130891	2.87425	1.82242	66.8691
944	-0.0117898	2.87235	1.82105	66.8929
945	-0.0099665	2.87051	1.82522	66.9169
946	-0.00965767	2.86868	1.82829	66.941
947	-0.00975819	2.86685	1.82291	66.9649
948	-0.0104231	2.865	1.81218	66.9884
949	-0.00984615	2.86318	1.81265	67.012
950	-0.0103001	2.86134	1.81441	67.0356
951	-0.00921191	2.85954	1.81232	67.0591
952	-0.00968073	2.85773	1.81213	67.0826
953	-0.00941643	2.85592	1.81166	67.1061
954	-0.00876224	2.85415	1.81059	67.1296
955	-0.00880168	2.85237	1.80271	67.1527
956	-0.00648555	2.85067	1.79254	67.1756
957	-0.00556884	2.84901	1.78691	67.1983
958	-0.00587088	2.84733	1.78176	67.2208
959	-0.00599097	2.84566	1.77243	67.243
960	-0.0054054	2.844	1.7688	67.265
961	-0.00610501	2.84233	1.76731	67.287
962	-0.00468955	2.8407	1.76691	67.309
963	-0.00264914	2.83915	1.76956	67.3311
964	-0.00199531	2.83761	1.77072	67.3532
965	-0.000890793	2.83612	1.77026	67.3753
966	-0.00178936	2.83459	1.76443	67.3972
967	-0.00263681	2.83305	1.76192	67.419
968	-0.00198709	2.83152	1.75698	67.4407
969	-0.00260443	2.82998	1.75823	67.4624
970	-0.00175948	2.82847	1.76118	67.4842
971	-0.000494533	2.827	1.76114	67.5059
972	-0.000487128	2.82553	1.76251	67.5278
973	-0.00334128	2.82397	1.76536	67.5496
974	-0.00433481	2.82239	1.76843	67.5716
975	-0.00538499	2.82077	1.77108	67.5937
976	-0.0065214	2.81912	1.76968	67.6157
977	-0.00590821	2.81749	1.76229	67.6375
978	-0.00577372	2.81587	1.76446	67.6594
979	-0.00654207	2.81422	1.76101	67.6811
980	-0.0054918	2.81262	1.75847	67.7027
981	-0.0049358	2.81103	1.75769	67.7244
982	-0.00550141	2.80942	1.75578	67.7459
983	-0.00424835	2.80786	1.75344	67.7674
984	-0.00429671	2.8063	1.75087	67.7888
985	-0.00376164	2.80476	1.75329	67.8102
986	-0.00170536	2.80328	1.75588	67.8318
987	-0.00143103	2.80182	1.74606	67.853
988	-0.00171799	2.80035	1.74164	67.8741
989	-0.00360701	2.79882	1.74518	67.8952
990	-0.00553188	2.79724	1.74648	67.9165
991	-0.00487134	2.79567	1.73909	67.9374
992	-0.00659691	2.79406	1.73494	67.9583
993	-0.00668883	2.79244	1.73237	67.979
994	-0.00708081	2.79081	1.73374	67.9998
995	-0.00712704	2.78919	1.73494	68.0207
996	-0.00693764	2.78757	1.72997	68.0414
997	-0.00670654	2.78596	1.72504	68.0619
998	-0.00637377	2.78437	1.72764	68.0825
999	-0.00775493	2.78273	1.72892	68.1031
1000	-0.00656477	2.78114	1.7266	68.1236
1001	-0.00641021	2.77955	1.72582	68.1442
1002	-0.00639936	2.77796	1.72769	68.1648
1003	-0.00526714	2.77641	1.73219	68.1855
1004	-0.00547195	2.77486	1.73073	68.2061
1005	-0.0065492	2.77327	1.73274	68.2269
1006	-0.00584375	2.77171	1.73269	68.2476
1007	-0.00623367	2.77014	1.73328	68.2683
1008	-0.00621507	2.76858	1.73515	68.2891
1009	-0.00547052	2.76704	1.73464	68.3099
1010	-0.00658984	2.76546	1.7342	68.3307
1011	-0.00628152	2.7639	1.73402	68.3514
1012	-0.00409463	2.76241	1.7397	68.3723
1013	-0.00466671	2.7609	1.73927	68.3932
1014	-0.00349067	2.75943	1.73404	68.414
1015	-0.00473884	2.75792	1.73537	68.4347
1016	-0.00400587	2.75644	1.72926	68.4553
1017	-0.00300155	2.755	1.71872	68.4756
1018	-0.00410212	2.75352	1.71714	68.4957
1019	-0.00604668	2.75198	1.71852	68.516
1020	-0.00749823	2.7504	1.71553	68.5361
1021	-0.00834674	2.74879	1.71607	68.5563
1022	-0.00668281	2.74724	1.71778	68.5765
1023	-0.00703667	2.74568	1.71558	68.5966
1024	-0.00779062	2.7441	1.71887	68.6168
1025	-0.00895589	2.74248	1.71891	68.637
1026	-0.0071418	2.74093	1.72205	68.6573
1027	-0.00718901	2.73937	1.71934	68.6776
1028	-0.0103395	2.73772	1.72231	68.6979
1029	-0.00995539	2.73608	1.72166	68.7182
1030	-0.0130837	2.73435	1.72844	68.7387
1031	-0.016172	2.73252	1.73371	68.7594
1032	-0.0167852	2.73068	1.73432	68.78
1033	-0.0180573	2.7288	1.73949	68.8009
1034	-0.0179669	2.72692	1.74141	68.8218
1035	-0.0193313	2.72501	1.74427	68.8427
1036	-0.0174651	2.72315	1.74169	68.8636
1037	-0.0159022	2.72135	1.74164	68.8845
1038	-0.0137156	2.71961	1.73986	68.9053
1039	-0.0126836	2.71791	1.73624	68.926
1040	-0.0122456	2.71623	1.73275	68.9466
1041	-0.0115056	2.71457	1.73132	68.9672
1042	-0.00990004	2.71296	1.72742	68.9876
1043	-0.0130315	2.71126	1.73631	69.0083
1044	-0.0138355	2.70954	1.73859	69.0291
1045	-0.0143219	2.7078	1.73568	69.0497
1046	-0.0147165	2.70605	1.73726	69.0705
1047	-0.0156499	2.70428	1.73348	69.091
1048	-0.0171426	2.70246	1.735	69.1117
1049	-0.0180055	2.70062	1.73537	69.1323
1050	-0.0183184	2.69877	1.73745	69.153
1051	-0.0195434	2.69689	1.73752	69.1737
1052	-0.0202206	2.69499	1.73618	69.1944
1053	-0.0183259	2.69315	1.73727	69.2151
1054	-0.0179901	2.69132	1.73732	69.2357
1055	-0.0191769	2.68945	1.73182	69.2563
1056	-0.0199232	2.68757	1.72984	69.2767
1057	-0.0211299	2.68565	1.73069	69.2972
1058	-0.0212741	2.68373	1.72211	69.3174
1059	-0.019808	2.68186	1.72157	69.3375
1060	-0.0195694	2.67999	1.7183	69.3576
1061	-0.0190067	2.67815	1.72172	69.3778
1062	-0.018888	2.67631	1.71277	69.3977
1063	-0.0181476	2.6745	1.7124	69.4176
1064	-0.0164849	2.67274	1.71658	69.4376
1065	-0.0169368	2.67097	1.71909	69.4577
1066	-0.0183275	2.66916	1.71821	69.4777
1067	-0.0173283	2.66738	1.72237	69.4979
1068	-0.0166799	2.66562	1.72366	69.5181
1069	-0.0168907	2.66386	1.72407	69.5383
1070	-0.0155779	2.66214	1.72769	69.5586
1071	-0.0154408	2.66043	1.72492	69.5789
1072	-0.0151112	2.65873	1.72476	69.5991
1073	-0.0146985	2.65704	1.72494	69.6193
1074	-0.0157803	2.65533	1.72283	69.6395
1075	-0.0166169	2.65359	1.71848	69.6595
1076	-0.0168631	2.65184	1.71779	69.6795
1077	-0.0186654	2.65005	1.71076	69.6993
1078	-0.0185086	2.64826	1.70317	69.7189
1079	-0.0183733	2.64647	1.7001	69.7383
1080	-0.0175414	2.64472	1.70374	69.7579
1081	-0.0163372	2.643	1.70908	69.7776
1082	-0.0192661	2.64119	1.71735	69.7976
1083	-0.0202027	2.63936	1.72061	69.8176
1084	-0.0192307	2.63756	1.72459	69.8378
1085	-0.0177714	2.63581	1.72872	69.8581
1086	-0.0176415	2.63406	1.72798	69.8784
1087	-0.0176716	2.63232	1.72578	69.8986
1088	-0.016275	2.63062	1.72302	69.9187
1089	-0.0137894	2.629	1.72476	69.9389
1090	-0.0113802	2.62745	1.7282	69.9592
1091	-0.0107484	2.62592	1.72555	69.9793
1092	-0.0101787	2.62441	1.72465	69.9995
1093	-0.0123248	2.62284	1.73022	70.0198
1094	-0.0136094	2.62123	1.73386	70.0402
1095	-0.0155275	2.61957	1.73599	70.0607
1096	-0.0161852	2.61789	1.73967	70.0813
1097	-0.0163502	2.6162	1.73885	70.1019
1098	-0.0179244	2.61447	1.73658	70.1224
1099	-0.0192823	2.6127	1.7413	70.143
1100	-0.0207678	2.61089	1.74459	70.1637
1101	-0.0233867	2.609	1.75129	70.1846
1102	-0.0208643	2.6072	1.7566	70.2057
1103	-0.0212253	2.60538	1.75992	70.2269
1104	-0.0206903	2.60358	1.76313	70.2481
1105	-0.021779	2.60175	1.76343	70.2694
1106	-0.0229982	2.59988	1.76611	70.2907
1107	-0.0227128	2.59803	1.76642	70.3121
1108	-0.0236983	2.59614	1.76621	70.3334
1109	-0.0235827	2.59427	1.76592	70.3547
1110	-0.022685	2.59242	1.7618	70.3759
1111	-0.0223135	2.59059	1.76192	70.3971
1112	-0.0223749	2.58875	1.76368	70.4183
1113	-0.0207876	2.58697	1.76668	70.4397
1114	-0.0190614	2.58524	1.76725	70.461
1115	-0.018916	2.58352	1.76741	70.4823
1116	-0.0210233	2.58173	1.76893	70.5037
1117	-0.0230655	2.57989	1.7691	70.5251
1118	-0.0232859	2.57804	1.76999	70.5465
1119	-0.0221256	2.57623	1.76383	70.5677
1120	-0.022506	2.57441	1.76601	70.589
1121	-0.0244444	2.57253	1.76458	70.6102
1122	-0.025984	2.57061	1.75924	70.6312
1123	-0.0261538	2.56869	1.7581	70.6523
1124	-0.0266677	2.56676	1.75652	70.6732
1125	-0.0268159	2.56482	1.75826	70.6942
1126	-0.0272243	2.56287	1.75966	70.7153
1127	-0.027883	2.56091	1.7597	70.7363
1128	-0.0279685	2.55894	1.76184	70.7574
1129	-0.0249367	2.55707	1.77098	70.7788
1130	-0.0235542	2.55524	1.77503	70.8003
1131	-0.0237815	2.5534	1.77631	70.8218
1132	-0.0237963	2.55157	1.78023	70.8435
1133	-0.0240493	2.54973	1.78327	70.8652
1134	-0.0248773	2.54787	1.78368	70.8869
1135	-0.0258449	2.54598	1.78588	70.9087
1136	-0.0266614	2.54408	1.78744	70.9305
1137	-0.0278327	2.54213	1.78984	70.9524
1138	-0.0288352	2.54016	1.78348	70.9741
1139	-0.028749	2.5382	1.78166	70.9957
1140	-0.0281117	2.53626	1.77784	71.0172
1141	-0.0280078	2.53432	1.77576	71.0387
1142	-0.02379	2.53251	1.77945	71.0602
1143	-0.0220429	2.53075	1.78103	71.0818
1144	-0.0228144	2.52897	1.78317	71.1035
1145	-0.0220135	2.52722	1.78576	71.1252
1146	-0.0227184	2.52545	1.78764	71.147
1147	-0.0242133	2.52363	1.78504	71.1687
1148	-0.0247224	2.52181	1.78379	71.1903
1149	-0.0253535	2.51996	1.78277	71.212
1150	-0.0260195	2.5181	1.78311	71.2336
1151	-0.0259301	2.51625	1.78288	71.2552
1152	-0.0273812	2.51435	1.78489	71.2769
1153	-0.0282935	2.51243	1.78748	71.2986
1154	-0.028349	2.51051	1.78324	71.3202
1155	-0.0310729	2.50851	1.78807	71.3419
1156	-0.0314115	2.5065	1.78813	71.3637
1157	-0.0318408	2.50449	1.7901	71.3855
1158	-0.0328509	2.50244	1.79313	71.4073
1159	-0.0314331	2.50044	1.79463	71.4292
1160	-0.0314519	2.49844	1.79696	71.4512
1161	-0.0310967	2.49646	1.7971	71.4732
1162	-0.0299082	2.49451	1.79093	71.495
1163	-0.0328408	2.49248	1.7896	71.5167
1164	-0.0334982	2.49043	1.79036	71.5385
1165	-0.0352417	2.48833	1.79344	71.5603
1166	-0.0350327	2.48624	1.79143	71.5821
1167	-0.0340118	2.48418	1.79201	71.6039
1168	-0.0327681	2.48216	1.79375	71.6257
1169	-0.0319368	2.48016	1.79609	71.6476
1170	-0.0313302	2.47819	1.79813	71.6696
1171	-0.0325092	2.47618	1.79457	71.6914
1172	-0.0340538	2.47414	1.79122	71.7131
1173	-0.0343857	2.47208	1.78619	71.7347
1174	-0.0347212	2.47002	1.78212	71.7562
1175	-0.0354543	2.46793	1.77603	71.7775
1176	-0.0367778	2.46581	1.77747	71.7988
1177	-0.0363641	2.46371	1.77626	71.8201
1178	-0.0378045	2.46156	1.77844	71.8414
1179	-0.0390995	2.45938	1.77717	71.8627
1180	-0.0394249	2.4572	1.7766	71.8839
1181	-0.0408286	2.45497	1.77475	71.9052
1182	-0.0398162	2.45278	1.7726	71.9263
1183	-0.0410101	2.45055	1.77368	71.9475
1184	-0.0415868	2.44831	1.7763	71.9687
1185	-0.041537	2.44607	1.77458	71.9899
1186	-0.0396595	2.44389	1.77163	72.011
1187	-0.0377346	2.44177	1.77372	72.0321
1188	-0.0375583	2.43966	1.77151	72.0532
1189	-0.0365051	2.43757	1.76713	72.0742
1190	-0.0358554	2.43551	1.76301	72.095
1191	-0.0354809	2.43346	1.76164	72.1158
1192	-0.0359096	2.4314	1.76315	72.1366
1193	-0.0372486	2.42931	1.7658	72.1575
1194	-0.0375889	2.42721	1.76847	72.1785
1195	-0.0376222	2.42511	1.76606	72.1993
1196	-0.037639	2.42301	1.76439	72.2202
1197	-0.0354547	2.42097	1.76593	72.2411
1198	-0.0363795	2.41891	1.76571	72.2619
1199	-0.0381262	2.4168	1.77104	72.2829
1200	-0.0388084	2.41468	1.76995	72.3039
1201	-0.0396225	2.41253	1.77069	72.3249
1202	-0.0386683	2.41042	1.7683	72.3458
1203	-0.0389788	2.40829	1.76858	72.3668
1204	-0.0397367	2.40615	1.7717	72.3878
1205	-0.0403103	2.40399	1.7726	72.4088
1206	-0.0407218	2.40183	1.76711	72.4297
1207	-0.0395104	2.3997	1.77037	72.4506
1208	-0.0384523	2.3976	1.76883	72.4715
1209	-0.03875	2.3955	1.76539	72.4923
1210	-0.0389447	2.39339	1.76266	72.513
1211	-0.0381407	2.39131	1.76085	72.5337
1212	-0.0372433	2.38925	1.75374	72.5542
1213	-0.0355577	2.38725	1.75718	72.5747
1214	-0.0349107	2.38527	1.75945	72.5953
1215	-0.0357912	2.38326	1.75474	72.6158
1216	-0.0356567	2.38126	1.75334	72.6362
1217	-0.0361094	2.37925	1.75012	72.6565
1218	-0.0369787	2.37722	1.7514	72.6769
1219	-0.0375722	2.37517	1.75184	72.6973
1220	-0.0375143	2.37312	1.74515	72.7174
1221	-0.0383119	2.37106	1.7394	72.7374
1222	-0.0378909	2.369	1.73535	72.7573
1223	-0.0375978	2.36696	1.73061	72.7771
1224	-0.0355816	2.36498	1.73174	72.7968
1225	-0.0337425	2.36305	1.72652	72.8164
1226	-0.0352969	2.36108	1.72804	72.8361
1227	-0.0352273	2.35912	1.73054	72.8558
1228	-0.0347807	2.35717	1.73353	72.8756
1229	-0.0344148	2.35523	1.73457	72.8955
1230	-0.0356719	2.35326	1.73562	72.9153
1231	-0.0362614	2.35127	1.73637	72.9352
1232	-0.0357113	2.3493	1.73657	72.9551
1233	-0.0360578	2.34732	1.73936	72.975
1234	-0.0354998	2.34536	1.73846	72.9949
1235	-0.0344217	2.34344	1.73645	73.0148
1236	-0.0353738	2.34148	1.73153	73.0345
1237	-0.0346708	2.33955	1.72647	73.0541
1238	-0.0351132	2.33761	1.72362	73.0736
1239	-0.0331126	2.33573	1.7182	73.0929
1240	-0.0331268	2.33385	1.71617	73.1122
1241	-0.0325212	2.33199	1.7168	73.1315
1242	-0.0333666	2.33011	1.71558	73.1507
1243	-0.0342822	2.3282	1.71729	73.17
1244	-0.0338709	2.3263	1.71329	73.1891
1245	-0.0334231	2.32442	1.70938	73.2082
1246	-0.0342681	2.32252	1.7026	73.2271
1247	-0.0357293	2.32058	1.69945	73.2458
1248	-0.0357223	2.31864	1.70146	73.2646
1249	-0.0351148	2.31672	1.70044	73.2834
1250	-0.0339179	2.31484	1.70313	73.3023
1251	-0.0329181	2.31299	1.70276	73.3211
1252	-0.0326846	2.31114	1.70427	73.34
1253	-0.0335792	2.30927	1.70341	73.3589
1254	-0.0340429	2.30739	1.70652	73.3778
1255	-0.0347883	2.30549	1.70907	73.3968
1256	-0.0363483	2.30355	1.71265	73.416
1257	-0.0362916	2.30161	1.71148	73.435
1258	-0.0359553	2.29969	1.71031	73.4541
1259	-0.0380119	2.2977	1.71189	73.4731
1260	-0.0397391	2.29568	1.71446	73.4923
1261	-0.0388629	2.29367	1.71558	73.5115
1262	-0.0379666	2.2917	1.71514	73.5306
1263	-0.0370292	2.28975	1.70935	73.5496
1264	-0.0343859	2.28788	1.70705	73.5685
1265	-0.0342826	2.28601	1.70348	73.5873
1266	-0.0352393	2.28412	1.70119	73.6061
1267	-0.0365085	2.2822	1.70007	73.6248
1268	-0.0363214	2.28028	1.69544	73.6434
1269	-0.0358762	2.27838	1.6939	73.6619
1270	-0.0360865	2.27647	1.69023	73.6804
1271	-0.0365709	2.27455	1.68642	73.6987
1272	-0.0353916	2.27266	1.68673	73.717
1273	-0.0339369	2.27082	1.68034	73.7352
1274	-0.0339993	2.26898	1.67552	73.7532
1275	-0.034054	2.26714	1.67675	73.7712
1276	-0.0325863	2.26534	1.67848	73.7893
1277	-0.0315385	2.26357	1.67706	73.8073
1278	-0.0306961	2.26183	1.67348	73.8253
1279	-0.0307457	2.26009	1.67567	73.8433
1280	-0.0309973	2.25834	1.67798	73.8613
1281	-0.0309215	2.2566	1.67598	73.8793
1282	-0.0305766	2.25487	1.67449	73.8973
1283	-0.0312483	2.25312	1.67444	73.9152
1284	-0.0320398	2.25135	1.67135	73.9331
1285	-0.0326466	2.24956	1.66773	73.9509
1286	-0.0329892	2.24777	1.66472	73.9685
1287	-0.0323827	2.24599	1.66398	73.9862
1288	-0.0315022	2.24425	1.66149	74.0038
1289	-0.030638	2.24252	1.65905	74.0213
1290	-0.0306226	2.2408	1.65922	74.0388
1291	-0.0308517	2.23908	1.65866	74.0563
1292	-0.0317514	2.23733	1.66121	74.0738
1293	-0.0317523	2.23559	1.66258	74.0914
1294	-0.0322808	2.23383	1.66277	74.109
1295	-0.0326987	2.23206	1.66341	74.1266
1296	-0.0325697	2.23029	1.66615	74.1443
1297	-0.0341133	2.22849	1.6669	74.162
1298	-0.0331444	2.22671	1.66721	74.1797
1299	-0.0333038	2.22493	1.66778	74.1975
1300	-0.0355836	2.22309	1.6715	74.2153
1301	-0.0370914	2.22121	1.67007	74.2331
1302	-0.0382986	2.2193	1.67287	74.2509
1303	-0.0384752	2.21738	1.66676	74.2686
1304	-0.0358156	2.21554	1.66826	74.2863
1305	-0.0337347	2.21376	1.67038	74.3041
1306	-0.0329179	2.21201	1.6675	74.3218
1307	-0.0328675	2.21025	1.6627	74.3394
1308	-0.0327717	2.2085	1.66179	74.3569
1309	-0.0329046	2.20675	1.65966	74.3744
1310	-0.0332062	2.20499	1.65853	74.3918
1311	-0.0326399	2.20325	1.6566	74.4092
1312	-0.031829	2.20154	1.65182	74.4264
1313	-0.0313082	2.19984	1.65105	74.4437
1314	-0.0312159	2.19814	1.65152	74.4609
1315	-0.0306984	2.19646	1.64967	74.4781
1316	-0.0316585	2.19475	1.6509	74.4953
1317	-0.0295783	2.19311	1.64697	74.5124
1318	-0.0275136	2.19152	1.65027	74.5296
1319	-0.0276041	2.18993	1.65211	74.5468
1320	-0.0268906	2.18836	1.65317	74.5641
1321	-0.0260064	2.18682	1.64944	74.5813
1322	-0.0244935	2.18532	1.64798	74.5984
1323	-0.0237349	2.18384	1.64052	74.6153
1324	-0.0246555	2.18234	1.63903	74.6322
1325	-0.0237195	2.18087	1.63757	74.649
1326	-0.0231762	2.17941	1.63498	74.6658
1327	-0.0223832	2.17798	1.63766	74.6826
1328	-0.0219834	2.17656	1.6399	74.6995
1329	-0.023265	2.1751	1.64222	74.7164
1330	-0.0233924	2.17364	1.64319	74.7334
1331	-0.0226826	2.17221	1.64716	74.7505
1332	-0.021262	2.17081	1.6451	74.7675
1333	-0.0215342	2.16941	1.64711	74.7846
1334	-0.0205788	2.16803	1.64965	74.8017
1335	-0.0195667	2.16669	1.6467	74.8187
1336	-0.0188533	2.16536	1.64882	74.8359
1337	-0.0193539	2.16402	1.64987	74.853
1338	-0.0197142	2.16268	1.65163	74.8702
1339	-0.0200761	2.16132	1.65389	74.8874
1340	-0.0200808	2.15997	1.65587	74.9047
1341	-0.0194411	2.15863	1.65549	74.922
1342	-0.0196073	2.1573	1.65507	74.9393
1343	-0.0203606	2.15594	1.65491	74.9565
1344	-0.0199863	2.15459	1.65354	74.9738
1345	-0.0202126	2.15324	1.65443	74.991
1346	-0.0206034	2.15188	1.6499	75.0081
1347	-0.0199141	2.15054	1.64564	75.0251
1348	-0.0203126	2.14919	1.64339	75.042
1349	-0.0210069	2.14783	1.63961	75.0589
1350	-0.0207286	2.14647	1.63607	75.0756
1351	-0.0208631	2.14511	1.63368	75.0923
1352	-0.0206996	2.14375	1.63483	75.109
1353	-0.0209716	2.14239	1.63389	75.1256
1354	-0.0215085	2.14102	1.63405	75.1423
1355	-0.0218597	2.13963	1.63634	75.159
1356	-0.022784	2.13823	1.63829	75.1758
1357	-0.0228378	2.13682	1.6377	75.1926
1358	-0.021453	2.13545	1.64106	75.2094
1359	-0.0200078	2.13413	1.64522	75.2264
1360	-0.0195375	2.13281	1.64598	75.2434
1361	-0.0197327	2.1315	1.6464	75.2603
1362	-0.0207814	2.13015	1.6488	75.2774
1363	-0.0201536	2.12883	1.6519	75.2945
1364	-0.0192445	2.12753	1.65323	75.3117
1365	-0.0196744	2.12622	1.65518	75.3289
1366	-0.021016	2.12487	1.64784	75.3459
1367	-0.0231627	2.12347	1.65094	75.363
1368	-0.0248276	2.12202	1.65103	75.3801
1369	-0.0256603	2.12056	1.65029	75.3972
1370	-0.0261577	2.11908	1.64982	75.4142
1371	-0.0245968	2.11764	1.65505	75.4314
1372	-0.0243732	2.11621	1.65428	75.4486
1373	-0.0253768	2.11476	1.65275	75.4658
1374	-0.0254276	2.1133	1.65515	75.4829
1375	-0.025036	2.11186	1.6569	75.5002
1376	-0.0247657	2.11043	1.65765	75.5174
1377	-0.0244747	2.109	1.65979	75.5347
1378	-0.0227446	2.10763	1.65912	75.552
1379	-0.0216448	2.10628	1.65762	75.5693
1380	-0.0202522	2.10498	1.65804	75.5865
1381	-0.0195689	2.10369	1.65705	75.6038
1382	-0.0204025	2.10238	1.65774	75.621
1383	-0.0206678	2.10107	1.66084	75.6383
1384	-0.0206357	2.09975	1.65758	75.6556
1385	-0.0208576	2.09844	1.65914	75.6728
1386	-0.0194524	2.09716	1.66007	75.6901
1387	-0.0194805	2.09588	1.6565	75.7073
1388	-0.0186505	2.09463	1.65811	75.7246
1389	-0.0193425	2.09335	1.65366	75.7417
1390	-0.0196118	2.09208	1.65669	75.7589
1391	-0.019502	2.0908	1.65891	75.7761
1392	-0.0203754	2.08951	1.65934	75.7934
1393	-0.0206089	2.08821	1.66128	75.8107
1394	-0.0213462	2.08689	1.65703	75.8279
1395	-0.0205524	2.08559	1.64942	75.8449
1396	-0.0204282	2.0843	1.63969	75.8616
1397	-0.0200072	2.08302	1.63744	75.8782
1398	-0.0216729	2.08169	1.63963	75.895
1399	-0.0210377	2.08039	1.64044	75.9117
1400	-0.0193378	2.07913	1.64097	75.9284
1401	-0.0192208	2.07788	1.63804	75.9451
1402	-0.0182989	2.07665	1.63631	75.9617
1403	-0.017073	2.07545	1.63147	75.9782
1404	-0.0168799	2.07426	1.62579	75.9946
1405	-0.0172923	2.07307	1.62674	76.0109
1406	-0.0179933	2.07185	1.62646	76.0273
1407	-0.0190991	2.07061	1.62282	76.0435
1408	-0.0184068	2.06938	1.61169	76.0595
1409	-0.0190012	2.06814	1.60774	76.0753
1410	-0.0200282	2.06688	1.60352	76.091
1411	-0.0198941	2.06562	1.59957	76.1067
1412	-0.0209937	2.06433	1.59701	76.1222
1413	-0.0220967	2.06301	1.59935	76.1378
1414	-0.0232354	2.06166	1.60264	76.1535
1415	-0.0242485	2.06029	1.60375	76.1693
1416	-0.0243063	2.05892	1.60288	76.185
1417	-0.0242354	2.05755	1.60514	76.2007
1418	-0.0235043	2.0562	1.60674	76.2165
1419	-0.0229409	2.05487	1.60389	76.2322
1420	-0.0229874	2.05354	1.60119	76.2479
1421	-0.0230689	2.05221	1.60154	76.2636
1422	-0.0231397	2.05087	1.60011	76.2792
1423	-0.024102	2.04951	1.59765	76.2947
1424	-0.0225616	2.0482	1.59576	76.3102
1425	-0.0226066	2.04688	1.59452	76.3257
1426	-0.0212115	2.0456	1.59419	76.3412
1427	-0.021153	2.04433	1.5967	76.3567
1428	-0.021305	2.04305	1.59817	76.3722
1429	-0.0216762	2.04176	1.60079	76.3879
1430	-0.0222791	2.04046	1.60027	76.4035
1431	-0.0229025	2.03914	1.59959	76.4191
1432	-0.0234235	2.03781	1.59841	76.4346
1433	-0.023234	2.03649	1.59278	76.45
1434	-0.0231221	2.03517	1.59133	76.4654
1435	-0.0227791	2.03386	1.58897	76.4807
1436	-0.0237491	2.03253	1.59119	76.4961
1437	-0.0243914	2.03118	1.594	76.5115
1438	-0.0236022	2.02985	1.59618	76.527
1439	-0.0224301	2.02856	1.59732	76.5425
1440	-0.022078	2.02727	1.59692	76.558
1441	-0.0242195	2.02593	1.59871	76.5736
1442	-0.0246018	2.02458	1.60283	76.5893
1443	-0.0234246	2.02326	1.60523	76.605
1444	-0.0223689	2.02198	1.60616	76.6207
1445	-0.0227881	2.02068	1.60523	76.6364
1446	-0.021839	2.01941	1.60417	76.6521
1447	-0.0219515	2.01813	1.60387	76.6678
1448	-0.0217145	2.01687	1.60349	76.6835
1449	-0.0237718	2.01555	1.60836	76.6993
1450	-0.0251052	2.0142	1.60963	76.7151
1451	-0.0263279	2.01281	1.60891	76.7309
1452	-0.0279392	2.01139	1.60895	76.7467
1453	-0.0287779	2.00994	1.60632	76.7624
1454	-0.0294813	2.00848	1.60541	76.7781
1455	-0.0306793	2.00698	1.60447	76.7938
1456	-0.0293051	2.00553	1.60604	76.8095
1457	-0.0287576	2.00409	1.60422	76.8252
1458	-0.0283735	2.00266	1.60305	76.8409
1459	-0.0273994	2.00126	1.603	76.8565
1460	-0.0254402	1.99991	1.6055	76.8722
1461	-0.0245881	1.99858	1.6041	76.8879
1462	-0.0231269	1.99729	1.60715	76.9036
1463	-0.0231383	1.99601	1.60608	76.9193
1464	-0.0222183	1.99475	1.60729	76.935
1465	-0.0198766	1.99355	1.61096	76.9509
1466	-0.0185205	1.99238	1.61216	76.9667
1467	-0.0182383	1.99123	1.61431	76.9827
1468	-0.0195915	1.99004	1.61588	76.9986
1469	-0.0215325	1.9888	1.61686	77.0146
1470	-0.0237205	1.98751	1.62156	77.0307
1471	-0.0243148	1.9862	1.62221	77.0468
1472	-0.0238688	1.98491	1.62336	77.063
1473	-0.0240761	1.98361	1.62276	77.0791
1474	-0.024408	1.9823	1.62081	77.0952
1475	-0.0256313	1.98096	1.62256	77.1113
1476	-0.0267735	1.97959	1.6236	77.1274
1477	-0.0261643	1.97824	1.62392	77.1436
1478	-0.0267422	1.97688	1.62207	77.1597
1479	-0.0269319	1.97551	1.62198	77.1757
1480	-0.0281086	1.97412	1.62199	77.1918
1481	-0.0277616	1.97273	1.62228	77.2079
1482	-0.0277708	1.97134	1.62532	77.2241
1483	-0.027373	1.96997	1.62123	77.2402
1484	-0.0272011	1.9686	1.61885	77.2562
1485	-0.0266405	1.96725	1.61638	77.2721
1486	-0.0256155	1.96592	1.61619	77.288
1487	-0.0247421	1.96462	1.61674	77.304
1488	-0.025109	1.96331	1.61666	77.3199
1489	-0.024601	1.96202	1.61552	77.3358
1490	-0.0260797	1.96068	1.61675	77.3518
1491	-0.0261342	1.95935	1.61694	77.3677
1492	-0.0281242	1.95797	1.62097	77.3837
1493	-0.0305639	1.95652	1.62726	77.3999
1494	-0.0327233	1.95502	1.63294	77.4163
1495	-0.0345289	1.95348	1.63875	77.4328
1496	-0.0360993	1.95189	1.64071	77.4493
1497	-0.0358701	1.95031	1.64054	77.4658
1498	-0.0353102	1.94875	1.63919	77.4823
1499	-0.0353503	1.94719	1.6383	77.4988
1500	-0.0353171	1.94563	1.63834	77.5153
1501	-0.036164	1.94405	1.63973	77.5318
1502	-0.0362547	1.94247	1.643	77.5484
1503	-0.0363405	1.94089	1.6456	77.565
1504	-0.035915	1.93932	1.64852	77.5818
1505	-0.0355044	1.93776	1.65196	77.5986
1506	-0.036519	1.93618	1.65531	77.6155
1507	-0.0367098	1.93459	1.65664	77.6324
1508	-0.0361051	1.93302	1.65631	77.6493
1509	-0.037638	1.93141	1.65908	77.6663
1510	-0.0400939	1.92974	1.66284	77.6834
1511	-0.0411846	1.92804	1.66362	77.7004
1512	-0.0418183	1.92633	1.66605	77.7176
1513	-0.0421923	1.92461	1.66655	77.7348
1514	-0.0432906	1.92287	1.66616	77.7519
1515	-0.0436861	1.92111	1.65829	77.7689
1516	-0.0427415	1.91938	1.65867	77.7858
1517	-0.0420262	1.91767	1.65869	77.8028
1518	-0.0418947	1.91597	1.65186	77.8195
1519	-0.0425079	1.91425	1.64878	77.8362
1520	-0.0419957	1.91254	1.64613	77.8528
1521	-0.0416379	1.91085	1.64719	77.8695
1522	-0.0405324	1.90918	1.6483	77.8862
1523	-0.0405807	1.90751	1.64778	77.9028
1524	-0.0394627	1.90588	1.64848	77.9195
1525	-0.0396238	1.90424	1.64313	77.936
1526	-0.0402632	1.90259	1.64274	77.9525
1527	-0.0399421	1.90094	1.64245	77.969
1528	-0.0402333	1.89929	1.64291	77.9856
1529	-0.0396176	1.89766	1.64464	78.0021
1530	-0.0399528	1.89602	1.64269	78.0186
1531	-0.0409453	1.89436	1.64221	78.0351
1532	-0.0423452	1.89266	1.64296	78.0516
1533	-0.0418825	1.89097	1.64604	78.0682
1534	-0.0423296	1.88928	1.64481	78.0848
1535	-0.0431583	1.88756	1.64764	78.1014
1536	-0.0434917	1.88584	1.64988	78.1181
1537	-0.0438929	1.88411	1.65123	78.1348
1538	-0.0440689	1.88237	1.65143	78.1515
1539	-0.0423568	1.88068	1.65387	78.1682
1540	-0.0416717	1.87901	1.65546	78.1851
1541	-0.0412647	1.87735	1.65718	78.2019
1542	-0.0427403	1.87566	1.66052	78.2188
1543	-0.0428804	1.87396	1.66115	78.2358
1544	-0.0427267	1.87227	1.66365	78.2528
1545	-0.0419509	1.87059	1.66411	78.2698
1546	-0.0417686	1.86893	1.66296	78.2868
1547	-0.042901	1.86723	1.66307	78.3038
1548	-0.0436477	1.86552	1.6612	78.3207
1549	-0.0450272	1.86378	1.65923	78.3376
1550	-0.0461088	1.86201	1.65926	78.3544
1551	-0.0467843	1.86022	1.65903	78.3713
1552	-0.0461319	1.85845	1.65878	78.3882
1553	-0.0449327	1.85671	1.65763	78.405
1554	-0.0447918	1.85498	1.6591	78.4219
1555	-0.0449677	1.85325	1.66036	78.4387
1556	-0.0454094	1.8515	1.66153	78.4557
1557	-0.0450413	1.84977	1.66177	78.4726
1558	-0.0441139	1.84806	1.66088	78.4895
1559	-0.043064	1.84638	1.66081	78.5064
1560	-0.0431123	1.84469	1.65962	78.5232
1561	-0.0422585	1.84303	1.65937	78.5401
1562	-0.0432578	1.84135	1.65615	78.5568
1563	-0.0417185	1.83971	1.6586	78.5737
1564	-0.0427183	1.83804	1.66014	78.5905
1565	-0.0427147	1.83638	1.66082	78.6074
1566	-0.0433679	1.83469	1.66105	78.6243
1567	-0.0436546	1.83301	1.65889	78.6411
1568	-0.0442571	1.83131	1.65658	78.6579
1569	-0.0449667	1.82959	1.65701	78.6746
1570	-0.0450892	1.82787	1.65852	78.6914
1571	-0.0445536	1.82617	1.65939	78.7083
1572	-0.0428859	1.8245	1.66016	78.7251
1573	-0.0418102	1.82287	1.65732	78.7419
1574	-0.0416111	1.82125	1.65607	78.7586
1575	-0.0415824	1.81962	1.65575	78.7753
1576	-0.0409011	1.81801	1.65716	78.7921
1577	-0.0402746	1.81643	1.65771	78.8088
1578	-0.0397555	1.81485	1.6532	78.8255
1579	-0.0377218	1.81333	1.65604	78.8422
1580	-0.0353682	1.81186	1.65927	78.859
1581	-0.034922	1.81041	1.6609	78.8758
1582	-0.0336171	1.809	1.66328	78.8927
1583	-0.0341265	1.80757	1.66067	78.9095
1584	-0.0345386	1.80613	1.65799	78.9263
1585	-0.0345084	1.8047	1.65621	78.943
1586	-0.0339212	1.80328	1.65811	78.9597
1587	-0.0348984	1.80184	1.65784	78.9765
1588	-0.0353065	1.80038	1.65923	78.9932
1589	-0.0358208	1.79892	1.65912	79.01
1590	-0.034784	1.79748	1.66051	79.0268
1591	-0.0335957	1.79608	1.66237	79.0436
1592	-0.0336673	1.79467	1.66266	79.0605
1593	-0.0339886	1.79326	1.66423	79.0774
1594	-0.0341042	1.79184	1.66548	79.0943
1595	-0.0333303	1.79045	1.66504	79.1112
1596	-0.0343598	1.78903	1.66684	79.1281
1597	-0.0345997	1.7876	1.66881	79.1451
1598	-0.0342133	1.78619	1.66971	79.1621
1599	-0.0338851	1.78478	1.67003	79.1791
1600	-0.0337474	1.78338	1.67051	79.1962
1601	-0.0337563	1.78198	1.66926	79.2131
1602	-0.0342123	1.78057	1.67108	79.2302
1603	-0.0342975	1.77916	1.67289	79.2472
1604	-0.0340654	1.77776	1.67471	79.2643
1605	-0.0337685	1.77636	1.67061	79.2814
1606	-0.0332177	1.77498	1.67079	79.2984
1607	-0.0320082	1.77363	1.67319	79.3154
1608	-0.0307711	1.77231	1.67536	79.3326
1609	-0.0318498	1.77097	1.67295	79.3496
1610	-0.0328969	1.7696	1.66798	79.3665
1611	-0.032383	1.76825	1.66221	79.3833
1612	-0.032234	1.7669	1.66081	79.4001
1613	-0.0316702	1.76556	1.66137	79.4168
1614	-0.032044	1.76422	1.66249	79.4336
1615	-0.0320511	1.76287	1.66068	79.4503
1616	-0.0311866	1.76155	1.65719	79.467
1617	-0.0316629	1.76022	1.65593	79.4836
1618	-0.0322233	1.75888	1.65536	79.5002
1619	-0.0328462	1.75752	1.65399	79.5167
1620	-0.0320987	1.75618	1.65331	79.5333
1621	-0.0326919	1.75483	1.64996	79.5497
1622	-0.0330158	1.75347	1.6489	79.5661
1623	-0.0341877	1.75208	1.64836	79.5825
1624	-0.035809	1.75066	1.6496	79.599
1625	-0.0359607	1.74923	1.64868	79.6154
1626	-0.0364948	1.74778	1.64822	79.6318
1627	-0.0376085	1.74632	1.64677	79.6481
1628	-0.0384406	1.74483	1.64533	79.6644
1629	-0.0396141	1.74331	1.6465	79.6808
1630	-0.0409125	1.74176	1.64705	79.6971
1631	-0.0415754	1.7402	1.64837	79.7135
1632	-0.0411047	1.73865	1.6473	79.7299
1633	-0.042147	1.73708	1.64327	79.7461
1634	-0.0431315	1.73548	1.63703	79.7622
1635	-0.0435355	1.73388	1.63417	79.7783
1636	-0.0435771	1.73227	1.63465	79.7943
1637	-0.0435248	1.73067	1.63257	79.8103
1638	-0.0443265	1.72904	1.63482	79.8263
1639	-0.0438426	1.72743	1.63554	79.8424
1640	-0.0437127	1.72583	1.63156	79.8583
1641	-0.0438776	1.72422	1.63002	79.8742
1642	-0.0438174	1.72262	1.62987	79.8901
1643	-0.0444941	1.721	1.62544	79.9059
1644	-0.0447603	1.71937	1.62551	79.9217
1645	-0.0446375	1.71775	1.62418	79.9374
1646	-0.044276	1.71614	1.62487	79.9532
1647	-0.0443223	1.71452	1.62226	79.9689
1648	-0.0438796	1.71292	1.62099	79.9846
1649	-0.0444036	1.71131	1.62063	80.0002
1650	-0.0430251	1.70974	1.62246	80.0159
1651	-0.0424864	1.70817	1.62222	80.0316
1652	-0.0419662	1.70663	1.62108	80.0473
1653	-0.042373	1.70507	1.62017	80.0629
1654	-0.0427483	1.7035	1.62029	80.0786
1655	-0.0425473	1.70194	1.61654	80.0941
1656	-0.0424315	1.70039	1.6122	80.1096
1657	-0.0418239	1.69885	1.60287	80.1248
1658	-0.0409658	1.69733	1.59738	80.1398
1659	-0.0402345	1.69583	1.59293	80.1548
1660	-0.0398148	1.69435	1.58975	80.1697
1661	-0.0402822	1.69285	1.5868	80.1845
1662	-0.0400619	1.69136	1.58245	80.1992
1663	-0.0393035	1.68989	1.58034	80.2138
1664	-0.0389181	1.68843	1.5804	80.2285
1665	-0.0388776	1.68697	1.58063	80.2431
1666	-0.0393335	1.6855	1.5808	80.2577
1667	-0.0400753	1.68401	1.58323	80.2725
1668	-0.0398111	1.68253	1.58332	80.2872
1669	-0.0391443	1.68107	1.58444	80.3019
1670	-0.0396794	1.6796	1.58357	80.3166
1671	-0.0402136	1.67811	1.58383	80.3313
1672	-0.0407882	1.67662	1.58696	80.3461
1673	-0.0412647	1.67511	1.58821	80.3609
1674	-0.0418231	1.67359	1.58833	80.3758
1675	-0.0430861	1.67204	1.59085	80.3906
1676	-0.0426266	1.6705	1.59239	80.4055
1677	-0.0426562	1.66896	1.59315	80.4205
1678	-0.0432818	1.6674	1.59185	80.4354
1679	-0.0433718	1.66585	1.59255	80.4503
1680	-0.0440504	1.66428	1.59436	80.4652
1681	-0.0433264	1.66273	1.59704	80.4803
1682	-0.0421104	1.66121	1.59962	80.4953
1683	-0.0402575	1.65974	1.60465	80.5106
1684	-0.0397287	1.65828	1.60428	80.5257
1685	-0.03938	1.65683	1.6029	80.5409
1686	-0.0407244	1.65535	1.60534	80.5561
1687	-0.0421096	1.65383	1.60672	80.5714
1688	-0.0423857	1.65231	1.6063	80.5866
1689	-0.0424579	1.65079	1.60278	80.6017
1690	-0.0422729	1.64927	1.60227	80.6169
1691	-0.0423167	1.64776	1.60445	80.632
1692	-0.0415351	1.64626	1.60717	80.6473
1693	-0.0411418	1.64478	1.60938	80.6626
1694	-0.0401099	1.64332	1.61205	80.6779
1695	-0.0388244	1.64189	1.61411	80.6934
1696	-0.0395197	1.64045	1.61438	80.7088
1697	-0.0395458	1.63901	1.61382	80.7242
1698	-0.039625	1.63756	1.61338	80.7396
1699	-0.0394494	1.63613	1.61028	80.7549
1700	-0.0382485	1.63472	1.61059	80.7702
1701	-0.037756	1.63332	1.60885	80.7854
1702	-0.0376894	1.63193	1.61043	80.8007
1703	-0.0375041	1.63054	1.612	80.8161
1704	-0.0365064	1.62918	1.61312	80.8315
1705	-0.036419	1.62782	1.61223	80.8468
1706	-0.0361711	1.62647	1.61094	80.8621
1707	-0.0364156	1.62511	1.60859	80.8774
1708	-0.0357831	1.62377	1.60895	80.8926
1709	-0.0344914	1.62247	1.60912	80.9079
1710	-0.0337006	1.62118	1.60998	80.9231
1711	-0.0334291	1.6199	1.60899	80.9384
1712	-0.0326613	1.61863	1.60985	80.9537
1713	-0.0317184	1.6174	1.61093	80.969
1714	-0.0318832	1.61616	1.61096	80.9843
1715	-0.0325297	1.6149	1.61135	80.9996
1716	-0.0327139	1.61364	1.61356	81.0149
1717	-0.0330227	1.61237	1.61604	81.0303
1718	-0.0330944	1.61111	1.61791	81.0458
1719	-0.0326683	1.60985	1.61725	81.0612
1720	-0.0317392	1.60862	1.61907	81.0767
1721	-0.0317298	1.60739	1.61822	81.0921
1722	-0.0318428	1.60616	1.61704	81.1076
1723	-0.0332331	1.60489	1.61635	81.123
1724	-0.0328407	1.60363	1.61563	81.1383
1725	-0.0320312	1.6024	1.61844	81.1538
1726	-0.0327723	1.60115	1.62006	81.1693
1727	-0.0336458	1.59987	1.62103	81.1848
1728	-0.0343205	1.59859	1.6198	81.2003
1729	-0.033577	1.59732	1.62033	81.2158
1730	-0.0329979	1.59606	1.62145	81.2313
1731	-0.0336254	1.5948	1.62048	81.2468
1732	-0.0335709	1.59353	1.61952	81.2622
1733	-0.0340069	1.59225	1.61732	81.2776
1734	-0.0342961	1.59097	1.61893	81.2931
1735	-0.0336526	1.58971	1.62057	81.3085
1736	-0.0331731	1.58845	1.6232	81.3241
1737	-0.03366	1.58719	1.62523	81.3397
1738	-0.0334146	1.58593	1.62733	81.3553
1739	-0.033324	1.58468	1.62917	81.371
1740	-0.0332171	1.58343	1.63105	81.3867
1741	-0.0326868	1.58219	1.63075	81.4024
1742	-0.0311599	1.58099	1.63537	81.4182
1743	-0.0306325	1.5798	1.63527	81.434
1744	-0.0308311	1.57861	1.63358	81.4498
1745	-0.0303898	1.57743	1.63182	81.4655
1746	-0.0302813	1.57626	1.62795	81.4812
1747	-0.0297428	1.5751	1.62553	81.4967
1748	-0.02883	1.57396	1.62298	81.5123
1749	-0.028271	1.57283	1.62399	81.5278
1750	-0.0288576	1.57169	1.62633	81.5434
1751	-0.0278202	1.57058	1.62652	81.559
1752	-0.0260239	1.56951	1.63153	81.5747
1753	-0.0251871	1.56846	1.63424	81.5904
1754	-0.0246428	1.56743	1.63597	81.6062
1755	-0.0250755	1.56639	1.63539	81.622
1756	-0.0259938	1.56532	1.63588	81.6378
1757	-0.0254697	1.56427	1.63662	81.6536
1758	-0.0257303	1.56321	1.63597	81.6694
1759	-0.0276764	1.56211	1.63815	81.6853
1760	-0.0289305	1.56097	1.63811	81.7011
1761	-0.0303438	1.55981	1.64093	81.717
1762	-0.029936	1.55865	1.63902	81.7329
1763	-0.0296907	1.5575	1.6362	81.7487
1764	-0.0302754	1.55634	1.63828	81.7645
1765	-0.029786	1.55519	1.63883	81.7804
1766	-0.0286604	1.55407	1.63854	81.7962
1767	-0.0297417	1.55293	1.64199	81.8121
1768	-0.0293463	1.55179	1.63952	81.828
1769	-0.0303319	1.55063	1.64029	81.8438
1770	-0.0315372	1.54944	1.64344	81.8598
1771	-0.031546	1.54826	1.64144	81.8757
1772	-0.0314466	1.54708	1.64152	81.8916
1773	-0.0319702	1.54588	1.64008	81.9074
1774	-0.0314527	1.5447	1.63979	81.9233
1775	-0.0316444	1.54351	1.63745	81.9391
1776	-0.0315975	1.54233	1.63631	81.9548
1777	-0.0309256	1.54116	1.63831	81.9706
1778	-0.0303639	1.54001	1.63768	81.9864
1779	-0.0301268	1.53886	1.63776	82.0022
1780	-0.030019	1.53772	1.63841	82.018
1781	-0.0304942	1.53657	1.63866	82.0338
1782	-0.0300108	1.53543	1.63972	82.0496
1783	-0.0296232	1.5343	1.6392	82.0654
1784	-0.0288258	1.53318	1.63824	82.0812
1785	-0.0282688	1.53209	1.63738	82.097
1786	-0.0288571	1.53097	1.63809	82.1128
1787	-0.0283588	1.52988	1.64031	82.1286
1788	-0.0288049	1.52877	1.64127	82.1445
1789	-0.0296261	1.52764	1.64106	82.1603
1790	-0.0304693	1.5265	1.64211	82.1762
1791	-0.0297494	1.52537	1.64401	82.1921
1792	-0.0299369	1.52424	1.64648	82.208
1793	-0.0291146	1.52312	1.64345	82.2239
1794	-0.0289438	1.52202	1.64068	82.2397
1795	-0.029157	1.5209	1.63938	82.2555
1796	-0.0282553	1.51982	1.63869	82.2713
1797	-0.0273764	1.51875	1.63974	82.2871
1798	-0.0288911	1.51764	1.63966	82.3029
1799	-0.0300817	1.51651	1.64047	82.3187
1800	-0.0300463	1.51539	1.64212	82.3345
1801	-0.0308736	1.51424	1.64489	82.3504
1802	-0.0310826	1.51309	1.64509	82.3663
1803	-0.0303899	1.51195	1.6443	82.3822
1804	-0.0297856	1.51083	1.64618	82.3981
1805	-0.0295826	1.50972	1.64742	82.4141
1806	-0.0300962	1.50859	1.64923	82.4301
1807	-0.0298668	1.50747	1.65012	82.4461
1808	-0.0298142	1.50636	1.65138	82.4621
1809	-0.0296244	1.50524	1.65112	82.4781
1810	-0.0299531	1.50413	1.6494	82.4941
1811	-0.029587	1.50302	1.65	82.5101
1812	-0.0302293	1.50189	1.64864	82.5261
1813	-0.0307212	1.50076	1.64378	82.5419
1814	-0.0307624	1.49962	1.6436	82.5578
1815	-0.0306817	1.49849	1.64427	82.5736
1816	-0.0290704	1.4974	1.64509	82.5895
1817	-0.0274975	1.49634	1.64779	82.6054
1818	-0.0267278	1.4953	1.64876	82.6214
1819	-0.0261594	1.49428	1.6515	82.6374
1820	-0.0254037	1.49327	1.6547	82.6535
1821	-0.0246995	1.49228	1.6559	82.6696
1822	-0.0240401	1.49131	1.65423	82.6857
1823	-0.0236335	1.49035	1.6533	82.7017
1824	-0.0234782	1.48939	1.65258	82.7177
1825	-0.0231316	1.48844	1.65432	82.7338
1826	-0.0237725	1.48748	1.65587	82.7499
1827	-0.0248525	1.48649	1.65617	82.766
1828	-0.0249244	1.4855	1.65443	82.782
1829	-0.0250895	1.48451	1.65416	82.7981
1830	-0.0243735	1.48354	1.65645	82.8142
1831	-0.024693	1.48256	1.65561	82.8303
1832	-0.0242674	1.48159	1.65608	82.8464
1833	-0.0235784	1.48063	1.6558	82.8624
1834	-0.023135	1.47969	1.65767	82.8786
1835	-0.0216515	1.47878	1.65973	82.8947
1836	-0.0209368	1.47789	1.66023	82.9109
1837	-0.0201399	1.47702	1.66146	82.9271
1838	-0.0186521	1.47618	1.66323	82.9433
1839	-0.0191805	1.47533	1.66191	82.9595
1840	-0.0198446	1.47447	1.66268	82.9757
1841	-0.0193139	1.47362	1.66195	82.9919
1842	-0.0188709	1.47278	1.66136	83.0081
1843	-0.0197382	1.47192	1.66256	83.0243
1844	-0.0199829	1.47106	1.66155	83.0405
1845	-0.0202696	1.47019	1.66338	83.0567
1846	-0.0210792	1.4693	1.66539	83.073
1847	-0.0221584	1.46839	1.66604	83.0893
1848	-0.0231139	1.46745	1.66403	83.1055
1849	-0.0233196	1.46652	1.6616	83.1217
1850	-0.0232307	1.46558	1.65877	83.1378
1851	-0.0235298	1.46464	1.65844	83.1539
1852	-0.024118	1.46368	1.65677	83.1699
1853	-0.024471	1.46272	1.65422	83.1859
1854	-0.0257129	1.46173	1.65186	83.2018
1855	-0.0269881	1.46071	1.65455	83.2178
1856	-0.0278265	1.45967	1.65234	83.2338
1857	-0.0285728	1.45861	1.65201	83.2497
1858	-0.0275538	1.45758	1.65428	83.2657
1859	-0.0276083	1.45655	1.65531	83.2817
1860	-0.0282197	1.45551	1.65573	83.2977
1861	-0.0279909	1.45447	1.65382	83.3136
1862	-0.0284935	1.45342	1.65526	83.3296
1863	-0.0286176	1.45236	1.65668	83.3456
1864	-0.0284438	1.45132	1.65741	83.3617
1865	-0.028271	1.45027	1.65828	83.3777
1866	-0.0278449	1.44924	1.65797	83.3937
1867	-0.0279234	1.44821	1.65789	83.4098
1868	-0.0275062	1.44718	1.65851	83.4258
1869	-0.0273614	1.44617	1.65719	83.4418
1870	-0.0284431	1.44512	1.6579	83.4579
1871	-0.0285064	1.44408	1.65795	83.4739
1872	-0.0269711	1.44307	1.66048	83.49
1873	-0.0252417	1.4421	1.66564	83.5062
1874	-0.023374	1.44118	1.67018	83.5225
1875	-0.021603	1.44029	1.67389	83.5389
1876	-0.0202946	1.43944	1.67522	83.5553
1877	-0.0199471	1.4386	1.67254	83.5716
1878	-0.0198873	1.43776	1.67129	83.5879
1879	-0.0200369	1.43691	1.66944	83.6042
1880	-0.0191501	1.43609	1.66888	83.6205
1881	-0.0178537	1.4353	1.66659	83.6367
1882	-0.016717	1.43453	1.66624	83.6529
1883	-0.0158728	1.43379	1.66224	83.669
1884	-0.0168529	1.43302	1.65875	83.685
1885	-0.0178834	1.43223	1.65605	83.7009
1886	-0.0176126	1.43144	1.65635	83.7169
1887	-0.0175502	1.43066	1.65086	83.7327
1888	-0.0176967	1.42987	1.64918	83.7485
1889	-0.0171716	1.4291	1.6495	83.7642
1890	-0.0158027	1.42836	1.65131	83.7801
1891	-0.0158098	1.42762	1.64875	83.7958
1892	-0.0165396	1.42686	1.6475	83.8116
1893	-0.0169919	1.42609	1.64592	83.8273
1894	-0.0174688	1.42532	1.64703	83.843
1895	-0.0184974	1.42452	1.64841	83.8587
1896	-0.0199924	1.42368	1.6507	83.8745
1897	-0.0214175	1.42282	1.6527	83.8904
1898	-0.0214352	1.42195	1.6545	83.9062
1899	-0.0211678	1.42109	1.65673	83.9222
1900	-0.0199227	1.42026	1.65782	83.9381
1901	-0.0192825	1.41944	1.65816	83.9541
1902	-0.0187953	1.41864	1.65604	83.97
1903	-0.0189813	1.41783	1.6553	83.9858
1904	-0.0181967	1.41704	1.65087	84.0016
1905	-0.015914	1.41631	1.65113	84.0174
1906	-0.016192	1.41557	1.64709	84.0331
1907	-0.0164219	1.41482	1.64718	84.0488
1908	-0.0173962	1.41405	1.64758	84.0645
1909	-0.0180982	1.41327	1.64369	84.0801
1910	-0.0179618	1.41249	1.64251	84.0957
1911	-0.01772	1.41171	1.64382	84.1113
1912	-0.0170605	1.41095	1.64535	84.1269
1913	-0.0163059	1.41021	1.6439	84.1425
1914	-0.0163053	1.40947	1.64372	84.1581
1915	-0.0156096	1.40875	1.6435	84.1737
1916	-0.01606	1.40801	1.64467	84.1893
1917	-0.0159023	1.40728	1.64489	84.2049
1918	-0.0153426	1.40657	1.64603	84.2205
1919	-0.0152232	1.40585	1.64334	84.2361
1920	-0.015047	1.40515	1.64481	84.2517
1921	-0.015139	1.40443	1.64486	84.2673
1922	-0.0140337	1.40375	1.6464	84.2829
1923	-0.0128215	1.40309	1.64702	84.2986
1924	-0.0126033	1.40244	1.64652	84.3142
1925	-0.0117677	1.40181	1.64717	84.3298
1926	-0.0117096	1.40118	1.64671	84.3455
1927	-0.011836	1.40055	1.64647	84.3611
1928	-0.0121302	1.39991	1.64541	84.3767
1929	-0.0115169	1.39928	1.64573	84.3923
1930	-0.0107194	1.39868	1.64797	84.4079
1931	-0.0099355	1.39809	1.6495	84.4236
1932	-0.00974806	1.39751	1.64945	84.4393
1933	-0.0102283	1.39691	1.65092	84.455
1934	-0.00854241	1.39636	1.65355	84.4708
1935	-0.00720346	1.39583	1.65294	84.4865
1936	-0.00639686	1.39533	1.65273	84.5023
1937	-0.00550169	1.39484	1.65095	84.518
1938	-0.00533863	1.39436	1.65064	84.5336
1939	-0.00567894	1.39387	1.65044	84.5493
1940	-0.00491772	1.3934	1.64969	84.565
1941	-0.00396067	1.39295	1.64841	84.5806
1942	-0.00387296	1.39251	1.64661	84.5962
1943	-0.00379024	1.39206	1.64447	84.6118
1944	-0.00398106	1.39162	1.64372	84.6273
1945	-0.00426638	1.39116	1.6427	84.6428
1946	-0.00513892	1.39069	1.64392	84.6583
1947	-0.00558615	1.39021	1.64266	84.6738
1948	-0.0052009	1.38973	1.64226	84.6892
1949	-0.00673797	1.38922	1.64214	84.7047
1950	-0.00746566	1.3887	1.6434	84.7202
1951	-0.00695284	1.38818	1.64489	84.7357
1952	-0.00680137	1.38768	1.64517	84.7513
1953	-0.00652633	1.38717	1.64536	84.7668
1954	-0.00663573	1.38667	1.64435	84.7823
1955	-0.00680765	1.38616	1.64354	84.7978
1956	-0.00676179	1.38565	1.64328	84.8133
1957	-0.00742837	1.38513	1.64545	84.8288
1958	-0.00829324	1.38459	1.6475	84.8444
1959	-0.00823492	1.38405	1.64826	84.86
1960	-0.00896838	1.3835	1.6503	84.8756
1961	-0.0100937	1.38292	1.65239	84.8913
1962	-0.0100027	1.38234	1.65386	84.907
1963	-0.0102079	1.38176	1.6543	84.9227
1964	-0.00877641	1.38121	1.65605	84.9384
1965	-0.00837153	1.38067	1.6571	84.9542
1966	-0.00836334	1.38013	1.65485	84.9699
1967	-0.00953331	1.37956	1.65578	84.9857
1968	-0.00975151	1.37899	1.65458	85.0014
1969	-0.00937487	1.37843	1.65484	85.0171
1970	-0.00972129	1.37786	1.65519	85.0328
1971	-0.010051	1.37729	1.65699	85.0485
1972	-0.0103235	1.37671	1.65557	85.0643
1973	-0.0108472	1.37611	1.65449	85.0799
1974	-0.0103669	1.37553	1.65411	85.0956
1975	-0.0104777	1.37495	1.6548	85.1113
1976	-0.0102105	1.37437	1.65594	85.127
1977	-0.0095145	1.37381	1.65666	85.1428
1978	-0.00926672	1.37326	1.65628	85.1585
