#	<x>	stDevX	<E>	stDevE
0	0.878848	0	4.73695	0
1	1.15312	1.01598	5.14138	4.93916
2	0.899369	1.38184	4.15836	6.61696
3	1.27326	1.82064	4.27242	7.92807
4	1.27215	2.1907	4.08364	8.9571
5	0.879726	2.36892	3.72074	9.73192
6	0.872609	2.52965	4.09869	10.5721
7	0.718833	2.62852	3.64522	11.1973
8	0.367992	2.61344	3.75775	11.8213
9	-0.0388828	2.48311	4.42206	12.6112
10	-0.357989	2.27656	5.0863	13.5471
11	-0.297877	2.10637	4.69792	14.3227
12	-0.238624	1.96722	4.61332	15.0381
13	-0.170825	1.8573	4.39447	15.6659
14	-0.178165	1.75447	4.03495	16.18
15	-0.123264	1.67271	3.89371	16.6436
16	-0.277042	1.56076	4.09439	17.1417
17	-0.319682	1.44619	3.85983	17.5718
18	-0.268051	1.34994	3.67025	17.9491
19	-0.174709	1.27951	3.65945	18.3165
20	-0.158924	1.21639	3.64624	18.6739
21	-0.164836	1.15544	3.67372	19.0306
22	-0.145032	1.10164	3.75713	19.3977
23	-0.0958513	1.06031	3.82726	19.772
24	-0.0438877	1.03119	3.91332	20.1563
25	0.0442046	1.02047	3.86511	20.524
26	0.0909153	1.01931	3.7035	20.8546
27	0.154758	1.03035	3.61536	21.1638
28	0.115573	1.03416	3.52305	21.4518
29	0.100742	1.03547	3.45294	21.7237
30	0.0629618	1.03032	2.9769	21.9083
31	0.0692423	1.02667	2.68436	22.0415
32	0.0951312	1.0278	2.49598	22.1434
33	0.0996915	1.02988	2.30575	22.215
34	0.0801865	1.02886	2.30463	22.2887
35	0.0812399	1.02823	2.20817	22.3488
36	0.138721	1.03713	2.13571	22.3996
37	0.204106	1.05644	2.21208	22.4651
38	0.203998	1.07541	2.1134	22.5169
39	0.207804	1.09468	1.99332	22.5522
40	0.211492	1.11421	1.93154	22.5804
41	0.2445	1.13846	1.96499	22.6162
42	0.259858	1.16463	1.97534	22.6557
43	0.272972	1.19231	1.93267	22.6909
44	0.318278	1.22621	1.94178	22.7294
45	0.28216	1.25426	2.01342	22.7801
46	0.24685	1.27676	1.9792	22.8274
47	0.222025	1.29539	2.0442	22.8854
48	0.203814	1.3112	2.12994	22.9568
49	0.198477	1.32607	2.14725	23.0314
50	0.224273	1.34437	2.12119	23.1032
51	0.233422	1.36369	2.1876	23.1848
52	0.245817	1.38446	2.14916	23.2617
53	0.249222	1.40542	2.19085	23.3447
54	0.250929	1.42635	2.11627	23.4183
55	0.233489	1.44472	2.08898	23.4887
56	0.248216	1.4648	2.04113	23.5534
57	0.247746	1.48459	2.02665	23.6169
58	0.219685	1.50053	1.98633	23.6758
59	0.220216	1.51638	1.96437	23.7325
60	0.226009	1.53281	1.92627	23.7851
61	0.174656	1.5426	2.03006	23.8514
62	0.134861	1.54737	2.01589	23.9163
63	0.115205	1.54971	2.0279	23.9832
64	0.115058	1.55209	2.04093	24.0521
65	0.114851	1.5545	2.01704	24.1184
66	0.0928321	1.55429	1.94673	24.1766
67	0.096252	1.55458	1.8774	24.2268
68	0.123968	1.55826	1.8453	24.2738
69	0.162438	1.56652	1.91974	24.3301
70	0.14299	1.57246	1.89802	24.3843
71	0.167069	1.58121	1.91382	24.4407
72	0.173197	1.59063	1.91864	24.4981
73	0.178387	1.60059	1.84958	24.5478
74	0.189512	1.61176	1.8806	24.6016
75	0.174044	1.6211	1.82388	24.6492
76	0.158614	1.62863	1.84153	24.6992
77	0.177327	1.63825	1.89031	24.7551
78	0.174881	1.64753	1.93358	24.8161
79	0.150602	1.65406	1.91964	24.8758
80	0.153149	1.66086	1.96093	24.9402
81	0.145257	1.66677	1.97086	25.0059
82	0.170076	1.67538	2.02232	25.0773
83	0.18916	1.68601	2.07243	25.1541
84	0.164488	1.69392	2.1145	25.2355
85	0.179442	1.7034	2.09385	25.3145
86	0.194024	1.71437	2.12575	25.3969
87	0.183035	1.72412	2.07956	25.4743
88	0.196281	1.73521	2.05027	25.5485
89	0.196801	1.74628	2.05473	25.6232
90	0.199851	1.7576	2.10068	25.7026
91	0.217132	1.77064	2.12778	25.7847
92	0.208799	1.78273	2.10189	25.864
93	0.196149	1.79345	2.1035	25.9433
94	0.193039	1.80379	2.0491	26.017
95	0.179757	1.81272	1.98516	26.0841
96	0.173283	1.82095	1.96726	26.1494
97	0.192537	1.83108	1.99998	26.2181
98	0.215557	1.84346	1.94042	26.2807
99	0.206458	1.85486	1.8614	26.3355
100	0.217629	1.86729	1.78337	26.3827
101	0.209046	1.8788	1.6971	26.4215
102	0.155502	1.885	1.80317	26.471
103	0.126565	1.88835	1.84979	26.5252
104	0.0974721	1.88889	1.86484	26.581
105	0.093277	1.88906	1.83728	26.6341
106	0.0693914	1.88698	1.87582	26.691
107	0.0355921	1.88171	1.94643	26.7547
108	0.00473654	1.87359	1.97313	26.821
109	-0.0119068	1.864	1.9671	26.8866
110	-0.00848478	1.85486	1.96646	26.9521
111	-0.0095784	1.84574	1.90375	27.0117
112	-0.00958721	1.83673	1.90146	27.0711
113	0.00287598	1.82899	1.91165	27.1314
114	0.0338209	1.82423	1.92245	27.1927
115	0.0543813	1.82145	1.9445	27.256
116	0.0657096	1.81977	1.96037	27.3208
117	0.0778198	1.81924	1.97909	27.3872
118	0.0772216	1.81869	1.93189	27.4492
119	0.0741837	1.81791	1.91277	27.5094
120	0.0815969	1.81783	1.88885	27.5675
121	0.083875	1.81799	1.89873	27.6264
122	0.0848413	1.81826	1.87365	27.683
123	0.0935716	1.81934	1.90993	27.7429
124	0.0957169	1.82064	1.91068	27.8028
125	0.0861248	1.8211	1.89632	27.8614
126	0.0917176	1.82208	1.89937	27.9203
127	0.0883985	1.82279	1.89507	27.9787
128	0.0810301	1.82287	1.87824	28.0356
129	0.0754455	1.82249	1.9023	28.0946
130	0.0728777	1.82192	1.89635	28.1531
131	0.0691346	1.82105	1.86382	28.2087
132	0.0754319	1.82076	1.85872	28.2638
133	0.0740442	1.82038	1.85267	28.3184
134	0.0798324	1.82052	1.80831	28.3691
135	0.0830899	1.82096	1.81013	28.4201
136	0.0850387	1.82159	1.77476	28.468
137	0.0823128	1.82201	1.77255	28.5158
138	0.103809	1.82427	1.78077	28.5642
139	0.115385	1.8275	1.79872	28.6143
140	0.11686	1.83086	1.8308	28.667
141	0.0996241	1.83278	1.86163	28.7222
142	0.0924142	1.83411	1.87661	28.7787
143	0.0833494	1.8347	1.90326	28.8374
144	0.0819974	1.83519	1.91575	28.897
145	0.0818584	1.83569	1.87302	28.953
146	0.0814168	1.83617	1.88549	29.0101
147	0.0692498	1.83567	1.88521	29.067
148	0.0747432	1.83564	1.90923	29.1258
149	0.0708446	1.83532	1.93522	29.1867
150	0.0699293	1.83495	1.94157	29.248
151	0.0666297	1.83433	1.94935	29.3099
152	0.0600771	1.8332	1.94831	29.3716
153	0.0571064	1.83187	1.9608	29.4342
154	0.0620046	1.83095	1.97014	29.4974
155	0.0723779	1.83089	1.98226	29.5616
156	0.0740453	1.83098	1.97325	29.6248
157	0.0719617	1.83092	1.98571	29.689
158	0.0625174	1.83013	1.99736	29.754
159	0.0634261	1.82943	2.00954	29.8198
160	0.0635228	1.82877	2.01396	29.8859
161	0.0724856	1.82883	2.00782	29.9513
162	0.078277	1.82936	2.01994	30.0176
163	0.0914599	1.83093	2.0381	30.0852
164	0.101018	1.83324	2.02832	30.1519
165	0.0981577	1.83534	1.9724	30.2141
166	0.0994217	1.83754	1.92764	30.2728
167	0.108113	1.84042	1.91565	30.3304
168	0.100545	1.84271	1.91509	30.388
169	0.108944	1.84564	1.93899	30.4473
170	0.0985937	1.84779	1.92071	30.5051
171	0.0990277	1.84997	1.92243	30.563
172	0.115034	1.85337	1.96032	30.6236
173	0.135066	1.85827	1.99956	30.6872
174	0.129709	1.86276	2.01302	30.7516
175	0.123086	1.86675	2.02085	30.8165
176	0.116786	1.87025	2.04679	30.8832
177	0.128198	1.8746	2.08366	30.9526
178	0.129992	1.87907	2.09787	31.0229
179	0.144803	1.88464	2.13191	31.0955
180	0.135529	1.8895	2.15156	31.1694
181	0.131302	1.89404	2.14504	31.2427
182	0.129602	1.89844	2.16957	31.3177
183	0.134251	1.90317	2.189	31.3939
184	0.137465	1.90813	2.19284	31.4701
185	0.133815	1.9128	2.16872	31.5445
186	0.136495	1.91767	2.16172	31.6181
187	0.138859	1.92269	2.1491	31.6907
188	0.124638	1.92666	2.16682	31.7644
189	0.121067	1.93037	2.16351	31.8377
190	0.128555	1.93462	2.15995	31.9105
191	0.149162	1.94033	2.21386	31.9871
192	0.160371	1.94684	2.22019	32.064
193	0.162932	1.95351	2.2208	32.1407
194	0.154996	1.95959	2.22519	32.2175
195	0.154846	1.96564	2.20929	32.2931
196	0.150518	1.97137	2.17019	32.3657
197	0.13852	1.97623	2.19803	32.4401
198	0.138671	1.98109	2.20741	32.5149
199	0.139748	1.98601	2.22042	32.5906
200	0.140754	1.991	2.22202	32.6661
201	0.141312	1.996	2.22873	32.742
202	0.136787	2.00068	2.2215	32.8172
203	0.132659	2.00506	2.24006	32.8935
204	0.129508	2.00921	2.24607	32.9701
205	0.136433	2.01384	2.27412	33.0484
206	0.140445	2.01873	2.29145	33.1278
207	0.141655	2.02369	2.27781	33.206
208	0.145637	2.02892	2.26835	33.2833
209	0.142641	2.03392	2.27655	33.3611
210	0.141545	2.03884	2.24783	33.4367
211	0.151112	2.04441	2.24304	33.5118
212	0.143651	2.04944	2.24715	33.587
213	0.148772	2.05482	2.2373	33.6614
214	0.145999	2.05999	2.23704	33.7356
215	0.147579	2.06526	2.2294	33.8092
216	0.141768	2.07012	2.24071	33.8833
217	0.134004	2.07444	2.25728	33.9584
218	0.134477	2.07879	2.2523	34.033
219	0.138993	2.08343	2.23223	34.106
220	0.135169	2.0878	2.23119	34.1789
221	0.140185	2.0925	2.23751	34.252
222	0.13645	2.09694	2.24419	34.3254
223	0.142339	2.10177	2.23906	34.3983
224	0.142166	2.10657	2.23772	34.471
225	0.136514	2.11099	2.23893	34.5436
226	0.136291	2.11538	2.22138	34.6148
227	0.137528	2.11984	2.21897	34.6858
228	0.138461	2.12436	2.21982	34.7567
229	0.129189	2.12826	2.22013	34.8275
230	0.120806	2.13159	2.20569	34.8971
231	0.123206	2.13509	2.21343	34.9672
232	0.12004	2.13837	2.20157	35.0363
233	0.126217	2.14205	2.21098	35.1059
234	0.130577	2.146	2.20778	35.1752
235	0.12905	2.14985	2.21722	35.2449
236	0.131948	2.15389	2.21438	35.3143
237	0.128	2.15765	2.21258	35.3835
238	0.123375	2.16112	2.20509	35.452
239	0.123151	2.16456	2.19865	35.52
240	0.116825	2.1676	2.19835	35.5879
241	0.119627	2.17081	2.18411	35.6547
242	0.119232	2.17399	2.18873	35.7217
243	0.124724	2.17751	2.17366	35.7876
244	0.12448	2.18102	2.16024	35.8525
245	0.116527	2.18401	2.15834	35.9172
246	0.115036	2.18691	2.15178	35.9813
247	0.11448	2.18977	2.14591	36.045
248	0.116158	2.19273	2.14374	36.1084
249	0.124283	2.19621	2.1389	36.1714
250	0.127826	2.1999	2.15114	36.2351
251	0.126005	2.20347	2.16396	36.2995
252	0.127006	2.20709	2.17218	36.3642
253	0.126096	2.21066	2.18316	36.4296
254	0.122927	2.21402	2.13066	36.4915
255	0.112075	2.2167	2.13591	36.5537
256	0.109435	2.21921	2.12421	36.615
257	0.106632	2.22155	2.0906	36.6742
258	0.107213	2.22392	2.08936	36.7332
259	0.106469	2.22625	2.09879	36.7927
260	0.10991	2.22879	2.09117	36.8516
261	0.114864	2.23163	2.0699	36.9091
262	0.11877	2.23471	2.05079	36.9653
263	0.114	2.23749	2.02285	37.0198
264	0.108338	2.23992	2.00456	37.073
265	0.106512	2.24224	2.01233	37.1267
266	0.108536	2.24469	2.01492	37.1804
267	0.108179	2.2471	2.01443	37.2341
268	0.107938	2.24951	2.01036	37.2874
269	0.106639	2.25183	2.00519	37.3404
270	0.104479	2.25402	2.00491	37.3932
271	0.102987	2.25613	1.98213	37.4447
272	0.107068	2.25847	1.98088	37.4959
273	0.107815	2.26086	1.97669	37.5469
274	0.11523	2.2637	1.97424	37.5977
275	0.119821	2.26681	1.97126	37.6482
276	0.115741	2.26967	1.98207	37.6993
277	0.113663	2.27241	1.98853	37.7507
278	0.111588	2.27501	1.97954	37.8015
279	0.108025	2.27741	1.98	37.8523
280	0.114041	2.28015	1.98716	37.9035
281	0.114501	2.28293	1.99598	37.9551
282	0.113142	2.28562	2.00434	38.0072
283	0.114333	2.28838	2.0118	38.0596
284	0.11612	2.29124	1.99919	38.1112
285	0.118426	2.29424	1.95109	38.1599
286	0.116101	2.29709	1.90111	38.2056
287	0.119646	2.30015	1.90159	38.2514
288	0.120612	2.30327	1.90315	38.2971
289	0.118475	2.30625	1.91641	38.3436
290	0.118423	2.30923	1.93502	38.3911
291	0.120009	2.31229	1.9366	38.4387
292	0.120503	2.31539	1.94866	38.4869
293	0.120332	2.31846	1.94959	38.5351
294	0.119196	2.32147	1.93096	38.5822
295	0.11387	2.32417	1.92825	38.6291
296	0.112096	2.32676	1.92806	38.6759
297	0.111799	2.32933	1.90404	38.7213
298	0.114178	2.33204	1.87921	38.7652
299	0.11778	2.33495	1.86096	38.808
300	0.121246	2.33806	1.8707	38.8514
301	0.120792	2.34114	1.8649	38.8943
302	0.116061	2.34394	1.82534	38.935
303	0.111392	2.34647	1.81951	38.9753
304	0.108342	2.34883	1.82173	39.0157
305	0.108677	2.3512	1.80755	39.0553
306	0.11574	2.35398	1.81066	39.095
307	0.125693	2.35732	1.83309	39.136
308	0.132836	2.36105	1.84179	39.1774
309	0.134124	2.36486	1.85555	39.2196
310	0.134524	2.36868	1.86238	39.2621
311	0.134834	2.37252	1.87326	39.3052
312	0.139385	2.3766	1.88554	39.349
313	0.141776	2.38082	1.8574	39.3912
314	0.144764	2.38519	1.85462	39.4331
315	0.147625	2.38972	1.8615	39.4754
316	0.154872	2.39464	1.87801	39.5186
317	0.162319	2.39997	1.90058	39.563
318	0.164124	2.40539	1.91499	39.6082
319	0.16273	2.41073	1.90743	39.6529
320	0.159489	2.41587	1.90275	39.6974
321	0.153904	2.42069	1.89803	39.7415
322	0.148488	2.4252	1.8947	39.7854
323	0.151248	2.42986	1.88959	39.8289
324	0.153494	2.43463	1.8906	39.8725
325	0.157096	2.43959	1.9006	39.9166
326	0.158393	2.44461	1.9103	39.9612
327	0.158904	2.44966	1.90943	40.0057
328	0.162959	2.45491	1.90285	40.0497
329	0.164457	2.46024	1.91083	40.0942
330	0.164374	2.46555	1.92015	40.1392
331	0.171779	2.47126	1.93607	40.185
332	0.175039	2.47714	1.94168	40.231
333	0.173594	2.48292	1.91632	40.2756
334	0.173587	2.4887	1.89324	40.3189
335	0.166231	2.49406	1.90975	40.3631
336	0.166054	2.4994	1.89056	40.4062
337	0.15984	2.50439	1.88858	40.4491
338	0.158401	2.50929	1.87512	40.4913
339	0.158598	2.5142	1.86273	40.5327
340	0.161759	2.51927	1.85542	40.5738
341	0.160506	2.52426	1.85325	40.6146
342	0.159768	2.5292	1.85957	40.6558
343	0.157618	2.53402	1.86324	40.6972
344	0.157614	2.53883	1.84046	40.7373
345	0.153024	2.54338	1.82891	40.7767
346	0.149166	2.54772	1.83561	40.8165
347	0.14846	2.55202	1.83709	40.8563
348	0.150484	2.55641	1.83607	40.896
349	0.149165	2.56073	1.84363	40.9361
350	0.151693	2.56517	1.84548	40.9763
351	0.148117	2.56942	1.8417	41.0163
352	0.150244	2.57378	1.82785	41.0554
353	0.153635	2.5783	1.83684	41.0951
354	0.158156	2.58306	1.84334	41.135
355	0.160515	2.58794	1.84376	41.1749
356	0.161174	2.59284	1.85951	41.2157
357	0.154544	2.59738	1.85084	41.2559
358	0.160582	2.60223	1.85967	41.2966
359	0.160685	2.60708	1.86553	41.3375
360	0.157402	2.61175	1.87341	41.3789
361	0.156035	2.61634	1.88437	41.4207
362	0.157674	2.62101	1.89126	41.4629
363	0.161016	2.62585	1.89272	41.5051
364	0.161623	2.6307	1.8747	41.5464
365	0.162856	2.63562	1.87205	41.5875
366	0.154252	2.64008	1.87617	41.6287
367	0.148883	2.64425	1.87614	41.67
368	0.146585	2.64829	1.87517	41.7111
369	0.139887	2.65198	1.88971	41.753
370	0.140843	2.65572	1.89224	41.7949
371	0.136245	2.65921	1.90138	41.8373
372	0.134222	2.66259	1.90518	41.8798
373	0.135208	2.66602	1.90247	41.9222
374	0.134288	2.6694	1.89189	41.964
375	0.136438	2.67289	1.88937	42.0056
376	0.139114	2.6765	1.87804	42.0466
377	0.14451	2.68039	1.88896	42.0881
378	0.144129	2.68426	1.89525	42.1299
379	0.144556	2.68814	1.88545	42.1712
380	0.149492	2.69227	1.89926	42.2131
381	0.153666	2.6966	1.90586	42.2554
382	0.153503	2.70092	1.90336	42.2975
383	0.152207	2.70517	1.8918	42.3389
384	0.155774	2.70959	1.88924	42.3802
385	0.159956	2.71422	1.88448	42.4212
386	0.157938	2.71874	1.886	42.4622
387	0.161661	2.72344	1.89051	42.5035
388	0.15876	2.72798	1.90081	42.5452
389	0.155091	2.73233	1.90368	42.587
390	0.151122	2.73648	1.9088	42.6291
391	0.152005	2.74066	1.91188	42.6713
392	0.155282	2.74501	1.91695	42.7137
393	0.151791	2.74917	1.91596	42.756
394	0.14904	2.75318	1.91643	42.7982
395	0.141886	2.75683	1.91924	42.8406
396	0.141558	2.76047	1.92475	42.8833
397	0.140684	2.76405	1.92797	42.926
398	0.133985	2.76729	1.93862	42.9692
399	0.132009	2.77043	1.9399	43.0125
400	0.130123	2.77347	1.94045	43.0558
401	0.13066	2.77654	1.95128	43.0995
402	0.12941	2.77954	1.95249	43.1433
403	0.127043	2.78242	1.96009	43.1874
404	0.126369	2.78526	1.96833	43.2318
405	0.126614	2.78811	1.96124	43.2759
406	0.12227	2.79074	1.95413	43.3196
407	0.117672	2.79315	1.92431	43.3617
408	0.119549	2.79565	1.91357	43.4033
409	0.121147	2.79822	1.90587	43.4445
410	0.122359	2.80085	1.91231	43.486
411	0.123275	2.80352	1.90804	43.5272
412	0.123948	2.80622	1.91501	43.5687
413	0.12436	2.80895	1.91965	43.6104
414	0.121412	2.81152	1.92858	43.6525
415	0.116389	2.81385	1.9415	43.6952
416	0.114211	2.81607	1.94044	43.7378
417	0.111616	2.81816	1.9446	43.7806
418	0.110864	2.82021	1.93927	43.8231
419	0.111366	2.82229	1.94138	43.8656
420	0.109772	2.82428	1.94286	43.9082
421	0.111662	2.82637	1.94935	43.951
422	0.111702	2.82846	1.95138	43.994
423	0.106873	2.83032	1.95794	44.0371
424	0.106777	2.83217	1.95506	44.0801
425	0.108295	2.83409	1.95063	44.1229
426	0.106531	2.83592	1.95293	44.1657
427	0.109879	2.83792	1.93825	44.2078
428	0.108979	2.83988	1.91611	44.2488
429	0.110428	2.8419	1.91475	44.2896
430	0.113998	2.84409	1.92715	44.3311
431	0.113648	2.84627	1.93401	44.3728
432	0.110048	2.84827	1.92626	44.4141
433	0.109518	2.85024	1.90404	44.4543
434	0.11103	2.85229	1.88982	44.4938
435	0.110375	2.85431	1.88811	44.5332
436	0.109372	2.85627	1.88171	44.5722
437	0.103558	2.85796	1.87874	44.6111
438	0.100818	2.85952	1.87278	44.6497
439	0.0993958	2.86101	1.87343	44.6882
440	0.0941302	2.86224	1.88137	44.7271
441	0.0933724	2.86345	1.88269	44.7661
442	0.0944774	2.86471	1.88097	44.8049
443	0.0983847	2.86615	1.89069	44.8442
444	0.102263	2.86778	1.89974	44.8838
445	0.105714	2.86957	1.90776	44.9238
446	0.108003	2.87147	1.91496	44.9641
447	0.109072	2.87341	1.90859	45.0041
448	0.109944	2.8754	1.91635	45.0444
449	0.110923	2.87744	1.92608	45.0851
450	0.114623	2.87964	1.9243	45.1257
451	0.11598	2.88191	1.92047	45.1661
452	0.114913	2.88413	1.91951	45.2065
453	0.109931	2.88611	1.927	45.2471
454	0.106272	2.88792	1.93511	45.2881
455	0.107785	2.8898	1.93575	45.329
456	0.106416	2.89162	1.92461	45.3695
457	0.105809	2.89341	1.91637	45.4095
458	0.10737	2.89526	1.91589	45.4494
459	0.105528	2.89704	1.90776	45.4889
460	0.102955	2.89869	1.90417	45.5283
461	0.101462	2.90027	1.88908	45.5669
462	0.0953783	2.90158	1.8817	45.6051
463	0.0938103	2.9028	1.86587	45.6426
464	0.0938306	2.90403	1.85975	45.6797
465	0.091188	2.90514	1.85149	45.7165
466	0.0874495	2.90608	1.85688	45.7534
467	0.0829828	2.90681	1.8569	45.7904
468	0.0852419	2.90765	1.85775	45.8273
469	0.0806976	2.90828	1.8593	45.8643
470	0.0806046	2.90891	1.86083	45.9014
471	0.0830568	2.90965	1.86103	45.9384
472	0.0802231	2.91026	1.86273	45.9755
473	0.0783272	2.91079	1.86682	46.0127
474	0.0776633	2.91129	1.85436	46.0493
475	0.0768406	2.91176	1.8555	46.086
476	0.0737929	2.91209	1.85997	46.1228
477	0.0735307	2.9124	1.86594	46.1599
478	0.0704268	2.91258	1.86768	46.1971
479	0.0711223	2.9128	1.87189	46.2344
480	0.0690404	2.91292	1.87637	46.2718
481	0.0663808	2.91292	1.88639	46.3097
482	0.0664992	2.91293	1.89104	46.3478
483	0.0685014	2.91304	1.89379	46.386
484	0.0673618	2.9131	1.8892	46.424
485	0.0707871	2.91331	1.89544	46.4622
486	0.0707532	2.91353	1.89648	46.5004
487	0.0686964	2.91366	1.89098	46.5383
488	0.0651366	2.91362	1.88864	46.5762
489	0.0662297	2.91364	1.88872	46.6139
490	0.0666066	2.91368	1.87716	46.6512
491	0.0671323	2.91375	1.86997	46.688
492	0.0672669	2.91383	1.85377	46.7242
493	0.0685428	2.91396	1.85718	46.7604
494	0.0687184	2.91411	1.8626	46.7969
495	0.070884	2.91436	1.87045	46.8337
496	0.0713542	2.91463	1.85901	46.87
497	0.0713774	2.9149	1.84661	46.9056
498	0.0724371	2.91522	1.82632	46.9404
499	0.0742326	2.91563	1.80894	46.9743
500	0.0753046	2.91608	1.81283	47.0084
501	0.0748219	2.91652	1.82285	47.043
502	0.0703656	2.91676	1.82413	47.0775
503	0.0701786	2.91699	1.8212	47.1119
504	0.072155	2.91732	1.82931	47.1467
505	0.071291	2.9176	1.83384	47.1816
506	0.071738	2.91791	1.83836	47.2167
507	0.0744155	2.91834	1.84746	47.2522
508	0.0755477	2.91883	1.85207	47.2878
509	0.0753683	2.9193	1.83543	47.3227
510	0.0779229	2.9199	1.82854	47.3573
511	0.0788717	2.92053	1.8222	47.3916
512	0.0823117	2.92132	1.82313	47.4259
513	0.0849882	2.92223	1.82185	47.4601
514	0.0837058	2.92308	1.82372	47.4944
515	0.0856283	2.92402	1.82999	47.5289
516	0.084107	2.92489	1.83363	47.5636
517	0.0822359	2.92568	1.83927	47.5985
518	0.0781354	2.92629	1.84625	47.6336
519	0.0783718	2.92691	1.84642	47.6688
520	0.0807468	2.92764	1.8523	47.7042
521	0.0856234	2.92859	1.86039	47.7399
522	0.0845175	2.92948	1.86468	47.7758
523	0.0832924	2.93033	1.85425	47.8112
524	0.0804542	2.93105	1.85344	47.8465
525	0.077844	2.93166	1.84881	47.8817
526	0.0755663	2.93217	1.84811	47.9167
527	0.0753487	2.93267	1.85326	47.952
528	0.0749929	2.93316	1.85365	47.9872
529	0.0756106	2.93368	1.85688	48.0226
530	0.0770301	2.93426	1.861	48.0581
531	0.0762426	2.93481	1.86483	48.0938
532	0.0734208	2.93524	1.86836	48.1296
533	0.0697411	2.93551	1.88019	48.1659
534	0.067494	2.93568	1.8867	48.2024
535	0.0683286	2.9359	1.89017	48.2391
536	0.0645309	2.93595	1.88954	48.2757
537	0.0631697	2.93595	1.8847	48.3121
538	0.0609002	2.93585	1.88077	48.3483
539	0.0593863	2.93569	1.8635	48.3837
540	0.0588917	2.93551	1.85336	48.4186
541	0.0568202	2.93524	1.85481	48.4536
542	0.0572254	2.93499	1.85218	48.4885
543	0.0582753	2.9348	1.84009	48.5228
544	0.058467	2.93461	1.83001	48.5567
545	0.0572212	2.93437	1.8165	48.5899
546	0.0559177	2.93408	1.79873	48.6224
547	0.0559248	2.9338	1.79299	48.6546
548	0.0558442	2.93351	1.7936	48.6869
549	0.0555921	2.93321	1.79782	48.7193
550	0.0571105	2.93299	1.79308	48.7514
551	0.0551039	2.93268	1.80009	48.7839
552	0.056233	2.93242	1.79941	48.8163
553	0.0527122	2.93201	1.80049	48.8487
554	0.0527848	2.93161	1.8079	48.8814
555	0.0546615	2.9313	1.81025	48.9142
556	0.053956	2.93095	1.80755	48.9469
557	0.053421	2.93059	1.81147	48.9797
558	0.0525196	2.93019	1.81098	49.0125
559	0.0506007	2.92972	1.81817	49.0456
560	0.0504244	2.92923	1.82267	49.0788
561	0.0518932	2.92882	1.82644	49.1122
562	0.0496208	2.92831	1.83376	49.1458
563	0.0456398	2.92764	1.84109	49.1798
564	0.0431306	2.92686	1.83554	49.2134
565	0.0420993	2.92605	1.83773	49.2472
566	0.0427085	2.92526	1.84331	49.2812
567	0.0453534	2.92459	1.853	49.3155
568	0.0466756	2.92398	1.84864	49.3497
569	0.0478639	2.92342	1.85244	49.384
570	0.0485961	2.9229	1.85267	49.4183
571	0.049533	2.92242	1.85679	49.4527
572	0.0443007	2.92172	1.86446	49.4874
573	0.0419504	2.92093	1.86068	49.522
574	0.0424484	2.92016	1.86434	49.5566
575	0.0406733	2.91932	1.86049	49.5911
576	0.0388351	2.91841	1.86298	49.6257
577	0.0372129	2.91744	1.85959	49.6601
578	0.032909	2.91629	1.86335	49.6946
579	0.0296309	2.915	1.85198	49.7287
580	0.0276501	2.91365	1.8407	49.7623
581	0.030428	2.91241	1.84456	49.796
582	0.0305943	2.91118	1.8464	49.8297
583	0.0268438	2.9098	1.85636	49.8638
584	0.0259199	2.90838	1.85986	49.8981
585	0.0232456	2.90687	1.86458	49.9326
586	0.0239331	2.90538	1.86518	49.967
587	0.0244726	2.90392	1.87225	50.0017
588	0.0228688	2.9024	1.8751	50.0365
589	0.0218214	2.90084	1.87527	50.0713
590	0.0219643	2.89929	1.8795	50.1062
591	0.0223546	2.89777	1.87874	50.1411
592	0.0244577	2.89633	1.88028	50.176
593	0.0259867	2.89496	1.87655	50.2108
594	0.0282025	2.89368	1.86961	50.2452
595	0.0294593	2.89247	1.86506	50.2795
596	0.031448	2.89133	1.86695	50.3138
597	0.0319366	2.89022	1.86723	50.348
598	0.0314492	2.8891	1.86546	50.3822
599	0.0301161	2.88792	1.86975	50.4166
600	0.0292769	2.88671	1.87184	50.451
601	0.0295547	2.88552	1.87226	50.4853
602	0.0266817	2.88422	1.86739	50.5195
603	0.0244271	2.88283	1.86322	50.5535
604	0.0226591	2.88137	1.86378	50.5875
605	0.0188453	2.87976	1.86527	50.6215
606	0.021014	2.87824	1.86466	50.6555
607	0.0187669	2.87664	1.86491	50.6894
608	0.0155764	2.87491	1.86722	50.7235
609	0.0150079	2.87316	1.86607	50.7575
610	0.0171529	2.87151	1.86468	50.7913
611	0.0206638	2.87	1.86717	50.8253
612	0.0193733	2.86844	1.86139	50.859
613	0.0213001	2.86697	1.84448	50.892
614	0.0199312	2.86545	1.84523	50.9251
615	0.0198357	2.86392	1.84327	50.958
616	0.021486	2.86247	1.83511	50.9906
617	0.0236197	2.8611	1.82956	51.0229
618	0.024281	2.85977	1.83056	51.0552
619	0.0287962	2.85862	1.8377	51.0879
620	0.0354445	2.85775	1.8522	51.121
621	0.0401561	2.85706	1.84731	51.154
622	0.0427797	2.85648	1.84526	51.1869
623	0.0441772	2.85596	1.84073	51.2195
624	0.0418517	2.85535	1.84769	51.2525
625	0.0424151	2.85477	1.84766	51.2854
626	0.0417218	2.85416	1.84498	51.3181
627	0.0423227	2.85358	1.84597	51.3509
628	0.0456864	2.85313	1.85206	51.3839
629	0.0453093	2.85267	1.85593	51.4171
630	0.0453471	2.85222	1.85403	51.4502
631	0.047928	2.85187	1.85543	51.4832
632	0.0472029	2.8515	1.85252	51.5162
633	0.0482374	2.85116	1.84947	51.549
634	0.0480821	2.85083	1.84963	51.5818
635	0.0475214	2.85047	1.85329	51.6147
636	0.0478808	2.85013	1.84437	51.6473
637	0.048363	2.84982	1.83735	51.6795
638	0.0509903	2.8496	1.83663	51.7118
639	0.0550488	2.84956	1.84004	51.7441
640	0.0544416	2.84948	1.83735	51.7763
641	0.0574361	2.84953	1.83458	51.8084
642	0.0626966	2.84979	1.8484	51.8409
643	0.0619808	2.85002	1.85164	51.8737
644	0.0620226	2.85025	1.85277	51.9064
645	0.0602052	2.85042	1.85595	51.9392
646	0.0615621	2.85064	1.85509	51.972
647	0.0595853	2.85078	1.85806	52.0049
648	0.0564869	2.8508	1.85911	52.0378
649	0.0557758	2.85079	1.85367	52.0705
650	0.0531413	2.85069	1.85486	52.1032
651	0.0528158	2.85057	1.85198	52.1357
652	0.0480845	2.85027	1.85624	52.1684
653	0.0479653	2.84997	1.84908	52.2008
654	0.0468783	2.84963	1.84336	52.233
655	0.0470675	2.84929	1.84168	52.2651
656	0.0454519	2.8489	1.84146	52.2971
657	0.0416111	2.84836	1.83925	52.3291
658	0.037909	2.84768	1.84721	52.3613
659	0.0363551	2.84693	1.85227	52.3938
660	0.0346185	2.84613	1.85701	52.4264
661	0.0337895	2.84529	1.85609	52.4589
662	0.0344505	2.84449	1.86053	52.4916
663	0.0362966	2.84376	1.86177	52.5243
664	0.0401266	2.84317	1.86619	52.5572
665	0.0433156	2.84272	1.85912	52.5897
666	0.0452986	2.84234	1.86234	52.6224
667	0.0438102	2.84191	1.86276	52.6551
668	0.0413239	2.84139	1.86115	52.6877
669	0.0394512	2.84079	1.86054	52.7202
670	0.0414412	2.84028	1.85517	52.7525
671	0.0436584	2.83985	1.85913	52.785
672	0.0457084	2.8395	1.86575	52.8177
673	0.0481549	2.83925	1.86311	52.8503
674	0.0468953	2.83895	1.86569	52.8829
675	0.0427711	2.8385	1.86718	52.9156
676	0.040664	2.83797	1.86782	52.9483
677	0.0361165	2.83726	1.86589	52.9809
678	0.0334792	2.83646	1.86567	53.0135
679	0.0332098	2.83565	1.86324	53.0459
680	0.031695	2.83478	1.86416	53.0784
681	0.0296079	2.83384	1.86916	53.1111
682	0.0299495	2.83291	1.86149	53.1434
683	0.0293162	2.83196	1.8478	53.1752
684	0.0321254	2.83113	1.85028	53.2071
685	0.0328088	2.83032	1.85049	53.2389
686	0.0306387	2.82943	1.8525	53.2709
687	0.0306111	2.82854	1.85289	53.3028
688	0.0306783	2.82766	1.8576	53.3349
689	0.0301972	2.82676	1.86224	53.3671
690	0.0333262	2.82598	1.86885	53.3996
691	0.0346278	2.82526	1.87115	53.4321
692	0.0405798	2.82476	1.88617	53.4652
693	0.0456107	2.82446	1.89741	53.4987
694	0.0433256	2.82407	1.89756	53.5322
695	0.0423585	2.82365	1.89639	53.5656
696	0.0433464	2.82327	1.9006	53.5991
697	0.0430494	2.82288	1.90467	53.6328
698	0.0434174	2.8225	1.90096	53.6663
699	0.0447194	2.82217	1.89881	53.6998
700	0.0454249	2.82188	1.89355	53.733
701	0.0466904	2.82163	1.89608	53.7663
702	0.0456909	2.82135	1.8951	53.7995
703	0.0480565	2.82116	1.89836	53.8328
704	0.0458133	2.82088	1.90315	53.8663
705	0.0425165	2.82049	1.90752	53.8999
706	0.0406355	2.82002	1.90533	53.9335
707	0.0420682	2.81961	1.89963	53.9668
708	0.0435371	2.81926	1.905	54.0002
709	0.0421503	2.81886	1.89682	54.0334
710	0.0408268	2.81841	1.89304	54.0664
711	0.0400696	2.81793	1.87145	54.0985
712	0.0420403	2.81753	1.85939	54.1302
713	0.0419068	2.81712	1.85593	54.1618
714	0.0416951	2.81672	1.8511	54.1931
715	0.0414438	2.8163	1.84075	54.224
716	0.0400347	2.81583	1.83577	54.2548
717	0.0389501	2.81532	1.83308	54.2854
718	0.0364516	2.81473	1.83577	54.3161
719	0.0366888	2.81414	1.84114	54.347
720	0.0371164	2.81357	1.83519	54.3776
721	0.0384317	2.81306	1.84093	54.4085
722	0.0363328	2.81246	1.84001	54.4393
723	0.0335101	2.81177	1.83327	54.4698
724	0.032006	2.81102	1.83555	54.5004
725	0.032116	2.81027	1.83194	54.5308
726	0.0328064	2.80956	1.82998	54.5612
727	0.030395	2.80876	1.83078	54.5916
728	0.0266868	2.80782	1.83459	54.6221
729	0.0251901	2.80683	1.83349	54.6525
730	0.0239259	2.8058	1.83271	54.6829
731	0.0218219	2.80469	1.83242	54.7133
732	0.021415	2.80357	1.82416	54.7433
733	0.0192731	2.80237	1.82481	54.7734
734	0.0219276	2.80128	1.82754	54.8035
735	0.0242089	2.80027	1.82832	54.8337
736	0.02604	2.79933	1.82249	54.8636
737	0.0244823	2.79833	1.81857	54.8934
738	0.0255131	2.79738	1.82308	54.9233
739	0.0267731	2.79647	1.82961	54.9534
740	0.0275779	2.7956	1.83043	54.9836
741	0.0265668	2.79469	1.83671	55.0139
742	0.0273611	2.79382	1.84003	55.0444
743	0.026892	2.79293	1.84433	55.075
744	0.0253449	2.79198	1.84622	55.1057
745	0.0251376	2.79103	1.84217	55.1362
746	0.0219513	2.78997	1.84526	55.1668
747	0.0226665	2.78894	1.84345	55.1973
748	0.0212655	2.78785	1.84789	55.228
749	0.0185044	2.78667	1.84632	55.2586
750	0.0157814	2.78539	1.84389	55.2891
751	0.0129707	2.78402	1.83386	55.3192
752	0.0134488	2.78266	1.83412	55.3493
753	0.0135722	2.78131	1.82852	55.3792
754	0.0129186	2.77994	1.82678	55.409
755	0.0134212	2.77859	1.82136	55.4385
756	0.0153298	2.77731	1.81405	55.4679
757	0.0166856	2.77609	1.81401	55.4971
758	0.0168996	2.77487	1.81473	55.5265
759	0.0162659	2.77364	1.81585	55.5558
760	0.0151426	2.77237	1.81814	55.5852
761	0.0161155	2.77113	1.81546	55.6145
762	0.0143142	2.76984	1.80507	55.6434
763	0.0121509	2.76847	1.79103	55.6717
764	0.0090965	2.76699	1.783	55.6998
765	0.00480729	2.76536	1.78341	55.7279
766	0.00572034	2.76376	1.77984	55.7558
767	0.00447535	2.76213	1.77413	55.7835
768	0.00667081	2.76057	1.77212	55.8112
769	0.00553782	2.75898	1.7729	55.8388
770	0.00582297	2.7574	1.76659	55.8662
771	0.00744405	2.75589	1.76153	55.8934
772	0.00762335	2.75438	1.75286	55.9203
773	0.00974547	2.75295	1.74823	55.947
774	0.0106244	2.75156	1.73114	55.9731
775	0.0109261	2.75018	1.72696	55.999
776	0.0116448	2.74883	1.7274	56.0249
777	0.0112283	2.74747	1.72761	56.0509
778	0.0140308	2.74621	1.72907	56.0768
779	0.0158814	2.74502	1.73055	56.1029
780	0.0158349	2.74383	1.72271	56.1286
781	0.0157384	2.74264	1.7175	56.1541
782	0.0154934	2.74144	1.72021	56.1797
783	0.0137297	2.74018	1.72592	56.2055
784	0.0153268	2.73899	1.73078	56.2315
785	0.0166385	2.73784	1.73062	56.2574
786	0.0162276	2.73668	1.73175	56.2834
787	0.0162632	2.73552	1.73417	56.3095
788	0.0153524	2.73434	1.72913	56.3354
789	0.0150792	2.73315	1.7287	56.3612
790	0.0147561	2.73194	1.73026	56.3871
791	0.0154923	2.73077	1.72629	56.4128
792	0.0125166	2.7295	1.73321	56.4388
793	0.00999224	2.72813	1.73809	56.4649
794	0.0105404	2.72679	1.73886	56.4911
795	0.00859028	2.72538	1.73795	56.5172
796	0.00589158	2.72389	1.74253	56.5435
797	0.00547776	2.72237	1.74206	56.5697
798	0.00538663	2.72086	1.73673	56.5957
799	0.00447465	2.71932	1.74309	56.622
800	0.00342007	2.71775	1.7436	56.6482
801	0.000789139	2.71608	1.7514	56.6748
802	-0.00116763	2.71435	1.75743	56.7015
803	-0.00160756	2.71261	1.76059	56.7283
804	-0.00119034	2.71088	1.76287	56.7552
805	0.00029052	2.70921	1.76415	56.7821
806	-3.67083e-05	2.70753	1.76611	56.8091
807	0.00118307	2.7059	1.76868	56.8362
808	0.00320653	2.70434	1.77097	56.8633
809	0.00430494	2.70283	1.77234	56.8905
810	0.00355838	2.70129	1.7675	56.9175
811	0.0032585	2.69974	1.76776	56.9444
812	0.00627867	2.6983	1.77251	56.9716
813	0.00876011	2.69695	1.77279	56.9987
814	0.0109921	2.69568	1.77232	57.0258
815	0.013855	2.69452	1.77271	57.0529
816	0.0143598	2.69337	1.76781	57.0799
817	0.0167681	2.69231	1.76979	57.1068
818	0.017505	2.69128	1.77137	57.1339
819	0.017126	2.69024	1.7712	57.1609
820	0.0175119	2.68921	1.77535	57.188
821	0.0156561	2.68813	1.77934	57.2153
822	0.0152237	2.68703	1.77692	57.2425
823	0.0158921	2.68595	1.78059	57.2697
824	0.0140212	2.68481	1.786	57.2972
825	0.0112986	2.68358	1.79015	57.3248
826	0.0117562	2.68237	1.79175	57.3525
827	0.0123879	2.68118	1.79393	57.3802
828	0.0114562	2.67996	1.78918	57.4077
829	0.0120369	2.67877	1.76909	57.4345
830	0.0121461	2.67758	1.76252	57.4611
831	0.0124249	2.6764	1.75715	57.4875
832	0.0113588	2.67519	1.75478	57.5137
833	0.0102202	2.67394	1.74954	57.5398
834	0.00806238	2.67262	1.74603	57.5658
835	0.00796879	2.6713	1.74143	57.5916
836	0.0051241	2.66988	1.74429	57.6175
837	0.00667221	2.66852	1.75005	57.6436
838	0.00860414	2.66723	1.75697	57.6699
839	0.00878586	2.66594	1.75867	57.6962
840	0.00802165	2.66464	1.76211	57.7227
841	0.00716829	2.6633	1.75774	57.7489
842	0.00547661	2.66191	1.7587	57.7753
843	0.00386473	2.66047	1.75456	57.8014
844	0.00485915	2.65906	1.75437	57.8276
845	0.00300322	2.6576	1.75631	57.8538
846	0.00206862	2.6561	1.7587	57.88
847	-0.00137252	2.65449	1.76547	57.9065
848	-0.00481948	2.65276	1.77167	57.9332
849	-0.0048739	2.65104	1.77256	57.9599
850	-0.00518716	2.6493	1.77501	57.9867
851	-0.00690676	2.64751	1.77711	58.0136
852	-0.00901943	2.64565	1.78202	58.0406
853	-0.00859488	2.64381	1.78421	58.0677
854	-0.00901916	2.64196	1.78659	58.0948
855	-0.00741603	2.64016	1.78998	58.122
856	-0.00615295	2.63841	1.78834	58.1492
857	-0.00627927	2.63666	1.78906	58.1764
858	-0.00661411	2.6349	1.78765	58.2035
859	-0.00682394	2.63314	1.78404	58.2305
860	-0.00634085	2.6314	1.78526	58.2575
861	-0.00714742	2.62963	1.78771	58.2846
862	-0.00982481	2.62777	1.79047	58.3118
863	-0.0104789	2.6259	1.78273	58.3387
864	-0.013082	2.62394	1.77898	58.3654
865	-0.015154	2.62191	1.7751	58.3921
866	-0.014291	2.61991	1.77115	58.4185
867	-0.0153277	2.61788	1.76124	58.4447
868	-0.0155441	2.61585	1.76055	58.4707
869	-0.0160106	2.61381	1.75499	58.4966
870	-0.0167216	2.61174	1.75024	58.5224
871	-0.0179656	2.60964	1.7534	58.5482
872	-0.0186348	2.60751	1.75613	58.5741
873	-0.0196167	2.60536	1.76051	58.6001
874	-0.0191934	2.60322	1.76222	58.6262
875	-0.0202745	2.60106	1.76736	58.6524
876	-0.0205395	2.59888	1.77251	58.6788
877	-0.0220184	2.59666	1.77397	58.7053
878	-0.0259693	2.59431	1.77801	58.7319
879	-0.0269252	2.59193	1.7811	58.7585
880	-0.0280945	2.58951	1.78157	58.7852
881	-0.0290121	2.58707	1.78043	58.8118
882	-0.029261	2.58462	1.77914	58.8384
883	-0.0259822	2.58229	1.78624	58.8652
884	-0.0249687	2.57999	1.78461	58.8919
885	-0.0250727	2.57769	1.78646	58.9187
886	-0.0254047	2.57539	1.78015	58.9452
887	-0.0269961	2.57304	1.77317	58.9715
888	-0.0263743	2.57071	1.76914	58.9977
889	-0.0259305	2.56839	1.76878	59.0238
890	-0.0258193	2.56609	1.77134	59.0501
891	-0.0262913	2.56377	1.77409	59.0763
892	-0.0260201	2.56147	1.77192	59.1026
893	-0.024094	2.55923	1.77373	59.1288
894	-0.0252113	2.55696	1.77285	59.155
895	-0.0249757	2.5547	1.77092	59.1812
896	-0.0236281	2.55249	1.77421	59.2074
897	-0.0244467	2.55025	1.77634	59.2337
898	-0.024554	2.54802	1.77587	59.26
899	-0.0250113	2.54577	1.77428	59.2862
900	-0.0235802	2.54357	1.77077	59.3123
901	-0.021314	2.54146	1.77075	59.3384
902	-0.0210683	2.53935	1.76638	59.3643
903	-0.0211419	2.53724	1.76246	59.3901
904	-0.0220589	2.53511	1.76058	59.4158
905	-0.021739	2.53299	1.75928	59.4415
906	-0.0189825	2.53096	1.76859	59.4674
907	-0.0190684	2.52894	1.77425	59.4935
908	-0.017621	2.52697	1.77846	59.5198
909	-0.0171016	2.52501	1.7748	59.5459
910	-0.016383	2.52308	1.76958	59.5719
911	-0.0166291	2.52115	1.76176	59.5975
912	-0.017255	2.5192	1.76629	59.6233
913	-0.0193719	2.51718	1.76314	59.649
914	-0.0192689	2.51517	1.76378	59.6748
915	-0.0196394	2.51315	1.76519	59.7005
916	-0.0194087	2.51114	1.76698	59.7263
917	-0.0191228	2.50915	1.75494	59.7517
918	-0.0194409	2.50714	1.75346	59.777
919	-0.0201587	2.50511	1.7528	59.8023
920	-0.0202919	2.50309	1.75063	59.8275
921	-0.022581	2.50099	1.74636	59.8526
922	-0.0229708	2.49888	1.74172	59.8775
923	-0.0231148	2.49677	1.73747	59.9022
924	-0.0250104	2.4946	1.73529	59.9269
925	-0.024332	2.49245	1.72916	59.9514
926	-0.0242585	2.49031	1.72109	59.9756
927	-0.0233366	2.48821	1.72156	59.9997
928	-0.0236446	2.48609	1.71946	60.0239
929	-0.0243138	2.48396	1.7115	60.0477
930	-0.024913	2.48181	1.70548	60.0714
931	-0.0245465	2.47968	1.70215	60.0949
932	-0.0232383	2.47759	1.7046	60.1185
933	-0.0220001	2.47554	1.70341	60.142
934	-0.0199737	2.47357	1.70822	60.1657
935	-0.0200933	2.47159	1.7127	60.1896
936	-0.0188926	2.46966	1.71298	60.2134
937	-0.0178605	2.46776	1.71077	60.2372
938	-0.0160293	2.46592	1.70984	60.2609
939	-0.0138534	2.46416	1.71089	60.2846
940	-0.0127352	2.46244	1.71207	60.3084
941	-0.0100197	2.46081	1.71223	60.3322
942	-0.00579997	2.45931	1.72071	60.3562
943	-0.00511343	2.45785	1.71583	60.3801
944	-0.00486403	2.45639	1.71606	60.404
945	-0.00424851	2.45495	1.71736	60.4279
946	-0.00367203	2.45354	1.72023	60.4519
947	-0.00333659	2.45214	1.72436	60.476
948	-0.00354992	2.45073	1.72724	60.5002
949	-0.00449643	2.4493	1.72159	60.5242
950	-0.00414922	2.44787	1.71247	60.5479
951	-0.00581559	2.4464	1.70758	60.5714
952	-0.00618061	2.44492	1.70612	60.5949
953	-0.00545893	2.44346	1.70977	60.6185
954	-0.0058341	2.442	1.7118	60.6422
955	-0.00556353	2.44054	1.7165	60.6659
956	-0.00491139	2.43911	1.71761	60.6898
957	-0.00539497	2.43766	1.71546	60.7135
958	-0.00478518	2.43624	1.70687	60.737
959	-0.00289177	2.43487	1.70415	60.7603
960	-0.00335541	2.4335	1.69459	60.7834
961	-0.00227369	2.43216	1.6915	60.8063
962	-0.00132496	2.43086	1.68808	60.8291
963	-0.000700914	2.42958	1.68709	60.8519
964	0.000946831	2.42835	1.68519	60.8746
965	0.00104594	2.42713	1.68275	60.8973
966	0.000503279	2.42589	1.6865	60.92
967	0.00100418	2.42467	1.68465	60.9427
968	0.00370109	2.42354	1.67589	60.9651
969	0.00464999	2.42244	1.67642	60.9875
970	0.00444399	2.42133	1.67713	61.0099
971	0.00497741	2.42025	1.67413	61.0322
972	0.0023794	2.41908	1.67422	61.0545
973	0.00195097	2.4179	1.66929	61.0767
974	0.00185237	2.41673	1.66491	61.0987
975	0.00134136	2.41553	1.66461	61.1206
976	0.000913719	2.41432	1.65119	61.1422
977	0.00149103	2.41314	1.64436	61.1635
978	0.00108094	2.41194	1.63833	61.1846
979	0.000470115	2.41073	1.63195	61.2055
980	0.00118778	2.40954	1.62852	61.2263
981	0.000845756	2.40834	1.62525	61.247
982	0.000819722	2.40714	1.6256	61.2677
983	0.000754704	2.40594	1.62578	61.2884
984	0.00383707	2.40484	1.6274	61.3091
985	0.00573154	2.40381	1.62941	61.3299
986	0.00664707	2.4028	1.6308	61.3508
987	0.00524694	2.40175	1.63061	61.3716
988	0.00240261	2.40062	1.63241	61.3925
989	0.00105838	2.39944	1.6231	61.4131
990	0.000153713	2.39824	1.60841	61.4332
991	-0.000682627	2.39701	1.60578	61.4532
992	-0.00147338	2.39575	1.6028	61.4731
993	-0.00065341	2.39453	1.60139	61.493
994	0.000965113	2.39336	1.60474	61.5129
995	0.00226353	2.39223	1.60795	61.533
996	0.00295955	2.39112	1.61177	61.5532
997	0.00327787	2.39003	1.61435	61.5734
998	0.00221405	2.3889	1.61768	61.5938
999	0.00370009	2.38783	1.62066	61.6143
1000	0.00442196	2.38677	1.62049	61.6347
1001	0.00480901	2.38574	1.6203	61.6551
1002	0.00431277	2.38468	1.61701	61.6754
1003	0.00360605	2.38361	1.61641	61.6957
1004	0.00451257	2.38257	1.61831	61.7161
1005	0.00508869	2.38155	1.61779	61.7364
1006	0.00443339	2.3805	1.61643	61.7567
1007	0.00737942	2.37956	1.61908	61.7771
1008	0.00847165	2.37864	1.62182	61.7975
1009	0.00958028	2.37777	1.62583	61.8181
1010	0.00943555	2.37689	1.62315	61.8385
1011	0.0119492	2.37609	1.6287	61.8592
1012	0.0133691	2.37534	1.62631	61.8797
1013	0.0114658	2.37453	1.62641	61.9003
1014	0.0110398	2.37371	1.62282	61.9207
1015	0.0105713	2.37287	1.61773	61.941
1016	0.0100874	2.37202	1.61738	61.9613
1017	0.0100042	2.37117	1.6178	61.9816
1018	0.00784126	2.37025	1.62224	62.002
1019	0.00660865	2.3693	1.62238	62.0224
1020	0.00713273	2.36836	1.62702	62.0429
1021	0.00846864	2.36747	1.6289	62.0635
1022	0.0104138	2.36664	1.629	62.0841
1023	0.00946145	2.36578	1.62449	62.1045
1024	0.00886597	2.3649	1.62823	62.1251
1025	0.00917748	2.36404	1.63272	62.1458
1026	0.00895702	2.36317	1.63108	62.1664
1027	0.00606707	2.36221	1.63564	62.1872
1028	0.00707799	2.36128	1.63738	62.208
1029	0.006745	2.36035	1.63488	62.2288
1030	0.0059241	2.35939	1.63213	62.2494
1031	0.00591014	2.35843	1.63086	62.27
1032	0.00578025	2.35747	1.63181	62.2907
1033	0.00596894	2.35651	1.63478	62.3114
1034	0.00438873	2.35551	1.64014	62.3322
1035	0.00433335	2.35451	1.64039	62.3531
1036	0.00461375	2.35352	1.64607	62.3742
1037	0.00486754	2.35254	1.65011	62.3953
1038	0.00536504	2.35157	1.65382	62.4166
1039	0.00597392	2.35063	1.65549	62.4379
1040	0.00517279	2.34966	1.65657	62.4593
1041	0.00555671	2.34871	1.65814	62.4807
1042	0.00423499	2.34771	1.65919	62.5021
1043	0.00276717	2.34667	1.66081	62.5236
1044	0.00362276	2.34566	1.66135	62.545
1045	0.00349733	2.34465	1.66177	62.5665
1046	0.00313323	2.34363	1.66056	62.588
1047	0.0020862	2.34258	1.65967	62.6094
1048	0.00360043	2.34157	1.65972	62.6308
1049	0.00285954	2.34055	1.6594	62.6522
1050	0.00269333	2.33952	1.66139	62.6736
1051	0.00378124	2.33852	1.6635	62.6951
1052	0.00468007	2.33756	1.66615	62.7167
1053	0.00498698	2.3366	1.66799	62.7383
1054	0.00429627	2.33563	1.66388	62.7598
1055	0.00577594	2.3347	1.65826	62.7811
1056	0.00538113	2.33376	1.65299	62.8022
1057	0.00486067	2.33281	1.65075	62.8233
1058	0.00512722	2.33187	1.64842	62.8443
1059	0.00545083	2.33093	1.64594	62.8652
1060	0.00846091	2.3301	1.65004	62.8862
1061	0.00755846	2.32923	1.64323	62.907
1062	0.00880391	2.32841	1.64565	62.9279
1063	0.00873581	2.32758	1.64761	62.9489
1064	0.00811855	2.32674	1.64169	62.9696
1065	0.00626285	2.32584	1.63605	62.9902
1066	0.0060001	2.32493	1.63406	63.0107
1067	0.00682616	2.32405	1.63513	63.0312
1068	0.00763212	2.3232	1.63164	63.0516
1069	0.009642	2.32241	1.63326	63.0721
1070	0.0103515	2.32164	1.63351	63.0926
1071	0.00906579	2.32084	1.63772	63.1131
1072	0.010783	2.32009	1.64277	63.1339
1073	0.0131046	2.31941	1.64688	63.1547
1074	0.0145218	2.31877	1.65221	63.1758
1075	0.0153048	2.31816	1.65516	63.1969
1076	0.0133313	2.31749	1.66178	63.2182
1077	0.0122492	2.31679	1.66098	63.2394
1078	0.0121768	2.31609	1.65648	63.2605
1079	0.0105886	2.31534	1.64718	63.2814
1080	0.0107677	2.3146	1.64588	63.3022
1081	0.0111472	2.31387	1.65084	63.3231
1082	0.0106974	2.31312	1.65694	63.3442
1083	0.0112031	2.3124	1.66266	63.3655
1084	0.0123071	2.31171	1.66757	63.3869
1085	0.0123818	2.31102	1.6665	63.4083
1086	0.0122132	2.31033	1.66815	63.4297
1087	0.0124563	2.30964	1.66776	63.4511
1088	0.0147302	2.30903	1.67089	63.4726
1089	0.0169699	2.30848	1.67646	63.4943
1090	0.0174089	2.30795	1.67549	63.5159
1091	0.0163118	2.30739	1.67467	63.5375
1092	0.0155461	2.30681	1.67603	63.5591
1093	0.0149747	2.30621	1.68074	63.5809
1094	0.0126635	2.30554	1.68069	63.6026
1095	0.0105724	2.3048	1.68262	63.6244
1096	0.0103393	2.30407	1.68517	63.6463
1097	0.00780212	2.30325	1.68991	63.6683
1098	0.00910146	2.30248	1.69287	63.6904
1099	0.00807395	2.30168	1.69615	63.7126
1100	0.00599527	2.30081	1.69947	63.7349
1101	0.00811837	2.30001	1.70283	63.7573
1102	0.00781453	2.29921	1.70588	63.7797
1103	0.00711989	2.29838	1.70723	63.8022
1104	0.0075921	2.29757	1.70472	63.8246
1105	0.00688238	2.29674	1.70562	63.8471
1106	0.00731807	2.29592	1.70555	63.8695
1107	0.00524354	2.29504	1.70836	63.892
1108	0.00466472	2.29415	1.70906	63.9145
1109	0.00425299	2.29325	1.70919	63.937
1110	0.00379886	2.29233	1.70461	63.9594
1111	0.00470139	2.29144	1.70674	63.9818
1112	0.00699872	2.29062	1.70858	64.0042
1113	0.00916761	2.28987	1.7131	64.0268
1114	0.0093687	2.28912	1.71389	64.0494
1115	0.00952973	2.28838	1.71371	64.072
1116	0.00831761	2.28761	1.71577	64.0947
1117	0.0080154	2.28682	1.71251	64.1172
1118	0.00741676	2.28602	1.71718	64.1399
1119	0.00827689	2.28525	1.72254	64.1628
1120	0.00698426	2.28444	1.72816	64.1858
1121	0.00587658	2.2836	1.72546	64.2087
1122	0.00403083	2.2827	1.7293	64.2317
1123	0.00279839	2.28177	1.72935	64.2547
1124	0.0027436	2.28084	1.72765	64.2776
1125	0.00346119	2.27993	1.72629	64.3005
1126	0.00517733	2.27908	1.72779	64.3235
1127	0.00597043	2.27824	1.72746	64.3464
1128	0.00556429	2.2774	1.72968	64.3694
1129	0.00506774	2.27654	1.73206	64.3924
1130	0.00347129	2.27564	1.73732	64.4156
1131	0.00316088	2.27473	1.73878	64.4388
1132	0.00324461	2.27382	1.73877	64.462
1133	0.00306811	2.27291	1.73715	64.4852
1134	0.00318008	2.27201	1.73569	64.5083
1135	0.0023845	2.27108	1.73489	64.5314
1136	0.000282762	2.27009	1.73364	64.5544
1137	-0.000896257	2.26907	1.72908	64.5773
1138	-0.00357281	2.26796	1.72705	64.6001
1139	-0.00379583	2.26686	1.72458	64.6229
1140	-0.0048093	2.26572	1.71553	64.6453
1141	-0.00391314	2.26462	1.70663	64.6675
1142	-0.0028843	2.26354	1.70257	64.6896
1143	-0.00236763	2.26248	1.69761	64.7115
1144	-0.000646183	2.26148	1.69258	64.7333
1145	0.00156278	2.26054	1.69366	64.755
1146	0.00320992	2.25965	1.68356	64.7765
1147	0.00311604	2.25875	1.67262	64.7977
1148	0.00320174	2.25787	1.66986	64.8187
1149	0.00271094	2.25697	1.66609	64.8397
1150	0.00255635	2.25606	1.66457	64.8606
1151	0.000373035	2.25509	1.66358	64.8814
1152	-0.000954628	2.25409	1.66325	64.9023
1153	-0.00230489	2.25304	1.66619	64.9232
1154	-0.00527669	2.25191	1.67386	64.9443
1155	-0.00590924	2.25077	1.67662	64.9656
1156	-0.00704889	2.24959	1.67575	64.9867
1157	-0.00843398	2.24837	1.67335	65.0079
1158	-0.00688831	2.2472	1.6777	65.0291
1159	-0.00735062	2.24601	1.67794	65.0503
1160	-0.0066537	2.24485	1.67888	65.0716
1161	-0.00750903	2.24367	1.68109	65.0929
1162	-0.0081781	2.24246	1.68017	65.1142
1163	-0.00676796	2.2413	1.68319	65.1355
1164	-0.00418334	2.24022	1.68443	65.1569
1165	-0.00261148	2.23918	1.68518	65.1783
1166	-0.000850783	2.2382	1.68718	65.1998
1167	-0.000907205	2.23721	1.68872	65.2213
1168	-0.000984729	2.23623	1.68935	65.2428
1169	-0.000550404	2.23526	1.69043	65.2643
1170	-0.00180432	2.23425	1.68635	65.2857
1171	-0.002395	2.23323	1.68468	65.3071
1172	-0.00186646	2.23222	1.68614	65.3285
1173	-0.00149543	2.23123	1.68364	65.3498
1174	-9.50322e-05	2.23028	1.68178	65.3711
1175	0.00061124	2.22935	1.68101	65.3923
1176	-0.000357582	2.22839	1.67978	65.4135
1177	-0.000189446	2.22744	1.68304	65.4347
1178	-0.000325174	2.22649	1.68262	65.456
1179	-0.000203282	2.22554	1.68257	65.4772
1180	2.13864e-05	2.2246	1.68277	65.4985
1181	0.000973871	2.22368	1.68465	65.5197
1182	0.000847542	2.22277	1.68636	65.5411
1183	-0.000195629	2.22183	1.68894	65.5625
1184	0.000931903	2.22092	1.69282	65.584
1185	0.00257863	2.22006	1.69546	65.6056
1186	0.00321003	2.21921	1.69803	65.6272
1187	0.00476126	2.21842	1.69124	65.6487
1188	0.00581624	2.21766	1.6929	65.6702
1189	0.00619246	2.2169	1.69316	65.6916
1190	0.00478717	2.21611	1.69514	65.7132
1191	0.00229468	2.21525	1.70065	65.7349
1192	0.00242468	2.21439	1.69903	65.7565
1193	0.00095122	2.21349	1.69912	65.7781
1194	0.00193015	2.21262	1.69964	65.7998
1195	0.0035974	2.2118	1.70177	65.8215
1196	0.00308092	2.21097	1.70091	65.8431
1197	0.00193895	2.2101	1.70007	65.8648
1198	3.85437e-05	2.20918	1.69993	65.8864
1199	-0.0012924	2.20822	1.6916	65.9078
1200	-0.00215466	2.20724	1.68743	65.929
1201	-0.0023548	2.20626	1.67994	65.95
1202	-0.00313344	2.20525	1.67995	65.9711
1203	-0.00505433	2.20419	1.68079	65.9921
1204	-0.00577981	2.20311	1.6841	66.0132
1205	-0.00448299	2.20207	1.68923	66.0345
1206	-0.00239559	2.20109	1.69217	66.0559
1207	-0.000800494	2.20015	1.69275	66.0772
1208	-0.000836848	2.19922	1.69245	66.0986
1209	-0.0031113	2.19822	1.69246	66.1199
1210	-0.00255166	2.19724	1.69005	66.1412
1211	-0.00371221	2.19623	1.68947	66.1624
1212	-0.00504998	2.19518	1.69173	66.1837
1213	-0.00625482	2.1941	1.69533	66.2051
1214	-0.00777723	2.19297	1.69577	66.2265
1215	-0.00868465	2.19182	1.69717	66.2479
1216	-0.0081908	2.19069	1.69456	66.2693
1217	-0.00861207	2.18954	1.68987	66.2905
1218	-0.00794449	2.18842	1.68867	66.3117
1219	-0.00873104	2.18727	1.68424	66.3327
1220	-0.00960778	2.1861	1.67907	66.3536
1221	-0.00997905	2.18492	1.67909	66.3745
1222	-0.00783205	2.18381	1.67617	66.3953
1223	-0.00489641	2.18277	1.68162	66.4162
1224	-0.00382885	2.18177	1.68161	66.4371
1225	-0.00525486	2.18074	1.67829	66.458
1226	-0.00590129	2.17968	1.67493	66.4787
1227	-0.00704093	2.17859	1.6715	66.4993
1228	-0.00656406	2.17752	1.67117	66.52
1229	-0.00818494	2.1764	1.67418	66.5406
1230	-0.00885714	2.17526	1.67404	66.5613
1231	-0.0095567	2.17411	1.67333	66.582
1232	-0.0100116	2.17294	1.66909	66.6025
1233	-0.00931179	2.1718	1.66783	66.623
1234	-0.00904728	2.17066	1.6699	66.6435
1235	-0.00963266	2.16951	1.67147	66.6641
1236	-0.0097187	2.16836	1.67373	66.6848
1237	-0.00910324	2.16722	1.67471	66.7054
1238	-0.00945761	2.16608	1.6738	66.7261
1239	-0.0101569	2.16492	1.67531	66.7467
1240	-0.0098362	2.16377	1.67525	66.7674
1241	-0.00945493	2.16263	1.67023	66.7879
1242	-0.00836906	2.16152	1.67186	66.8084
1243	-0.00722831	2.16045	1.67477	66.8291
1244	-0.00693662	2.15939	1.67564	66.8497
1245	-0.00773743	2.1583	1.67865	66.8705
1246	-0.00759244	2.15722	1.67994	66.8912
1247	-0.00740274	2.15615	1.67573	66.9118
1248	-0.00643276	2.15511	1.67665	66.9325
1249	-0.00559096	2.15409	1.67764	66.9532
1250	-0.00615412	2.15305	1.67501	66.9738
1251	-0.00640204	2.15201	1.67503	66.9944
1252	-0.00544162	2.151	1.67189	67.0148
1253	-0.00388516	2.15003	1.67479	67.0354
1254	-0.00341769	2.14908	1.66958	67.0558
1255	-0.00411586	2.14811	1.66206	67.076
1256	-0.00279245	2.14718	1.6612	67.0962
1257	-0.00101856	2.14629	1.66404	67.1165
1258	-0.00151734	2.1454	1.66188	67.1366
1259	-0.00179553	2.1445	1.66105	67.1568
1260	-0.000956264	2.14362	1.65945	67.1769
1261	-0.00141358	2.14273	1.65701	67.1969
1262	-0.000330626	2.14188	1.65278	67.2168
1263	0.000727575	2.14105	1.64765	67.2366
1264	0.000336908	2.14021	1.64847	67.2563
1265	-0.00137969	2.13933	1.65193	67.2762
1266	-0.00293668	2.1384	1.65497	67.2961
1267	-0.00251234	2.13749	1.65756	67.3162
1268	-0.000673759	2.13663	1.65925	67.3362
1269	-0.00138012	2.13575	1.65778	67.3562
1270	-0.00044521	2.1349	1.658	67.3762
1271	0.000772971	2.13408	1.65832	67.3962
1272	0.00237066	2.13331	1.66198	67.4163
1273	0.00366686	2.13258	1.66552	67.4365
1274	0.00437982	2.13186	1.66422	67.4567
1275	0.00572873	2.13119	1.66226	67.4768
1276	0.00735898	2.13056	1.66394	67.4969
1277	0.00879697	2.12997	1.66483	67.5171
1278	0.00852682	2.12938	1.66656	67.5373
1279	0.00746325	2.12876	1.66952	67.5576
1280	0.00748924	2.12814	1.67001	67.5779
1281	0.00894034	2.12756	1.67324	67.5982
1282	0.00732497	2.12693	1.67613	67.6187
1283	0.00627904	2.12628	1.67495	67.6391
1284	0.00582158	2.12561	1.6724	67.6594
1285	0.00478575	2.12492	1.67422	67.6798
1286	0.00535553	2.12425	1.67559	67.7002
1287	0.00504417	2.12356	1.67439	67.7206
1288	0.00577192	2.1229	1.6769	67.741
1289	0.00477977	2.12221	1.67565	67.7614
1290	0.0044252	2.12151	1.67681	67.7818
1291	0.00435215	2.12081	1.68026	67.8023
1292	0.00384427	2.1201	1.68217	67.8229
1293	0.00325381	2.11937	1.68523	67.8435
1294	0.00219248	2.11861	1.68764	67.8642
1295	0.00201801	2.11785	1.68762	67.8849
1296	0.00144697	2.11708	1.68816	67.9056
1297	0.0028718	2.11634	1.68933	67.9264
1298	0.00310114	2.11561	1.69105	67.9471
1299	0.000934138	2.11483	1.69526	67.968
1300	-0.000174955	2.11401	1.69628	67.9889
1301	0.000137027	2.1132	1.69596	68.0098
1302	0.000349866	2.1124	1.69336	68.0306
1303	0.00249913	2.11166	1.69083	68.0514
1304	0.00384731	2.11096	1.68496	68.0719
1305	0.00419431	2.11027	1.67781	68.0923
1306	0.00408534	2.10957	1.67275	68.1125
1307	0.00437588	2.10889	1.67035	68.1327
1308	0.00637261	2.10826	1.66709	68.1527
1309	0.00759604	2.10766	1.66797	68.1728
1310	0.00922604	2.10712	1.66962	68.1929
1311	0.00933607	2.10657	1.66966	68.213
1312	0.00896733	2.10602	1.6645	68.2329
1313	0.0088317	2.10546	1.66295	68.2529
1314	0.0105917	2.10495	1.66831	68.2729
1315	0.0105278	2.10444	1.67119	68.293
1316	0.0122778	2.10398	1.67274	68.3132
1317	0.0141268	2.10357	1.67659	68.3335
1318	0.0141198	2.10316	1.67947	68.3538
1319	0.0143472	2.10276	1.68139	68.3742
1320	0.0144266	2.10236	1.68285	68.3946
1321	0.0130464	2.10193	1.68337	68.415
1322	0.011626	2.10145	1.68299	68.4354
1323	0.011159	2.10097	1.68461	68.4559
1324	0.0110365	2.10048	1.68353	68.4763
1325	0.0109697	2.09999	1.6788	68.4966
1326	0.0101504	2.09948	1.68094	68.5169
1327	0.0111681	2.09899	1.682	68.5373
1328	0.00978026	2.09847	1.68408	68.5577
1329	0.00805263	2.0979	1.68369	68.5781
1330	0.00891111	2.09736	1.68471	68.5985
1331	0.00913083	2.09682	1.687	68.619
1332	0.00954647	2.0963	1.6887	68.6395
1333	0.010359	2.0958	1.69001	68.66
1334	0.0110006	2.09531	1.68976	68.6805
1335	0.0113941	2.09484	1.69195	68.7011
1336	0.0106017	2.09435	1.6919	68.7217
1337	0.00944781	2.09382	1.69375	68.7423
1338	0.00830638	2.09327	1.69526	68.763
1339	0.00697185	2.09268	1.6962	68.7836
1340	0.00712761	2.09209	1.69869	68.8044
1341	0.00799943	2.09153	1.69555	68.825
1342	0.00850231	2.09099	1.69455	68.8456
1343	0.0095479	2.09047	1.69514	68.8663
1344	0.0091232	2.08994	1.69448	68.8869
1345	0.00979595	2.08943	1.69268	68.9074
1346	0.00998621	2.08893	1.68919	68.9279
1347	0.00904025	2.0884	1.68414	68.9482
1348	0.00867546	2.08786	1.67748	68.9683
1349	0.00810496	2.08731	1.67166	68.9882
1350	0.00918898	2.08679	1.66943	69.0081
1351	0.00929883	2.08627	1.66326	69.0278
1352	0.00964888	2.08576	1.65693	69.0473
1353	0.0087808	2.08523	1.6531	69.0668
1354	0.00801204	2.08468	1.65233	69.0862
1355	0.00757466	2.08412	1.6519	69.1056
1356	0.00709226	2.08354	1.64699	69.1248
1357	0.00695109	2.08296	1.64168	69.1439
1358	0.00747138	2.0824	1.64381	69.163
1359	0.00754791	2.08184	1.64568	69.1822
1360	0.00698429	2.08126	1.649	69.2015
1361	0.0058378	2.08066	1.65092	69.2208
1362	0.00735592	2.0801	1.65083	69.2402
1363	0.00848621	2.07956	1.65338	69.2596
1364	0.00773175	2.07901	1.65285	69.2789
1365	0.00627685	2.07842	1.65174	69.2982
1366	0.00398819	2.07777	1.65601	69.3177
1367	0.00363049	2.07711	1.65249	69.337
1368	0.00246529	2.07642	1.65212	69.3564
1369	0.00211692	2.07572	1.6499	69.3756
1370	0.00278337	2.07503	1.64615	69.3948
1371	0.00198247	2.07433	1.64105	69.4138
1372	0.00146024	2.07362	1.6377	69.4327
1373	0.000476272	2.07287	1.63911	69.4516
1374	-3.4317e-05	2.07212	1.64299	69.4707
1375	-0.000895197	2.07134	1.64283	69.4897
1376	-0.000263025	2.07058	1.64236	69.5088
1377	0.000915737	2.06986	1.64264	69.5278
1378	0.000773525	2.06913	1.64561	69.5469
1379	0.00152909	2.06842	1.64852	69.5661
1380	-0.000314374	2.06766	1.6505	69.5853
1381	-0.00132413	2.06688	1.65363	69.6046
1382	-0.00210073	2.06608	1.65065	69.6238
1383	-0.00200326	2.06528	1.64826	69.643
1384	-0.00103478	2.0645	1.65044	69.6622
1385	0.0003094	2.06377	1.65369	69.6815
1386	0.00133078	2.06306	1.65522	69.7008
1387	0.00138565	2.06236	1.65775	69.7202
1388	0.000399842	2.06162	1.6573	69.7395
1389	0.000439279	2.06089	1.65795	69.7589
1390	0.000510851	2.06017	1.65875	69.7783
1391	-0.000493917	2.05942	1.66058	69.7978
1392	-0.00101133	2.05865	1.6601	69.8172
1393	-0.00220383	2.05785	1.65767	69.8365
1394	-0.00187676	2.05706	1.65938	69.8559
1395	-0.00129195	2.05629	1.66081	69.8754
1396	-0.00213447	2.0555	1.65992	69.8948
1397	-0.00349411	2.05467	1.65698	69.9141
1398	-0.00314905	2.05385	1.65275	69.9333
1399	-0.00141727	2.05308	1.6521	69.9524
1400	0.000685169	2.05237	1.65617	69.9717
1401	0.00171694	2.05168	1.65171	69.9909
1402	0.00172955	2.051	1.65016	70.01
1403	0.00133059	2.05031	1.6518	70.0291
1404	-0.000173591	2.04957	1.64877	70.0482
1405	-0.000402272	2.04883	1.64433	70.0671
1406	-0.00172253	2.04806	1.64094	70.086
1407	-0.00165373	2.04729	1.63623	70.1047
1408	-0.00297022	2.04648	1.63486	70.1234
1409	-0.00165754	2.04571	1.6325	70.142
1410	-0.000263399	2.04498	1.63308	70.1606
1411	-0.000413562	2.04425	1.63181	70.1792
1412	-0.00060231	2.04351	1.62753	70.1976
1413	-0.00088811	2.04276	1.62259	70.216
1414	4.46397e-05	2.04204	1.62128	70.2343
1415	0.000581902	2.04134	1.62258	70.2526
1416	0.00141142	2.04065	1.62383	70.2709
1417	0.0019982	2.03999	1.62297	70.2892
1418	0.00175606	2.03932	1.61931	70.3075
1419	0.00129912	2.03863	1.62068	70.3257
1420	0.00182534	2.03796	1.62075	70.344
1421	0.0012738	2.03728	1.6188	70.3621
1422	0.00207795	2.03662	1.61652	70.3803
1423	0.00291551	2.03598	1.61507	70.3984
1424	0.00352084	2.03536	1.61566	70.4165
1425	0.00357758	2.03474	1.61476	70.4345
1426	0.00327929	2.03412	1.61506	70.4526
1427	0.00422638	2.03352	1.61873	70.4708
1428	0.00380131	2.03291	1.6223	70.489
1429	0.00338153	2.03229	1.62325	70.5073
1430	0.00392995	2.03168	1.62517	70.5256
1431	0.0040368	2.03108	1.62428	70.5439
1432	0.0039361	2.03047	1.62452	70.5622
1433	0.00470384	2.02989	1.6283	70.5806
1434	0.00438198	2.0293	1.62935	70.599
1435	0.00412227	2.0287	1.63025	70.6175
1436	0.00362579	2.02809	1.63403	70.636
1437	0.00494287	2.02752	1.63521	70.6546
1438	0.00707808	2.027	1.63943	70.6732
1439	0.0056928	2.02645	1.63974	70.6919
1440	0.00424585	2.02586	1.64363	70.7107
1441	0.00451553	2.02527	1.64684	70.7295
1442	0.00400286	2.02468	1.64912	70.7484
1443	0.00404287	2.02408	1.64882	70.7673
1444	0.00413072	2.02349	1.64808	70.7862
1445	0.00327668	2.02288	1.65111	70.8051
1446	0.00249165	2.02224	1.65156	70.8241
1447	0.00099578	2.02157	1.65107	70.843
1448	-0.00066856	2.02086	1.65133	70.8619
1449	-0.00132607	2.02013	1.64943	70.8808
1450	-0.00266628	2.01936	1.65064	70.8997
1451	-0.00291192	2.01859	1.6484	70.9185
1452	-0.00330581	2.01781	1.64445	70.9373
1453	-0.00352709	2.01702	1.64321	70.956
1454	-0.00244445	2.01627	1.64511	70.9747
1455	-0.0010084	2.01555	1.64766	70.9935
1456	-0.000884846	2.01483	1.64639	71.0123
1457	0.000397164	2.01415	1.64926	71.0311
1458	0.00173692	2.01351	1.64702	71.0499
1459	0.00213181	2.01287	1.64481	71.0686
1460	0.00330141	2.01227	1.64691	71.0874
1461	0.00503126	2.01172	1.6503	71.1062
1462	0.00654246	2.0112	1.65216	71.1251
1463	0.00832909	2.01073	1.6561	71.1441
1464	0.00970435	2.0103	1.65905	71.1632
1465	0.0108049	2.0099	1.65904	71.1822
1466	0.0116234	2.00951	1.65642	71.2012
1467	0.0109793	2.00912	1.65524	71.2202
1468	0.00971921	2.00869	1.65717	71.2391
1469	0.00944134	2.00825	1.65806	71.2582
1470	0.00864368	2.00779	1.65779	71.2772
1471	0.00735919	2.0073	1.65996	71.2962
1472	0.00575017	2.00677	1.66248	71.3153
1473	0.00676901	2.00627	1.66164	71.3344
1474	0.00691659	2.00577	1.66227	71.3535
1475	0.00725701	2.00528	1.66507	71.3727
1476	0.00711449	2.00478	1.66686	71.3919
1477	0.00727108	2.0043	1.66745	71.4111
1478	0.00586592	2.00377	1.66966	71.4304
1479	0.0052396	2.00323	1.67131	71.4497
1480	0.0048405	2.00268	1.67243	71.469
1481	0.00636372	2.00217	1.6732	71.4884
1482	0.00716624	2.00168	1.67452	71.5077
1483	0.0085606	2.00123	1.67775	71.5272
1484	0.00984675	2.00081	1.68044	71.5467
1485	0.0100504	2.0004	1.68159	71.5663
1486	0.0100037	1.99999	1.68087	71.5858
1487	0.0107112	1.99959	1.6792	71.6053
1488	0.00960937	1.99917	1.68152	71.6248
1489	0.00873013	1.99873	1.68183	71.6443
1490	0.0060046	1.99821	1.68452	71.6639
1491	0.00457291	1.99766	1.68473	71.6835
1492	0.00293967	1.99707	1.68812	71.7032
1493	0.00108571	1.99643	1.69261	71.723
1494	-0.00147688	1.99572	1.69686	71.7429
1495	-0.00198188	1.995	1.69752	71.7628
1496	-0.00164641	1.9943	1.69761	71.7827
1497	-0.00176676	1.99358	1.69367	71.8025
1498	-0.00213458	1.99286	1.69425	71.8223
1499	-0.00315338	1.99212	1.69265	71.8421
1500	-0.0028624	1.99138	1.69353	71.8618
1501	-0.00309981	1.99064	1.69085	71.8816
1502	-0.00390464	1.98988	1.6863	71.9011
1503	-0.00330217	1.98913	1.68449	71.9207
1504	-0.00397432	1.98837	1.6802	71.9401
1505	-0.00423823	1.9876	1.67603	71.9594
1506	-0.00334864	1.98685	1.66708	71.9784
1507	-0.00312435	1.98611	1.66744	71.9975
1508	-0.00539143	1.98532	1.67293	72.0167
1509	-0.00581252	1.98451	1.67319	72.0359
1510	-0.00660721	1.98368	1.67262	72.0551
1511	-0.00727345	1.98284	1.6712	72.0743
1512	-0.00765576	1.98199	1.66808	72.0933
1513	-0.00806402	1.98113	1.66681	72.1124
1514	-0.00800506	1.98027	1.66565	72.1314
1515	-0.00926395	1.97938	1.66178	72.1502
1516	-0.0100577	1.97847	1.66338	72.1692
1517	-0.0107015	1.97754	1.66637	72.1882
1518	-0.0110703	1.97661	1.66796	72.2072
1519	-0.0107889	1.97568	1.66764	72.2262
1520	-0.00971339	1.97478	1.6682	72.2452
1521	-0.00920807	1.9739	1.66509	72.2642
1522	-0.00923726	1.97302	1.66425	72.2831
1523	-0.00944512	1.97213	1.6638	72.302
1524	-0.00867594	1.97126	1.66626	72.321
1525	-0.00844855	1.9704	1.66408	72.3399
1526	-0.00892427	1.96952	1.66496	72.3588
1527	-0.00895541	1.96865	1.66446	72.3777
1528	-0.00991759	1.96775	1.66495	72.3966
1529	-0.0108295	1.96683	1.66672	72.4155
1530	-0.0124031	1.96587	1.66702	72.4345
1531	-0.0122539	1.96492	1.66863	72.4535
1532	-0.0119042	1.96398	1.66622	72.4724
1533	-0.011646	1.96304	1.66457	72.4913
1534	-0.0117821	1.9621	1.66523	72.5102
1535	-0.0113597	1.96117	1.66821	72.5291
1536	-0.0112426	1.96025	1.66968	72.5481
1537	-0.00932217	1.95937	1.67111	72.5671
1538	-0.0101357	1.95848	1.66857	72.5861
1539	-0.0106445	1.95757	1.66695	72.605
1540	-0.0121594	1.95663	1.66633	72.6239
1541	-0.0128427	1.95567	1.66371	72.6427
1542	-0.0127094	1.95471	1.66205	72.6615
1543	-0.0123913	1.95376	1.66308	72.6803
1544	-0.0120963	1.95282	1.66462	72.6991
1545	-0.0126424	1.95187	1.66507	72.7179
1546	-0.0132592	1.9509	1.66655	72.7368
1547	-0.0153781	1.94988	1.67066	72.7558
1548	-0.0173064	1.94881	1.66978	72.7747
1549	-0.0174631	1.94774	1.66795	72.7936
1550	-0.0167698	1.94669	1.66781	72.8125
1551	-0.0148877	1.94568	1.66372	72.8312
1552	-0.0147623	1.94468	1.66191	72.85
1553	-0.0150865	1.94367	1.66044	72.8686
1554	-0.0158557	1.94265	1.66138	72.8873
1555	-0.0164646	1.94161	1.66233	72.9061
1556	-0.0163987	1.94057	1.65995	72.9247
1557	-0.0156657	1.93955	1.65812	72.9433
1558	-0.0153445	1.93854	1.65433	72.9618
1559	-0.0143892	1.93755	1.65527	72.9803
1560	-0.0154222	1.93654	1.65617	72.9989
1561	-0.0155241	1.93553	1.65897	73.0175
1562	-0.0161404	1.9345	1.65858	73.0361
1563	-0.0166431	1.93346	1.66086	73.0547
1564	-0.0168884	1.93242	1.6617	73.0734
1565	-0.0164139	1.93139	1.66132	73.092
1566	-0.0174194	1.93033	1.6619	73.1107
1567	-0.0181773	1.92926	1.66546	73.1294
1568	-0.0178927	1.92819	1.6624	73.1481
1569	-0.0170775	1.92715	1.66264	73.1668
1570	-0.0156957	1.92614	1.66474	73.1855
1571	-0.0140585	1.92517	1.66199	73.2041
1572	-0.0125032	1.92424	1.66476	73.2228
1573	-0.0111517	1.92335	1.66863	73.2416
1574	-0.010292	1.92248	1.67207	73.2605
1575	-0.00878259	1.92165	1.67203	73.2794
1576	-0.00905209	1.92082	1.67114	73.2982
1577	-0.00938988	1.91997	1.67072	73.317
1578	-0.00880028	1.91914	1.67104	73.3359
1579	-0.00943521	1.9183	1.67003	73.3547
1580	-0.00903751	1.91746	1.67067	73.3735
1581	-0.00989998	1.91661	1.67029	73.3923
1582	-0.0101488	1.91575	1.67216	73.4111
1583	-0.0103702	1.91488	1.6718	73.43
1584	-0.00988721	1.91403	1.67244	73.4488
1585	-0.0107593	1.91316	1.67311	73.4677
1586	-0.0118951	1.91226	1.67476	73.4866
1587	-0.0107122	1.91139	1.67453	73.5054
1588	-0.00992927	1.91054	1.67547	73.5243
1589	-0.010061	1.90968	1.672	73.5431
1590	-0.0103878	1.90882	1.67275	73.562
1591	-0.011579	1.90793	1.67505	73.5808
1592	-0.0124857	1.90702	1.67584	73.5997
1593	-0.0126981	1.90611	1.67734	73.6187
1594	-0.0132551	1.90518	1.67834	73.6376
1595	-0.0131861	1.90425	1.67967	73.6566
1596	-0.0127308	1.90334	1.68025	73.6756
1597	-0.0128969	1.90242	1.68043	73.6945
1598	-0.0134649	1.90149	1.68081	73.7135
1599	-0.0142936	1.90054	1.6817	73.7325
1600	-0.015225	1.89956	1.6844	73.7516
1601	-0.0156409	1.89858	1.68677	73.7707
1602	-0.0160528	1.89759	1.68939	73.7899
1603	-0.0145316	1.89663	1.68766	73.809
1604	-0.013983	1.89569	1.68901	73.8282
1605	-0.0132896	1.89477	1.69163	73.8474
1606	-0.013237	1.89385	1.69345	73.8667
1607	-0.0137237	1.89292	1.69252	73.8859
1608	-0.0157004	1.89194	1.69528	73.9052
1609	-0.0152616	1.89098	1.69421	73.9245
1610	-0.0140225	1.89004	1.69554	73.9438
1611	-0.013681	1.88911	1.69652	73.9631
1612	-0.0146556	1.88816	1.69661	73.9824
1613	-0.0140774	1.88723	1.6981	74.0018
1614	-0.0127709	1.88633	1.69927	74.0211
1615	-0.0116606	1.88545	1.70043	74.0405
1616	-0.0119077	1.88457	1.69892	74.0599
1617	-0.0115508	1.88371	1.69949	74.0793
1618	-0.0127253	1.88281	1.6989	74.0986
1619	-0.0135087	1.88189	1.70048	74.118
1620	-0.012675	1.881	1.6998	74.1373
1621	-0.012808	1.8801	1.7017	74.1567
1622	-0.0127428	1.8792	1.70361	74.1762
1623	-0.0126013	1.87831	1.7045	74.1956
1624	-0.0123544	1.87743	1.70734	74.2151
1625	-0.0118972	1.87656	1.70968	74.2347
1626	-0.0118785	1.87569	1.7045	74.2542
1627	-0.0121555	1.87481	1.7038	74.2736
1628	-0.0122296	1.87393	1.70108	74.2929
1629	-0.0122853	1.87305	1.70011	74.3122
1630	-0.0125574	1.87217	1.69716	74.3315
1631	-0.0136009	1.87126	1.69486	74.3507
1632	-0.0137415	1.87034	1.69325	74.3698
1633	-0.0138804	1.86943	1.69136	74.3889
1634	-0.0133571	1.86853	1.69027	74.4079
1635	-0.0130463	1.86763	1.69086	74.427
1636	-0.012512	1.86676	1.69097	74.446
1637	-0.0120917	1.86589	1.69217	74.4651
1638	-0.0121715	1.86502	1.69217	74.4842
1639	-0.0125532	1.86414	1.68986	74.5032
1640	-0.0131843	1.86325	1.68921	74.5222
1641	-0.0138203	1.86234	1.68762	74.5412
1642	-0.0137767	1.86143	1.68789	74.5601
1643	-0.0129548	1.86055	1.68874	74.5791
1644	-0.0134048	1.85965	1.68598	74.598
1645	-0.01366	1.85875	1.68197	74.6168
1646	-0.0137728	1.85785	1.67838	74.6355
1647	-0.015669	1.8569	1.68061	74.6542
1648	-0.0159526	1.85594	1.67922	74.673
1649	-0.0159939	1.85499	1.67892	74.6917
1650	-0.0161631	1.85403	1.67882	74.7104
1651	-0.0161826	1.85307	1.67908	74.7291
1652	-0.0166331	1.8521	1.6783	74.7477
1653	-0.0164255	1.85114	1.67305	74.7663
1654	-0.0161656	1.85018	1.67053	74.7847
1655	-0.014802	1.84926	1.66534	74.8031
1656	-0.0132676	1.84837	1.66441	74.8214
1657	-0.0121527	1.84752	1.66313	74.8397
1658	-0.0115455	1.84668	1.6634	74.858
1659	-0.012509	1.84581	1.65788	74.8761
1660	-0.0121718	1.84496	1.65751	74.8942
1661	-0.0127472	1.84409	1.65681	74.9123
1662	-0.012413	1.84324	1.65329	74.9304
1663	-0.0126439	1.84237	1.65114	74.9483
1664	-0.0132341	1.84149	1.65153	74.9663
1665	-0.0121312	1.84064	1.64978	74.9842
1666	-0.0123592	1.83979	1.64776	75.0021
1667	-0.0135601	1.83891	1.64869	75.0199
1668	-0.0141132	1.83801	1.64813	75.0378
1669	-0.0141211	1.83712	1.64783	75.0557
1670	-0.0131162	1.83625	1.64531	75.0735
1671	-0.0111983	1.83542	1.64795	75.0913
1672	-0.0100919	1.83463	1.65053	75.1092
1673	-0.00919395	1.83386	1.65451	75.1272
1674	-0.0083364	1.8331	1.65258	75.1452
1675	-0.00935275	1.83233	1.65202	75.1631
1676	-0.0104019	1.83153	1.64974	75.181
1677	-0.0107662	1.83072	1.65169	75.1989
1678	-0.0108948	1.82991	1.65479	75.2169
1679	-0.0102972	1.82912	1.65622	75.2349
1680	-0.0102235	1.82832	1.65573	75.2529
1681	-0.00979279	1.82754	1.65674	75.2709
1682	-0.0101477	1.82675	1.65867	75.289
1683	-0.0105891	1.82595	1.66185	75.3071
1684	-0.0117729	1.82512	1.66462	75.3253
1685	-0.0116962	1.8243	1.66694	75.3436
1686	-0.0126129	1.82345	1.66872	75.3619
1687	-0.0123825	1.82261	1.6699	75.3802
1688	-0.0142093	1.82172	1.67068	75.3985
1689	-0.0148854	1.82082	1.66648	75.4168
1690	-0.014301	1.81994	1.65906	75.4348
1691	-0.0142904	1.81905	1.65781	75.4528
1692	-0.0131792	1.81819	1.6572	75.4708
1693	-0.0142849	1.81731	1.65919	75.4888
1694	-0.0147628	1.81642	1.65871	75.5069
1695	-0.0156839	1.8155	1.65717	75.5248
1696	-0.0167908	1.81456	1.65605	75.5428
1697	-0.0173985	1.8136	1.65421	75.5607
1698	-0.0173249	1.81265	1.65214	75.5785
1699	-0.0176513	1.81169	1.65064	75.5963
1700	-0.0175337	1.81073	1.65092	75.6141
1701	-0.0175148	1.80977	1.6494	75.6319
1702	-0.0168718	1.80883	1.65012	75.6497
1703	-0.0163897	1.80791	1.64726	75.6674
1704	-0.0163396	1.80698	1.64832	75.6851
1705	-0.0159167	1.80607	1.64918	75.7029
1706	-0.0157525	1.80516	1.64725	75.7206
1707	-0.0163122	1.80423	1.64639	75.7382
1708	-0.015214	1.80334	1.64513	75.7559
1709	-0.0159033	1.80243	1.64644	75.7735
1710	-0.0161	1.80151	1.64641	75.7912
1711	-0.0151221	1.80062	1.64749	75.8089
1712	-0.0151533	1.79973	1.64915	75.8266
1713	-0.015453	1.79883	1.65133	75.8443
1714	-0.0167154	1.7979	1.65365	75.8622
1715	-0.017516	1.79696	1.65649	75.88
1716	-0.0166372	1.79603	1.65571	75.8979
1717	-0.0154382	1.79514	1.65374	75.9157
1718	-0.0160679	1.79423	1.65493	75.9335
1719	-0.0171799	1.79329	1.65848	75.9515
1720	-0.0166019	1.79237	1.6597	75.9694
1721	-0.0167213	1.79145	1.66079	75.9874
1722	-0.0166915	1.79053	1.66337	76.0054
1723	-0.0167471	1.7896	1.66688	76.0235
1724	-0.0177126	1.78866	1.67019	76.0416
1725	-0.0173003	1.78773	1.67141	76.0598
1726	-0.0161948	1.78682	1.66858	76.078
1727	-0.0154532	1.78593	1.66689	76.0961
1728	-0.0170438	1.785	1.66853	76.1142
1729	-0.0171541	1.78408	1.66505	76.1322
1730	-0.0171574	1.78315	1.66049	76.1501
1731	-0.0179681	1.7822	1.66288	76.1681
1732	-0.0182772	1.78125	1.66369	76.1861
1733	-0.0168175	1.78033	1.66839	76.2042
1734	-0.0162908	1.77943	1.67159	76.2223
1735	-0.015862	1.77854	1.67368	76.2406
1736	-0.0156024	1.77765	1.67646	76.2588
1737	-0.0155591	1.77677	1.67376	76.277
1738	-0.0140814	1.77592	1.67188	76.2952
1739	-0.0124351	1.77511	1.67424	76.3134
1740	-0.0117907	1.77432	1.67537	76.3316
1741	-0.0118705	1.77352	1.67071	76.3498
1742	-0.0116012	1.77274	1.6689	76.3678
1743	-0.0117338	1.77195	1.66365	76.3858
1744	-0.0119826	1.77115	1.65914	76.4036
1745	-0.0117588	1.77037	1.65966	76.4214
1746	-0.0115102	1.76958	1.65598	76.4392
1747	-0.0123636	1.76878	1.65144	76.4568
1748	-0.0125959	1.76798	1.64864	76.4744
1749	-0.0121084	1.76718	1.64841	76.4919
1750	-0.0104375	1.76643	1.64916	76.5095
1751	-0.0090102	1.76571	1.64896	76.5271
1752	-0.00768948	1.76502	1.64864	76.5446
1753	-0.00709888	1.76435	1.64931	76.5622
1754	-0.00676233	1.76369	1.64738	76.5797
1755	-0.00676239	1.76302	1.64885	76.5972
1756	-0.00678416	1.76236	1.651	76.6148
1757	-0.00759398	1.76168	1.65167	76.6324
1758	-0.00806248	1.76098	1.65159	76.65
1759	-0.00806181	1.76029	1.65372	76.6676
1760	-0.00767676	1.75961	1.65384	76.6853
1761	-0.00889828	1.7589	1.65515	76.703
1762	-0.00943619	1.75817	1.65696	76.7207
1763	-0.0109758	1.75742	1.65877	76.7384
1764	-0.0118605	1.75664	1.65832	76.7561
1765	-0.0119375	1.75585	1.65931	76.7739
1766	-0.0113838	1.75509	1.65793	76.7916
1767	-0.0122888	1.7543	1.65694	76.8093
1768	-0.013087	1.75349	1.65779	76.827
1769	-0.0129951	1.75269	1.65788	76.8447
1770	-0.0128799	1.75189	1.65888	76.8624
1771	-0.0125557	1.7511	1.65835	76.8801
1772	-0.0126831	1.7503	1.6595	76.8979
1773	-0.0121128	1.74952	1.65863	76.9156
1774	-0.0124064	1.74873	1.65787	76.9332
1775	-0.0121124	1.74795	1.65787	76.9509
1776	-0.0114419	1.74719	1.65543	76.9685
1777	-0.0119144	1.74642	1.65204	76.9861
1778	-0.011925	1.74564	1.6489	77.0035
1779	-0.0123509	1.74486	1.64951	77.021
1780	-0.0126967	1.74407	1.6489	77.0384
1781	-0.014714	1.74323	1.64714	77.0558
1782	-0.0142267	1.74241	1.64536	77.0732
1783	-0.0137839	1.74159	1.64616	77.0906
1784	-0.0138962	1.74078	1.64578	77.1079
1785	-0.0129803	1.73998	1.64575	77.1253
1786	-0.0135579	1.73918	1.64625	77.1426
1787	-0.0156579	1.73832	1.65011	77.1601
1788	-0.0158462	1.73746	1.65154	77.1776
1789	-0.0160865	1.73659	1.65426	77.1951
1790	-0.0169191	1.73571	1.65727	77.2127
1791	-0.0164796	1.73484	1.65895	77.2304
1792	-0.0158678	1.73398	1.66033	77.248
1793	-0.0161717	1.73311	1.65769	77.2656
1794	-0.0156188	1.73226	1.65546	77.2832
1795	-0.0159445	1.7314	1.64869	77.3006
1796	-0.0172699	1.73051	1.64237	77.3178
1797	-0.0180956	1.72961	1.63953	77.335
1798	-0.0188602	1.72868	1.63365	77.352
1799	-0.0191642	1.72775	1.63233	77.369
1800	-0.018981	1.72682	1.63054	77.3859
1801	-0.0182668	1.72591	1.62875	77.4028
1802	-0.0177497	1.72502	1.62943	77.4197
1803	-0.0174559	1.72413	1.63045	77.4366
1804	-0.017343	1.72324	1.6252	77.4534
1805	-0.0177644	1.72235	1.61917	77.4701
1806	-0.0184131	1.72144	1.61944	77.4868
1807	-0.0182824	1.72053	1.61951	77.5034
1808	-0.0189907	1.71961	1.61713	77.52
1809	-0.018475	1.7187	1.61544	77.5366
1810	-0.0183205	1.7178	1.61264	77.5531
1811	-0.0183826	1.71689	1.60929	77.5695
1812	-0.0184854	1.71599	1.60883	77.5858
1813	-0.0178612	1.71509	1.6102	77.6023
1814	-0.0163338	1.71424	1.61217	77.6187
1815	-0.015011	1.71341	1.61425	77.6352
1816	-0.0146135	1.7126	1.61293	77.6517
1817	-0.014017	1.7118	1.61336	77.6682
1818	-0.0138859	1.711	1.61307	77.6847
1819	-0.0139639	1.71021	1.61195	77.7011
1820	-0.0132004	1.70943	1.61195	77.7175
1821	-0.0128925	1.70866	1.61139	77.734
1822	-0.013228	1.70788	1.61079	77.7504
1823	-0.0139627	1.70709	1.61113	77.7668
1824	-0.0150364	1.70627	1.61014	77.7832
1825	-0.0158391	1.70543	1.60816	77.7995
1826	-0.0158872	1.70459	1.60996	77.8159
1827	-0.0157316	1.70376	1.60956	77.8322
1828	-0.0153668	1.70293	1.61194	77.8486
1829	-0.0158953	1.7021	1.61161	77.865
1830	-0.0145539	1.70129	1.61226	77.8815
1831	-0.0138024	1.7005	1.60376	77.8977
1832	-0.0138684	1.69972	1.60179	77.9138
1833	-0.0145257	1.69891	1.60041	77.93
1834	-0.0139238	1.69813	1.60124	77.9461
1835	-0.0148316	1.69732	1.59805	77.9622
1836	-0.015021	1.69651	1.59812	77.9782
1837	-0.0163483	1.69566	1.59952	77.9943
1838	-0.0167571	1.69481	1.59994	78.0104
1839	-0.0175275	1.69394	1.59985	78.0265
1840	-0.017992	1.69306	1.60119	78.0427
1841	-0.0189094	1.69216	1.60153	78.0588
1842	-0.0195761	1.69125	1.59927	78.0749
1843	-0.020214	1.69032	1.59776	78.0909
1844	-0.0206938	1.68938	1.59514	78.1069
1845	-0.0211344	1.68843	1.59152	78.1227
1846	-0.0217536	1.68747	1.58591	78.1385
1847	-0.0213599	1.68652	1.58342	78.1542
1848	-0.021589	1.68556	1.58033	78.1698
1849	-0.0225287	1.68458	1.58198	78.1855
1850	-0.0228841	1.68359	1.58143	78.2011
1851	-0.0232522	1.6826	1.5823	78.2167
1852	-0.0240668	1.68158	1.5837	78.2324
1853	-0.0247536	1.68056	1.58457	78.2481
1854	-0.025121	1.67952	1.57963	78.2637
1855	-0.0260562	1.67846	1.58019	78.2793
1856	-0.0269175	1.67739	1.58234	78.295
1857	-0.0269936	1.67631	1.57514	78.3104
1858	-0.0261102	1.67525	1.57416	78.3259
1859	-0.0255216	1.67421	1.57249	78.3413
1860	-0.0256669	1.67317	1.57287	78.3567
1861	-0.0267026	1.6721	1.5749	78.3721
1862	-0.0269534	1.67103	1.57499	78.3876
1863	-0.0265909	1.66996	1.57292	78.403
1864	-0.0259638	1.66892	1.57414	78.4184
1865	-0.0258169	1.66787	1.5746	78.4339
1866	-0.0250101	1.66685	1.57553	78.4493
1867	-0.0250592	1.66582	1.57638	78.4648
1868	-0.0257332	1.66478	1.57806	78.4803
1869	-0.0269269	1.66371	1.58016	78.4959
1870	-0.0269991	1.66264	1.57998	78.5114
1871	-0.0264313	1.66159	1.57904	78.5269
1872	-0.0260322	1.66054	1.57773	78.5424
1873	-0.0257826	1.65951	1.57516	78.5579
1874	-0.0260145	1.65846	1.57497	78.5733
1875	-0.0259367	1.65742	1.57667	78.5887
1876	-0.026163	1.65638	1.57788	78.6042
1877	-0.0261833	1.65533	1.5763	78.6197
1878	-0.0254666	1.6543	1.57568	78.6351
1879	-0.0252233	1.65328	1.57335	78.6505
1880	-0.0252427	1.65226	1.57101	78.6658
1881	-0.0246009	1.65126	1.57004	78.6811
1882	-0.0242765	1.65026	1.57092	78.6964
1883	-0.0245857	1.64925	1.57108	78.7117
1884	-0.0247954	1.64825	1.57066	78.727
1885	-0.0250072	1.64723	1.56808	78.7422
1886	-0.0249413	1.64622	1.56752	78.7574
1887	-0.0245143	1.64522	1.56698	78.7726
1888	-0.0233129	1.64425	1.56712	78.7878
1889	-0.0229066	1.64329	1.56578	78.803
1890	-0.0227344	1.64233	1.56641	78.8182
1891	-0.0239898	1.64135	1.56546	78.8334
1892	-0.0248556	1.64034	1.56563	78.8485
1893	-0.0256438	1.63932	1.56786	78.8637
1894	-0.027036	1.63827	1.57185	78.879
1895	-0.0279196	1.6372	1.57442	78.8944
1896	-0.0283432	1.63611	1.57624	78.9098
1897	-0.0277329	1.63505	1.57792	78.9252
1898	-0.0279284	1.63398	1.5775	78.9406
1899	-0.0277711	1.63291	1.57488	78.956
1900	-0.0281626	1.63183	1.57617	78.9714
1901	-0.0295925	1.63073	1.57915	78.9868
1902	-0.0291716	1.62963	1.57994	79.0023
1903	-0.0293225	1.62853	1.57804	79.0177
1904	-0.0287584	1.62744	1.57753	79.0331
1905	-0.0293598	1.62635	1.57243	79.0484
1906	-0.028714	1.62526	1.56958	79.0636
1907	-0.0281906	1.62419	1.56809	79.0788
1908	-0.0277885	1.62313	1.56907	79.094
1909	-0.0273182	1.62208	1.57061	79.1092
1910	-0.0254821	1.62107	1.57547	79.1245
1911	-0.0248241	1.62008	1.57524	79.1399
1912	-0.0247199	1.61909	1.57561	79.1552
1913	-0.0241577	1.61812	1.57634	79.1706
1914	-0.0243658	1.61714	1.57699	79.1859
1915	-0.0242971	1.61616	1.57733	79.2013
1916	-0.024062	1.61519	1.57347	79.2166
1917	-0.0242817	1.61422	1.57205	79.2318
1918	-0.0237893	1.61325	1.57382	79.2471
1919	-0.0235536	1.6123	1.5753	79.2624
1920	-0.0226123	1.61136	1.57106	79.2776
1921	-0.0223867	1.61043	1.56788	79.2928
1922	-0.0216894	1.60952	1.56872	79.3079
1923	-0.0217051	1.60861	1.5678	79.3231
1924	-0.0219149	1.60769	1.56849	79.3382
1925	-0.0223119	1.60676	1.56812	79.3533
1926	-0.0229602	1.60582	1.56795	79.3685
1927	-0.0227583	1.60489	1.56559	79.3835
1928	-0.0228434	1.60395	1.56365	79.3986
1929	-0.0241383	1.60299	1.56772	79.4137
1930	-0.0245154	1.60202	1.56606	79.4287
1931	-0.0236922	1.60106	1.56587	79.4438
1932	-0.0225948	1.60013	1.56742	79.4589
1933	-0.0213734	1.59924	1.56754	79.474
1934	-0.0201431	1.59836	1.56927	79.4891
1935	-0.0194753	1.59751	1.56668	79.5042
1936	-0.0204537	1.59663	1.5626	79.5192
1937	-0.020189	1.59576	1.56144	79.5342
1938	-0.0197523	1.5949	1.56099	79.5491
1939	-0.0194821	1.59405	1.56113	79.564
1940	-0.0195734	1.59319	1.56152	79.579
1941	-0.0194226	1.59234	1.5626	79.594
1942	-0.0194995	1.59149	1.56359	79.6089
1943	-0.0197458	1.59064	1.56181	79.6239
1944	-0.0190197	1.5898	1.56226	79.6388
1945	-0.0191172	1.58895	1.56327	79.6538
1946	-0.0197793	1.5881	1.56545	79.6688
1947	-0.0211726	1.58721	1.56453	79.6838
1948	-0.022955	1.58628	1.56721	79.6989
1949	-0.0230275	1.58536	1.56698	79.7139
1950	-0.0229532	1.58443	1.56816	79.729
1951	-0.0233249	1.5835	1.5694	79.7441
1952	-0.0247663	1.58253	1.56981	79.7592
1953	-0.0250192	1.58156	1.56445	79.7742
1954	-0.0250186	1.58059	1.56398	79.7892
1955	-0.0252116	1.57962	1.55963	79.804
1956	-0.0249072	1.57865	1.55759	79.8188
1957	-0.0254051	1.57767	1.55491	79.8336
1958	-0.0258428	1.57669	1.55155	79.8483
1959	-0.0260115	1.5757	1.54803	79.8629
1960	-0.0255689	1.57472	1.54826	79.8775
1961	-0.0255143	1.57374	1.54879	79.8921
1962	-0.0250258	1.57278	1.54838	79.9067
1963	-0.025182	1.57181	1.54938	79.9213
1964	-0.026496	1.57081	1.55282	79.936
1965	-0.0272764	1.5698	1.55144	79.9506
1966	-0.0281305	1.56876	1.55336	79.9653
1967	-0.0290174	1.56771	1.554	79.9801
1968	-0.0296498	1.56665	1.55564	79.9948
1969	-0.0296321	1.56558	1.55691	80.0096
1970	-0.030129	1.5645	1.55846	80.0244
1971	-0.0304528	1.56342	1.55652	80.0391
1972	-0.0311166	1.56233	1.55237	80.0538
1973	-0.0307423	1.56124	1.55191	80.0685
1974	-0.0310746	1.56014	1.55272	80.0831
1975	-0.0306076	1.55906	1.5516	80.0978
1976	-0.03008	1.55799	1.55272	80.1124
1977	-0.0311211	1.5569	1.55387	80.1271
1978	-0.0307015	1.55581	1.55568	80.1418
