#	<x>	stDevX	<E>	stDevE
0	1.45827	0	1.96482	0
1	0.510803	0.984539	1.3831	1.67396
2	0.280746	1.06058	1.24732	2.16622
3	0.298369	1.1034	1.04747	2.44337
4	0.206756	1.10198	0.94875	2.63659
5	0.176846	1.09262	0.891104	2.78859
6	0.192896	1.09341	0.833123	2.90989
7	0.237487	1.11194	0.915863	3.05305
8	0.17161	1.11056	0.886487	3.1798
9	0.108406	1.09266	0.811647	3.27891
10	0.0361971	1.05746	0.867883	3.39157
11	0.0447748	1.02903	0.813716	3.48558
12	0.110853	1.02165	0.792536	3.57171
13	0.0752171	1.00678	0.741394	3.64295
14	0.0626519	0.990763	0.736108	3.71206
15	0.0782499	0.980382	0.748401	3.78336
16	0.0593852	0.966947	0.693435	3.84075
17	0.061835	0.955497	0.654846	3.88901
18	0.036324	0.939562	0.661792	3.93891
19	0.0389863	0.92554	0.670495	3.99064
20	0.0684021	0.918932	0.674137	4.0429
21	0.0990238	0.919451	0.659562	4.09182
22	0.0740293	0.915268	0.656162	4.13984
23	0.0473805	0.906313	0.681368	4.19266
24	0.0449301	0.897578	0.660479	4.24095
25	0.0344481	0.887477	0.647706	4.28648
26	0.0488294	0.880754	0.663453	4.33477
27	0.0376043	0.872456	0.650296	4.38026
28	0.0649987	0.869689	0.672616	4.42955
29	0.0654067	0.867321	0.633523	4.47141
30	0.0784691	0.867555	0.64208	4.51459
31	0.0410517	0.86148	0.65575	4.5599
32	0.0458071	0.856593	0.675044	4.60819
33	0.0489247	0.852556	0.67341	4.65578
34	0.0450463	0.848157	0.658856	4.70054
35	0.0604631	0.846572	0.670573	4.74688
36	0.0756602	0.847645	0.661207	4.79133
37	0.0671452	0.847471	0.658226	4.83496
38	0.0345497	0.842286	0.649728	4.87692
39	0.0304335	0.836716	0.632211	4.91586
40	0.0611407	0.836139	0.652333	4.95768
41	0.0364411	0.831926	0.629575	4.99575
42	0.0360709	0.827866	0.591755	5.0279
43	0.0603377	0.827618	0.619344	5.06409
44	0.0701389	0.828921	0.61221	5.09904
45	0.053031	0.827797	0.616404	5.13445
46	0.0493553	0.826259	0.594834	5.16657
47	0.0285855	0.821875	0.594324	5.19851
48	0.0290304	0.817726	0.59522	5.23047
49	0.0303819	0.81393	0.595071	5.26229
50	0.0204059	0.808901	0.592473	5.29363
51	0.011631	0.802837	0.594553	5.32514
52	0.00394881	0.795911	0.605007	5.35796
53	0.00542578	0.789379	0.599607	5.3899
54	0.0201986	0.785003	0.602151	5.42204
55	0.0167416	0.780308	0.608896	5.45494
56	0.0216391	0.776397	0.597769	5.48622
57	0.0204578	0.772457	0.559174	5.51234
58	0.00473116	0.766607	0.548015	5.53698
59	0.00616474	0.76109	0.53633	5.56009
60	0.0057276	0.755658	0.528329	5.58218
61	0.0108374	0.751005	0.525361	5.60391
62	0.00756469	0.746063	0.511631	5.62392
63	0.00208111	0.740563	0.498795	5.64238
64	-0.00578839	0.734222	0.504371	5.66157
65	-0.00789915	0.72776	0.50717	5.68113
66	0.00636411	0.723163	0.507972	5.70082
67	0.00455893	0.718454	0.501422	5.71973
68	0.00488192	0.71389	0.500207	5.73853
69	0.0255826	0.711882	0.501987	5.75756
70	0.0334898	0.71087	0.494775	5.77575
71	0.036886	0.710303	0.486511	5.79301
72	0.0290922	0.708871	0.451556	5.80624
73	0.0183369	0.706248	0.442971	5.81856
74	0.0150696	0.703316	0.446453	5.83137
75	0.0196589	0.700976	0.457945	5.84558
76	0.0142892	0.698088	0.456358	5.85967
77	0.00753851	0.694505	0.465998	5.8749
78	0.0128754	0.691591	0.474136	5.89108
79	0.0213569	0.689683	0.4725	5.90711
80	0.0191393	0.68758	0.461023	5.9219
81	0.0163034	0.685216	0.46941	5.93765
82	0.00504962	0.681677	0.477436	5.9543
83	0.0115673	0.678911	0.476701	5.97089
84	0.0159994	0.676679	0.482994	5.98816
85	0.00236328	0.673033	0.483518	6.00549
86	-0.00110504	0.669081	0.471398	6.02153
87	0.00100979	0.66542	0.472883	6.03773
88	0.00710245	0.662462	0.471122	6.05376
89	0.0188468	0.660789	0.465038	6.06916
90	0.0128055	0.658523	0.468325	6.08492
91	0.0120753	0.656226	0.465876	6.10043
92	0.0199332	0.654783	0.472422	6.11663
93	0.0187196	0.653249	0.47371	6.13295
94	0.0217116	0.652054	0.468278	6.14873
95	0.0181362	0.650527	0.474946	6.16518
96	0.0311625	0.650348	0.479873	6.18212
97	0.0217792	0.649244	0.487708	6.19984
98	0.0193812	0.647928	0.489301	6.2177
99	0.017077	0.646413	0.4902	6.23562
100	0.0116032	0.644386	0.49566	6.25406
101	0.00970689	0.642207	0.495897	6.27249
102	0.0179623	0.640874	0.502327	6.29152
103	0.00552942	0.638355	0.508677	6.31114
104	0.00128308	0.635462	0.508285	6.33067
105	-0.000667426	0.632421	0.507802	6.35011
106	-0.00244301	0.629252	0.505331	6.36927
107	0.000301485	0.626388	0.508422	6.38869
108	-0.00402987	0.623151	0.512795	6.40848
109	-0.0141733	0.618993	0.515952	6.42852
110	-0.0164788	0.614667	0.513791	6.44831
111	-0.0185962	0.610192	0.514477	6.46812
112	-0.0234241	0.605317	0.512164	6.48766
113	-0.0236669	0.600473	0.515101	6.50742
114	-0.0259723	0.595468	0.518124	6.52742
115	-0.0219259	0.590891	0.520798	6.54762
116	-0.0208567	0.586462	0.51931	6.56762
117	-0.0108054	0.583003	0.527075	6.58829
118	-0.00744185	0.57989	0.519684	6.60822
119	-0.00463658	0.577067	0.521125	6.62824
120	-0.0145441	0.573381	0.522404	6.64831
121	-0.0189314	0.569339	0.525173	6.66859
122	-0.0171868	0.565495	0.51753	6.68812
123	-0.0221992	0.561244	0.522228	6.70803
124	-0.018725	0.557344	0.520344	6.72771
125	-0.0177884	0.553567	0.519244	6.74725
126	-0.0202232	0.549614	0.518226	6.76665
127	-0.0168602	0.545995	0.521929	6.78633
128	-0.0124754	0.542797	0.522594	6.80601
129	-0.00953913	0.539888	0.521295	6.82553
130	-0.00919006	0.53704	0.518467	6.84476
131	-0.013174	0.533875	0.50985	6.86319
132	-0.0060993	0.531352	0.511631	6.88173
133	-0.00853499	0.528646	0.507871	6.89991
134	-0.00324231	0.526422	0.511338	6.91834
135	0.000477214	0.524538	0.509051	6.93654
136	0.00733297	0.523258	0.509814	6.95476
137	0.0110746	0.522312	0.507141	6.97272
138	0.00711605	0.521045	0.502675	6.99025
139	0.0140573	0.520378	0.502449	7.00774
140	0.0175813	0.520018	0.505642	7.02545
141	0.0257077	0.520346	0.510769	7.04356
142	0.0177284	0.520014	0.516185	7.06208
143	0.0188166	0.519781	0.51693	7.08061
144	0.0216407	0.519789	0.508255	7.09839
145	0.0201693	0.519681	0.508627	7.11615
146	0.0180253	0.519404	0.506995	7.13375
147	0.0236764	0.519598	0.509161	7.15148
148	0.0270163	0.520069	0.50743	7.16904
149	0.0280682	0.520629	0.507345	7.18655
150	0.0336448	0.521642	0.505748	7.20389
151	0.0291159	0.522289	0.509646	7.22151
152	0.0255566	0.52265	0.512832	7.23936
153	0.0283646	0.523239	0.511766	7.25707
154	0.0261439	0.523653	0.507014	7.27437
155	0.0209186	0.523652	0.510431	7.2919
156	0.0241958	0.523917	0.510255	7.30939
157	0.0242031	0.524187	0.507483	7.32661
158	0.0259167	0.524595	0.509504	7.34396
159	0.0243473	0.524882	0.511094	7.3614
160	0.0222384	0.525007	0.512353	7.3789
161	0.0190487	0.524886	0.507942	7.39602
162	0.0174157	0.524644	0.507492	7.41306
163	0.0134126	0.524096	0.504386	7.42983
164	0.0188092	0.523975	0.505934	7.44669
165	0.0199612	0.523948	0.505635	7.46349
166	0.0187222	0.523831	0.506713	7.48033
167	0.0161877	0.523524	0.505425	7.49705
168	0.0191518	0.523451	0.50371	7.5136
169	0.0183708	0.523323	0.500831	7.5299
170	0.0183061	0.523196	0.501482	7.54622
171	0.0176108	0.52302	0.499138	7.56233
172	0.0192028	0.522971	0.503153	7.57871
173	0.014802	0.522594	0.508312	7.59545
174	0.0153359	0.522263	0.511545	7.6124
175	0.0195331	0.522254	0.514279	7.62952
176	0.0204915	0.522321	0.512814	7.6465
177	0.0183869	0.522234	0.514239	7.66355
178	0.0195945	0.522242	0.513731	7.68052
179	0.0196041	0.522255	0.516122	7.69764
180	0.0217107	0.522427	0.510265	7.71429
181	0.0198013	0.522462	0.511036	7.73096
182	0.0176816	0.522344	0.514074	7.74782
183	0.0103564	0.521692	0.522194	7.76524
184	0.0106668	0.521069	0.522908	7.78268
185	0.00993402	0.520401	0.523607	7.80014
186	0.00807798	0.519604	0.524314	7.81761
187	0.00701638	0.518738	0.525704	7.83514
188	0.00659127	0.51785	0.522702	7.85241
189	0.00523024	0.516871	0.522999	7.86967
190	0.00210054	0.515675	0.519917	7.88667
191	0.00256495	0.514522	0.514309	7.90324
192	0.00119478	0.51328	0.514558	7.91979
193	0.00140614	0.512063	0.51499	7.93633
194	0.00902911	0.5114	0.521302	7.9533
195	0.0123707	0.510981	0.523483	7.97038
196	0.0113911	0.510499	0.521911	7.98732
197	0.0156407	0.510324	0.519019	8.00402
198	0.015349	0.510132	0.519303	8.02071
199	0.0116214	0.509681	0.521966	8.03755
200	0.00861092	0.509024	0.523372	8.05445
201	0.00988457	0.508462	0.522818	8.07128
202	0.00992803	0.507909	0.517711	8.08772
203	0.00969416	0.507346	0.516689	8.10406
204	0.00683925	0.50659	0.51888	8.12052
205	0.00374484	0.505625	0.522596	8.1372
206	0.00395105	0.504682	0.522785	8.15387
207	0.00612663	0.503897	0.524588	8.17063
208	0.00730148	0.5032	0.524807	8.18737
209	0.00717197	0.5025	0.525926	8.20415
210	0.0126032	0.502179	0.525848	8.22089
211	0.0127202	0.50187	0.523966	8.23747
212	0.0101133	0.501388	0.525503	8.25413
213	0.00878596	0.50082	0.527333	8.27087
214	0.00808723	0.500209	0.529398	8.28773
215	0.00911711	0.499674	0.530684	8.30463
216	0.00634293	0.498957	0.531393	8.32156
217	0.00295751	0.498016	0.53278	8.33854
218	-0.000733733	0.496834	0.530573	8.35534
219	0.00101613	0.495777	0.531584	8.37217
220	0.00290267	0.494854	0.530539	8.3889
221	0.00507413	0.494083	0.530311	8.40558
222	0.00464781	0.493289	0.528687	8.42212
223	0.00308423	0.492397	0.530372	8.43875
224	-0.00100021	0.49124	0.53239	8.45547
225	-0.00173169	0.490042	0.53469	8.47231
226	-0.00321688	0.488753	0.534628	8.48912
227	-0.00218277	0.487541	0.533114	8.50579
228	3.32162e-05	0.486482	0.534939	8.52256
229	0.00153586	0.485529	0.536247	8.53937
230	-0.00237783	0.484325	0.539838	8.55639
231	-0.00178657	0.483168	0.541443	8.57348
232	-0.00115264	0.482059	0.542945	8.59064
233	-0.00196377	0.480904	0.544948	8.60789
234	-0.0073859	0.479404	0.548158	8.62531
235	-0.00565255	0.478024	0.550369	8.64285
236	-0.00230104	0.47687	0.547611	8.66017
237	-0.00247109	0.475711	0.549258	8.67756
238	-0.00213589	0.474581	0.549602	8.69494
239	-0.00396305	0.47334	0.54752	8.71215
240	-0.00412063	0.472096	0.546419	8.72926
241	-0.011154	0.470409	0.552063	8.74669
242	-0.0112633	0.468723	0.552708	8.76414
243	-0.0103956	0.467101	0.54927	8.78132
244	-0.00801048	0.46564	0.54944	8.79849
245	-0.00793019	0.464192	0.550166	8.81567
246	-0.00461745	0.462962	0.552355	8.83295
247	-0.00567484	0.461672	0.553375	8.85026
248	-0.00610074	0.460362	0.552619	8.8675
249	-0.00327244	0.459237	0.55018	8.88454
250	-0.00318369	0.458124	0.549459	8.90151
251	-0.00192067	0.457097	0.549861	8.91847
252	-0.00195693	0.456074	0.551114	8.93548
253	-0.00254962	0.455019	0.551986	8.95251
254	-0.00238695	0.45398	0.553372	8.96959
255	-0.00267031	0.45293	0.555213	8.98676
256	-0.00351042	0.451833	0.555456	9.0039
257	-0.00593605	0.450591	0.551374	9.02077
258	-0.00669825	0.449308	0.549147	9.03746
259	-0.0129749	0.447643	0.55426	9.05444
260	-0.012169	0.446037	0.555927	9.07149
261	-0.0124644	0.444419	0.556988	9.08857
262	-0.0131919	0.442765	0.5555	9.10553
263	-0.0146521	0.441029	0.555988	9.12249
264	-0.0184285	0.439069	0.556474	9.13944
265	-0.0155849	0.437292	0.558251	9.15648
266	-0.0169474	0.43544	0.561377	9.17367
267	-0.0182113	0.43352	0.56034	9.19077
268	-0.0202659	0.431483	0.562816	9.20798
269	-0.0215107	0.42938	0.5618	9.22511
270	-0.0230792	0.42719	0.560992	9.24215
271	-0.0225532	0.425042	0.561831	9.25921
272	-0.0232307	0.422862	0.562013	9.27625
273	-0.0205883	0.420851	0.562532	9.29329
274	-0.0206011	0.418848	0.56425	9.3104
275	-0.015713	0.417147	0.567015	9.32765
276	-0.0178848	0.415324	0.568738	9.34497
277	-0.0156137	0.413644	0.569618	9.36231
278	-0.0164571	0.411921	0.570129	9.37965
279	-0.0162444	0.410219	0.567776	9.39682
280	-0.0181663	0.408409	0.568091	9.41397
281	-0.014904	0.406801	0.565313	9.43093
282	-0.0174572	0.405048	0.565923	9.44789
283	-0.0165383	0.403357	0.56283	9.46464
284	-0.0164698	0.401678	0.565179	9.4815
285	-0.0157988	0.400045	0.564226	9.49827
286	-0.0164818	0.398378	0.56379	9.51499
287	-0.0148057	0.396818	0.564617	9.53173
288	-0.0143224	0.395292	0.565312	9.54847
289	-0.0168661	0.393623	0.565551	9.56521
290	-0.0150381	0.392069	0.567538	9.58203
291	-0.0144475	0.390555	0.566758	9.59877
292	-0.0140074	0.389073	0.567559	9.61553
293	-0.0125476	0.387683	0.567818	9.63228
294	-0.0124225	0.386305	0.564846	9.64883
295	-0.0121421	0.38495	0.564712	9.66534
296	-0.014522	0.383462	0.566154	9.68191
297	-0.0150575	0.38195	0.565929	9.69843
298	-0.0121811	0.380609	0.56769	9.71503
299	-0.011072	0.379339	0.566756	9.73154
300	-0.0129919	0.377962	0.568666	9.74814
301	-0.0130718	0.376587	0.569247	9.76475
302	-0.0142756	0.375149	0.568269	9.78126
303	-0.0118364	0.373855	0.56953	9.79783
304	-0.0135845	0.372467	0.570389	9.81441
305	-0.0118271	0.371185	0.572288	9.83108
306	-0.011917	0.369903	0.570765	9.84763
307	-0.0119611	0.368624	0.571526	9.86419
308	-0.0131725	0.367281	0.570005	9.88064
309	-0.0122371	0.365996	0.571269	9.89714
310	-0.0151094	0.364553	0.572027	9.91365
311	-0.0131841	0.363225	0.572291	9.93015
312	-0.0114451	0.362001	0.572697	9.94664
313	-0.00656691	0.361056	0.575427	9.96327
314	-0.00357532	0.360283	0.577018	9.97995
315	-0.00388	0.359496	0.578294	9.99668
316	-0.00437296	0.358685	0.579923	10.0135
317	-0.00619763	0.357776	0.580064	10.0302
318	-0.00767441	0.356787	0.582473	10.0471
319	-0.0100566	0.35567	0.584841	10.0641
320	-0.00948359	0.354588	0.582948	10.0809
321	-0.00731739	0.353632	0.584329	10.0978
322	-0.0085328	0.352612	0.583611	10.1147
323	-0.00890847	0.351575	0.583735	10.1315
324	-0.00654824	0.350672	0.585481	10.1483
325	-0.00605231	0.349801	0.582123	10.165
326	-0.00605273	0.348933	0.579447	10.1815
327	-0.00789655	0.347967	0.578404	10.1979
328	-0.0108923	0.34684	0.580839	10.2144
329	-0.008637	0.345841	0.580733	10.2309
330	-0.00858035	0.344849	0.581308	10.2474
331	-0.0113946	0.343706	0.583635	10.264
332	-0.0134931	0.342453	0.585755	10.2806
333	-0.0163862	0.341046	0.587607	10.2974
334	-0.010856	0.339946	0.591747	10.3143
335	-0.00746281	0.339035	0.593368	10.3313
336	-0.00709613	0.338147	0.593631	10.3483
337	-0.00492322	0.337381	0.594448	10.3653
338	-0.00373606	0.336681	0.594675	10.3823
339	-0.00461253	0.335938	0.595634	10.3994
340	-0.00403682	0.335228	0.595622	10.4164
341	-0.0024361	0.334607	0.596594	10.4334
342	-0.00253224	0.333984	0.596921	10.4504
343	-0.00227253	0.333377	0.591543	10.4671
344	-0.00206227	0.332784	0.586453	10.4835
345	-0.00105491	0.332248	0.586659	10.4998
346	-0.00113901	0.331709	0.58683	10.5162
347	0.00223821	0.331353	0.589971	10.5327
348	0.00131569	0.33095	0.590526	10.5492
349	-0.00200234	0.330371	0.59263	10.5658
350	-0.00451922	0.329661	0.593494	10.5824
351	-0.00549703	0.328901	0.593709	10.599
352	-0.00858207	0.32798	0.595042	10.6157
353	-0.00875382	0.327053	0.596258	10.6324
354	-0.0105729	0.326033	0.597652	10.6491
355	-0.0107417	0.325008	0.597439	10.6658
356	-0.00967928	0.324042	0.598638	10.6825
357	-0.00996913	0.323064	0.600207	10.6993
358	-0.00959498	0.322109	0.597574	10.7159
359	-0.00726545	0.321281	0.598449	10.7326
360	-0.00508233	0.320569	0.597619	10.7491
361	-0.00633393	0.319795	0.597733	10.7657
362	-0.00569085	0.319057	0.596727	10.7822
363	-0.00551988	0.318331	0.59554	10.7986
364	-0.00702326	0.317529	0.59278	10.8148
365	-0.00250595	0.316965	0.594456	10.8311
366	-0.00243113	0.316407	0.594807	10.8474
367	-0.00189441	0.31588	0.591902	10.8635
368	0.000379831	0.315472	0.593486	10.8796
369	0.00224092	0.315163	0.595527	10.8959
370	0.00285011	0.314887	0.596974	10.9122
371	0.00227043	0.314582	0.598066	10.9285
372	0.00201146	0.314265	0.59927	10.9449
373	0.00077503	0.313886	0.600794	10.9613
374	5.19398e-05	0.313471	0.601271	10.9777
375	0.0003086	0.313071	0.600943	10.9941
376	-0.00165885	0.312571	0.601341	11.0105
377	-0.00319561	0.311995	0.600374	11.0268
378	-0.00199108	0.311482	0.598886	11.043
379	-0.00181952	0.310979	0.595449	11.059
380	-0.00458172	0.310338	0.598399	11.0751
381	-0.00349816	0.309754	0.598879	11.0913
382	-0.00350024	0.309171	0.600105	11.1074
383	-0.00355147	0.308589	0.601847	11.1237
384	-0.00453862	0.307958	0.602512	11.1399
385	-0.00282924	0.307416	0.599783	11.156
386	0.000106489	0.307025	0.601463	11.1721
387	-0.0006862	0.306595	0.603386	11.1884
388	-0.00196012	0.306102	0.601023	11.2045
389	-0.00288224	0.305565	0.600935	11.2205
390	-0.0046335	0.304941	0.600788	11.2365
391	-0.00434693	0.304333	0.599416	11.2525
392	-0.00437629	0.303727	0.599787	11.2684
393	-0.00508272	0.303086	0.599944	11.2843
394	-0.00744871	0.302329	0.598324	11.3001
395	-0.00349287	0.301773	0.601565	11.3161
396	-0.00365225	0.30121	0.602179	11.332
397	-0.00560716	0.300552	0.602309	11.348
398	-0.00675336	0.299838	0.602635	11.3639
399	-0.00814767	0.299057	0.601816	11.3798
400	-0.00943237	0.298215	0.600487	11.3956
401	-0.0117252	0.29726	0.602177	11.4114
402	-0.00994052	0.296398	0.603742	11.4273
403	-0.0114597	0.295462	0.604746	11.4433
404	-0.0116639	0.294519	0.604977	11.4592
405	-0.0119137	0.293567	0.604473	11.4751
406	-0.0141274	0.292507	0.605197	11.4909
407	-0.0157593	0.29137	0.604605	11.5068
408	-0.0147392	0.290287	0.60435	11.5226
409	-0.0144164	0.289222	0.604277	11.5384
410	-0.0148658	0.288139	0.605325	11.5542
411	-0.014239	0.287089	0.605737	11.57
412	-0.0114936	0.286177	0.606945	11.5858
413	-0.0103066	0.285326	0.607598	11.6017
414	-0.0117266	0.284408	0.606973	11.6175
415	-0.0101044	0.283572	0.608728	11.6334
416	-0.00993352	0.282747	0.608002	11.6492
417	-0.00889479	0.281975	0.60626	11.6649
418	-0.010713	0.281116	0.604295	11.6805
419	-0.0101001	0.28029	0.601855	11.6959
420	-0.010893	0.279427	0.600668	11.7113
421	-0.0108066	0.278571	0.600332	11.7267
422	-0.0103659	0.277739	0.598526	11.7419
423	-0.0110344	0.276877	0.598861	11.7571
424	-0.0104367	0.276046	0.599839	11.7724
425	-0.00902731	0.275286	0.600494	11.7876
426	-0.00702525	0.274624	0.602093	11.803
427	-0.00801807	0.273917	0.601013	11.8182
428	-0.00858103	0.273185	0.600508	11.8334
429	-0.00984143	0.272393	0.601404	11.8487
430	-0.0101258	0.271591	0.600768	11.8638
431	-0.00931359	0.270829	0.60105	11.879
432	-0.00895497	0.270087	0.598042	11.894
433	-0.00946881	0.269323	0.597244	11.909
434	-0.0085241	0.268606	0.595912	11.9239
435	-0.0079082	0.26792	0.595355	11.9387
436	-0.00787034	0.267238	0.593093	11.9534
437	-0.00961307	0.266474	0.593418	11.9681
438	-0.00816752	0.265782	0.594746	11.9828
439	-0.00944599	0.265031	0.595056	11.9976
440	-0.00932428	0.264287	0.594315	12.0123
441	-0.00773039	0.263621	0.595975	12.027
442	-0.00648097	0.263017	0.596997	12.0418
443	-0.00920299	0.262285	0.598875	12.0567
444	-0.00893186	0.261568	0.599069	12.0715
445	-0.00834811	0.26088	0.599898	12.0864
446	-0.0097094	0.26013	0.59874	12.1011
447	-0.0102312	0.259357	0.599524	12.116
448	-0.00953109	0.25862	0.598317	12.1307
449	-0.0124454	0.257747	0.599657	12.1455
450	-0.0133689	0.256833	0.599752	12.1602
451	-0.0122273	0.255975	0.599916	12.175
452	-0.0108734	0.255182	0.598947	12.1897
453	-0.0119332	0.254342	0.599959	12.2044
454	-0.0106716	0.253563	0.601174	12.2192
455	-0.0106602	0.252787	0.601401	12.2339
456	-0.0130445	0.251902	0.602468	12.2487
457	-0.0135218	0.250996	0.602198	12.2635
458	-0.0115088	0.250186	0.603057	12.2783
459	-0.0135148	0.249285	0.603695	12.2931
460	-0.0107754	0.248514	0.605281	12.3079
461	-0.00857419	0.247847	0.607181	12.3228
462	-0.00901547	0.247161	0.604913	12.3376
463	-0.00841494	0.246505	0.605935	12.3524
464	-0.00821838	0.24586	0.604976	12.3672
465	-0.00719537	0.245264	0.606493	12.382
466	-0.00648612	0.244702	0.606501	12.3968
467	-0.00699169	0.244118	0.605249	12.4116
468	-0.00659875	0.243554	0.605557	12.4263
469	-0.00656214	0.242992	0.605267	12.441
470	-0.00637492	0.242442	0.605307	12.4556
471	-0.00418159	0.241993	0.606541	12.4704
472	-0.00367605	0.241569	0.603288	12.4849
473	-0.0029813	0.241177	0.60177	12.4994
474	-0.00289683	0.240791	0.601007	12.5138
475	-0.00409887	0.240351	0.602581	12.5282
476	-0.00528963	0.239857	0.602265	12.5427
477	-0.0056294	0.23935	0.60306	12.5571
478	-0.00678809	0.23879	0.603392	12.5716
479	-0.0057903	0.238278	0.603594	12.586
480	-0.00514762	0.237796	0.602253	12.6004
481	-0.00405898	0.237365	0.603798	12.6148
482	-0.00414932	0.236931	0.602415	12.6292
483	-0.00380775	0.236514	0.602568	12.6435
484	-0.00294831	0.236137	0.602509	12.6578
485	-0.00186491	0.23581	0.601514	12.6721
486	-0.00351337	0.235409	0.600139	12.6863
487	-0.00432418	0.234973	0.600605	12.7004
488	-0.00474241	0.234519	0.600827	12.7146
489	-0.00460681	0.234072	0.599851	12.7287
490	-0.00320685	0.233689	0.599574	12.7428
491	-0.00426752	0.23326	0.600975	12.757
492	-0.00621398	0.232744	0.602028	12.7711
493	-0.00723447	0.232184	0.601237	12.7852
494	-0.00687482	0.231641	0.601746	12.7994
495	-0.00707993	0.23109	0.600711	12.8134
496	-0.00756679	0.230519	0.600615	12.8275
497	-0.00830629	0.229916	0.599108	12.8414
498	-0.00931452	0.229269	0.599348	12.8554
499	-0.00894683	0.228641	0.596932	12.8692
500	-0.00912695	0.228006	0.595568	12.883
501	-0.00926413	0.227366	0.594541	12.8967
502	-0.00954915	0.226715	0.594585	12.9104
503	-0.0094236	0.226071	0.594392	12.924
504	-0.010595	0.225376	0.593204	12.9376
505	-0.0114163	0.224647	0.594285	12.9512
506	-0.0104239	0.223963	0.595296	12.9649
507	-0.010248	0.223289	0.596193	12.9786
508	-0.0102859	0.222614	0.59597	12.9922
509	-0.00938936	0.221981	0.595302	13.0059
510	-0.00876975	0.221377	0.593339	13.0194
511	-0.00983463	0.220727	0.592667	13.0328
512	-0.0113492	0.220011	0.592413	13.0463
513	-0.0111733	0.219305	0.592554	13.0597
514	-0.0112915	0.218595	0.591974	13.0731
515	-0.0118078	0.217865	0.591189	13.0865
516	-0.0112047	0.217162	0.590242	13.0998
517	-0.0117416	0.216437	0.589561	13.113
518	-0.0101984	0.215782	0.59047	13.1263
519	-0.0104742	0.215116	0.590075	13.1396
520	-0.009193	0.214507	0.589165	13.1528
521	-0.00893392	0.213911	0.588929	13.1659
522	-0.00836071	0.213342	0.589318	13.1791
523	-0.00836376	0.212774	0.588623	13.1922
524	-0.00820588	0.212213	0.58903	13.2054
525	-0.00716213	0.2117	0.58865	13.2185
526	-0.00821368	0.211142	0.589254	13.2316
527	-0.00725873	0.210627	0.588943	13.2447
528	-0.00751452	0.210101	0.58911	13.2578
529	-0.00848967	0.209535	0.586482	13.2707
530	-0.00931473	0.208934	0.586542	13.2837
531	-0.00673306	0.208447	0.587351	13.2967
532	-0.00557751	0.20801	0.588252	13.3097
533	-0.00547572	0.207579	0.58828	13.3227
534	-0.00659117	0.2071	0.587882	13.3356
535	-0.00573063	0.20666	0.586807	13.3485
536	-0.00529787	0.20624	0.586013	13.3614
537	-0.00600121	0.20579	0.585061	13.3742
538	-0.00584621	0.205347	0.584119	13.3869
539	-0.00572683	0.204911	0.582681	13.3996
540	-0.00581547	0.204472	0.582776	13.4123
541	-0.00675214	0.203994	0.583652	13.4249
542	-0.00740536	0.203489	0.583723	13.4376
543	-0.00822457	0.20295	0.584621	13.4503
544	-0.00883979	0.202386	0.584623	13.463
545	-0.00866667	0.20183	0.584213	13.4757
546	-0.00778957	0.201313	0.584856	13.4884
547	-0.00624672	0.200863	0.584041	13.501
548	-0.00554696	0.200444	0.584585	13.5137
549	-0.00654539	0.199983	0.585269	13.5263
550	-0.00586907	0.199552	0.584859	13.539
551	-0.00517613	0.199152	0.584308	13.5516
552	-0.00500586	0.198759	0.583344	13.5641
553	-0.0047065	0.19838	0.584094	13.5767
554	-0.00499137	0.19799	0.583139	13.5892
555	-0.00384406	0.197649	0.58396	13.6017
556	-0.00522383	0.197251	0.583824	13.6143
557	-0.00578524	0.19683	0.580493	13.6266
558	-0.00659055	0.196375	0.581868	13.639
559	-0.00575007	0.195958	0.582977	13.6515
560	-0.00608217	0.195527	0.582902	13.6639
561	-0.00588564	0.195105	0.584133	13.6764
562	-0.00497187	0.194722	0.584066	13.6889
563	-0.00531771	0.194326	0.583415	13.7013
564	-0.00542488	0.193927	0.582501	13.7137
565	-0.0069884	0.193462	0.5819	13.726
566	-0.00804532	0.192954	0.581298	13.7383
567	-0.00825891	0.192438	0.579225	13.7505
568	-0.00780697	0.191942	0.579197	13.7627
569	-0.00802331	0.191438	0.579256	13.7749
570	-0.00719126	0.19097	0.57869	13.7871
571	-0.00796883	0.190471	0.57947	13.7992
572	-0.0088079	0.189937	0.579766	13.8114
573	-0.00803288	0.189437	0.580822	13.8236
574	-0.00895408	0.188899	0.58028	13.8358
575	-0.00895879	0.188363	0.580405	13.8479
576	-0.0107737	0.187751	0.581152	13.8601
577	-0.0106936	0.187145	0.581322	13.8723
578	-0.0105626	0.186545	0.580246	13.8844
579	-0.0101346	0.185964	0.580573	13.8966
580	-0.00896728	0.185432	0.581398	13.9087
581	-0.00780787	0.18495	0.580536	13.9208
582	-0.00787938	0.184465	0.579968	13.9329
583	-0.00796054	0.183978	0.578719	13.9449
584	-0.00806015	0.183488	0.577958	13.9569
585	-0.00758448	0.183019	0.576783	13.9688
586	-0.00771415	0.182545	0.57613	13.9807
587	-0.00546037	0.182165	0.577442	13.9926
588	-0.00516446	0.181798	0.577208	14.0045
589	-0.00462354	0.181454	0.57678	14.0164
590	-0.00388533	0.181141	0.575051	14.0282
591	-0.00441327	0.180807	0.574605	14.0399
592	-0.00478953	0.180458	0.573387	14.0516
593	-0.00472642	0.180113	0.574457	14.0634
594	-0.00563492	0.179731	0.574027	14.0751
595	-0.00708533	0.17929	0.574498	14.0868
596	-0.00650946	0.178874	0.575327	14.0986
597	-0.00616473	0.178473	0.575136	14.1103
598	-0.00614649	0.178073	0.574784	14.122
599	-0.00570744	0.177692	0.574713	14.1337
600	-0.00540762	0.177324	0.57497	14.1454
601	-0.0067529	0.176902	0.575166	14.1571
602	-0.00778512	0.176439	0.575943	14.1688
603	-0.00662838	0.176023	0.575526	14.1804
604	-0.00804399	0.175551	0.575064	14.1921
605	-0.00870524	0.175053	0.57553	14.2038
606	-0.00943268	0.174527	0.576333	14.2155
607	-0.00945436	0.174	0.57665	14.2271
608	-0.0102686	0.173442	0.577452	14.2389
609	-0.00902091	0.172935	0.577662	14.2506
610	-0.00840349	0.172454	0.578281	14.2623
611	-0.00807412	0.171987	0.577969	14.274
612	-0.00781999	0.171531	0.575383	14.2856
613	-0.00718366	0.171102	0.57409	14.2971
614	-0.00622497	0.170712	0.572464	14.3086
615	-0.00514397	0.170367	0.572473	14.32
616	-0.00479455	0.170036	0.571849	14.3314
617	-0.00609662	0.169654	0.571134	14.3428
618	-0.00696653	0.169237	0.57125	14.3542
619	-0.00596907	0.168861	0.569679	14.3655
620	-0.00699334	0.168445	0.567709	14.3767
621	-0.00840932	0.167973	0.567246	14.3879
622	-0.00890585	0.167482	0.565499	14.399
623	-0.0101107	0.166943	0.565797	14.4101
624	-0.00982652	0.166417	0.566426	14.4212
625	-0.0104549	0.165867	0.566713	14.4323
626	-0.0101344	0.16533	0.566695	14.4435
627	-0.0104266	0.164783	0.566872	14.4546
628	-0.00998308	0.164254	0.566538	14.4657
629	-0.0100676	0.163723	0.566596	14.4768
630	-0.00925095	0.163226	0.565137	14.4878
631	-0.00876594	0.162748	0.564478	14.4988
632	-0.00817444	0.162295	0.565083	14.5098
633	-0.00795967	0.161852	0.563719	14.5207
634	-0.00831165	0.161395	0.562267	14.5316
635	-0.00824875	0.160941	0.56198	14.5425
636	-0.00777672	0.160507	0.562972	14.5533
637	-0.00838977	0.16005	0.564366	14.5643
638	-0.00868527	0.159581	0.561143	14.5751
639	-0.00786728	0.159146	0.559855	14.5858
640	-0.00902512	0.158666	0.559847	14.5965
641	-0.00842497	0.15821	0.560773	14.6073
642	-0.00690129	0.157815	0.560206	14.618
643	-0.00741989	0.157401	0.560699	14.6288
644	-0.00734385	0.15699	0.559469	14.6395
645	-0.00844377	0.156537	0.558942	14.6501
646	-0.00952511	0.156042	0.559615	14.6608
647	-0.0095973	0.155545	0.560442	14.6715
648	-0.0103738	0.155018	0.56027	14.6822
649	-0.00926167	0.154536	0.561276	14.6929
650	-0.0085035	0.154084	0.56063	14.7036
651	-0.00942867	0.153597	0.560991	14.7143
652	-0.00816904	0.15316	0.561604	14.725
653	-0.00772216	0.152742	0.562125	14.7357
654	-0.00633572	0.152378	0.56348	14.7465
655	-0.00627029	0.152017	0.563551	14.7572
656	-0.00507335	0.151704	0.563773	14.768
657	-0.00615893	0.151349	0.564522	14.7788
658	-0.00673038	0.150972	0.563146	14.7895
659	-0.00698148	0.150586	0.56332	14.8002
660	-0.00536887	0.150264	0.564472	14.811
661	-0.00516462	0.14995	0.565661	14.8217
662	-0.0042263	0.149673	0.566523	14.8326
663	-0.00541254	0.149351	0.567489	14.8434
664	-0.0055951	0.149022	0.568276	14.8543
665	-0.00523405	0.148707	0.567812	14.8651
666	-0.00679793	0.148333	0.569344	14.876
667	-0.00606812	0.147987	0.570305	14.887
668	-0.00647667	0.147627	0.571053	14.8979
669	-0.0071232	0.147242	0.570463	14.9088
670	-0.0067609	0.146871	0.568407	14.9197
671	-0.00741019	0.146476	0.568066	14.9305
672	-0.00745498	0.146081	0.568839	14.9413
673	-0.00734255	0.14569	0.569355	14.9521
674	-0.0061704	0.145345	0.569936	14.963
675	-0.00594473	0.145009	0.569587	14.9738
676	-0.00633692	0.144658	0.570334	14.9847
677	-0.00560715	0.144337	0.569222	14.9955
678	-0.00506397	0.144036	0.568841	15.0063
679	-0.00403597	0.143776	0.569803	15.0171
680	-0.00305557	0.143553	0.568545	15.0279
681	-0.00272037	0.143344	0.56846	15.0386
682	-0.00344624	0.143108	0.568146	15.0493
683	-0.00441599	0.142834	0.567799	15.06
684	-0.00422314	0.142569	0.567448	15.0707
685	-0.00362719	0.142327	0.567742	15.0814
686	-0.00333169	0.142096	0.56646	15.092
687	-0.00304267	0.141877	0.567322	15.1027
688	-0.00121613	0.141728	0.569158	15.1134
689	-0.00137612	0.141573	0.568922	15.1241
690	-0.00190578	0.141398	0.568068	15.1348
691	-0.00189497	0.141224	0.568053	15.1454
692	-0.00211732	0.141042	0.568006	15.1561
693	-0.00176328	0.140874	0.56771	15.1667
694	-0.0023815	0.140682	0.566938	15.1773
695	-0.00225015	0.140496	0.567105	15.1879
696	-0.000501034	0.140376	0.568481	15.1985
697	-0.00035431	0.140263	0.568247	15.2091
698	-0.00141238	0.140109	0.56694	15.2197
699	-0.00153674	0.139951	0.566927	15.2302
700	-0.00265242	0.139751	0.566905	15.2408
701	-0.00405002	0.139499	0.567336	15.2513
702	-0.00413808	0.139244	0.567868	15.2619
703	-0.00554184	0.138936	0.56833	15.2725
704	-0.00651015	0.138593	0.568821	15.2831
705	-0.00710385	0.138228	0.56933	15.2937
706	-0.00765444	0.137842	0.568557	15.3042
707	-0.00748349	0.137464	0.568819	15.3148
708	-0.00589104	0.137146	0.570204	15.3254
709	-0.00569535	0.136836	0.570313	15.336
710	-0.0042411	0.136581	0.571256	15.3467
711	-0.00406704	0.136333	0.571583	15.3573
712	-0.00484257	0.136056	0.571225	15.3679
713	-0.00542305	0.135758	0.5713	15.3785
714	-0.00435762	0.135501	0.571498	15.3891
715	-0.00448057	0.135239	0.57139	15.3998
716	-0.0051413	0.134953	0.571827	15.4104
717	-0.0050925	0.134669	0.571826	15.421
718	-0.00556079	0.134368	0.572676	15.4316
719	-0.00583818	0.134057	0.573411	15.4423
720	-0.00604536	0.133739	0.573337	15.4529
721	-0.00669961	0.133398	0.572735	15.4635
722	-0.00735546	0.133032	0.572657	15.4741
723	-0.00637186	0.132704	0.572726	15.4847
724	-0.00651281	0.132371	0.573163	15.4953
725	-0.00803729	0.131982	0.574372	15.5059
726	-0.00880744	0.131564	0.574374	15.5166
727	-0.00749266	0.131197	0.57372	15.5272
728	-0.00767434	0.130823	0.57303	15.5377
729	-0.00739793	0.13046	0.573048	15.5483
730	-0.00712763	0.130107	0.573213	15.5589
731	-0.00726039	0.12975	0.572394	15.5694
732	-0.00778528	0.129374	0.573272	15.5799
733	-0.00689552	0.129032	0.573703	15.5905
734	-0.00734636	0.128673	0.573693	15.6011
735	-0.00584956	0.128371	0.575139	15.6117
736	-0.00611687	0.128059	0.575313	15.6223
737	-0.0048692	0.127793	0.576752	15.6329
738	-0.00564163	0.127499	0.576979	15.6435
739	-0.0068358	0.127162	0.576962	15.6542
740	-0.00736165	0.126806	0.576748	15.6648
741	-0.00716694	0.126458	0.57686	15.6754
742	-0.00768045	0.126091	0.576342	15.686
743	-0.00884983	0.125682	0.575482	15.6966
744	-0.00899224	0.125269	0.57554	15.7071
745	-0.00938893	0.124841	0.576225	15.7177
746	-0.00829643	0.124454	0.576682	15.7283
747	-0.00903671	0.124041	0.577333	15.7388
748	-0.00893139	0.123632	0.577309	15.7494
749	-0.00953167	0.123202	0.574966	15.7599
750	-0.00856377	0.122808	0.574416	15.7704
751	-0.0078121	0.122442	0.575079	15.7809
752	-0.00789436	0.122073	0.574354	15.7913
753	-0.00879154	0.121672	0.574472	15.8018
754	-0.00858731	0.121279	0.575412	15.8122
755	-0.00856462	0.120888	0.574932	15.8227
756	-0.00873895	0.120491	0.574626	15.8331
757	-0.00794098	0.120123	0.574845	15.8435
758	-0.00906028	0.119715	0.574615	15.854
759	-0.0102143	0.119266	0.575254	15.8644
760	-0.00911083	0.118858	0.576032	15.8748
761	-0.00824281	0.118482	0.57624	15.8853
762	-0.00858714	0.118093	0.576103	15.8957
763	-0.00850415	0.117709	0.575718	15.9062
764	-0.00827501	0.117333	0.57586	15.9166
765	-0.00758331	0.116983	0.575095	15.927
766	-0.00741602	0.116639	0.575689	15.9374
767	-0.0065624	0.116326	0.576166	15.9478
768	-0.00633872	0.116022	0.575905	15.9582
769	-0.00610638	0.115727	0.57542	15.9686
770	-0.00634894	0.115424	0.574056	15.9789
771	-0.00639539	0.115119	0.573437	15.9892
772	-0.00548779	0.114847	0.573544	15.9994
773	-0.00637139	0.114544	0.573251	16.0097
774	-0.00672266	0.114229	0.572906	16.02
775	-0.00537371	0.113963	0.573797	16.0302
776	-0.00558073	0.113689	0.574419	16.0405
777	-0.00656401	0.113381	0.573654	16.0508
778	-0.00589657	0.113097	0.574776	16.0611
779	-0.00659322	0.112789	0.574486	16.0713
780	-0.0073265	0.112455	0.574455	16.0816
781	-0.0074861	0.112116	0.574326	16.0918
782	-0.00793665	0.111761	0.574245	16.1021
783	-0.00669649	0.11145	0.574895	16.1123
784	-0.00659213	0.111144	0.575408	16.1226
785	-0.00633743	0.110848	0.576468	16.1329
786	-0.0068287	0.110534	0.577276	16.1432
787	-0.00794677	0.110181	0.578119	16.1536
788	-0.00765809	0.109839	0.578186	16.1639
789	-0.00743512	0.109505	0.578845	16.1743
790	-0.00777889	0.10916	0.579597	16.1847
791	-0.00771804	0.108817	0.579848	16.1951
792	-0.00881511	0.108435	0.580826	16.2055
793	-0.00832805	0.108072	0.581134	16.2159
794	-0.00646886	0.107774	0.582204	16.2263
795	-0.00712068	0.107455	0.5827	16.2368
796	-0.00672842	0.107149	0.583264	16.2473
797	-0.00614423	0.106865	0.584277	16.2578
798	-0.00581226	0.106592	0.584393	16.2683
799	-0.00602852	0.106313	0.583974	16.2787
800	-0.00538627	0.106056	0.583945	16.2892
801	-0.00627965	0.105769	0.584368	16.2997
802	-0.00713803	0.105451	0.584472	16.3102
803	-0.00675543	0.105147	0.583577	16.3206
804	-0.00755341	0.104816	0.582399	16.331
805	-0.00785945	0.104475	0.58262	16.3414
806	-0.00762878	0.104142	0.583147	16.3518
807	-0.00757246	0.103811	0.583014	16.3621
808	-0.00774492	0.103475	0.583206	16.3725
809	-0.00859046	0.103109	0.584021	16.3829
810	-0.0095788	0.10271	0.584689	16.3934
811	-0.00936084	0.102318	0.584291	16.4038
812	-0.00913518	0.101935	0.584579	16.4142
813	-0.00934424	0.101545	0.5852	16.4246
814	-0.0106749	0.101109	0.585412	16.435
815	-0.0104783	0.100681	0.584752	16.4454
816	-0.0100595	0.100267	0.584326	16.4558
817	-0.0103129	0.0998458	0.584734	16.4662
818	-0.00957163	0.0994507	0.585158	16.4766
819	-0.0106534	0.0990183	0.585509	16.487
820	-0.0103994	0.0985953	0.584859	16.4974
821	-0.00999991	0.0981868	0.583756	16.5077
822	-0.00952221	0.0977955	0.583686	16.518
823	-0.00954218	0.097404	0.583146	16.5283
824	-0.00850026	0.0970493	0.583926	16.5386
825	-0.00790405	0.0967157	0.58318	16.5489
826	-0.00749001	0.096397	0.583148	16.5591
827	-0.00742472	0.096081	0.583768	16.5694
828	-0.00722479	0.0957723	0.583816	16.5797
829	-0.00736426	0.0954592	0.583906	16.59
830	-0.00653957	0.0951751	0.584734	16.6003
831	-0.00724662	0.0948669	0.585148	16.6106
832	-0.00796258	0.0945342	0.584623	16.6209
833	-0.00823632	0.0941926	0.583652	16.6311
834	-0.00914341	0.09382	0.582599	16.6413
835	-0.0099281	0.0934208	0.581201	16.6515
836	-0.00974294	0.0930285	0.580465	16.6616
837	-0.00926287	0.0926532	0.580474	16.6717
838	-0.00865627	0.0922994	0.580981	16.6818
839	-0.00939532	0.0919205	0.58064	16.6919
840	-0.0098032	0.0915281	0.578421	16.7019
841	-0.00944744	0.0911484	0.578446	16.7119
842	-0.0100427	0.0907487	0.578677	16.7219
843	-0.0109423	0.0903185	0.578057	16.7319
844	-0.0103057	0.0899108	0.578311	16.7419
845	-0.0107011	0.08949	0.578305	16.7519
846	-0.0097706	0.0891017	0.578513	16.7619
847	-0.00955746	0.0887212	0.578191	16.7719
848	-0.00990732	0.0883292	0.577858	16.7818
849	-0.0100973	0.0879312	0.577604	16.7918
850	-0.0112906	0.0874927	0.578325	16.8017
851	-0.0119858	0.0870311	0.578256	16.8117
852	-0.0120836	0.0865666	0.578741	16.8216
853	-0.0126635	0.0860829	0.579398	16.8316
854	-0.0121047	0.0856188	0.579669	16.8416
855	-0.0128017	0.0851316	0.578117	16.8515
856	-0.0136716	0.0846152	0.578144	16.8614
857	-0.0141557	0.084083	0.577448	16.8713
858	-0.0154647	0.0835067	0.578796	16.8812
859	-0.0156732	0.0829241	0.577319	16.8911
860	-0.0158793	0.0823351	0.57685	16.9009
861	-0.0165073	0.0817255	0.575526	16.9107
862	-0.0158474	0.081139	0.575096	16.9205
863	-0.0149045	0.0805854	0.575566	16.9303
864	-0.0158671	0.0799996	0.576537	16.9401
865	-0.0162835	0.0794005	0.576184	16.9499
866	-0.0154667	0.0788297	0.577011	16.9597
867	-0.0160896	0.0782386	0.577406	16.9695
868	-0.0172078	0.0776102	0.577589	16.9794
869	-0.0167832	0.0769969	0.57708	16.9892
870	-0.0168968	0.0763806	0.577273	16.999
871	-0.0161179	0.0757913	0.576062	17.0087
872	-0.0163394	0.0751953	0.574868	17.0184
873	-0.014395	0.0746656	0.575184	17.0282
874	-0.0138641	0.0741546	0.574038	17.0378
875	-0.0159817	0.0735726	0.57638	17.0476
876	-0.0162359	0.0729828	0.576414	17.0573
877	-0.0159572	0.072403	0.576842	17.0671
878	-0.0154739	0.0718403	0.577599	17.0768
879	-0.0145384	0.0713097	0.57826	17.0866
880	-0.0150827	0.0707614	0.57894	17.0964
881	-0.0157251	0.0701921	0.579256	17.1062
882	-0.0159915	0.0696145	0.578756	17.116
883	-0.017007	0.0690035	0.579323	17.1258
884	-0.0182995	0.0683498	0.58044	17.1357
885	-0.0177391	0.0677156	0.579869	17.1455
886	-0.0181865	0.0670672	0.578778	17.1552
887	-0.0171704	0.0664536	0.5782	17.165
888	-0.0172265	0.0658388	0.577771	17.1747
889	-0.0177246	0.065208	0.576945	17.1844
890	-0.0173511	0.0645905	0.577833	17.1941
891	-0.0171849	0.0639793	0.578227	17.2038
892	-0.0165828	0.0633889	0.579128	17.2136
893	-0.0165952	0.0627987	0.578937	17.2233
894	-0.0168503	0.0622008	0.579107	17.233
895	-0.0179259	0.0615676	0.579617	17.2428
896	-0.0186993	0.0609093	0.579949	17.2525
897	-0.0181592	0.0602697	0.580431	17.2623
898	-0.0176828	0.0596468	0.57881	17.272
899	-0.0174512	0.0590323	0.578412	17.2817
900	-0.0175803	0.0584142	0.577713	17.2913
901	-0.0176269	0.0577953	0.576411	17.3009
902	-0.0185331	0.0571469	0.576264	17.3105
903	-0.0182438	0.0565089	0.576296	17.3201
904	-0.0183342	0.0558686	0.576737	17.3297
905	-0.0193828	0.0551942	0.576534	17.3393
906	-0.0195339	0.0545155	0.576485	17.3489
907	-0.0192767	0.0538462	0.577161	17.3585
908	-0.0186717	0.0531976	0.576557	17.3681
909	-0.0188555	0.0525437	0.576313	17.3776
910	-0.0180913	0.0519158	0.576274	17.3872
911	-0.0181987	0.0512851	0.576708	17.3967
912	-0.0174096	0.0506812	0.577538	17.4063
913	-0.0170195	0.0500908	0.577675	17.4159
914	-0.0167149	0.0495112	0.577474	17.4255
915	-0.0167108	0.0489324	0.577182	17.435
916	-0.0154123	0.048397	0.578347	17.4446
917	-0.0152216	0.0478686	0.578449	17.4542
918	-0.0161139	0.0473113	0.578968	17.4638
919	-0.0157668	0.0467661	0.578616	17.4734
920	-0.0152889	0.0462372	0.578148	17.4829
921	-0.0157778	0.0456928	0.577068	17.4925
922	-0.0159925	0.0451419	0.576707	17.502
923	-0.0156296	0.0446036	0.577032	17.5115
924	-0.0170496	0.0440193	0.577453	17.521
925	-0.0170287	0.0434362	0.577922	17.5305
926	-0.0163422	0.0428763	0.57784	17.54
927	-0.0170861	0.0422927	0.578153	17.5496
928	-0.0163556	0.0417336	0.57865	17.5591
929	-0.0162046	0.0411801	0.577199	17.5686
930	-0.0167319	0.04061	0.575745	17.578
931	-0.0160103	0.040064	0.573688	17.5874
932	-0.0161103	0.0395154	0.572244	17.5967
933	-0.0167733	0.0389458	0.571527	17.606
934	-0.0161765	0.0383962	0.571334	17.6152
935	-0.0173017	0.0378105	0.571678	17.6245
936	-0.016009	0.0372676	0.571801	17.6338
937	-0.0161765	0.0367199	0.571122	17.643
938	-0.0158728	0.0361826	0.570943	17.6523
939	-0.0152614	0.0356659	0.569691	17.6614
940	-0.0153472	0.0351469	0.569324	17.6706
941	-0.015874	0.0346113	0.568612	17.6798
942	-0.0162198	0.0340651	0.568832	17.6889
943	-0.0159123	0.0335294	0.568644	17.6981
944	-0.0156805	0.0330019	0.568381	17.7072
945	-0.0151388	0.0324925	0.568452	17.7163
946	-0.015601	0.0319687	0.567731	17.7254
947	-0.015881	0.0314363	0.566488	17.7344
948	-0.0156381	0.0309124	0.566246	17.7435
949	-0.0154243	0.030396	0.56626	17.7525
950	-0.0150034	0.0298937	0.566092	17.7615
951	-0.0153196	0.0293818	0.566586	17.7706
952	-0.0151876	0.0288747	0.566717	17.7796
953	-0.0136391	0.0284182	0.568166	17.7887
954	-0.012893	0.0279863	0.567738	17.7977
955	-0.0129808	0.0275521	0.567769	17.8068
956	-0.012086	0.0271472	0.568481	17.8158
957	-0.0129844	0.0267138	0.568469	17.8249
958	-0.0136384	0.0262597	0.569003	17.834
959	-0.0142261	0.0257871	0.569626	17.8431
960	-0.0141238	0.0253184	0.5701	17.8522
961	-0.0132957	0.0248768	0.570702	17.8613
962	-0.0134411	0.0244309	0.570324	17.8704
963	-0.0138187	0.0239734	0.571093	17.8795
964	-0.0140257	0.0235098	0.571326	17.8886
965	-0.0133619	0.0230679	0.5712	17.8978
966	-0.0142246	0.0225988	0.571623	17.9069
967	-0.0135769	0.022151	0.571157	17.916
968	-0.0128651	0.0217265	0.570695	17.9251
969	-0.0137358	0.0212745	0.571707	17.9342
970	-0.0128593	0.0208511	0.572613	17.9433
971	-0.0121338	0.0204514	0.572863	17.9525
972	-0.0122876	0.0200472	0.572188	17.9616
973	-0.0127824	0.0196275	0.572896	17.9707
974	-0.0124499	0.0192189	0.573378	17.9799
975	-0.0123386	0.0188144	0.571851	17.989
976	-0.0120031	0.0184209	0.571266	17.998
977	-0.0114681	0.018045	0.570896	18.0071
978	-0.0112507	0.0176764	0.570373	18.0161
979	-0.0112974	0.0173067	0.570423	18.0251
980	-0.0104239	0.0169652	0.569702	18.0341
981	-0.0104297	0.0166239	0.569311	18.0431
982	-0.00996474	0.0162978	0.569953	18.0521
983	-0.00927518	0.015994	0.570324	18.0611
984	-0.00792277	0.0157336	0.571499	18.0702
985	-0.00738224	0.0154906	0.571548	18.0792
986	-0.00839713	0.0152156	0.572356	18.0883
987	-0.00801317	0.0149532	0.572651	18.0973
988	-0.00813376	0.0146871	0.57161	18.1063
989	-0.0085056	0.0144095	0.571254	18.1154
990	-0.00905714	0.0141147	0.57041	18.1243
991	-0.00843971	0.0138397	0.570106	18.1333
992	-0.00803491	0.0135779	0.569819	18.1422
993	-0.00825327	0.0133094	0.57021	18.1512
994	-0.0100873	0.0129831	0.571295	18.1602
995	-0.0100578	0.0126581	0.571389	18.1692
996	-0.0110708	0.0123013	0.572186	18.1782
997	-0.0111633	0.0119419	0.571921	18.1872
998	-0.0103581	0.0116084	0.571716	18.1962
999	-0.00959481	0.0112994	0.5715	18.2051
1000	-0.00993875	0.0109797	0.572182	18.2141
1001	-0.00938163	0.010678	0.572715	18.2231
1002	-0.00960192	0.0103697	0.571906	18.2321
1003	-0.00946265	0.010066	0.57208	18.2411
1004	-0.00920302	0.00977088	0.5716	18.25
1005	-0.00885689	0.00948692	0.571747	18.259
1006	-0.00830576	0.00922061	0.571254	18.2679
1007	-0.00850327	0.00894834	0.571239	18.2768
1008	-0.00920496	0.00865427	0.571491	18.2858
1009	-0.00942771	0.00835348	0.571265	18.2947
1010	-0.0093693	0.00805483	0.571756	18.3036
1011	-0.0104224	0.00772339	0.572187	18.3126
1012	-0.0103467	0.00739466	0.572675	18.3215
1013	-0.010888	0.00704926	0.572625	18.3305
1014	-0.0101143	0.00672848	0.571326	18.3394
1015	-0.00986015	0.00641598	0.571047	18.3483
1016	-0.00990958	0.00610224	0.571177	18.3571
1017	-0.00921141	0.00581068	0.571525	18.366
1018	-0.00955883	0.00550854	0.571754	18.3749
1019	-0.00932855	0.00521389	0.571892	18.3838
1020	-0.00871747	0.00493866	0.571994	18.3927
1021	-0.00865755	0.00466556	0.572037	18.4016
1022	-0.00794681	0.00441494	0.572638	18.4105
1023	-0.00710757	0.00419079	0.573085	18.4194
1024	-0.0067299	0.00397864	0.572309	18.4283
1025	-0.0060307	0.00378852	0.572623	18.4372
1026	-0.00658396	0.00358133	0.572142	18.4461
1027	-0.00735669	0.00335025	0.572805	18.455
1028	-0.00748702	0.00311534	0.573052	18.4639
1029	-0.00810073	0.00286154	0.573289	18.4728
1030	-0.00813627	0.00260688	0.573554	18.4817
1031	-0.00800894	0.00235643	0.574002	18.4906
1032	-0.00821537	0.00209981	0.573642	18.4995
1033	-0.00782766	0.00185548	0.573516	18.5084
1034	-0.00819303	0.00160004	0.572657	18.5172
1035	-0.00890794	0.00132265	0.573447	18.5261
1036	-0.00823376	0.00106644	0.574119	18.535
1037	-0.00811339	0.000814225	0.57402	18.5439
1038	-0.00805008	0.000564211	0.574181	18.5528
1039	-0.00759266	0.000328615	0.573579	18.5617
1040	-0.00785001	8.52722e-05	0.572943	18.5705
1041	-0.00871475	0.000184612	0.573467	18.5793
1042	-0.00826304	0.000440259	0.573969	18.5882
1043	-0.00756903	0.000674191	0.574268	18.5971
1044	-0.00714194	0.000894695	0.574377	18.6059
1045	-0.00737117	0.00112207	0.573971	18.6148
1046	-0.00784933	0.001364	0.574331	18.6237
1047	-0.00821314	0.00161694	0.57459	18.6325
1048	-0.00902793	0.00189477	0.574596	18.6414
1049	-0.00882907	0.00216621	0.575045	18.6502
1050	-0.0086898	0.0024331	0.574936	18.6591
1051	-0.00766811	0.00266825	0.575771	18.668
1052	-0.00813016	0.00291741	0.576042	18.6769
1053	-0.00814267	0.00316672	0.575935	18.6857
1054	-0.00833421	0.00342169	0.576452	18.6946
1055	-0.009479	0.00371163	0.577496	18.7035
1056	-0.00906376	0.00398853	0.577498	18.7125
1057	-0.00892927	0.00426103	0.577703	18.7214
1058	-0.00951267	0.0045512	0.577917	18.7303
1059	-0.00979943	0.0048499	0.577465	18.7392
1060	-0.010135	0.00515862	0.577727	18.7481
1061	-0.0102812	0.00547153	0.578186	18.757
1062	-0.00964373	0.0057646	0.578546	18.7659
1063	-0.00841624	0.00601979	0.577378	18.7748
1064	-0.00796587	0.00626095	0.576502	18.7837
1065	-0.00806925	0.00650504	0.57678	18.7925
1066	-0.00793389	0.00674477	0.577344	18.8014
1067	-0.00683089	0.00695054	0.577948	18.8103
1068	-0.00692998	0.00715915	0.577876	18.8191
1069	-0.00704791	0.00737116	0.578028	18.828
1070	-0.00756012	0.00759863	0.578163	18.8369
1071	-0.00807888	0.00784172	0.578676	18.8458
1072	-0.00806924	0.00808429	0.578942	18.8547
1073	-0.00780219	0.00831849	0.578704	18.8635
1074	-0.00891081	0.00858628	0.579569	18.8724
1075	-0.00890396	0.00885361	0.579904	18.8813
1076	-0.00847406	0.0091076	0.580184	18.8903
1077	-0.008508	0.00936239	0.579626	18.8991
1078	-0.00824464	0.00960893	0.579397	18.908
1079	-0.00874219	0.00987037	0.579484	18.9169
1080	-0.00879988	0.0101333	0.579863	18.9258
1081	-0.00829093	0.0103806	0.580211	18.9347
1082	-0.00709391	0.0105913	0.580379	18.9436
1083	-0.00709838	0.0108019	0.580197	18.9525
1084	-0.00727219	0.0110176	0.580673	18.9613
1085	-0.00735518	0.0112356	0.579113	18.9702
1086	-0.00652861	0.0114284	0.579004	18.979
1087	-0.00598222	0.0116044	0.579104	18.9879
1088	-0.00704507	0.0118125	0.580157	18.9967
1089	-0.00755314	0.0120357	0.580481	19.0056
1090	-0.00728961	0.0122508	0.580599	19.0144
1091	-0.0084454	0.0125006	0.581285	19.0233
1092	-0.00867964	0.0127573	0.581114	19.0322
1093	-0.00796857	0.0129923	0.581905	19.0411
1094	-0.00771219	0.0132194	0.582293	19.05
1095	-0.00815137	0.0134594	0.582512	19.0589
1096	-0.00780761	0.0136889	0.582038	19.0678
1097	-0.00690749	0.0138911	0.582618	19.0767
1098	-0.00683393	0.0140908	0.58196	19.0856
1099	-0.00674422	0.0142877	0.581913	19.0944
1100	-0.00675844	0.0144848	0.582101	19.1033
1101	-0.00683381	0.014684	0.581906	19.1122
1102	-0.00662281	0.0148766	0.582226	19.121
1103	-0.00715257	0.0150851	0.582633	19.1299
1104	-0.00659615	0.0152766	0.582463	19.1388
1105	-0.00698975	0.0154798	0.582989	19.1476
1106	-0.00713765	0.0156872	0.582488	19.1565
1107	-0.00670714	0.0158815	0.582589	19.1653
1108	-0.00582984	0.0160494	0.583168	19.1742
1109	-0.00618392	0.0162277	0.583026	19.1831
1110	-0.00619522	0.0164062	0.582959	19.1919
1111	-0.00595421	0.0165773	0.583113	19.2008
1112	-0.00553467	0.0167356	0.581668	19.2096
1113	-0.00495045	0.0168764	0.582294	19.2184
1114	-0.00555734	0.0170352	0.581898	19.2272
1115	-0.00533507	0.0171872	0.581496	19.236
1116	-0.00537496	0.0173402	0.58119	19.2448
1117	-0.00539974	0.0174939	0.58145	19.2536
1118	-0.00701516	0.0176957	0.582737	19.2624
1119	-0.00743786	0.01791	0.582116	19.2712
1120	-0.00758604	0.0181285	0.582333	19.28
1121	-0.00816044	0.0183639	0.58255	19.2888
1122	-0.00850326	0.0186094	0.582579	19.2976
1123	-0.00892976	0.0188673	0.582941	19.3064
1124	-0.00930993	0.0191364	0.582977	19.3152
1125	-0.00912911	0.0193998	0.582564	19.3239
1126	-0.00995617	0.0196877	0.582636	19.3327
1127	-0.00992808	0.0199744	0.582668	19.3415
1128	-0.010486	0.0202775	0.582538	19.3503
1129	-0.010276	0.0205741	0.581914	19.359
1130	-0.00933152	0.0208424	0.581428	19.3677
1131	-0.00910138	0.0211036	0.581063	19.3765
1132	-0.00879285	0.0213554	0.580864	19.3852
1133	-0.00851525	0.0215987	0.58017	19.3938
1134	-0.00793622	0.0218247	0.580431	19.4025
1135	-0.00801867	0.0220529	0.58041	19.4112
1136	-0.00826074	0.0222881	0.580273	19.4199
1137	-0.0079798	0.0225147	0.580141	19.4285
1138	-0.00739147	0.0227238	0.580091	19.4372
1139	-0.00795141	0.0229492	0.580212	19.4459
1140	-0.00773093	0.0231679	0.580576	19.4545
1141	-0.00818455	0.0233999	0.579832	19.4632
1142	-0.00842637	0.0236388	0.579408	19.4718
1143	-0.0082084	0.023871	0.578706	19.4804
1144	-0.0081196	0.0241005	0.578079	19.4889
1145	-0.00817187	0.0243312	0.578053	19.4975
1146	-0.0075245	0.0245427	0.577473	19.5061
1147	-0.00745365	0.0247519	0.577651	19.5146
1148	-0.00799755	0.024977	0.577838	19.5232
1149	-0.00795569	0.0252006	0.578335	19.5317
1150	-0.00758882	0.0254133	0.578252	19.5403
1151	-0.00783136	0.0256329	0.578557	19.5489
1152	-0.00769631	0.0258484	0.578699	19.5574
1153	-0.00806073	0.0260743	0.579239	19.566
1154	-0.0086565	0.0263177	0.579141	19.5746
1155	-0.0090102	0.0265712	0.579316	19.5831
1156	-0.00917011	0.0268292	0.579622	19.5917
1157	-0.00872466	0.0270739	0.579875	19.6003
1158	-0.00935719	0.0273369	0.580241	19.6089
1159	-0.00973246	0.0276108	0.580154	19.6175
1160	-0.0106603	0.0279116	0.58068	19.626
1161	-0.010937	0.0282204	0.579918	19.6346
1162	-0.0108593	0.0285265	0.579662	19.6432
1163	-0.0111341	0.0288405	0.578793	19.6517
1164	-0.0105452	0.0291369	0.577373	19.6602
1165	-0.00971395	0.0294088	0.577405	19.6687
1166	-0.00856127	0.0296467	0.577786	19.6771
1167	-0.00869829	0.0298884	0.576973	19.6856
1168	-0.0091576	0.0301434	0.57753	19.6941
1169	-0.00934997	0.0304037	0.577774	19.7025
1170	-0.00953927	0.0306694	0.577783	19.711
1171	-0.0104704	0.030962	0.577452	19.7195
1172	-0.0112147	0.0312762	0.576893	19.7279
1173	-0.0119505	0.0316115	0.577373	19.7363
1174	-0.0128023	0.0319714	0.578199	19.7448
1175	-0.0124784	0.0323215	0.578511	19.7533
1176	-0.013059	0.0326883	0.578403	19.7618
1177	-0.0135984	0.0330704	0.578194	19.7702
1178	-0.013555	0.033451	0.576078	19.7786
1179	-0.0132381	0.0338221	0.575476	19.787
1180	-0.013058	0.0341876	0.575188	19.7953
1181	-0.0134825	0.0345651	0.575269	19.8037
1182	-0.0144624	0.0349708	0.57521	19.812
1183	-0.0152316	0.0353985	0.576101	19.8204
1184	-0.0161244	0.0358518	0.576284	19.8288
1185	-0.0156513	0.036291	0.576577	19.8372
1186	-0.0151492	0.0367152	0.576221	19.8455
1187	-0.0155156	0.0371497	0.576761	19.8539
1188	-0.015841	0.0375933	0.576298	19.8623
1189	-0.0156299	0.0380305	0.576278	19.8706
1190	-0.0152266	0.0384555	0.576229	19.879
1191	-0.0155312	0.0388891	0.575899	19.8873
1192	-0.0155912	0.039324	0.575348	19.8957
1193	-0.0155876	0.0397584	0.575511	19.904
1194	-0.015476	0.0401893	0.575927	19.9123
1195	-0.0153737	0.0406169	0.575947	19.9206
1196	-0.014999	0.0410333	0.576497	19.929
1197	-0.015005	0.0414495	0.57562	19.9373
1198	-0.0152077	0.0418712	0.575147	19.9456
1199	-0.0161925	0.042321	0.575601	19.9539
1200	-0.0157662	0.0427582	0.575537	19.9622
1201	-0.0159587	0.0432005	0.575399	19.9705
1202	-0.0161668	0.0436485	0.574932	19.9787
1203	-0.0157002	0.0440827	0.57472	19.987
1204	-0.0161613	0.0445298	0.574566	19.9953
1205	-0.0159076	0.0449692	0.574935	20.0035
1206	-0.0154351	0.0453947	0.575351	20.0118
1207	-0.0156498	0.045826	0.575671	20.0201
1208	-0.0151237	0.0462418	0.576377	20.0284
1209	-0.0161379	0.0466865	0.577068	20.0367
1210	-0.0161809	0.047132	0.576994	20.045
1211	-0.0161456	0.0475761	0.577155	20.0533
1212	-0.0164453	0.0480285	0.576617	20.0616
1213	-0.0162612	0.0484753	0.576506	20.0699
1214	-0.0160507	0.0489156	0.576147	20.0781
1215	-0.0153617	0.0493358	0.576626	20.0864
1216	-0.0154749	0.049759	0.576554	20.0947
1217	-0.01643	0.0502092	0.576329	20.103
1218	-0.0162578	0.050654	0.576411	20.1112
1219	-0.015704	0.0510827	0.576049	20.1195
1220	-0.0158241	0.0515145	0.575731	20.1277
1221	-0.0156308	0.0519404	0.57526	20.1359
1222	-0.0158821	0.0523731	0.574546	20.1441
1223	-0.0165809	0.0528255	0.573688	20.1523
1224	-0.0166224	0.0532787	0.572791	20.1604
1225	-0.0161059	0.0537167	0.572487	20.1685
1226	-0.0168881	0.0541768	0.571965	20.1767
1227	-0.0165637	0.0546272	0.571575	20.1847
1228	-0.0164634	0.0550744	0.57146	20.1928
1229	-0.0164487	0.0555209	0.571563	20.2009
1230	-0.0163007	0.0559627	0.572014	20.209
1231	-0.0157181	0.0563877	0.572054	20.2171
1232	-0.0145539	0.0567791	0.573186	20.2252
1233	-0.0148849	0.0571797	0.573238	20.2334
1234	-0.0148694	0.0575795	0.573529	20.2415
1235	-0.0150588	0.0579844	0.572799	20.2496
1236	-0.0148264	0.0583823	0.572532	20.2577
1237	-0.0145085	0.058771	0.572428	20.2658
1238	-0.0153931	0.0591844	0.572612	20.2739
1239	-0.0158081	0.0596093	0.571666	20.2819
1240	-0.0165555	0.060055	0.572401	20.29
1241	-0.0172251	0.0605195	0.572406	20.2981
1242	-0.0180499	0.0610069	0.572496	20.3061
1243	-0.0172149	0.0614703	0.573192	20.3142
1244	-0.0172387	0.061934	0.573258	20.3223
1245	-0.0174042	0.062402	0.573174	20.3304
1246	-0.0180969	0.0628892	0.573226	20.3385
1247	-0.018724	0.0633939	0.573233	20.3465
1248	-0.0188032	0.0639003	0.572316	20.3546
1249	-0.0188599	0.064408	0.572067	20.3626
1250	-0.018381	0.0649018	0.572083	20.3707
1251	-0.0181445	0.0653884	0.571769	20.3787
1252	-0.0194541	0.0659117	0.572077	20.3867
1253	-0.0185805	0.06641	0.572558	20.3947
1254	-0.018479	0.0669049	0.572554	20.4028
1255	-0.0188826	0.0674109	0.571849	20.4108
1256	-0.0188826	0.0679165	0.571852	20.4188
1257	-0.0190848	0.0684274	0.571995	20.4268
1258	-0.0192177	0.0689416	0.571771	20.4348
1259	-0.0194228	0.0694612	0.571631	20.4428
1260	-0.0188769	0.0699651	0.571209	20.4508
1261	-0.0187993	0.0704664	0.570907	20.4588
1262	-0.0190791	0.0709751	0.570875	20.4667
1263	-0.0196336	0.0714991	0.570694	20.4747
1264	-0.0194308	0.0720169	0.570595	20.4826
1265	-0.0189118	0.0725198	0.570749	20.4906
1266	-0.0184044	0.0730081	0.570613	20.4985
1267	-0.0177895	0.0734787	0.570457	20.5064
1268	-0.0179309	0.0739529	0.570198	20.5144
1269	-0.0173248	0.0744097	0.570323	20.5223
1270	-0.0172674	0.0748646	0.570621	20.5302
1271	-0.0167075	0.0753035	0.571042	20.5382
1272	-0.0178741	0.0757747	0.571903	20.5461
1273	-0.0183708	0.0762595	0.572215	20.5541
1274	-0.0182618	0.0767408	0.572249	20.5621
1275	-0.0180721	0.0772165	0.571798	20.57
1276	-0.0175681	0.0776777	0.57048	20.5779
1277	-0.0174983	0.0781366	0.570067	20.5858
1278	-0.0171839	0.0785864	0.569744	20.5937
1279	-0.0171788	0.0790357	0.569781	20.6016
1280	-0.0173965	0.0794907	0.569328	20.6094
1281	-0.0169749	0.0799336	0.569962	20.6173
1282	-0.0166939	0.0803684	0.57035	20.6252
1283	-0.016259	0.0807907	0.570562	20.6331
1284	-0.0162111	0.0812113	0.569849	20.641
1285	-0.0163476	0.0816355	0.570092	20.6488
1286	-0.0162404	0.0820563	0.570462	20.6567
1287	-0.016489	0.0824837	0.569945	20.6646
1288	-0.0168929	0.0829221	0.569741	20.6724
1289	-0.0171356	0.0833669	0.569325	20.6803
1290	-0.0167001	0.0837992	0.569898	20.6881
1291	-0.0157517	0.0842048	0.57052	20.696
1292	-0.0159793	0.0846165	0.570977	20.7038
1293	-0.0166253	0.0850458	0.571428	20.7117
1294	-0.0169823	0.0854847	0.571328	20.7196
1295	-0.0167079	0.0859157	0.571866	20.7275
1296	-0.0168871	0.0863513	0.572096	20.7354
1297	-0.0165661	0.0867777	0.572073	20.7433
1298	-0.016499	0.0872019	0.572253	20.7512
1299	-0.0161173	0.0876153	0.572598	20.7591
1300	-0.0161516	0.0880292	0.572779	20.767
1301	-0.0157022	0.0884304	0.572828	20.7749
1302	-0.0156932	0.0888311	0.57303	20.7828
1303	-0.0155244	0.0892268	0.57301	20.7907
1304	-0.0153116	0.0896163	0.572756	20.7986
1305	-0.0147421	0.0899898	0.573065	20.8065
1306	-0.0147682	0.0903638	0.572849	20.8143
1307	-0.0151575	0.0907482	0.57196	20.8222
1308	-0.0152256	0.0911342	0.572156	20.8301
1309	-0.0154786	0.0915269	0.571849	20.8379
1310	-0.0150292	0.091907	0.571487	20.8457
1311	-0.015763	0.092307	0.572083	20.8536
1312	-0.0157495	0.0927063	0.57186	20.8614
1313	-0.0163203	0.0931211	0.571352	20.8692
1314	-0.0167156	0.0935465	0.571648	20.8771
1315	-0.0161926	0.0939572	0.572022	20.8849
1316	-0.0166351	0.0943798	0.572451	20.8927
1317	-0.0168497	0.0948079	0.572773	20.9006
1318	-0.0172625	0.0952471	0.572523	20.9084
1319	-0.0168886	0.0956757	0.572345	20.9163
1320	-0.0170803	0.0961093	0.572115	20.9241
1321	-0.0171455	0.0965444	0.571966	20.9319
1322	-0.0175092	0.0969891	0.57221	20.9397
1323	-0.017718	0.0974392	0.572289	20.9475
1324	-0.0180309	0.0978977	0.571314	20.9553
1325	-0.0185375	0.0983696	0.571911	20.9631
1326	-0.0184465	0.0988388	0.571617	20.9709
1327	-0.0183172	0.099304	0.571242	20.9787
1328	-0.019153	0.0997919	0.571576	20.9865
1329	-0.0187324	0.100268	0.571529	20.9943
1330	-0.0181299	0.100727	0.571505	21.0021
1331	-0.0179896	0.101182	0.571346	21.0098
1332	-0.0180651	0.101639	0.571068	21.0176
1333	-0.0175345	0.10208	0.571487	21.0253
1334	-0.017176	0.102512	0.571372	21.0331
1335	-0.0167517	0.102932	0.570936	21.0409
1336	-0.0161756	0.103336	0.570835	21.0486
1337	-0.0160168	0.103735	0.571033	21.0563
1338	-0.015617	0.104123	0.570321	21.0641
1339	-0.0160617	0.104522	0.569331	21.0718
1340	-0.0159703	0.104919	0.569033	21.0794
1341	-0.0160515	0.105318	0.56817	21.0871
1342	-0.0163292	0.105725	0.568364	21.0947
1343	-0.0162221	0.106128	0.568214	21.1024
1344	-0.0162984	0.106532	0.568148	21.11
1345	-0.0160569	0.10693	0.567995	21.1177
1346	-0.0160227	0.107327	0.567891	21.1253
1347	-0.0159281	0.107721	0.567829	21.1329
1348	-0.0164364	0.108128	0.567772	21.1406
1349	-0.0158825	0.108521	0.567155	21.1482
1350	-0.0163343	0.108925	0.566832	21.1558
1351	-0.016305	0.109328	0.567291	21.1634
1352	-0.0163125	0.109731	0.5662	21.1709
1353	-0.0153583	0.110107	0.566699	21.1785
1354	-0.015104	0.110477	0.566755	21.1861
1355	-0.0145983	0.110832	0.566621	21.1937
1356	-0.0145858	0.111187	0.566984	21.2013
1357	-0.0152164	0.111559	0.566498	21.2088
1358	-0.0148939	0.111922	0.566696	21.2164
1359	-0.0150829	0.11229	0.566135	21.2239
1360	-0.0151005	0.112658	0.566267	21.2315
1361	-0.015502	0.113036	0.566128	21.239
1362	-0.0144335	0.113386	0.566683	21.2466
1363	-0.0145025	0.113737	0.566354	21.2541
1364	-0.0151268	0.114104	0.566185	21.2617
1365	-0.0155809	0.114484	0.565503	21.2692
1366	-0.0155454	0.114862	0.56486	21.2767
1367	-0.0163975	0.115264	0.56547	21.2842
1368	-0.0169453	0.115679	0.565922	21.2917
1369	-0.0168533	0.116092	0.566139	21.2992
1370	-0.0175434	0.116524	0.56666	21.3068
1371	-0.0183235	0.116976	0.567377	21.3143
1372	-0.018929	0.117444	0.566389	21.3219
1373	-0.0189443	0.117912	0.566755	21.3294
1374	-0.0180119	0.118355	0.566771	21.3369
1375	-0.0176955	0.118789	0.566983	21.3444
1376	-0.0177995	0.119225	0.566842	21.352
1377	-0.0169664	0.119639	0.566997	21.3595
1378	-0.0166914	0.120045	0.56657	21.367
1379	-0.0176449	0.120476	0.566967	21.3745
1380	-0.0171769	0.120894	0.567189	21.382
1381	-0.0175704	0.121323	0.567606	21.3896
1382	-0.0172241	0.121742	0.567059	21.3971
1383	-0.0166979	0.122147	0.567097	21.4046
1384	-0.0163853	0.122543	0.566893	21.4121
1385	-0.0169682	0.122954	0.566348	21.4196
1386	-0.0171886	0.123372	0.566205	21.4271
1387	-0.016882	0.12378	0.566108	21.4345
1388	-0.0172791	0.124199	0.566363	21.442
1389	-0.0177402	0.12463	0.566709	21.4495
1390	-0.0186365	0.125085	0.567578	21.457
1391	-0.0183522	0.125532	0.567857	21.4645
1392	-0.0183048	0.125977	0.567501	21.472
1393	-0.0181966	0.126419	0.567941	21.4795
1394	-0.0181703	0.12686	0.567757	21.487
1395	-0.0183599	0.127306	0.568091	21.4945
1396	-0.0179121	0.127739	0.568057	21.502
1397	-0.0178632	0.128171	0.568178	21.5096
1398	-0.0185471	0.128621	0.56823	21.5171
1399	-0.0184289	0.129067	0.567409	21.5245
1400	-0.0182518	0.129509	0.56691	21.532
1401	-0.0185621	0.129958	0.566367	21.5394
1402	-0.0186939	0.130411	0.56571	21.5469
1403	-0.0188162	0.130866	0.565495	21.5543
1404	-0.0189121	0.131324	0.565235	21.5617
1405	-0.0193816	0.131794	0.565263	21.5691
1406	-0.0187689	0.132248	0.565559	21.5765
1407	-0.0188206	0.132702	0.565749	21.5839
1408	-0.0188383	0.133157	0.566084	21.5913
1409	-0.0189871	0.133615	0.565972	21.5988
1410	-0.0187406	0.134066	0.5663	21.6062
1411	-0.0200958	0.134554	0.567464	21.6136
1412	-0.0202279	0.135044	0.566509	21.6211
1413	-0.0201588	0.135532	0.566055	21.6285
1414	-0.0199353	0.136014	0.565945	21.6359
1415	-0.0195305	0.136485	0.565896	21.6433
1416	-0.0199124	0.136966	0.566446	21.6507
1417	-0.019691	0.13744	0.566908	21.6581
1418	-0.0198042	0.137917	0.566447	21.6655
1419	-0.0204189	0.13841	0.566354	21.6729
1420	-0.0205327	0.138906	0.565985	21.6803
1421	-0.0205444	0.139402	0.565918	21.6877
1422	-0.019956	0.139882	0.566183	21.695
1423	-0.0198465	0.140358	0.566322	21.7024
1424	-0.0194204	0.140824	0.566591	21.7098
1425	-0.0191822	0.141282	0.566922	21.7172
1426	-0.0193686	0.141745	0.566075	21.7246
1427	-0.0194179	0.142209	0.56527	21.732
1428	-0.0204045	0.142699	0.565102	21.7393
1429	-0.0197962	0.143172	0.565079	21.7466
1430	-0.0192066	0.14363	0.564413	21.754
1431	-0.0191329	0.144085	0.563607	21.7613
1432	-0.0190894	0.144539	0.562667	21.7685
1433	-0.0185396	0.144978	0.562747	21.7758
1434	-0.0189565	0.145428	0.562768	21.7831
1435	-0.0194059	0.145889	0.563048	21.7903
1436	-0.0193058	0.146348	0.563367	21.7976
1437	-0.0202302	0.14683	0.564036	21.8049
1438	-0.0202045	0.147311	0.564291	21.8122
1439	-0.0200052	0.147787	0.564113	21.8195
1440	-0.0200048	0.148263	0.564215	21.8268
1441	-0.0204722	0.14875	0.56475	21.8341
1442	-0.0208306	0.149247	0.564903	21.8414
1443	-0.0204569	0.149734	0.564929	21.8487
1444	-0.0203484	0.150217	0.56492	21.856
1445	-0.0197793	0.150685	0.565037	21.8633
1446	-0.0198547	0.151155	0.565093	21.8706
1447	-0.019895	0.151625	0.565331	21.8779
1448	-0.0200066	0.152098	0.565042	21.8852
1449	-0.0200699	0.152573	0.564729	21.8925
1450	-0.01969	0.153037	0.564815	21.8998
1451	-0.0188646	0.153479	0.565177	21.907
1452	-0.0184626	0.153911	0.564792	21.9143
1453	-0.0188557	0.154352	0.564594	21.9216
1454	-0.0186836	0.154789	0.563714	21.9288
1455	-0.0190357	0.155234	0.563357	21.9361
1456	-0.018967	0.155678	0.563391	21.9433
1457	-0.0191007	0.156124	0.56335	21.9505
1458	-0.0190665	0.15657	0.563288	21.9578
1459	-0.0186781	0.157005	0.563069	21.965
1460	-0.0187551	0.157442	0.562534	21.9722
1461	-0.0190885	0.157887	0.56231	21.9794
1462	-0.0186626	0.158321	0.562364	21.9865
1463	-0.0187456	0.158757	0.561877	21.9937
1464	-0.0191563	0.159203	0.561869	22.0009
1465	-0.0192319	0.159651	0.561004	22.008
1466	-0.019759	0.160112	0.561538	22.0152
1467	-0.0196732	0.160571	0.561532	22.0224
1468	-0.0195179	0.161025	0.561402	22.0295
1469	-0.0191941	0.161471	0.560701	22.0366
1470	-0.0186073	0.161901	0.560564	22.0438
1471	-0.0189962	0.162341	0.560452	22.0509
1472	-0.0194748	0.162793	0.560588	22.058
1473	-0.0195164	0.163246	0.56047	22.0651
1474	-0.0197976	0.163706	0.560695	22.0722
1475	-0.0192008	0.16415	0.56129	22.0794
1476	-0.018575	0.164578	0.561826	22.0865
1477	-0.0188675	0.165013	0.561313	22.0936
1478	-0.0188934	0.165448	0.560811	22.1007
1479	-0.0192374	0.165892	0.560555	22.1079
1480	-0.0189769	0.166329	0.560471	22.115
1481	-0.0192349	0.166773	0.559739	22.122
1482	-0.0196341	0.167226	0.559373	22.1291
1483	-0.0191388	0.167666	0.559031	22.1361
1484	-0.0192528	0.168109	0.558976	22.1432
1485	-0.0189742	0.168545	0.559212	22.1503
1486	-0.0190459	0.168982	0.558937	22.1573
1487	-0.0190023	0.169418	0.559022	22.1643
1488	-0.0191027	0.169856	0.559278	22.1714
1489	-0.0191526	0.170295	0.559235	22.1784
1490	-0.0185411	0.170718	0.559776	22.1855
1491	-0.0184267	0.171137	0.559831	22.1926
1492	-0.0185717	0.171561	0.559346	22.1996
1493	-0.019534	0.172008	0.55989	22.2067
1494	-0.0196223	0.172458	0.560223	22.2137
1495	-0.0187473	0.172885	0.560886	22.2208
1496	-0.0182899	0.1733	0.560862	22.2279
1497	-0.0184027	0.173717	0.561288	22.2349
1498	-0.0184722	0.174137	0.561492	22.242
1499	-0.0187438	0.174562	0.561941	22.2491
1500	-0.0191915	0.174999	0.561577	22.2562
1501	-0.0202836	0.175464	0.561874	22.2633
1502	-0.0203426	0.175931	0.56143	22.2704
1503	-0.0205087	0.176401	0.561654	22.2774
1504	-0.0207111	0.176876	0.561984	22.2845
1505	-0.020963	0.177357	0.562338	22.2916
1506	-0.0207804	0.177833	0.562541	22.2987
1507	-0.020752	0.178309	0.56249	22.3058
1508	-0.0208596	0.178787	0.562361	22.3129
1509	-0.0203459	0.179251	0.562378	22.32
1510	-0.0203713	0.179715	0.562296	22.3271
1511	-0.0202252	0.180176	0.56206	22.3341
1512	-0.0203995	0.180641	0.562274	22.3412
1513	-0.0204278	0.181106	0.562425	22.3483
1514	-0.0202437	0.181566	0.562791	22.3554
1515	-0.0193487	0.182003	0.562231	22.3624
1516	-0.0192236	0.182436	0.562324	22.3695
1517	-0.0190311	0.182865	0.562059	22.3765
1518	-0.0189407	0.18329	0.561998	22.3836
1519	-0.0191758	0.183722	0.561883	22.3906
1520	-0.0201217	0.184177	0.562716	22.3977
1521	-0.0206168	0.184645	0.563183	22.4048
1522	-0.0207167	0.185115	0.563461	22.4119
1523	-0.020941	0.185591	0.563539	22.419
1524	-0.0210301	0.186068	0.56308	22.426
1525	-0.0212196	0.18655	0.563353	22.4331
1526	-0.0214805	0.187039	0.563175	22.4402
1527	-0.0212271	0.18752	0.563131	22.4472
1528	-0.0210959	0.187998	0.562917	22.4543
1529	-0.0211849	0.188478	0.563109	22.4613
1530	-0.021336	0.188962	0.563233	22.4684
1531	-0.0208582	0.189433	0.56368	22.4755
1532	-0.0208633	0.189904	0.563608	22.4825
1533	-0.0203699	0.190362	0.563626	22.4896
1534	-0.020041	0.190811	0.563747	22.4966
1535	-0.0201084	0.191262	0.563963	22.5037
1536	-0.0197724	0.191704	0.56426	22.5108
1537	-0.0197492	0.192145	0.564613	22.5179
1538	-0.0192649	0.192574	0.564965	22.5249
1539	-0.0192445	0.193002	0.565233	22.532
1540	-0.01939	0.193433	0.565547	22.5391
1541	-0.0194198	0.193865	0.565816	22.5462
1542	-0.0199117	0.194308	0.566019	22.5533
1543	-0.0200197	0.194755	0.566018	22.5604
1544	-0.0205183	0.195214	0.56525	22.5675
1545	-0.0201607	0.195663	0.565696	22.5746
1546	-0.0198403	0.196104	0.565313	22.5817
1547	-0.0195894	0.196539	0.565536	22.5887
1548	-0.01977	0.196977	0.56558	22.5958
1549	-0.0195342	0.19741	0.565568	22.6029
1550	-0.0197186	0.197847	0.565412	22.61
1551	-0.0196686	0.198282	0.565094	22.617
1552	-0.0197668	0.19872	0.565381	22.6241
1553	-0.0187913	0.199132	0.565729	22.6312
1554	-0.0192145	0.199556	0.565314	22.6382
1555	-0.0185071	0.199961	0.565764	22.6453
1556	-0.0181338	0.200356	0.565868	22.6524
1557	-0.0184562	0.200759	0.566162	22.6594
1558	-0.0186309	0.201166	0.566427	22.6665
1559	-0.0180186	0.201558	0.566178	22.6736
1560	-0.0181935	0.201954	0.565933	22.6806
1561	-0.0184636	0.202356	0.564799	22.6877
1562	-0.0180415	0.202748	0.565016	22.6947
1563	-0.0177771	0.203132	0.565004	22.7017
1564	-0.0176405	0.203513	0.564971	22.7088
1565	-0.0177555	0.203897	0.565037	22.7158
1566	-0.0174338	0.204272	0.565396	22.7228
1567	-0.0173695	0.204645	0.565386	22.7298
1568	-0.0173308	0.205018	0.564858	22.7369
1569	-0.0177431	0.2054	0.564632	22.7439
1570	-0.0179809	0.205788	0.564399	22.7509
1571	-0.0181323	0.20618	0.564195	22.7579
1572	-0.0177092	0.206561	0.564646	22.7649
1573	-0.017793	0.206943	0.56482	22.7719
1574	-0.017599	0.207321	0.564964	22.7789
1575	-0.0180617	0.20771	0.564947	22.7859
1576	-0.0180018	0.208098	0.564912	22.7929
1577	-0.0174479	0.208471	0.564549	22.7999
1578	-0.0169274	0.208831	0.564964	22.8069
1579	-0.0173342	0.2092	0.564926	22.8139
1580	-0.0177926	0.209582	0.564805	22.8208
1581	-0.017739	0.209961	0.564216	22.8278
1582	-0.0176845	0.210339	0.563555	22.8348
1583	-0.0179701	0.210724	0.563474	22.8417
1584	-0.0180168	0.21111	0.56347	22.8487
1585	-0.0179386	0.211494	0.563693	22.8556
1586	-0.0182638	0.211886	0.563735	22.8626
1587	-0.0189341	0.212294	0.56413	22.8695
1588	-0.0199361	0.212727	0.564473	22.8765
1589	-0.0199898	0.213162	0.564711	22.8834
1590	-0.0195279	0.213584	0.565095	22.8904
1591	-0.0200023	0.214018	0.565455	22.8974
1592	-0.01981	0.214447	0.56537	22.9044
1593	-0.019752	0.214875	0.565496	22.9114
1594	-0.0199161	0.215306	0.565379	22.9183
1595	-0.0200411	0.21574	0.564715	22.9253
1596	-0.020432	0.216183	0.564806	22.9322
1597	-0.0211102	0.216644	0.564946	22.9392
1598	-0.0215335	0.217114	0.564709	22.9461
1599	-0.0215686	0.217586	0.563975	22.9531
1600	-0.0217006	0.21806	0.564039	22.96
1601	-0.0218287	0.218537	0.564064	22.9669
1602	-0.0224396	0.219029	0.56422	22.9739
1603	-0.0232758	0.219542	0.564727	22.9808
1604	-0.0228105	0.220043	0.565102	22.9877
1605	-0.0221841	0.220528	0.565318	22.9947
1606	-0.0217288	0.221001	0.565219	23.0016
1607	-0.0214081	0.221466	0.564618	23.0086
1608	-0.0212841	0.221928	0.563904	23.0155
1609	-0.0212756	0.222389	0.563827	23.0224
1610	-0.0210232	0.222844	0.5633	23.0293
1611	-0.0207331	0.223291	0.563071	23.0361
1612	-0.02102	0.223745	0.56286	23.043
1613	-0.0208224	0.224194	0.563124	23.0499
1614	-0.020598	0.224637	0.562581	23.0568
1615	-0.0211471	0.225093	0.56284	23.0636
1616	-0.0212032	0.225551	0.562181	23.0705
1617	-0.0212835	0.22601	0.562176	23.0773
1618	-0.0214045	0.226472	0.561748	23.0841
1619	-0.0216234	0.226939	0.561918	23.091
1620	-0.0212731	0.227397	0.561579	23.0978
1621	-0.021765	0.227867	0.561734	23.1046
1622	-0.0218782	0.22834	0.560648	23.1114
1623	-0.0223112	0.228823	0.560591	23.1182
1624	-0.0221103	0.229301	0.560995	23.125
1625	-0.0216477	0.229768	0.561204	23.1318
1626	-0.0217923	0.230237	0.561404	23.1386
1627	-0.0220118	0.230712	0.561376	23.1454
1628	-0.0219458	0.231185	0.56165	23.1523
1629	-0.0219237	0.231657	0.561335	23.1591
1630	-0.0216711	0.232122	0.560989	23.1658
1631	-0.0218677	0.232592	0.561197	23.1726
1632	-0.0219815	0.233065	0.561282	23.1794
1633	-0.0213537	0.233521	0.561647	23.1862
1634	-0.0213337	0.233978	0.561683	23.193
1635	-0.0212395	0.234431	0.561738	23.1998
1636	-0.0212041	0.234883	0.561839	23.2066
1637	-0.021716	0.235348	0.56195	23.2134
1638	-0.021926	0.235818	0.562108	23.2202
1639	-0.0214248	0.236275	0.561556	23.227
1640	-0.0215996	0.236736	0.561339	23.2338
1641	-0.0221002	0.237209	0.561435	23.2406
1642	-0.0220311	0.23768	0.561665	23.2474
1643	-0.0215786	0.23814	0.561849	23.2541
1644	-0.021499	0.238598	0.561734	23.2609
1645	-0.0218614	0.239064	0.561814	23.2677
1646	-0.0215739	0.239523	0.561627	23.2745
1647	-0.0211667	0.239971	0.561493	23.2812
1648	-0.021404	0.240426	0.561418	23.288
1649	-0.0217158	0.240887	0.561793	23.2948
1650	-0.0218695	0.241352	0.56175	23.3016
1651	-0.0211403	0.241799	0.562185	23.3083
1652	-0.0208511	0.242239	0.56253	23.3151
1653	-0.0214827	0.242694	0.562852	23.3219
1654	-0.021868	0.243158	0.563027	23.3287
1655	-0.0213248	0.243608	0.563167	23.3355
1656	-0.0214705	0.244062	0.562288	23.3423
1657	-0.0212941	0.244511	0.562106	23.349
1658	-0.0214689	0.244965	0.561919	23.3558
1659	-0.0213638	0.245415	0.561719	23.3625
1660	-0.0208366	0.245852	0.561823	23.3693
1661	-0.0206707	0.246285	0.561792	23.376
1662	-0.0210731	0.246728	0.562091	23.3828
1663	-0.0217338	0.247186	0.562449	23.3896
1664	-0.0220352	0.247652	0.562656	23.3963
1665	-0.0226831	0.248133	0.563355	23.4031
1666	-0.0225038	0.24861	0.563367	23.4099
1667	-0.0226474	0.24909	0.563182	23.4167
1668	-0.0225106	0.249566	0.563226	23.4234
1669	-0.0226586	0.250046	0.563379	23.4302
1670	-0.0227206	0.250527	0.563412	23.437
1671	-0.0226255	0.251005	0.563562	23.4437
1672	-0.0225038	0.25148	0.563564	23.4505
1673	-0.022257	0.251949	0.563044	23.4573
1674	-0.0222473	0.252417	0.563175	23.464
1675	-0.0224487	0.25289	0.563473	23.4708
1676	-0.0224559	0.253363	0.563714	23.4776
1677	-0.0224755	0.253836	0.564038	23.4843
1678	-0.0227543	0.254315	0.56397	23.4911
1679	-0.0229365	0.254799	0.564285	23.4979
1680	-0.022925	0.255282	0.564081	23.5046
1681	-0.0231256	0.25577	0.564362	23.5114
1682	-0.0232721	0.256261	0.564639	23.5182
1683	-0.0236136	0.25676	0.564395	23.525
1684	-0.0231002	0.257247	0.564869	23.5317
1685	-0.0236798	0.257747	0.565107	23.5385
1686	-0.023349	0.258239	0.56513	23.5453
1687	-0.0233907	0.258732	0.565089	23.5521
1688	-0.0234761	0.259226	0.565308	23.5589
1689	-0.0236672	0.259725	0.565087	23.5656
1690	-0.023955	0.260231	0.565118	23.5724
1691	-0.024127	0.26074	0.564603	23.5792
1692	-0.0237685	0.261241	0.564775	23.5859
1693	-0.0231584	0.261726	0.564964	23.5927
1694	-0.0229366	0.262206	0.565083	23.5995
1695	-0.0229489	0.262686	0.565043	23.6062
1696	-0.0231768	0.263171	0.565432	23.613
1697	-0.0230915	0.263654	0.565407	23.6198
1698	-0.0231767	0.264138	0.565125	23.6265
1699	-0.0229042	0.264616	0.565272	23.6333
1700	-0.0225112	0.265084	0.564921	23.64
1701	-0.0221246	0.265542	0.564754	23.6468
1702	-0.021564	0.265987	0.564654	23.6535
1703	-0.0214095	0.266427	0.564258	23.6602
1704	-0.0223565	0.26689	0.564426	23.667
1705	-0.0227613	0.267363	0.564197	23.6737
1706	-0.02258	0.267831	0.564202	23.6804
1707	-0.0226289	0.2683	0.563947	23.6871
1708	-0.0235134	0.26879	0.563831	23.6938
1709	-0.0229326	0.269266	0.56407	23.7005
1710	-0.0222815	0.269726	0.564531	23.7073
1711	-0.0226476	0.270194	0.564809	23.714
1712	-0.0227605	0.270665	0.56501	23.7207
1713	-0.0229691	0.271141	0.565021	23.7274
1714	-0.023125	0.27162	0.565082	23.7342
1715	-0.0234729	0.272108	0.565421	23.7409
1716	-0.0237966	0.272603	0.56543	23.7476
1717	-0.0237305	0.273096	0.56554	23.7544
1718	-0.0232031	0.273576	0.565562	23.7611
1719	-0.0232743	0.274057	0.565521	23.7678
1720	-0.0228459	0.274528	0.565698	23.7746
1721	-0.0227122	0.274996	0.565878	23.7813
1722	-0.0229776	0.275469	0.566083	23.788
1723	-0.0231476	0.275947	0.565931	23.7948
1724	-0.022432	0.276407	0.566209	23.8015
1725	-0.0228571	0.276877	0.566113	23.8082
1726	-0.0227398	0.277344	0.566153	23.8149
1727	-0.0226928	0.277809	0.566342	23.8217
1728	-0.0230417	0.278283	0.566104	23.8284
1729	-0.0231811	0.27876	0.566232	23.8351
1730	-0.0232067	0.279237	0.566108	23.8418
1731	-0.0226391	0.2797	0.566266	23.8486
1732	-0.0224382	0.280158	0.565974	23.8553
1733	-0.0222312	0.280611	0.565224	23.862
1734	-0.022221	0.281064	0.565284	23.8687
1735	-0.0227562	0.281529	0.565518	23.8754
1736	-0.0227406	0.281993	0.565543	23.8821
1737	-0.0228032	0.282459	0.565773	23.8888
1738	-0.0228802	0.282926	0.565757	23.8955
1739	-0.0226998	0.283389	0.565736	23.9022
1740	-0.0226881	0.283851	0.565677	23.9089
1741	-0.022045	0.284298	0.565667	23.9155
1742	-0.0225387	0.284756	0.565666	23.9222
1743	-0.0227695	0.285219	0.565612	23.9289
1744	-0.0224458	0.285675	0.565505	23.9356
1745	-0.0224333	0.28613	0.565734	23.9423
1746	-0.0217082	0.286567	0.565926	23.949
1747	-0.0211268	0.286991	0.566155	23.9557
1748	-0.0209981	0.28741	0.566066	23.9623
1749	-0.0209359	0.287829	0.566383	23.969
1750	-0.02083	0.288244	0.566566	23.9757
1751	-0.0214013	0.288673	0.566019	23.9824
1752	-0.0217899	0.289111	0.565665	23.9891
1753	-0.0215121	0.289542	0.564948	23.9957
1754	-0.0214463	0.289972	0.564558	24.0024
1755	-0.0212442	0.290396	0.564545	24.009
1756	-0.0214374	0.290825	0.564399	24.0156
1757	-0.0215728	0.291256	0.56447	24.0223
1758	-0.021637	0.291689	0.564575	24.0289
1759	-0.0215433	0.29212	0.564634	24.0355
1760	-0.0216006	0.292551	0.56488	24.0422
1761	-0.0208523	0.292965	0.565698	24.0488
1762	-0.0209232	0.29338	0.565635	24.0555
1763	-0.020748	0.293791	0.565216	24.0621
1764	-0.0213504	0.294216	0.565481	24.0687
1765	-0.0207885	0.294627	0.565351	24.0754
1766	-0.0209474	0.295042	0.565166	24.082
1767	-0.0211235	0.295461	0.565013	24.0886
1768	-0.0212165	0.295882	0.565183	24.0953
1769	-0.0211442	0.2963	0.56518	24.1019
1770	-0.0216207	0.29673	0.564967	24.1085
1771	-0.0216657	0.297161	0.565042	24.1151
1772	-0.0207913	0.297571	0.565795	24.1218
1773	-0.0202124	0.297967	0.566023	24.1284
1774	-0.0203804	0.298367	0.566298	24.1351
1775	-0.020163	0.298761	0.566352	24.1417
1776	-0.0205484	0.299164	0.566488	24.1483
1777	-0.0206659	0.29957	0.565654	24.155
1778	-0.0204163	0.29997	0.565641	24.1616
1779	-0.0201436	0.300363	0.565519	24.1682
1780	-0.020425	0.300763	0.565735	24.1748
1781	-0.0207455	0.30117	0.565734	24.1814
1782	-0.0206194	0.301573	0.565835	24.1881
1783	-0.0205348	0.301975	0.565147	24.1947
1784	-0.0204676	0.302375	0.565309	24.2013
1785	-0.0205979	0.302777	0.565281	24.2079
1786	-0.0201412	0.303169	0.565348	24.2145
1787	-0.0201949	0.303562	0.565328	24.2211
1788	-0.0201639	0.303954	0.565211	24.2276
1789	-0.0199951	0.304341	0.56518	24.2342
1790	-0.0192503	0.304711	0.565227	24.2408
1791	-0.0188578	0.305071	0.565386	24.2474
1792	-0.018456	0.305422	0.564948	24.254
1793	-0.0182593	0.305768	0.564591	24.2606
1794	-0.0183007	0.306115	0.564843	24.2671
1795	-0.0183406	0.306462	0.565033	24.2737
1796	-0.0179236	0.3068	0.565318	24.2803
1797	-0.017679	0.307131	0.565309	24.2869
1798	-0.0175946	0.30746	0.565693	24.2935
1799	-0.0172568	0.307782	0.565762	24.3
1800	-0.0168769	0.308094	0.565608	24.3066
1801	-0.0175781	0.308422	0.565851	24.3132
1802	-0.0177979	0.308756	0.565337	24.3198
1803	-0.0174284	0.309081	0.565148	24.3263
1804	-0.0179162	0.309417	0.565194	24.3329
1805	-0.0177533	0.309749	0.565435	24.3395
1806	-0.0174501	0.310073	0.565624	24.3461
1807	-0.0177666	0.310405	0.565697	24.3526
1808	-0.01777	0.310737	0.564671	24.3592
1809	-0.0179101	0.311072	0.564731	24.3657
1810	-0.0182066	0.311414	0.564634	24.3723
1811	-0.0183417	0.311759	0.56477	24.3788
1812	-0.0187142	0.312113	0.564857	24.3853
1813	-0.0187272	0.312466	0.565044	24.3919
1814	-0.0182737	0.312809	0.56506	24.3984
1815	-0.0182219	0.31315	0.565197	24.405
1816	-0.018087	0.313488	0.565413	24.4115
1817	-0.0186119	0.313839	0.565634	24.4181
1818	-0.018278	0.314181	0.565294	24.4246
1819	-0.0182459	0.314522	0.565398	24.4311
1820	-0.0182374	0.314863	0.56514	24.4377
1821	-0.0177651	0.315193	0.565515	24.4442
1822	-0.0170739	0.315506	0.566019	24.4508
1823	-0.0173577	0.315826	0.566031	24.4573
1824	-0.0176433	0.316152	0.566256	24.4639
1825	-0.0172933	0.31647	0.5659	24.4704
1826	-0.0172271	0.316787	0.565862	24.477
1827	-0.0175496	0.31711	0.566001	24.4835
1828	-0.0177281	0.317438	0.56593	24.49
1829	-0.0179363	0.317771	0.566049	24.4966
1830	-0.0176829	0.318097	0.566018	24.5031
1831	-0.0182405	0.318436	0.566272	24.5097
1832	-0.0182807	0.318776	0.566367	24.5162
1833	-0.0179616	0.319109	0.566351	24.5227
1834	-0.0177746	0.319437	0.565889	24.5293
1835	-0.0182567	0.319776	0.565222	24.5358
1836	-0.0182385	0.320114	0.565115	24.5423
1837	-0.0175708	0.320437	0.565621	24.5488
1838	-0.0176835	0.320762	0.565855	24.5553
1839	-0.0176139	0.321085	0.565745	24.5618
1840	-0.0173973	0.321404	0.5657	24.5684
1841	-0.0173269	0.32172	0.565417	24.5749
1842	-0.0171312	0.322032	0.565096	24.5814
1843	-0.0174684	0.322351	0.565154	24.5878
1844	-0.0173729	0.322668	0.565172	24.5943
1845	-0.0172379	0.322982	0.564537	24.6008
1846	-0.0179438	0.323312	0.565025	24.6073
1847	-0.0179632	0.323642	0.56505	24.6138
1848	-0.0180438	0.323974	0.565084	24.6203
1849	-0.0183441	0.324313	0.565244	24.6268
1850	-0.018202	0.324648	0.565305	24.6332
1851	-0.0181076	0.324981	0.564898	24.6397
1852	-0.018102	0.325314	0.564478	24.6462
1853	-0.0181584	0.325648	0.564152	24.6526
1854	-0.0182593	0.325984	0.564373	24.6591
1855	-0.0177529	0.326308	0.564388	24.6656
1856	-0.0172969	0.326622	0.56461	24.672
1857	-0.0168843	0.326926	0.564346	24.6785
1858	-0.0166385	0.327223	0.564298	24.6849
1859	-0.0165315	0.327519	0.564059	24.6914
1860	-0.0167137	0.327818	0.564217	24.6978
1861	-0.0166383	0.328116	0.564011	24.7042
1862	-0.0168252	0.328417	0.563968	24.7107
1863	-0.0168006	0.328718	0.563835	24.7171
1864	-0.0164958	0.329012	0.56381	24.7235
1865	-0.0167935	0.329313	0.56399	24.73
1866	-0.0168205	0.329614	0.564115	24.7364
1867	-0.0172705	0.329925	0.564147	24.7428
1868	-0.017296	0.330237	0.564035	24.7493
1869	-0.0175734	0.330555	0.564246	24.7557
1870	-0.0175598	0.330872	0.564561	24.7621
1871	-0.0167337	0.331171	0.565237	24.7686
1872	-0.0171625	0.331479	0.565212	24.775
1873	-0.0172854	0.331789	0.564438	24.7814
1874	-0.0170395	0.332094	0.56473	24.7879
1875	-0.0168121	0.332394	0.564677	24.7943
1876	-0.0169044	0.332695	0.564566	24.8007
1877	-0.0168893	0.332997	0.564385	24.8072
1878	-0.0173706	0.333309	0.564752	24.8136
1879	-0.0176346	0.333627	0.565109	24.82
1880	-0.0172207	0.333935	0.565079	24.8264
1881	-0.0170573	0.334239	0.565316	24.8329
1882	-0.0170475	0.334543	0.565305	24.8393
1883	-0.0171658	0.33485	0.564781	24.8457
1884	-0.0170822	0.335155	0.564672	24.8521
1885	-0.0167907	0.335452	0.564927	24.8586
1886	-0.0167169	0.335748	0.564723	24.865
1887	-0.0167906	0.336046	0.56435	24.8714
1888	-0.0172016	0.336352	0.564207	24.8778
1889	-0.0172653	0.33666	0.564075	24.8842
1890	-0.0171501	0.336966	0.563728	24.8906
1891	-0.0174803	0.337278	0.563667	24.8969
1892	-0.0173865	0.337589	0.563247	24.9033
1893	-0.0172985	0.337897	0.562915	24.9097
1894	-0.0175726	0.338212	0.56276	24.916
1895	-0.0175072	0.338524	0.56277	24.9224
1896	-0.017293	0.338832	0.563058	24.9287
1897	-0.0176137	0.339147	0.562959	24.9351
1898	-0.0180606	0.339472	0.563293	24.9414
1899	-0.0179783	0.339795	0.563067	24.9478
1900	-0.0177019	0.340112	0.562901	24.9541
1901	-0.0181946	0.34044	0.563155	24.9605
1902	-0.0180651	0.340764	0.56284	24.9668
1903	-0.0177991	0.341083	0.562137	24.9732
1904	-0.0177161	0.341399	0.562198	24.9795
1905	-0.0182571	0.341727	0.562583	24.9858
1906	-0.0175654	0.34204	0.563024	24.9922
1907	-0.0171773	0.342344	0.563013	24.9985
1908	-0.0164124	0.342629	0.563759	25.0049
1909	-0.0167144	0.342922	0.563583	25.0112
1910	-0.017708	0.343237	0.564543	25.0176
1911	-0.0181405	0.343562	0.563667	25.0239
1912	-0.0176961	0.343877	0.563699	25.0303
1913	-0.0171826	0.34418	0.563563	25.0366
1914	-0.0170107	0.344479	0.563511	25.0429
1915	-0.0166489	0.344769	0.563606	25.0493
1916	-0.016842	0.345064	0.563988	25.0556
1917	-0.0168574	0.345359	0.564024	25.062
1918	-0.0178218	0.345676	0.565047	25.0683
1919	-0.0179374	0.345995	0.565036	25.0747
1920	-0.0178441	0.346312	0.564736	25.0811
1921	-0.0171849	0.346614	0.565163	25.0874
1922	-0.0166361	0.346903	0.565326	25.0938
1923	-0.0163284	0.347185	0.565318	25.1002
1924	-0.0161453	0.347463	0.564994	25.1065
1925	-0.0164105	0.347746	0.564879	25.1129
1926	-0.016587	0.348034	0.564614	25.1192
1927	-0.0166726	0.348323	0.564682	25.1256
1928	-0.0165216	0.348609	0.564884	25.1319
1929	-0.0165888	0.348896	0.564979	25.1383
1930	-0.0166083	0.349184	0.565085	25.1446
1931	-0.0171535	0.349484	0.565512	25.151
1932	-0.0176541	0.349795	0.56556	25.1573
1933	-0.017496	0.350102	0.565563	25.1637
1934	-0.0174623	0.350408	0.565512	25.17
1935	-0.0175683	0.350717	0.565565	25.1764
1936	-0.0178353	0.351032	0.565295	25.1827
1937	-0.0179775	0.35135	0.5649	25.1891
1938	-0.0179135	0.351666	0.564948	25.1954
1939	-0.0179029	0.351981	0.564901	25.2017
1940	-0.0174003	0.352286	0.564668	25.2081
1941	-0.0177828	0.352598	0.564387	25.2144
1942	-0.017972	0.352915	0.564446	25.2207
1943	-0.0179882	0.353233	0.564298	25.227
1944	-0.0180257	0.35355	0.564518	25.2333
1945	-0.0181455	0.353871	0.564723	25.2396
1946	-0.0181282	0.354191	0.56456	25.2459
1947	-0.0184387	0.354517	0.564214	25.2523
1948	-0.0186102	0.354848	0.563963	25.2585
1949	-0.0187972	0.355183	0.563641	25.2648
1950	-0.0184673	0.35551	0.563687	25.2711
1951	-0.0184075	0.355835	0.56374	25.2774
1952	-0.0186671	0.356166	0.564022	25.2837
1953	-0.0180736	0.356484	0.564216	25.29
1954	-0.017758	0.356794	0.564502	25.2963
1955	-0.0179767	0.35711	0.564509	25.3026
1956	-0.0176815	0.357418	0.564837	25.3089
1957	-0.0172655	0.357717	0.565034	25.3152
1958	-0.0169658	0.358009	0.56489	25.3215
1959	-0.0168288	0.358297	0.564919	25.3278
1960	-0.0166607	0.358582	0.564954	25.3341
1961	-0.0164898	0.358863	0.564805	25.3404
1962	-0.0165994	0.359146	0.56487	25.3467
1963	-0.0166952	0.359432	0.564837	25.353
1964	-0.0167285	0.359717	0.564259	25.3593
1965	-0.0167782	0.360004	0.56379	25.3655
1966	-0.0168891	0.360293	0.563729	25.3718
1967	-0.017149	0.360588	0.563599	25.378
1968	-0.0171515	0.360883	0.563912	25.3843
1969	-0.0168268	0.361171	0.563892	25.3906
1970	-0.0162572	0.361445	0.564478	25.3968
1971	-0.0161761	0.361718	0.564241	25.4031
1972	-0.0163002	0.361993	0.563969	25.4094
1973	-0.0162901	0.362268	0.563167	25.4156
1974	-0.0161053	0.362539	0.562646	25.4218
1975	-0.0159756	0.362806	0.562397	25.428
1976	-0.0156679	0.363067	0.56213	25.4343
1977	-0.016015	0.363335	0.562363	25.4405
1978	-0.0161931	0.363607	0.562526	25.4467
