#	<x>	stDevX	<E>	stDevE
0	0.0794418	3.78909e-10	-0.137117	-nan
1	0.00251873	0.0409803	0.255969	0.0594259
2	0.177673	0.122393	0.385812	0.237901
3	0.124855	0.166489	0.411827	0.396852
4	0.00880593	0.157318	0.461528	0.551208
5	-0.0455487	0.129597	0.494982	0.698026
6	-0.0284869	0.111718	0.467007	0.818832
7	-0.1073	0.0700991	0.473021	0.930322
8	-0.107131	0.0329444	0.467097	1.03084
9	-0.078161	0.0080002	0.441222	1.1164
10	-0.0823356	0.0160035	0.427655	1.19275
11	-0.0328884	0.0244758	0.425817	1.26441
12	0.0046325	0.0223632	0.43511	1.33499
13	0.0433557	0.010448	0.442278	1.40416
14	0.00277625	0.00942703	0.463821	1.47572
15	0.00444573	0.00807189	0.448524	1.54061
16	0.00418975	0.0068604	0.445762	1.60243
17	-0.00295798	0.00735623	0.459411	1.66521
18	-0.0258954	0.0129535	0.463305	1.72676
19	-0.0139711	0.0156879	0.472428	1.78834
20	-0.0123421	0.0179574	0.458729	1.84512
21	0.00749773	0.0160027	0.470286	1.9027
22	-0.00261911	0.0162012	0.48375	1.96146
23	-0.0132232	0.0185175	0.495006	2.02089
24	-0.0212607	0.0223253	0.49408	2.0786
25	-0.0173722	0.0252501	0.503021	2.1366
26	-0.00727601	0.0261706	0.494029	2.19151
27	4.82338e-05	0.0257077	0.49319	2.24503
28	0.00715648	0.0239709	0.500352	2.29868
29	0.0406863	0.0162786	0.508745	2.35272
30	0.0408971	0.0087969	0.51396	2.40655
31	0.0496531	2.35968e-05	0.513851	2.45929
32	0.0468619	0.00800981	0.518541	2.51182
33	0.061356	0.0182613	0.522882	2.56408
34	0.0714155	0.0299041	0.528642	2.61635
35	0.0725783	0.0414251	0.532833	2.66838
36	0.0674638	0.0518173	0.533197	2.71955
37	0.0577373	0.0603918	0.524902	2.76853
38	0.0343575	0.0650638	0.536186	2.8185
39	0.0386168	0.0702955	0.536731	2.86776
40	0.0324386	0.0744586	0.541425	2.91698
41	0.027969	0.0778527	0.532811	2.96413
42	0.0335819	0.0820253	0.529684	3.01012
43	0.0199973	0.08409	0.536086	3.05642
44	0.0243262	0.0867577	0.535352	3.10196
45	0.0404805	0.091734	0.541406	3.14777
46	0.0294532	0.0950245	0.546624	3.19372
47	0.000358714	0.094102	0.56663	3.24192
48	0.003572	0.0936621	0.560758	3.28866
49	0.0173003	0.0951621	0.559268	3.33458
50	0.0151541	0.0963445	0.554518	3.37927
51	0.0228242	0.0985665	0.55766	3.42385
52	0.0178562	0.10008	0.557614	3.46789
53	0.0252604	0.102572	0.552679	3.51075
54	0.0449137	0.107653	0.557309	3.55375
55	0.030003	0.110679	0.547466	3.59496
56	0.0284941	0.113462	0.533757	3.63393
57	0.0157263	0.114544	0.530094	3.67202
58	0.013957	0.115388	0.531521	3.70992
59	0.00910154	0.115604	0.528631	3.74708
60	0.0140781	0.116456	0.520675	3.78287
61	0.0155413	0.117486	0.519204	3.81815
62	0.0208963	0.119177	0.513347	3.85238
63	0.0167544	0.120335	0.512403	3.88619
64	0.0145518	0.121211	0.499088	3.91808
65	0.017931	0.122494	0.498166	3.9496
66	0.022988	0.124378	0.500244	3.98112
67	0.0275377	0.126788	0.501301	4.01252
68	0.0252585	0.128899	0.492446	4.04262
69	0.0172201	0.130032	0.495856	4.0729
70	0.0170189	0.131131	0.489961	4.10227
71	0.0201171	0.132585	0.493612	4.13185
72	0.029416	0.135105	0.483224	4.16002
73	0.0328919	0.138	0.479554	4.18757
74	0.0341872	0.14101	0.474603	4.21438
75	0.0376045	0.144377	0.473426	4.24088
76	0.0328494	0.147168	0.475827	4.26749
77	0.0371453	0.150413	0.476083	4.29396
78	0.0347005	0.153349	0.477153	4.32039
79	0.0361367	0.156415	0.475851	4.34652
80	0.0277111	0.158518	0.481723	4.37313
81	0.02201	0.159977	0.479796	4.39938
82	0.0268095	0.161947	0.48378	4.4259
83	0.0270157	0.163922	0.483875	4.45228
84	0.0234848	0.165498	0.481589	4.47825
85	0.0206496	0.166759	0.48269	4.50419
86	0.0209333	0.16804	0.482074	4.52992
87	0.0216103	0.169384	0.482002	4.55549
88	0.0161801	0.170146	0.482296	4.58096
89	0.0186515	0.171164	0.482728	4.60632
90	0.0170197	0.172006	0.47807	4.63107
91	0.0178825	0.172933	0.479208	4.6558
92	0.0267969	0.174774	0.483415	4.68083
93	0.0263762	0.176558	0.484867	4.70588
94	0.0270311	0.178395	0.481677	4.73047
95	0.0289313	0.180411	0.482502	4.75501
96	0.0326109	0.182782	0.485331	4.77972
97	0.0301608	0.184888	0.485368	4.8043
98	0.0366814	0.18763	0.484101	4.82863
99	0.0351706	0.190198	0.481479	4.85258
100	0.0281743	0.192053	0.48076	4.87634
101	0.01665	0.192759	0.48202	4.90011
102	0.0201124	0.193802	0.482425	4.9238
103	0.0157774	0.194417	0.484395	4.94757
104	0.0167432	0.195124	0.48596	4.97138
105	0.0156931	0.195728	0.486127	4.99509
106	0.0151032	0.196273	0.482813	5.01838
107	0.012738	0.196591	0.484549	5.04172
108	0.0128213	0.196917	0.484848	5.06498
109	0.0130297	0.197265	0.483459	5.088
110	0.011799	0.197498	0.482745	5.11085
111	0.0167966	0.198202	0.483787	5.1337
112	0.016741	0.198899	0.479601	5.15605
113	0.0148682	0.199419	0.48207	5.17854
114	0.0159075	0.200034	0.483284	5.20105
115	0.0210882	0.201127	0.482861	5.22341
116	0.024657	0.202543	0.484942	5.24588
117	0.0258895	0.204064	0.48482	5.26824
118	0.0258656	0.205573	0.479003	5.28997
119	0.0278101	0.20725	0.477903	5.31151
120	0.0222106	0.20841	0.479545	5.33311
121	0.0183509	0.209215	0.48127	5.35479
122	0.0170067	0.209897	0.483094	5.37654
123	0.0152376	0.210419	0.483039	5.39819
124	0.0118822	0.210641	0.482805	5.41974
125	0.0146412	0.211109	0.481802	5.44112
126	0.0128548	0.211419	0.48203	5.46243
127	0.0128775	0.211732	0.480234	5.4835
128	0.00951144	0.21175	0.480633	5.50452
129	0.0098112	0.211798	0.481635	5.52555
130	0.0101364	0.211877	0.480372	5.5464
131	0.0100132	0.211947	0.480834	5.5672
132	0.00779588	0.211828	0.480458	5.58789
133	0.0108679	0.211977	0.48193	5.60864
134	0.00620639	0.211729	0.484218	5.6295
135	0.0050851	0.211389	0.483695	5.65025
136	0.00112687	0.210718	0.482509	5.67081
137	0.000599434	0.21001	0.481081	5.69118
138	0.00347834	0.209552	0.481466	5.71151
139	0.00461659	0.209197	0.479017	5.73157
140	0.00708947	0.209054	0.47788	5.75145
141	0.00317093	0.208587	0.476872	5.77119
142	0.00309971	0.20812	0.477803	5.79093
143	0.00385327	0.207721	0.475738	5.81044
144	0.0071041	0.207596	0.477162	5.82999
145	0.0108716	0.207786	0.479502	5.84968
146	0.0118039	0.208053	0.48054	5.86938
147	0.0137802	0.208482	0.479406	5.88893
148	0.00942709	0.208556	0.478506	5.90834
149	0.00608762	0.20836	0.478708	5.9277
150	0.011484	0.208605	0.48049	5.94714
151	0.00996822	0.208728	0.480538	5.96653
152	0.0105276	0.208897	0.48214	5.98598
153	0.00468181	0.208599	0.483277	6.00545
154	0.00466322	0.208302	0.484617	6.02498
155	0.00734496	0.208224	0.483877	6.04438
156	0.00481747	0.207947	0.484451	6.06376
157	0.0060748	0.207774	0.483988	6.08304
158	0.0107999	0.207978	0.483068	6.10219
159	0.0103218	0.208144	0.479551	6.12101
160	0.0062621	0.207993	0.480443	6.13984
161	0.0108472	0.208204	0.480263	6.15859
162	0.0136029	0.20863	0.481502	6.17739
163	0.0167631	0.209302	0.480495	6.19605
164	0.0173173	0.210015	0.479631	6.21458
165	0.0145574	0.210512	0.480967	6.23317
166	0.0136822	0.21094	0.479352	6.25157
167	0.0120476	0.211242	0.477837	6.2698
168	0.00967337	0.211361	0.478559	6.28804
169	0.00777812	0.211337	0.480208	6.30635
170	0.00606895	0.211185	0.480903	6.32466
171	0.00831661	0.211206	0.481581	6.34297
172	0.00619958	0.211068	0.481878	6.36125
173	0.00604002	0.210921	0.481115	6.37942
174	0.00915371	0.211011	0.481009	6.39753
175	0.00958872	0.211135	0.478772	6.41542
176	0.00925054	0.211234	0.47605	6.43305
177	0.00721287	0.211182	0.473818	6.45047
178	0.008557	0.211233	0.473532	6.46782
179	0.00639762	0.211124	0.471581	6.48499
180	0.00821985	0.211152	0.472211	6.50215
181	0.00397501	0.210869	0.473646	6.51937
182	0.0044313	0.210621	0.471766	6.53641
183	0.00539662	0.210448	0.47207	6.55343
184	0.00743439	0.210427	0.473105	6.57048
185	0.0108522	0.210657	0.469825	6.58725
186	0.00720064	0.210621	0.471289	6.60408
187	0.00581439	0.210486	0.469632	6.62074
188	0.00709765	0.210447	0.467382	6.63721
189	0.00938107	0.210574	0.464605	6.65343
190	0.00874252	0.210656	0.462878	6.66948
191	0.0120358	0.210976	0.463959	6.68558
192	0.015376	0.211535	0.464142	6.70165
193	0.0181073	0.212289	0.463439	6.71763
194	0.0192404	0.213121	0.463742	6.7336
195	0.0188735	0.213924	0.463526	6.74951
196	0.0181142	0.21467	0.463411	6.76538
197	0.0180518	0.21541	0.461069	6.78104
198	0.0181801	0.216156	0.461785	6.79672
199	0.0191122	0.216966	0.461129	6.81232
200	0.0169408	0.21762	0.462897	6.82801
201	0.0214945	0.218592	0.464731	6.84379
202	0.018946	0.219382	0.466386	6.85965
203	0.0227362	0.220434	0.468743	6.87563
204	0.0246827	0.221619	0.4684	6.89156
205	0.0251905	0.222833	0.467789	6.90741
206	0.0234178	0.223921	0.468071	6.92324
207	0.0177742	0.224614	0.471429	6.93927
208	0.0122698	0.224925	0.473499	6.9554
209	0.0107231	0.22513	0.474007	6.97153
210	0.0105105	0.22532	0.473731	6.98761
211	0.0127657	0.225665	0.474318	7.00368
212	0.00978385	0.225806	0.474977	7.01977
213	0.00534444	0.225645	0.4776	7.036
214	0.00598701	0.22553	0.478752	7.05227
215	0.00791404	0.225547	0.47882	7.0685
216	0.00914622	0.225648	0.477908	7.08464
217	0.00647385	0.22557	0.477953	7.10074
218	0.00922084	0.225678	0.479906	7.11694
219	0.012643	0.226018	0.482299	7.13327
220	0.0103873	0.226205	0.482543	7.14957
221	0.00858025	0.226272	0.482318	7.16582
222	0.00741588	0.226262	0.481625	7.18199
223	0.00995712	0.226422	0.482911	7.1982
224	0.0105647	0.226624	0.483743	7.21444
225	0.0146049	0.227093	0.483207	7.2306
226	0.0163935	0.22768	0.481889	7.24664
227	0.0161792	0.228252	0.481053	7.26259
228	0.0147306	0.228726	0.481557	7.27854
229	0.0137183	0.229133	0.480643	7.29439
230	0.0115683	0.229399	0.481669	7.31028
231	0.013244	0.229773	0.481889	7.32614
232	0.0127562	0.230116	0.480182	7.34186
233	0.0103439	0.2303	0.479284	7.35749
234	0.0102177	0.230477	0.477595	7.37298
235	0.0124746	0.230801	0.478591	7.38849
236	0.0117961	0.23108	0.47746	7.4039
237	0.00957222	0.231215	0.474631	7.4191
238	0.00948677	0.231345	0.474415	7.43425
239	0.00759641	0.231354	0.475297	7.44943
240	0.00772225	0.231372	0.473044	7.46443
241	0.00916037	0.231483	0.470145	7.47922
242	0.0120155	0.231778	0.470972	7.49402
243	0.0109128	0.232001	0.467905	7.50861
244	0.0103227	0.232187	0.46625	7.52306
245	0.0147689	0.232657	0.46496	7.5374
246	0.0159368	0.233199	0.465307	7.55174
247	0.0119554	0.233488	0.46572	7.56607
248	0.00979544	0.23364	0.465257	7.58035
249	0.00626275	0.23357	0.467129	7.59472
250	0.0082594	0.233626	0.466666	7.60903
251	0.0100943	0.233798	0.467244	7.62335
252	0.0110188	0.234029	0.467797	7.63769
253	0.0102334	0.234211	0.468085	7.65201
254	0.0121908	0.234515	0.469079	7.66637
255	0.00932629	0.23464	0.470333	7.68078
256	0.00888455	0.234738	0.469909	7.69513
257	0.00384447	0.234523	0.472939	7.70965
258	0.00368179	0.2343	0.47155	7.72405
259	0.00409584	0.234104	0.471336	7.73842
260	0.00666931	0.234069	0.472433	7.75282
261	0.00262758	0.233786	0.474089	7.7673
262	0.00326589	0.233544	0.472031	7.78163
263	0.00270587	0.233269	0.472262	7.79594
264	0.00214241	0.232961	0.472006	7.81022
265	0.00202242	0.232648	0.472141	7.82447
266	0.00420105	0.23247	0.473539	7.83879
267	0.00499108	0.232342	0.473395	7.85307
268	0.00428417	0.232172	0.473674	7.86734
269	0.00209458	0.231871	0.474415	7.88163
270	0.00134534	0.231526	0.475027	7.89593
271	0.00247036	0.231251	0.476181	7.91027
272	0.00355593	0.231043	0.475921	7.92458
273	0.00498401	0.230923	0.47504	7.9388
274	0.0100982	0.231113	0.476742	7.9531
275	0.00907041	0.23124	0.476663	7.96738
276	0.00997089	0.231422	0.476076	7.98159
277	0.00866733	0.231526	0.476851	7.99582
278	0.00992499	0.231705	0.476162	8.00998
279	0.00926297	0.231845	0.47639	8.02414
280	0.00825045	0.231925	0.475575	8.03822
281	0.00749015	0.23196	0.474257	8.05219
282	0.0100999	0.23215	0.475633	8.06623
283	0.0116299	0.232432	0.476754	8.08031
284	0.0123791	0.232757	0.476938	8.09437
285	0.0119316	0.233055	0.476865	8.1084
286	0.0105859	0.233274	0.475922	8.12236
287	0.00750665	0.233312	0.476148	8.1363
288	0.00662966	0.233299	0.476414	8.15024
289	0.00399196	0.233131	0.475183	8.16408
290	0.00571128	0.233066	0.474863	8.17788
291	0.00576542	0.233005	0.474898	8.19165
292	0.00501349	0.232901	0.474327	8.20537
293	0.00448519	0.232767	0.474995	8.21911
294	0.00261793	0.232525	0.475802	8.23287
295	0.00272028	0.232291	0.476437	8.24664
296	0.00302508	0.232077	0.475727	8.26035
297	0.00158791	0.23178	0.475607	8.27404
298	0.00203403	0.231511	0.474727	8.28764
299	-0.000545231	0.231095	0.474951	8.30124
300	-0.000834513	0.230664	0.474617	8.3148
301	-0.000899631	0.230231	0.474719	8.32834
302	-0.000734138	0.22981	0.474867	8.34186
303	-0.00207124	0.229314	0.475063	8.35538
304	-0.00175638	0.228839	0.47463	8.36885
305	-0.00394086	0.228241	0.47497	8.38231
306	-0.00298425	0.2277	0.474659	8.39574
307	-0.000819832	0.227285	0.475935	8.40922
308	-0.0024849	0.226777	0.476361	8.4227
309	-0.00430609	0.226168	0.474923	8.43608
310	-0.00321107	0.225623	0.475519	8.44947
311	-0.000815301	0.225216	0.476002	8.46287
312	0.00111378	0.22492	0.475818	8.47623
313	0.00345704	0.224758	0.47606	8.48959
314	0.0041803	0.224637	0.476433	8.50295
315	0.0046451	0.224543	0.476427	8.51629
316	0.0032047	0.22437	0.476282	8.52959
317	0.00353848	0.224216	0.476615	8.5429
318	0.00588893	0.224195	0.478229	8.55628
319	0.00434409	0.224088	0.477913	8.56961
320	0.00279575	0.223895	0.477206	8.58289
321	0.00223485	0.223673	0.475371	8.59604
322	0.00203678	0.22344	0.475605	8.60919
323	0.00111606	0.223158	0.474567	8.62226
324	0.00135485	0.222891	0.474445	8.6353
325	0.00049818	0.222577	0.474363	8.64832
326	0.00222476	0.222361	0.473368	8.66126
327	0.00218049	0.222143	0.472133	8.67412
328	0.00356724	0.222002	0.472262	8.68697
329	0.00826518	0.222121	0.47612	8.7
330	0.00904665	0.222283	0.476201	8.71303
331	0.00763424	0.222367	0.475665	8.726
332	0.0080995	0.222477	0.475214	8.73893
333	0.00720798	0.222538	0.4754	8.75185
334	0.00615661	0.222543	0.472655	8.7646
335	0.00596971	0.222538	0.47059	8.77722
336	0.00609939	0.22254	0.471393	8.78987
337	0.00546016	0.222508	0.471573	8.80251
338	0.00438888	0.222419	0.472404	8.81518
339	0.0023629	0.22222	0.472856	8.82785
340	0.00229961	0.222019	0.473412	8.84053
341	0.000809156	0.221739	0.47307	8.85318
342	0.000206427	0.221428	0.472479	8.86577
343	0.000330081	0.221125	0.472755	8.87837
344	-0.000203251	0.220794	0.47269	8.89094
345	-0.00116565	0.220413	0.472915	8.90351
346	-0.00196836	0.21999	0.472487	8.91604
347	-0.00247243	0.219543	0.470879	8.92846
348	-0.00196371	0.219124	0.470736	8.94086
349	0.000136689	0.218819	0.471743	8.95329
350	-0.000569103	0.218477	0.471913	8.96572
351	-0.00035501	0.218149	0.472187	8.97814
352	-0.00181392	0.217744	0.472946	8.99059
353	-0.00193335	0.217335	0.473215	9.00303
354	-0.00358854	0.216839	0.47434	9.01552
355	-0.00151201	0.216455	0.475461	9.02805
356	-0.00182235	0.216056	0.47461	9.04051
357	-0.00123587	0.21569	0.474631	9.05296
358	-0.00092731	0.215341	0.47521	9.06543
359	0.000295197	0.215058	0.474785	9.07785
360	0.000845045	0.214806	0.474718	9.09025
361	0.00233936	0.214632	0.475173	9.10266
362	0.00289363	0.214489	0.475273	9.11506
363	0.00215473	0.214308	0.47598	9.12748
364	0.00160825	0.214099	0.476352	9.1399
365	0.00176244	0.213899	0.475823	9.15228
366	0.000347587	0.213626	0.475229	9.16461
367	-0.000752689	0.213297	0.474858	9.1769
368	0.000120374	0.213015	0.47534	9.18921
369	-0.000757696	0.212689	0.475553	9.2015
370	-0.00071241	0.212366	0.475391	9.21378
371	-0.000584325	0.21205	0.475467	9.22604
372	0.000944432	0.211816	0.475914	9.2383
373	0.00233474	0.211654	0.47495	9.2505
374	0.00102419	0.211425	0.475274	9.2627
375	0.000236223	0.211156	0.475625	9.27491
376	1.62405e-05	0.210878	0.475516	9.28709
377	-0.000654281	0.210566	0.475668	9.29926
378	-0.00146317	0.210213	0.475654	9.31142
379	-0.0019318	0.209838	0.474892	9.32352
380	-0.00138791	0.209492	0.475483	9.33564
381	-0.000160857	0.209211	0.476294	9.34778
382	0.00192148	0.209036	0.477592	9.35997
383	0.00250131	0.208892	0.477065	9.37212
384	0.00207964	0.208727	0.477114	9.38426
385	0.00220778	0.208569	0.476923	9.39637
386	0.00270769	0.208438	0.476866	9.40846
387	0.00487215	0.208417	0.477472	9.42057
388	0.00507939	0.208407	0.4779	9.43268
389	0.00276068	0.20828	0.478765	9.44483
390	0.000943471	0.208061	0.479805	9.457
391	-0.000401188	0.207776	0.479917	9.46917
392	0.000480353	0.207537	0.480128	9.48134
393	-0.0010407	0.207221	0.480852	9.49352
394	-0.00248986	0.206835	0.48159	9.50573
395	-0.00252125	0.206447	0.481944	9.51794
396	-0.00307112	0.206034	0.482458	9.53016
397	-0.00436604	0.205557	0.483296	9.5424
398	-0.00496284	0.205052	0.483235	9.55463
399	-0.00663812	0.204464	0.4844	9.5669
400	-0.00783693	0.203819	0.483928	9.57913
401	-0.00854724	0.20314	0.484733	9.59138
402	-0.00793508	0.202494	0.484639	9.60362
403	-0.00705016	0.201893	0.483781	9.61579
404	-0.00673169	0.201311	0.482814	9.6279
405	-0.00628313	0.200752	0.482917	9.64001
406	-0.00491364	0.200262	0.483606	9.65213
407	-0.00439873	0.1998	0.483749	9.66424
408	-0.00321525	0.199397	0.484192	9.67636
409	-0.0037795	0.198968	0.483788	9.68844
410	-0.00227238	0.198614	0.482263	9.70044
411	-0.00132935	0.198308	0.483028	9.71246
412	-0.00287422	0.197928	0.483536	9.72448
413	-0.00303488	0.19754	0.483262	9.73648
414	-0.00139526	0.197234	0.483483	9.74848
415	-0.000606572	0.196968	0.48392	9.76048
416	6.21275e-06	0.196732	0.484049	9.77247
417	0.000266661	0.19651	0.484136	9.78446
418	0.00113119	0.196331	0.484287	9.79643
419	0.000966255	0.196145	0.484308	9.80839
420	0.00225359	0.196022	0.484427	9.82035
421	0.00243662	0.195909	0.48374	9.83225
422	0.00590809	0.195965	0.485882	9.84425
423	0.0068085	0.196064	0.485966	9.85623
424	0.00665054	0.196156	0.486411	9.86822
425	0.00542448	0.196189	0.48628	9.8802
426	0.00664294	0.196281	0.48565	9.89212
427	0.00476576	0.196282	0.486465	9.90407
428	0.00563048	0.196325	0.485184	9.91595
429	0.00619982	0.196396	0.484641	9.92778
430	0.00850954	0.196578	0.486011	9.93967
431	0.00715337	0.196695	0.485551	9.95152
432	0.00939074	0.196919	0.48713	9.96343
433	0.00735391	0.197045	0.487196	9.97533
434	0.00728364	0.197167	0.48757	9.98723
435	0.00495664	0.197179	0.48793	9.99914
436	0.00497398	0.197191	0.487355	10.011
437	0.0060463	0.197255	0.484949	10.0227
438	0.00656861	0.197344	0.485267	10.0345
439	0.00656407	0.197433	0.484986	10.0462
440	0.00770144	0.197576	0.485019	10.0579
441	0.00680735	0.197676	0.485199	10.0696
442	0.00504215	0.197692	0.485839	10.0813
443	0.00448616	0.197683	0.48587	10.093
444	0.00398388	0.19765	0.485377	10.1047
445	0.00476477	0.197654	0.484413	10.1163
446	0.00589468	0.197712	0.484566	10.1279
447	0.00577645	0.197764	0.484063	10.1394
448	0.00650617	0.197851	0.484138	10.151
449	0.00636041	0.197931	0.484119	10.1625
450	0.00544578	0.197968	0.483633	10.174
451	0.00499486	0.197984	0.482785	10.1855
452	0.00510622	0.198005	0.482582	10.1969
453	0.00423272	0.197986	0.48277	10.2083
454	0.00481237	0.197994	0.4823	10.2197
455	0.00683939	0.198098	0.482045	10.231
456	0.0068987	0.198204	0.482127	10.2424
457	0.00774729	0.198349	0.481999	10.2537
458	0.00735339	0.198476	0.481124	10.265
459	0.00791857	0.19863	0.480982	10.2763
460	0.00625779	0.198706	0.481743	10.2876
461	0.00727235	0.198829	0.482191	10.2989
462	0.00711056	0.198945	0.482301	10.3101
463	0.0046928	0.198948	0.483637	10.3215
464	0.00293402	0.198871	0.482898	10.3328
465	0.00317698	0.198805	0.482574	10.344
466	0.00321089	0.198741	0.482524	10.3553
467	0.00367053	0.198698	0.482874	10.3665
468	0.00412303	0.198677	0.483044	10.3778
469	0.00463931	0.198679	0.483098	10.389
470	0.00543037	0.198719	0.4832	10.4002
471	0.00486918	0.198733	0.483706	10.4115
472	0.00611358	0.198804	0.48338	10.4227
473	0.00575554	0.198858	0.483683	10.4339
474	0.00501555	0.198879	0.483823	10.4451
475	0.00432751	0.198869	0.483849	10.4563
476	0.00506151	0.198892	0.483434	10.4675
477	0.00449437	0.19889	0.481653	10.4786
478	0.00427749	0.198878	0.480806	10.4896
479	0.00477014	0.198888	0.479679	10.5006
480	0.00334566	0.198834	0.479311	10.5115
481	0.00396086	0.198809	0.479301	10.5224
482	0.00385798	0.198779	0.4792	10.5333
483	0.00488937	0.198796	0.479209	10.5442
484	0.00472293	0.198805	0.478933	10.5551
485	0.00336381	0.198753	0.479023	10.5659
486	0.00497934	0.198775	0.479597	10.5768
487	0.00510678	0.198803	0.479498	10.5877
488	0.00547401	0.198847	0.479749	10.5986
489	0.00614457	0.198922	0.479749	10.6094
490	0.00583479	0.198982	0.479639	10.6202
491	0.00516301	0.199013	0.480093	10.6311
492	0.00606548	0.199084	0.480502	10.6419
493	0.00504716	0.19911	0.481162	10.6528
494	0.00559589	0.199161	0.480245	10.6636
495	0.00642068	0.199248	0.480288	10.6744
496	0.00696219	0.19936	0.479993	10.6852
497	0.00579128	0.199419	0.479306	10.696
498	0.00627207	0.1995	0.479548	10.7067
499	0.00509728	0.199529	0.479947	10.7175
500	0.00568573	0.199584	0.480165	10.7282
501	0.0074338	0.199717	0.481204	10.739
502	0.00744701	0.19985	0.481435	10.7498
503	0.00772078	0.199996	0.481801	10.7606
504	0.00532364	0.200035	0.483455	10.7714
505	0.00574998	0.200093	0.482891	10.7823
506	0.00573431	0.20015	0.482972	10.7931
507	0.00556382	0.2002	0.483232	10.8039
508	0.00621612	0.200279	0.483589	10.8147
509	0.00543531	0.200323	0.483722	10.8255
510	0.00558355	0.200374	0.483175	10.8363
511	0.00351799	0.200334	0.481964	10.847
512	0.00321169	0.200281	0.481205	10.8577
513	0.00238588	0.200192	0.481168	10.8683
514	0.00254595	0.20011	0.479967	10.8789
515	0.00266486	0.200033	0.480043	10.8895
516	0.0038078	0.200007	0.479988	10.9001
517	0.00533935	0.200049	0.480375	10.9107
518	0.00620718	0.200129	0.480805	10.9212
519	0.00578346	0.20019	0.480632	10.9318
520	0.00595518	0.200259	0.480612	10.9424
521	0.00525294	0.200297	0.481145	10.9529
522	0.00349033	0.200258	0.481613	10.9635
523	0.00271655	0.200186	0.481448	10.9741
524	0.00147006	0.20006	0.48122	10.9846
525	0.000640089	0.199898	0.481071	10.9952
526	0.000486606	0.199729	0.481262	11.0057
527	0.00127156	0.199596	0.481496	11.0162
528	0.00192424	0.199491	0.48125	11.0267
529	0.00176167	0.199379	0.481409	11.0372
530	0.000932101	0.199232	0.48133	11.0477
531	0.000971515	0.199087	0.481302	11.0582
532	0.0027734	0.199021	0.482517	11.0687
533	0.00165042	0.198906	0.483071	11.0793
534	0.000645172	0.198748	0.483475	11.0898
535	0.00228874	0.198662	0.483908	11.1004
536	0.00328716	0.198619	0.484077	11.1109
537	0.00404461	0.198609	0.484441	11.1215
538	0.00380231	0.198589	0.484688	11.132
539	0.00546068	0.19864	0.484619	11.1426
540	0.00440863	0.198646	0.484115	11.1531
541	0.00497437	0.198676	0.483857	11.1636
542	0.00477804	0.198698	0.483275	11.174
543	0.00382195	0.19868	0.483619	11.1845
544	0.00472472	0.1987	0.483353	11.1949
545	0.00434546	0.198704	0.482957	11.2053
546	0.00402114	0.198694	0.482555	11.2157
547	0.00342816	0.19866	0.4825	11.2261
548	0.00169411	0.198551	0.483231	11.2365
549	-0.000776279	0.198338	0.484788	11.2469
550	0.000125788	0.198164	0.484592	11.2574
551	-0.00102659	0.197941	0.485	11.2678
552	-0.00177052	0.197687	0.485321	11.2782
553	-0.00274629	0.197392	0.485708	11.2887
554	-0.0022722	0.197118	0.485298	11.2991
555	-0.00259269	0.196831	0.485601	11.3096
556	-0.00197831	0.196571	0.485418	11.32
557	-0.00271025	0.19628	0.485136	11.3304
558	-0.00192254	0.196024	0.483562	11.3407
559	-0.00135651	0.195792	0.483258	11.351
560	-0.00176622	0.195543	0.483216	11.3612
561	-0.00152602	0.195305	0.483442	11.3715
562	-0.00117788	0.195082	0.48321	11.3818
563	-0.000859526	0.194873	0.483174	11.392
564	-0.00116434	0.194652	0.483272	11.4023
565	-0.00186228	0.194402	0.482633	11.4125
566	-0.0023849	0.194131	0.48259	11.4227
567	-0.00372244	0.193804	0.483369	11.4329
568	-0.0031345	0.193503	0.483583	11.4431
569	-0.00314567	0.193202	0.483622	11.4533
570	-0.00261782	0.192923	0.483496	11.4635
571	-0.00145081	0.192694	0.484205	11.4738
572	-0.00106547	0.192482	0.484231	11.484
573	0.000151805	0.192321	0.485047	11.4942
574	-0.00143206	0.192094	0.486093	11.5045
575	-0.00199949	0.191844	0.485293	11.5147
576	-0.00100971	0.191636	0.485699	11.5249
577	-0.00161418	0.191404	0.485453	11.5352
578	-0.00150454	0.191176	0.485419	11.5454
579	-0.00211911	0.190924	0.485716	11.5556
580	-0.00205562	0.190674	0.485647	11.5658
581	-0.00144584	0.190451	0.486114	11.576
582	-0.00277535	0.190173	0.486821	11.5862
583	-0.00303626	0.189885	0.487201	11.5965
584	-0.00423425	0.189548	0.487499	11.6067
585	-0.00514753	0.189174	0.486681	11.6169
586	-0.00505586	0.188804	0.486091	11.6271
587	-0.00490301	0.188442	0.486128	11.6372
588	-0.00502398	0.188075	0.485745	11.6473
589	-0.00537412	0.187695	0.485565	11.6575
590	-0.0051573	0.187324	0.485571	11.6676
591	-0.00488799	0.186966	0.48578	11.6777
592	-0.00455572	0.186621	0.48589	11.6878
593	-0.00445019	0.186282	0.485585	11.6979
594	-0.00477725	0.18593	0.485591	11.7079
595	-0.00383226	0.185617	0.485338	11.718
596	-0.00354743	0.185317	0.484845	11.728
597	-0.00468474	0.184971	0.48495	11.738
598	-0.0051215	0.184608	0.485143	11.7481
599	-0.00497112	0.184251	0.485364	11.7581
600	-0.00549417	0.183874	0.485078	11.7681
601	-0.00565781	0.183491	0.485023	11.7781
602	-0.00606359	0.183093	0.485021	11.788
603	-0.00637996	0.182682	0.485089	11.798
604	-0.00717141	0.18224	0.48438	11.808
605	-0.00844182	0.181747	0.484797	11.8179
606	-0.00831093	0.18126	0.484813	11.8278
607	-0.00902172	0.180746	0.4852	11.8378
608	-0.00884143	0.18024	0.485306	11.8477
609	-0.00920833	0.17972	0.484961	11.8577
610	-0.00879566	0.179217	0.484933	11.8676
611	-0.00818969	0.17874	0.4844	11.8774
612	-0.00677258	0.178321	0.484882	11.8873
613	-0.00751976	0.177873	0.485266	11.8972
614	-0.00710972	0.177442	0.484789	11.9071
615	-0.00826956	0.176965	0.484503	11.917
616	-0.00954747	0.176438	0.485002	11.9268
617	-0.0100873	0.17589	0.484916	11.9367
618	-0.0104126	0.17533	0.483856	11.9465
619	-0.0108507	0.174753	0.484324	11.9563
620	-0.0112663	0.174161	0.484471	11.9661
621	-0.0112821	0.173569	0.484556	11.9759
622	-0.0104111	0.173013	0.48511	11.9857
623	-0.010735	0.172445	0.48496	11.9955
624	-0.00987423	0.171913	0.485144	12.0053
625	-0.00915167	0.17141	0.485069	12.0151
626	-0.00855342	0.170932	0.484824	12.0249
627	-0.00895173	0.17044	0.484803	12.0347
628	-0.00735387	0.170011	0.485668	12.0445
629	-0.00760993	0.169574	0.484975	12.0542
630	-0.00768289	0.169134	0.484958	12.064
631	-0.00805237	0.16868	0.485278	12.0737
632	-0.00854434	0.168208	0.485541	12.0835
633	-0.00791959	0.167761	0.485526	12.0932
634	-0.00831752	0.167299	0.485912	12.103
635	-0.00817314	0.166844	0.486018	12.1128
636	-0.00853809	0.166375	0.486017	12.1225
637	-0.0087708	0.165898	0.486094	12.1322
638	-0.00874141	0.165423	0.485579	12.142
639	-0.00869148	0.16495	0.485674	12.1517
640	-0.00965695	0.164441	0.485876	12.1614
641	-0.0107907	0.163887	0.485625	12.1711
642	-0.0104588	0.163348	0.485324	12.1807
643	-0.0106693	0.162801	0.485527	12.1904
644	-0.0111177	0.162237	0.485533	12.2001
645	-0.0121239	0.161635	0.485846	12.2097
646	-0.0120133	0.161039	0.485563	12.2194
647	-0.0119877	0.160444	0.485752	12.229
648	-0.0123691	0.159835	0.485954	12.2387
649	-0.0108859	0.159286	0.486374	12.2483
650	-0.0112454	0.158723	0.486578	12.258
651	-0.00947619	0.158231	0.487679	12.2677
652	-0.00932702	0.157745	0.487818	12.2774
653	-0.00955853	0.157251	0.487342	12.2871
654	-0.00857518	0.156797	0.487251	12.2967
655	-0.00791629	0.156368	0.487324	12.3064
656	-0.00885988	0.155904	0.487741	12.316
657	-0.00936131	0.155421	0.487092	12.3256
658	-0.00944917	0.154936	0.486971	12.3353
659	-0.0100239	0.154428	0.487285	12.3449
660	-0.00929947	0.15395	0.48733	12.3545
661	-0.00951578	0.153465	0.487241	12.3641
662	-0.00964853	0.152975	0.487194	12.3737
663	-0.00910257	0.152506	0.487389	12.3833
664	-0.00909695	0.152039	0.487252	12.3929
665	-0.0088913	0.151581	0.487498	12.4024
666	-0.00854262	0.151137	0.487476	12.412
667	-0.00825628	0.150705	0.487053	12.4216
668	-0.00880841	0.150252	0.486748	12.4311
669	-0.00872491	0.149803	0.486813	12.4406
670	-0.00907676	0.149342	0.486892	12.4502
671	-0.00850044	0.148903	0.486561	12.4597
672	-0.00852425	0.148464	0.486162	12.4691
673	-0.00761887	0.148061	0.486592	12.4786
674	-0.00771338	0.147655	0.486395	12.4881
675	-0.00824478	0.147229	0.48677	12.4976
676	-0.00787166	0.146818	0.486002	12.507
677	-0.00740865	0.146425	0.485252	12.5164
678	-0.00730961	0.146037	0.485354	12.5258
679	-0.00727231	0.145651	0.485458	12.5352
680	-0.00818873	0.145231	0.485413	12.5446
681	-0.0068199	0.144864	0.485998	12.554
682	-0.00679064	0.144498	0.485381	12.5634
683	-0.00668128	0.144137	0.485633	12.5728
684	-0.00512711	0.143836	0.486726	12.5822
685	-0.00535759	0.143527	0.486665	12.5916
686	-0.00540887	0.143217	0.486503	12.601
687	-0.00494519	0.142924	0.486378	12.6104
688	-0.0039614	0.14267	0.48637	12.6198
689	-0.00448385	0.142396	0.48657	12.6292
690	-0.00477142	0.142112	0.486602	12.6385
691	-0.00568508	0.141793	0.487025	12.6479
692	-0.00553894	0.141481	0.487062	12.6573
693	-0.00569075	0.141163	0.487086	12.6666
694	-0.00620134	0.140827	0.487277	12.676
695	-0.00681796	0.140467	0.487271	12.6854
696	-0.0074752	0.140084	0.487629	12.6947
697	-0.00784327	0.139687	0.487171	12.7041
698	-0.00733622	0.13931	0.487109	12.7134
699	-0.00824746	0.138899	0.487104	12.7227
700	-0.0081221	0.138493	0.486679	12.732
701	-0.00763969	0.138107	0.486454	12.7413
702	-0.00722339	0.137736	0.486053	12.7506
703	-0.00847303	0.137319	0.48665	12.7599
704	-0.00875026	0.136893	0.486686	12.7692
705	-0.0080803	0.136492	0.486949	12.7784
706	-0.00827185	0.136085	0.486679	12.7877
707	-0.00758813	0.135704	0.486727	12.797
708	-0.00736162	0.135332	0.486794	12.8062
709	-0.00832106	0.134925	0.487239	12.8155
710	-0.00834994	0.134517	0.48686	12.8247
711	-0.00815807	0.134117	0.486321	12.8339
712	-0.00798267	0.133724	0.486442	12.8431
713	-0.00833422	0.133319	0.486608	12.8524
714	-0.00798801	0.132928	0.486453	12.8616
715	-0.00718805	0.132566	0.486938	12.8708
716	-0.00718801	0.132206	0.486973	12.88
717	-0.00739734	0.131838	0.486947	12.8892
718	-0.00822784	0.13144	0.486822	12.8984
719	-0.008	0.131051	0.486363	12.9075
720	-0.0070503	0.130697	0.486875	12.9167
721	-0.00651566	0.130365	0.486677	12.9259
722	-0.00744728	0.129998	0.486566	12.935
723	-0.00745558	0.129631	0.486742	12.9442
724	-0.00700129	0.129282	0.487086	12.9533
725	-0.00703974	0.128932	0.48726	12.9625
726	-0.00755444	0.128564	0.486967	12.9716
727	-0.00712345	0.128211	0.486427	12.9808
728	-0.00756266	0.127844	0.486721	12.9899
729	-0.00774737	0.12747	0.48609	12.999
730	-0.00802344	0.127086	0.486153	13.0081
731	-0.00871301	0.126677	0.486571	13.0172
732	-0.00921542	0.126251	0.486324	13.0262
733	-0.00960316	0.125811	0.48638	13.0353
734	-0.00983354	0.125363	0.485495	13.0443
735	-0.0100712	0.124907	0.485622	13.0534
736	-0.0111683	0.124411	0.486141	13.0624
737	-0.0122328	0.123877	0.486371	13.0715
738	-0.012078	0.123349	0.486303	13.0805
739	-0.0111057	0.122858	0.48634	13.0896
740	-0.0112643	0.122362	0.485828	13.0986
741	-0.0115268	0.121856	0.485012	13.1076
742	-0.0124003	0.12132	0.485289	13.1165
743	-0.0120165	0.120798	0.485101	13.1255
744	-0.0119735	0.120279	0.484809	13.1344
745	-0.0116725	0.119771	0.484766	13.1434
746	-0.0111534	0.119283	0.484779	13.1523
747	-0.0105455	0.118818	0.48478	13.1613
748	-0.0104549	0.118357	0.484483	13.1702
749	-0.00963543	0.117927	0.484667	13.1791
750	-0.00986646	0.117489	0.48395	13.188
751	-0.00936956	0.117069	0.484163	13.1969
752	-0.00992189	0.11663	0.483993	13.2057
753	-0.00979998	0.116196	0.483025	13.2146
754	-0.00864825	0.115805	0.4833	13.2234
755	-0.0084259	0.115422	0.483468	13.2322
756	-0.00874286	0.115028	0.483019	13.241
757	-0.00966848	0.114602	0.483543	13.2499
758	-0.00970387	0.114174	0.483658	13.2587
759	-0.0107384	0.11371	0.484272	13.2675
760	-0.0100353	0.113272	0.48435	13.2764
761	-0.0105776	0.112815	0.484183	13.2852
762	-0.0112037	0.112335	0.483785	13.294
763	-0.0123818	0.111814	0.484271	13.3028
764	-0.012457	0.111291	0.484202	13.3116
765	-0.0119337	0.110788	0.484393	13.3204
766	-0.0115179	0.1103	0.483954	13.3292
767	-0.0119218	0.109798	0.483948	13.338
768	-0.0132173	0.109251	0.484803	13.3468
769	-0.0124786	0.10873	0.484903	13.3556
770	-0.0120626	0.108226	0.484818	13.3644
771	-0.011598	0.107739	0.484505	13.3732
772	-0.0109226	0.107276	0.484046	13.3819
773	-0.0112065	0.106805	0.483293	13.3907
774	-0.0112184	0.106333	0.483441	13.3994
775	-0.011286	0.10586	0.483477	13.4081
776	-0.011749	0.10537	0.483485	13.4168
777	-0.0116651	0.104885	0.483452	13.4255
778	-0.0112876	0.104413	0.483543	13.4342
779	-0.0116347	0.10393	0.483603	13.4429
780	-0.0121891	0.103428	0.484032	13.4517
781	-0.0116937	0.102944	0.48449	13.4604
782	-0.0121063	0.102446	0.484756	13.4691
783	-0.011798	0.101959	0.484711	13.4778
784	-0.0110251	0.101501	0.484538	13.4865
785	-0.0116489	0.101022	0.484336	13.4952
786	-0.0121326	0.100525	0.484724	13.5039
787	-0.0122946	0.100024	0.484911	13.5126
788	-0.0120072	0.0995333	0.484966	13.5213
789	-0.012672	0.0990198	0.48505	13.53
790	-0.012787	0.0985029	0.484926	13.5387
791	-0.0125564	0.0979949	0.484039	13.5474
792	-0.0132832	0.0974618	0.484032	13.556
793	-0.0119504	0.0969766	0.48449	13.5647
794	-0.0116504	0.0965027	0.484414	13.5733
795	-0.0106952	0.0960633	0.48461	13.5819
796	-0.010265	0.0956398	0.484239	13.5906
797	-0.011906	0.0951587	0.48517	13.5992
798	-0.0115245	0.0946917	0.485126	13.6079
799	-0.0116905	0.0942195	0.485235	13.6165
800	-0.0112969	0.0937619	0.484178	13.6251
801	-0.0113523	0.0933029	0.484281	13.6337
802	-0.0112932	0.0928465	0.484169	13.6423
803	-0.0118191	0.0923723	0.483873	13.6509
804	-0.0128214	0.0918634	0.484491	13.6595
805	-0.0131507	0.0913435	0.484764	13.6681
806	-0.0130478	0.0908279	0.484922	13.6767
807	-0.0140975	0.0902761	0.484853	13.6853
808	-0.0143641	0.0897157	0.484436	13.6939
809	-0.0139575	0.0891703	0.484496	13.7024
810	-0.013807	0.0886308	0.484118	13.711
811	-0.0138447	0.0880907	0.48387	13.7195
812	-0.0132318	0.0875728	0.483909	13.728
813	-0.0125872	0.0870782	0.48412	13.7366
814	-0.0127552	0.0865783	0.484322	13.7451
815	-0.013039	0.0860691	0.484146	13.7536
816	-0.0122795	0.0855871	0.484591	13.7622
817	-0.0117936	0.0851228	0.484415	13.7707
818	-0.0116955	0.0846624	0.484541	13.7792
819	-0.0118961	0.0841957	0.484588	13.7877
820	-0.0108766	0.0837651	0.485226	13.7963
821	-0.0115922	0.0833101	0.485133	13.8048
822	-0.0122641	0.0828323	0.485351	13.8133
823	-0.0116817	0.0823754	0.485695	13.8219
824	-0.0124749	0.0818914	0.485415	13.8304
825	-0.0128412	0.0813954	0.485045	13.8389
826	-0.0127953	0.0809015	0.484168	13.8474
827	-0.0131799	0.080395	0.484291	13.8558
828	-0.0137784	0.0798683	0.484502	13.8643
829	-0.0138829	0.0793386	0.484105	13.8727
830	-0.0130966	0.0788369	0.484482	13.8812
831	-0.0133344	0.0783275	0.484703	13.8897
832	-0.0124744	0.0778486	0.485026	13.8981
833	-0.0125895	0.0773663	0.484962	13.9066
834	-0.0122579	0.0768961	0.484635	13.915
835	-0.0127727	0.0764086	0.484977	13.9235
836	-0.0129754	0.0759148	0.48512	13.9319
837	-0.0120011	0.0754552	0.485612	13.9404
838	-0.0121257	0.0749919	0.485051	13.9488
839	-0.012453	0.0745179	0.485109	13.9572
840	-0.0125318	0.0740418	0.485069	13.9657
841	-0.0124448	0.0735692	0.485264	13.9741
842	-0.0126652	0.0730897	0.485362	13.9825
843	-0.0139471	0.0725666	0.486127	13.991
844	-0.0136936	0.0720529	0.485802	13.9994
845	-0.0133649	0.0715511	0.485833	14.0078
846	-0.0133076	0.071052	0.485435	14.0162
847	-0.0129585	0.0705654	0.485133	14.0246
848	-0.0140171	0.0700431	0.485733	14.033
849	-0.0147136	0.0694975	0.486083	14.0415
850	-0.0150047	0.0689427	0.486129	14.0499
851	-0.0148723	0.068393	0.486042	14.0583
852	-0.0144079	0.0678599	0.48578	14.0667
853	-0.0140897	0.0673384	0.486017	14.075
854	-0.0141327	0.066816	0.48595	14.0834
855	-0.0138728	0.0663031	0.485554	14.0918
856	-0.0131939	0.065814	0.485564	14.1002
857	-0.0132138	0.0653249	0.485576	14.1085
858	-0.0137618	0.0648176	0.485951	14.1169
859	-0.0145386	0.0642845	0.486117	14.1253
860	-0.0138959	0.0637739	0.48638	14.1336
861	-0.0143727	0.0632477	0.486513	14.142
862	-0.0143216	0.0627238	0.486542	14.1504
863	-0.0136335	0.062224	0.486999	14.1587
864	-0.0135866	0.0617264	0.48716	14.1671
865	-0.014488	0.0611987	0.487793	14.1755
866	-0.01547	0.0606384	0.488279	14.1839
867	-0.0157414	0.0600695	0.488419	14.1923
868	-0.0157049	0.0595025	0.488432	14.2007
869	-0.015329	0.058949	0.488719	14.2091
870	-0.0157627	0.0583814	0.488722	14.2175
871	-0.0163523	0.0577945	0.488871	14.2259
872	-0.016471	0.0572043	0.489071	14.2343
873	-0.0169816	0.0565975	0.48926	14.2427
874	-0.0158558	0.0560294	0.489989	14.2512
875	-0.0163088	0.0554468	0.490248	14.2596
876	-0.0163225	0.0548643	0.490332	14.268
877	-0.0159562	0.0542949	0.490596	14.2764
878	-0.0153711	0.0537459	0.490149	14.2848
879	-0.0162029	0.0531695	0.489852	14.2932
880	-0.0162058	0.0525937	0.489782	14.3016
881	-0.0159441	0.0520273	0.488923	14.31
882	-0.0155012	0.0514765	0.488257	14.3183
883	-0.0154735	0.0509273	0.487938	14.3266
884	-0.0156895	0.0503715	0.487813	14.3349
885	-0.016924	0.0497748	0.488627	14.3432
886	-0.0171259	0.0491721	0.488383	14.3516
887	-0.0161626	0.0486023	0.48791	14.3598
888	-0.0155063	0.0480552	0.488043	14.3681
889	-0.0151374	0.0475212	0.487176	14.3764
890	-0.0150345	0.0469911	0.486885	14.3846
891	-0.014988	0.0464632	0.486742	14.3929
892	-0.0148641	0.0459401	0.48676	14.4011
893	-0.013971	0.0454474	0.487259	14.4093
894	-0.0144809	0.0449383	0.487371	14.4176
895	-0.0138627	0.0444504	0.48751	14.4258
896	-0.0135754	0.0439726	0.487422	14.434
897	-0.0135947	0.0434947	0.486875	14.4422
898	-0.0138631	0.0430085	0.486919	14.4504
899	-0.0136587	0.0425296	0.487198	14.4587
900	-0.0133878	0.0420602	0.487393	14.4669
901	-0.0125143	0.0416205	0.487403	14.4751
902	-0.0121122	0.0411946	0.487386	14.4833
903	-0.0117693	0.0407806	0.487669	14.4915
904	-0.0129077	0.0403293	0.488175	14.4997
905	-0.0130173	0.0398748	0.488317	14.5079
906	-0.0127311	0.0394303	0.487876	14.5161
907	-0.0133851	0.0389647	0.488138	14.5243
908	-0.0123364	0.0385343	0.488339	14.5325
909	-0.0126553	0.0380939	0.488331	14.5407
910	-0.0113773	0.0376963	0.488443	14.5489
911	-0.0115485	0.0372934	0.488504	14.5571
912	-0.0115016	0.0368926	0.488467	14.5653
913	-0.0113706	0.0364965	0.488365	14.5735
914	-0.0122086	0.0360732	0.488324	14.5817
915	-0.0122119	0.0356502	0.487805	14.5898
916	-0.0122329	0.0352271	0.487789	14.598
917	-0.0124024	0.0347988	0.487655	14.6061
918	-0.0124739	0.0343686	0.487822	14.6143
919	-0.0133974	0.0339085	0.488363	14.6224
920	-0.0134601	0.0334468	0.488122	14.6306
921	-0.0138709	0.0329721	0.488209	14.6387
922	-0.0134762	0.0325109	0.488379	14.6469
923	-0.0133951	0.0320529	0.488485	14.655
924	-0.0140137	0.0315751	0.488649	14.6631
925	-0.0136797	0.0311088	0.488506	14.6713
926	-0.0139184	0.0306351	0.488131	14.6794
927	-0.0140855	0.0301565	0.48795	14.6875
928	-0.0140768	0.0296787	0.488052	14.6956
929	-0.0132711	0.0292278	0.488424	14.7037
930	-0.013205	0.0287796	0.488551	14.7118
931	-0.0140857	0.028303	0.48871	14.7199
932	-0.0145263	0.0278125	0.488916	14.7281
933	-0.0150489	0.0273055	0.489176	14.7362
934	-0.0144043	0.0268201	0.488823	14.7443
935	-0.0146821	0.0263261	0.488918	14.7524
936	-0.0137367	0.0258636	0.489161	14.7605
937	-0.0136081	0.0254057	0.489253	14.7686
938	-0.0132407	0.0249603	0.489062	14.7767
939	-0.0136195	0.0245031	0.489189	14.7848
940	-0.0137735	0.0240413	0.489286	14.7929
941	-0.014305	0.0235627	0.48964	14.801
942	-0.0145071	0.0230781	0.489498	14.8091
943	-0.0141588	0.0226053	0.489505	14.8172
944	-0.0148049	0.022112	0.48937	14.8252
945	-0.0144713	0.02163	0.48959	14.8333
946	-0.0145611	0.0211457	0.489729	14.8414
947	-0.0146366	0.0206594	0.489603	14.8495
948	-0.0153607	0.0201502	0.489615	14.8575
949	-0.015729	0.0196295	0.489468	14.8656
950	-0.0161201	0.0190968	0.489253	14.8736
951	-0.0164798	0.0185529	0.489385	14.8817
952	-0.0172399	0.017985	0.489021	14.8897
953	-0.0162673	0.0174492	0.48899	14.8977
954	-0.0155632	0.0169367	0.489141	14.9058
955	-0.0160829	0.016408	0.488785	14.9138
956	-0.0162067	0.0158758	0.48843	14.9218
957	-0.0155828	0.0153643	0.488718	14.9298
958	-0.0155678	0.0148539	0.488644	14.9378
959	-0.0162532	0.0143219	0.488914	14.9458
960	-0.0171754	0.0137607	0.488992	14.9538
961	-0.0166004	0.0132186	0.488502	14.9617
962	-0.016586	0.0126775	0.488524	14.9697
963	-0.0160837	0.0121532	0.488823	14.9777
964	-0.0166316	0.0116118	0.489032	14.9857
965	-0.0170348	0.011058	0.488846	14.9936
966	-0.0167271	0.0105146	0.488577	15.0016
967	-0.0167369	0.00997155	0.488349	15.0095
968	-0.0162276	0.00944537	0.488507	15.0175
969	-0.0159817	0.00892763	0.488427	15.0254
970	-0.0163542	0.00839848	0.487827	15.0333
971	-0.0168678	0.00785341	0.487938	15.0412
972	-0.0172994	0.00729506	0.487608	15.0491
973	-0.0170839	0.0067442	0.487476	15.057
974	-0.0170961	0.00619351	0.487585	15.0649
975	-0.0171101	0.00564294	0.487493	15.0728
976	-0.0170562	0.00509466	0.487413	15.0807
977	-0.0167771	0.00455585	0.487467	15.0886
978	-0.0164882	0.00402683	0.487528	15.0964
979	-0.0163815	0.00350176	0.487645	15.1043
980	-0.0158225	0.00299506	0.487909	15.1122
981	-0.0159658	0.00248431	0.487882	15.1201
982	-0.0165045	0.0019569	0.488276	15.1279
983	-0.0161607	0.00144098	0.488554	15.1358
984	-0.0157566	0.00093846	0.487995	15.1437
985	-0.0157622	0.00043627	0.48792	15.1516
986	-0.0155421	5.84111e-05	0.487283	15.1594
987	-0.0159553	0.000565729	0.487504	15.1672
988	-0.0162817	0.00108291	0.487718	15.1751
989	-0.0162103	0.0015973	0.487811	15.1829
990	-0.0157085	0.00209524	0.487478	15.1907
991	-0.0162107	0.00260861	0.487611	15.1985
992	-0.0162561	0.00312291	0.487044	15.2063
993	-0.0165437	0.00364581	0.486348	15.2141
994	-0.0167851	0.00417584	0.486563	15.2219
995	-0.0159124	0.00467769	0.486911	15.2297
996	-0.0159836	0.0051813	0.487016	15.2375
997	-0.0162035	0.00569136	0.487016	15.2452
998	-0.0171293	0.00623019	0.487374	15.253
999	-0.0176871	0.00678611	0.487527	15.2608
1000	-0.0176527	0.0073404	0.487591	15.2686
1001	-0.0181555	0.00791001	0.487488	15.2764
1002	-0.0176322	0.00846253	0.487838	15.2842
1003	-0.0173193	0.00900464	0.488042	15.292
1004	-0.0174572	0.00955056	0.487827	15.2997
1005	-0.0171346	0.0100858	0.48785	15.3075
1006	-0.01706	0.0106181	0.487982	15.3153
1007	-0.0172821	0.0111569	0.487979	15.3231
1008	-0.0178204	0.0117121	0.488227	15.3308
1009	-0.0177768	0.0122654	0.487969	15.3386
1010	-0.0172231	0.0128008	0.488204	15.3464
1011	-0.0174147	0.0133416	0.488456	15.3541
1012	-0.0166708	0.0138585	0.488701	15.3619
1013	-0.0169964	0.0143852	0.488548	15.3697
1014	-0.0169221	0.014909	0.488434	15.3774
1015	-0.0170093	0.015435	0.488575	15.3852
1016	-0.0171937	0.0159663	0.488443	15.3929
1017	-0.0170977	0.0164941	0.488251	15.4007
1018	-0.0168726	0.0170143	0.488399	15.4084
1019	-0.0172905	0.0175471	0.488583	15.4162
1020	-0.017452	0.0180844	0.488241	15.4239
1021	-0.0167918	0.0186006	0.488446	15.4316
1022	-0.0165324	0.0191081	0.488562	15.4394
1023	-0.0166489	0.0196188	0.488477	15.4471
1024	-0.0169512	0.0201385	0.488276	15.4548
1025	-0.0166953	0.0206497	0.48806	15.4625
1026	-0.0163894	0.0211508	0.487888	15.4702
1027	-0.0171785	0.021676	0.487914	15.4779
1028	-0.01813	0.0222304	0.488322	15.4856
1029	-0.0185823	0.0227983	0.488519	15.4933
1030	-0.0190099	0.023379	0.488651	15.501
1031	-0.0186227	0.0239471	0.488788	15.5087
1032	-0.0187238	0.0245178	0.488704	15.5164
1033	-0.0190232	0.0250973	0.488844	15.5241
1034	-0.0191952	0.0256816	0.488913	15.5318
1035	-0.0193418	0.0262698	0.489137	15.5395
1036	-0.0191804	0.0268525	0.48934	15.5472
1037	-0.0193525	0.0274399	0.489343	15.5549
1038	-0.0194476	0.0280298	0.488847	15.5626
1039	-0.01875	0.0285974	0.48921	15.5702
1040	-0.0180633	0.0291433	0.489543	15.5779
1041	-0.0173057	0.0296652	0.489829	15.5856
1042	-0.0165341	0.0301627	0.490352	15.5933
1043	-0.0162545	0.0306511	0.490309	15.601
1044	-0.0159239	0.0311288	0.4903	15.6088
1045	-0.0156158	0.0315965	0.490491	15.6165
1046	-0.0152094	0.0320513	0.490513	15.6242
1047	-0.0148618	0.0324948	0.490525	15.6318
1048	-0.0141598	0.0329163	0.490723	15.6395
1049	-0.0142305	0.0333396	0.490683	15.6472
1050	-0.0149187	0.0337837	0.491018	15.6549
1051	-0.0139724	0.0341983	0.491497	15.6627
1052	-0.0131871	0.0345882	0.491292	15.6704
1053	-0.0132622	0.0349802	0.491118	15.678
1054	-0.0130871	0.0353663	0.490709	15.6857
1055	-0.0129002	0.0357464	0.490868	15.6934
1056	-0.0125286	0.0361147	0.490876	15.7011
1057	-0.0131603	0.036502	0.491227	15.7088
1058	-0.0133535	0.0368949	0.491263	15.7164
1059	-0.0137039	0.0372983	0.491018	15.7241
1060	-0.014443	0.0377239	0.490803	15.7317
1061	-0.0150164	0.0381667	0.49097	15.7394
1062	-0.0149918	0.0386084	0.490712	15.7471
1063	-0.0146929	0.0390405	0.490441	15.7547
1064	-0.0146656	0.0394713	0.490307	15.7623
1065	-0.0143826	0.0398931	0.49029	15.7699
1066	-0.0149142	0.0403308	0.490525	15.7776
1067	-0.0150138	0.0407712	0.49046	15.7852
1068	-0.0148439	0.0412059	0.490204	15.7928
1069	-0.0141268	0.0416183	0.490488	15.8004
1070	-0.0139297	0.0420243	0.490273	15.808
1071	-0.0143129	0.0424417	0.490456	15.8156
1072	-0.0139722	0.0428483	0.490567	15.8232
1073	-0.0139911	0.0432551	0.490453	15.8308
1074	-0.0137223	0.0436533	0.490544	15.8384
1075	-0.0131936	0.0440351	0.490515	15.846
1076	-0.0132678	0.0444187	0.490497	15.8536
1077	-0.0134224	0.0448068	0.490207	15.8612
1078	-0.0137354	0.045204	0.49018	15.8687
1079	-0.0133222	0.0455882	0.490105	15.8763
1080	-0.0135691	0.0459797	0.489804	15.8838
1081	-0.0132871	0.0463622	0.489922	15.8914
1082	-0.0136406	0.0467551	0.489881	15.8989
1083	-0.0140257	0.0471594	0.489824	15.9065
1084	-0.0142511	0.0475701	0.489579	15.914
1085	-0.014404	0.0479851	0.489554	15.9215
1086	-0.0144187	0.0484002	0.489107	15.9291
1087	-0.0145065	0.0488175	0.488385	15.9365
1088	-0.0148161	0.0492439	0.48825	15.944
1089	-0.0146162	0.0496638	0.488128	15.9515
1090	-0.0141053	0.0500679	0.488208	15.959
1091	-0.0131076	0.0504415	0.488532	15.9664
1092	-0.013291	0.0508203	0.488381	15.9739
1093	-0.0131674	0.051195	0.48834	15.9814
1094	-0.0132193	0.0515709	0.488336	15.9888
1095	-0.012923	0.0519376	0.488203	15.9963
1096	-0.0135426	0.0523226	0.48833	16.0037
1097	-0.0127367	0.052683	0.488637	16.0112
1098	-0.0126727	0.0530412	0.488784	16.0186
1099	-0.0128426	0.0534041	0.488783	16.0261
1100	-0.0123406	0.0537516	0.488831	16.0335
1101	-0.0124956	0.0541035	0.488637	16.041
1102	-0.0125752	0.0544575	0.488546	16.0484
1103	-0.0130884	0.0548266	0.488734	16.0559
1104	-0.0131302	0.0551966	0.48848	16.0633
1105	-0.0137393	0.0555846	0.488431	16.0707
1106	-0.0137632	0.055973	0.488273	16.0781
1107	-0.0136389	0.0563573	0.488287	16.0855
1108	-0.0129864	0.0567217	0.488407	16.093
1109	-0.013433	0.0570992	0.488696	16.1004
1110	-0.0133653	0.0574743	0.488803	16.1078
1111	-0.012721	0.0578298	0.489073	16.1152
1112	-0.0132803	0.0582017	0.489248	16.1226
1113	-0.0133248	0.0585746	0.489074	16.13
1114	-0.012725	0.0589293	0.489126	16.1375
1115	-0.0122552	0.0592696	0.48904	16.1449
1116	-0.0123218	0.0596116	0.489159	16.1523
1117	-0.0115427	0.05993	0.488926	16.1597
1118	-0.0103504	0.0602125	0.489516	16.1671
1119	-0.0102561	0.060492	0.489693	16.1745
1120	-0.00941492	0.0607461	0.49012	16.1819
1121	-0.00940178	0.0609996	0.490302	16.1893
1122	-0.00941446	0.0612533	0.490303	16.1968
1123	-0.0088337	0.0614894	0.49053	16.2042
1124	-0.00922376	0.061737	0.490702	16.2116
1125	-0.00960173	0.0619956	0.490923	16.219
1126	-0.00992331	0.0622636	0.491086	16.2265
1127	-0.00955164	0.0625203	0.491029	16.2339
1128	-0.0104511	0.0628035	0.491495	16.2413
1129	-0.0111996	0.0631087	0.491807	16.2488
1130	-0.0114535	0.0634213	0.491848	16.2562
1131	-0.0113394	0.0637302	0.49192	16.2637
1132	-0.0114065	0.0640408	0.491943	16.2711
1133	-0.0120314	0.0643697	0.492298	16.2785
1134	-0.0118795	0.0646938	0.492168	16.286
1135	-0.0121373	0.0650253	0.492293	16.2934
1136	-0.0131444	0.0653864	0.492759	16.3009
1137	-0.0129392	0.0657411	0.492936	16.3083
1138	-0.0129956	0.0660971	0.493101	16.3158
1139	-0.013264	0.0664608	0.493289	16.3232
1140	-0.0140325	0.066847	0.493678	16.3307
1141	-0.0142255	0.0672385	0.493764	16.3381
1142	-0.0139608	0.0676218	0.493744	16.3456
1143	-0.0148157	0.0680302	0.493775	16.353
1144	-0.0150865	0.0684461	0.493597	16.3605
1145	-0.0147328	0.0688513	0.493781	16.3679
1146	-0.0150802	0.0692664	0.493888	16.3754
1147	-0.0148909	0.0696755	0.494034	16.3828
1148	-0.0145421	0.070074	0.494135	16.3903
1149	-0.0140587	0.070458	0.494146	16.3977
1150	-0.0140568	0.0708416	0.494023	16.4051
1151	-0.0142716	0.0712311	0.494156	16.4126
1152	-0.0144816	0.0716266	0.493965	16.42
1153	-0.0149193	0.0720345	0.493798	16.4274
1154	-0.0150676	0.0724465	0.49384	16.4349
1155	-0.0147311	0.0728483	0.493969	16.4423
1156	-0.0150742	0.0732598	0.493771	16.4497
1157	-0.0155736	0.0736857	0.494154	16.4571
1158	-0.0152479	0.0741016	0.494292	16.4645
1159	-0.0147036	0.0745012	0.494115	16.4719
1160	-0.0149484	0.0749076	0.493507	16.4793
1161	-0.014804	0.0753095	0.493286	16.4867
1162	-0.0150752	0.075719	0.49332	16.4941
1163	-0.0153288	0.0761356	0.493514	16.5014
1164	-0.01533	0.0765519	0.493217	16.5088
1165	-0.0150396	0.0769594	0.493159	16.5162
1166	-0.0157591	0.0773875	0.493576	16.5235
1167	-0.0157717	0.0778157	0.493725	16.5309
1168	-0.0162535	0.0782576	0.49388	16.5383
1169	-0.0164617	0.0787053	0.493823	16.5457
1170	-0.0169414	0.0791665	0.493915	16.553
1171	-0.0168801	0.0796257	0.494034	16.5604
1172	-0.0174487	0.080101	0.493667	16.5677
1173	-0.0177697	0.0805853	0.493695	16.5751
1174	-0.0170395	0.0810479	0.49412	16.5825
1175	-0.0169991	0.081509	0.493931	16.5898
1176	-0.0176089	0.0819874	0.494134	16.5972
1177	-0.0179329	0.0824749	0.494219	16.6045
1178	-0.017796	0.082958	0.494073	16.6119
1179	-0.0180557	0.0834483	0.494201	16.6192
1180	-0.0181477	0.0839408	0.494364	16.6266
1181	-0.0173014	0.0844084	0.494158	16.6339
1182	-0.017908	0.0848931	0.493753	16.6412
1183	-0.0180805	0.0853825	0.493435	16.6485
1184	-0.0185996	0.0858866	0.493297	16.6558
1185	-0.0192189	0.0864083	0.493335	16.6631
1186	-0.0190791	0.0869254	0.493241	16.6704
1187	-0.0183596	0.0874213	0.493592	16.6777
1188	-0.0183825	0.0879175	0.493141	16.685
1189	-0.0185469	0.088418	0.492851	16.6923
1190	-0.0185874	0.0889192	0.492852	16.6996
1191	-0.0184172	0.0894152	0.492951	16.7068
1192	-0.0185007	0.0899131	0.493094	16.7141
1193	-0.0188326	0.0904203	0.493276	16.7214
1194	-0.0187445	0.0909245	0.493234	16.7287
1195	-0.0185915	0.0914239	0.492872	16.7359
1196	-0.0186087	0.0919233	0.492647	16.7432
1197	-0.0189059	0.092431	0.492514	16.7504
1198	-0.0181769	0.0929172	0.492283	16.7576
1199	-0.0185138	0.0934127	0.492375	16.7649
1200	-0.0179472	0.0938915	0.49238	16.7721
1201	-0.0185439	0.0943871	0.492656	16.7793
1202	-0.0183237	0.094876	0.492246	16.7865
1203	-0.018699	0.0953753	0.492275	16.7937
1204	-0.0188486	0.0958785	0.492288	16.801
1205	-0.0182881	0.0963652	0.492398	16.8082
1206	-0.0184499	0.0968561	0.492613	16.8154
1207	-0.0181827	0.097339	0.492728	16.8226
1208	-0.0183373	0.0978259	0.492651	16.8298
1209	-0.0178379	0.0982981	0.492558	16.837
1210	-0.01762	0.0987637	0.492647	16.8442
1211	-0.017894	0.0992367	0.49262	16.8514
1212	-0.0177611	0.0997056	0.492647	16.8586
1213	-0.0174604	0.100165	0.492794	16.8658
1214	-0.0172184	0.100618	0.492897	16.873
1215	-0.0170367	0.101065	0.49301	16.8802
1216	-0.0172276	0.101517	0.493122	16.8874
1217	-0.0176315	0.101981	0.493203	16.8946
1218	-0.0178278	0.102449	0.493404	16.9018
1219	-0.018052	0.102924	0.493307	16.909
1220	-0.0178478	0.103392	0.493449	16.9162
1221	-0.0184108	0.103876	0.493639	16.9234
1222	-0.0186505	0.104367	0.493654	16.9306
1223	-0.018395	0.10485	0.49372	16.9378
1224	-0.018243	0.105328	0.493465	16.945
1225	-0.0180321	0.1058	0.493272	16.9521
1226	-0.017692	0.106262	0.493287	16.9593
1227	-0.0175657	0.10672	0.493301	16.9665
1228	-0.0171783	0.107166	0.492379	16.9736
1229	-0.0174704	0.107621	0.492107	16.9808
1230	-0.0174452	0.108074	0.491745	16.9879
1231	-0.0173426	0.108524	0.491393	16.995
1232	-0.0172861	0.108972	0.491193	17.0021
1233	-0.0172099	0.109418	0.491219	17.0092
1234	-0.0174566	0.10987	0.491237	17.0163
1235	-0.0176702	0.110328	0.491158	17.0233
1236	-0.0175117	0.110781	0.490526	17.0304
1237	-0.0172124	0.111225	0.490041	17.0375
1238	-0.0173591	0.111673	0.489844	17.0445
1239	-0.0171888	0.112116	0.489879	17.0515
1240	-0.017279	0.112561	0.489978	17.0586
1241	-0.0169763	0.112998	0.490137	17.0656
1242	-0.017019	0.113435	0.49033	17.0727
1243	-0.0173018	0.11388	0.489957	17.0797
1244	-0.0181128	0.114347	0.490434	17.0867
1245	-0.0181191	0.114814	0.490327	17.0938
1246	-0.0183008	0.115286	0.490266	17.1008
1247	-0.0186731	0.115768	0.490354	17.1078
1248	-0.0181584	0.116236	0.490561	17.1148
1249	-0.0181107	0.116701	0.490495	17.1219
1250	-0.0181167	0.117167	0.490628	17.1289
1251	-0.0188363	0.117652	0.491063	17.1359
1252	-0.018972	0.118141	0.491009	17.143
1253	-0.018789	0.118624	0.4911	17.15
1254	-0.018665	0.119104	0.4911	17.157
1255	-0.0184167	0.119576	0.491255	17.164
1256	-0.0181765	0.120041	0.491211	17.1711
1257	-0.0183048	0.120509	0.491165	17.1781
1258	-0.0182273	0.120975	0.490913	17.1851
1259	-0.0186914	0.121453	0.491125	17.1921
1260	-0.018412	0.121923	0.490882	17.1991
1261	-0.0180412	0.122382	0.490763	17.2061
1262	-0.0173339	0.122822	0.490947	17.2131
1263	-0.0171218	0.123254	0.490917	17.2201
1264	-0.016792	0.123678	0.49081	17.2271
1265	-0.0162993	0.124087	0.49101	17.2341
1266	-0.0164176	0.124499	0.490733	17.2411
1267	-0.0166784	0.124918	0.490713	17.2481
1268	-0.0164742	0.125331	0.490773	17.2551
1269	-0.0165002	0.125745	0.490325	17.262
1270	-0.0166547	0.126162	0.49022	17.269
1271	-0.0163829	0.126572	0.490397	17.2759
1272	-0.0159906	0.12697	0.490298	17.2829
1273	-0.0159122	0.127366	0.490272	17.2898
1274	-0.0168643	0.127788	0.490611	17.2968
1275	-0.0168028	0.128208	0.49078	17.3038
1276	-0.0165511	0.128621	0.490949	17.3107
1277	-0.0164039	0.129029	0.49094	17.3177
1278	-0.0162651	0.129434	0.491044	17.3246
1279	-0.0161468	0.129834	0.491173	17.3316
1280	-0.016444	0.130243	0.491081	17.3386
1281	-0.0170248	0.130667	0.491266	17.3455
1282	-0.016911	0.131088	0.491385	17.3525
1283	-0.0175025	0.131526	0.491638	17.3594
1284	-0.0170693	0.131951	0.491763	17.3664
1285	-0.0165752	0.132361	0.491351	17.3733
1286	-0.0163311	0.132765	0.491471	17.3803
1287	-0.0159644	0.133158	0.491485	17.3872
1288	-0.0154344	0.133536	0.491185	17.3942
1289	-0.0153754	0.133912	0.491124	17.4011
1290	-0.0149214	0.134276	0.491134	17.408
1291	-0.0152026	0.134647	0.490975	17.415
1292	-0.0152757	0.135019	0.491025	17.4219
1293	-0.0149933	0.135384	0.49108	17.4288
1294	-0.0147649	0.135742	0.491045	17.4357
1295	-0.0153382	0.136115	0.491263	17.4426
1296	-0.0152271	0.136485	0.491179	17.4495
1297	-0.0154432	0.136861	0.49121	17.4565
1298	-0.0153046	0.137233	0.491318	17.4634
1299	-0.015793	0.137618	0.491593	17.4703
1300	-0.0159561	0.138008	0.491457	17.4772
1301	-0.0159949	0.138398	0.491322	17.4841
1302	-0.0163605	0.138798	0.491019	17.491
1303	-0.0158996	0.139185	0.490935	17.4979
1304	-0.0156947	0.139566	0.490916	17.5048
1305	-0.015329	0.139936	0.491007	17.5116
1306	-0.0150544	0.140299	0.490929	17.5185
1307	-0.0147675	0.140654	0.491011	17.5254
1308	-0.0146316	0.141004	0.49114	17.5323
1309	-0.0146786	0.141356	0.491338	17.5392
1310	-0.0147804	0.14171	0.491401	17.546
1311	-0.014324	0.142051	0.491434	17.5529
1312	-0.0147796	0.142405	0.491601	17.5598
1313	-0.0146749	0.142755	0.491662	17.5667
1314	-0.0143592	0.143097	0.491845	17.5736
1315	-0.0143324	0.143438	0.491962	17.5804
1316	-0.0144226	0.14378	0.491965	17.5873
1317	-0.0140956	0.144114	0.492085	17.5942
1318	-0.0138869	0.144442	0.492246	17.6011
1319	-0.0132547	0.144752	0.492248	17.608
1320	-0.0134494	0.145067	0.491751	17.6148
1321	-0.0131249	0.145373	0.491815	17.6217
1322	-0.0129549	0.145674	0.491641	17.6286
1323	-0.0132365	0.145983	0.491722	17.6354
1324	-0.0135396	0.146299	0.491748	17.6423
1325	-0.0136245	0.146618	0.491855	17.6491
1326	-0.0135748	0.146935	0.491316	17.6559
1327	-0.0141858	0.147269	0.491549	17.6628
1328	-0.0143497	0.147607	0.49134	17.6696
1329	-0.0140821	0.147938	0.491155	17.6764
1330	-0.0135277	0.148253	0.490562	17.6832
1331	-0.0129318	0.148552	0.490362	17.69
1332	-0.0127433	0.148845	0.490299	17.6968
1333	-0.0123528	0.149127	0.490462	17.7036
1334	-0.0119119	0.149397	0.490591	17.7104
1335	-0.0115615	0.149658	0.490464	17.7172
1336	-0.0115338	0.149917	0.490227	17.724
1337	-0.0115041	0.150175	0.490165	17.7308
1338	-0.0118169	0.150442	0.490324	17.7375
1339	-0.0116474	0.150704	0.490298	17.7443
1340	-0.0114556	0.150961	0.490344	17.7511
1341	-0.0117665	0.151225	0.490412	17.7579
1342	-0.0117467	0.15149	0.489952	17.7646
1343	-0.011962	0.151759	0.489947	17.7714
1344	-0.0118652	0.152026	0.48996	17.7781
1345	-0.0116772	0.152288	0.490024	17.7849
1346	-0.0118971	0.152556	0.489911	17.7916
1347	-0.0124446	0.152838	0.490088	17.7984
1348	-0.0128876	0.153132	0.490056	17.8051
1349	-0.0131437	0.153433	0.490225	17.8119
1350	-0.0132329	0.153736	0.490114	17.8186
1351	-0.0135868	0.154049	0.489363	17.8253
1352	-0.0132944	0.154353	0.489611	17.832
1353	-0.0132773	0.154657	0.489389	17.8388
1354	-0.0135251	0.154967	0.489314	17.8455
1355	-0.0133932	0.155274	0.489235	17.8522
1356	-0.0135876	0.155585	0.489375	17.8589
1357	-0.0132787	0.155888	0.48962	17.8656
1358	-0.0133404	0.156193	0.489401	17.8723
1359	-0.0130432	0.156489	0.489516	17.879
1360	-0.0133239	0.156792	0.489543	17.8857
1361	-0.0132368	0.157093	0.489378	17.8924
1362	-0.0133522	0.157397	0.48936	17.8991
1363	-0.0137244	0.157711	0.489438	17.9058
1364	-0.0141096	0.158035	0.489497	17.9125
1365	-0.0146485	0.158373	0.489661	17.9191
1366	-0.0145839	0.15871	0.489603	17.9258
1367	-0.0144394	0.159042	0.489669	17.9325
1368	-0.0139428	0.159361	0.489507	17.9392
1369	-0.0142742	0.159688	0.489496	17.9459
1370	-0.0142112	0.160014	0.489235	17.9525
1371	-0.0144177	0.160344	0.489245	17.9592
1372	-0.014596	0.16068	0.489388	17.9659
1373	-0.0151063	0.161029	0.489702	17.9725
1374	-0.0150684	0.161376	0.489753	17.9792
1375	-0.0145638	0.16171	0.489733	17.9859
1376	-0.0144483	0.162041	0.489453	17.9925
1377	-0.014176	0.162364	0.489416	17.9992
1378	-0.0134876	0.162668	0.489712	18.0059
1379	-0.0135378	0.162973	0.48967	18.0125
1380	-0.0131783	0.163269	0.489851	18.0192
1381	-0.0133488	0.163569	0.489832	18.0258
1382	-0.0131801	0.163864	0.489921	18.0325
1383	-0.0130676	0.164156	0.489937	18.0391
1384	-0.0136319	0.164463	0.490242	18.0458
1385	-0.0130923	0.164755	0.490624	18.0525
1386	-0.0131252	0.165048	0.490587	18.0591
1387	-0.0130365	0.165338	0.490372	18.0658
1388	-0.0132053	0.165633	0.490505	18.0724
1389	-0.0133632	0.165932	0.490654	18.0791
1390	-0.0136106	0.166237	0.49076	18.0858
1391	-0.0127401	0.166519	0.491362	18.0924
1392	-0.0128276	0.166803	0.490921	18.0991
1393	-0.0125744	0.167079	0.490962	18.1057
1394	-0.0122837	0.167348	0.490961	18.1124
1395	-0.0122682	0.167617	0.491061	18.1191
1396	-0.0124926	0.167891	0.491258	18.1257
1397	-0.012249	0.168158	0.491393	18.1324
1398	-0.0121851	0.168424	0.49144	18.139
1399	-0.0126483	0.168702	0.491508	18.1457
1400	-0.0126481	0.168979	0.491427	18.1523
1401	-0.0131695	0.169271	0.491385	18.159
1402	-0.0137685	0.169578	0.491782	18.1656
1403	-0.0138793	0.169888	0.491645	18.1723
1404	-0.013855	0.170197	0.491798	18.1789
1405	-0.0134084	0.170494	0.491971	18.1856
1406	-0.0135872	0.170795	0.492121	18.1923
1407	-0.0130661	0.171083	0.492231	18.1989
1408	-0.0128241	0.171364	0.49197	18.2056
1409	-0.0122777	0.17163	0.491857	18.2122
1410	-0.0125125	0.171902	0.49161	18.2188
1411	-0.0132844	0.172195	0.492055	18.2255
1412	-0.0138162	0.172501	0.492367	18.2321
1413	-0.0132166	0.172792	0.492671	18.2388
1414	-0.0126107	0.173066	0.492907	18.2454
1415	-0.0128429	0.173346	0.492984	18.2521
1416	-0.0123829	0.173613	0.493232	18.2588
1417	-0.0127308	0.17389	0.493374	18.2654
1418	-0.0121601	0.174152	0.493514	18.2721
1419	-0.0125044	0.174422	0.493654	18.2787
1420	-0.0124212	0.17469	0.493563	18.2854
1421	-0.0126486	0.174964	0.493355	18.2921
1422	-0.0126964	0.175239	0.49335	18.2987
1423	-0.0127117	0.175514	0.493448	18.3054
1424	-0.0120768	0.175773	0.493349	18.312
1425	-0.01159	0.176018	0.493115	18.3186
1426	-0.0117582	0.176267	0.492924	18.3253
1427	-0.0120903	0.176525	0.492917	18.3319
1428	-0.0119361	0.176779	0.493037	18.3385
1429	-0.0122715	0.177042	0.493215	18.3451
1430	-0.0120171	0.177298	0.49257	18.3518
1431	-0.0117868	0.177547	0.492654	18.3584
1432	-0.0126518	0.177819	0.493334	18.365
1433	-0.0129542	0.178099	0.493495	18.3716
1434	-0.0129237	0.178378	0.493633	18.3782
1435	-0.013349	0.178668	0.493661	18.3849
1436	-0.0137214	0.178968	0.493592	18.3915
1437	-0.0136199	0.179265	0.493193	18.3981
1438	-0.0131985	0.179551	0.493357	18.4047
1439	-0.0126544	0.179822	0.493649	18.4113
1440	-0.0129228	0.1801	0.493671	18.418
1441	-0.0128286	0.180375	0.49364	18.4246
1442	-0.0122876	0.180636	0.493672	18.4312
1443	-0.0125615	0.180904	0.493755	18.4378
1444	-0.0123896	0.181167	0.49392	18.4444
1445	-0.0125006	0.181433	0.493806	18.451
1446	-0.0121788	0.18169	0.4939	18.4576
1447	-0.012062	0.181944	0.493658	18.4642
1448	-0.0121885	0.182202	0.493533	18.4708
1449	-0.0124641	0.182466	0.493418	18.4774
1450	-0.0121839	0.182723	0.493185	18.484
1451	-0.0119214	0.182973	0.493152	18.4905
1452	-0.0121779	0.183229	0.493208	18.4971
1453	-0.0120515	0.183482	0.493394	18.5037
1454	-0.0121723	0.183738	0.493268	18.5103
1455	-0.0118304	0.183985	0.493373	18.5168
1456	-0.0116321	0.184227	0.493576	18.5234
1457	-0.0116477	0.184469	0.493637	18.53
1458	-0.0120493	0.184721	0.493569	18.5366
1459	-0.0114446	0.184957	0.493857	18.5431
1460	-0.0110534	0.185183	0.494091	18.5497
1461	-0.0109285	0.185405	0.494091	18.5563
1462	-0.0106202	0.185619	0.494229	18.5629
1463	-0.0109189	0.185841	0.494297	18.5694
1464	-0.0115763	0.18608	0.494625	18.576
1465	-0.0120005	0.18633	0.494599	18.5826
1466	-0.0119044	0.186577	0.494521	18.5892
1467	-0.0121634	0.186831	0.494518	18.5958
1468	-0.0121957	0.187086	0.494577	18.6023
1469	-0.0121458	0.187339	0.494514	18.6089
1470	-0.0118386	0.187584	0.494614	18.6155
1471	-0.0121781	0.187837	0.494808	18.622
1472	-0.0118928	0.188083	0.494964	18.6286
1473	-0.0115541	0.18832	0.495156	18.6352
1474	-0.0119775	0.188568	0.495457	18.6418
1475	-0.0115005	0.188804	0.495467	18.6484
1476	-0.0117417	0.189045	0.495055	18.6549
1477	-0.0115002	0.18928	0.495144	18.6615
1478	-0.0116056	0.189518	0.495294	18.6681
1479	-0.0114361	0.189751	0.49545	18.6746
1480	-0.0115055	0.189986	0.495111	18.6812
1481	-0.0115076	0.190221	0.495111	18.6878
1482	-0.0114207	0.190453	0.494869	18.6943
1483	-0.0110234	0.190675	0.495031	18.7009
1484	-0.0109448	0.190895	0.49501	18.7074
1485	-0.0110964	0.191119	0.495069	18.7139
1486	-0.0115514	0.191354	0.495303	18.7205
1487	-0.0112593	0.191581	0.495409	18.7271
1488	-0.0109774	0.191801	0.495527	18.7336
1489	-0.0109677	0.192021	0.495253	18.7401
1490	-0.0109475	0.19224	0.49532	18.7467
1491	-0.0102426	0.192441	0.495654	18.7532
1492	-0.00996267	0.192634	0.49575	18.7598
1493	-0.00992561	0.192826	0.495395	18.7663
1494	-0.0100675	0.193022	0.495357	18.7729
1495	-0.00986667	0.193213	0.495322	18.7794
1496	-0.0094998	0.193394	0.495263	18.7859
1497	-0.00987911	0.193584	0.495327	18.7924
1498	-0.00978449	0.193772	0.495239	18.799
1499	-0.00958994	0.193955	0.495189	18.8055
1500	-0.0093345	0.194132	0.495331	18.812
1501	-0.00877234	0.194293	0.495651	18.8185
1502	-0.00901611	0.194461	0.495737	18.8251
1503	-0.00922016	0.194634	0.495642	18.8316
1504	-0.00938247	0.194811	0.495619	18.8381
1505	-0.00931885	0.194987	0.495752	18.8446
1506	-0.00963704	0.19517	0.495876	18.8511
1507	-0.00989395	0.19536	0.495976	18.8577
1508	-0.0104612	0.195565	0.496321	18.8642
1509	-0.0102898	0.195765	0.496344	18.8707
1510	-0.00976352	0.195951	0.496573	18.8772
1511	-0.00949421	0.196131	0.496734	18.8838
1512	-0.00979728	0.196318	0.496638	18.8903
1513	-0.0100214	0.19651	0.496757	18.8968
1514	-0.00991541	0.1967	0.496859	18.9033
1515	-0.0092479	0.196873	0.49725	18.9099
1516	-0.00916034	0.197043	0.49708	18.9164
1517	-0.00867946	0.197201	0.497273	18.9229
1518	-0.00838534	0.197351	0.496985	18.9295
1519	-0.00808712	0.197493	0.497168	18.936
1520	-0.00814079	0.197637	0.497153	18.9425
1521	-0.00858104	0.197792	0.497301	18.949
1522	-0.00879262	0.197953	0.497061	18.9555
1523	-0.00837253	0.198102	0.497208	18.9621
1524	-0.00878544	0.198262	0.497316	18.9686
1525	-0.00883522	0.198423	0.497333	18.9751
1526	-0.00863953	0.198579	0.497151	18.9816
1527	-0.00897051	0.198744	0.497346	18.9881
1528	-0.00870261	0.198901	0.497074	18.9946
1529	-0.00884801	0.199062	0.497046	19.0011
1530	-0.0087767	0.199222	0.49682	19.0076
1531	-0.00801936	0.199361	0.497219	19.0141
1532	-0.00741006	0.199486	0.497381	19.0206
1533	-0.00726681	0.199606	0.49721	19.0271
1534	-0.00771788	0.199738	0.497201	19.0336
1535	-0.00793942	0.199876	0.497292	19.0401
1536	-0.00790893	0.200012	0.497233	19.0466
1537	-0.00761453	0.200141	0.497177	19.0531
1538	-0.00762351	0.200271	0.497151	19.0595
1539	-0.00741056	0.200394	0.497086	19.066
1540	-0.0067378	0.200501	0.49729	19.0725
1541	-0.00676758	0.200608	0.496922	19.079
1542	-0.00669385	0.200714	0.496804	19.0854
1543	-0.00619333	0.200806	0.496699	19.0919
1544	-0.00608169	0.200896	0.496804	19.0983
1545	-0.00590393	0.200981	0.496989	19.1048
1546	-0.00653967	0.201083	0.497196	19.1113
1547	-0.00657023	0.201185	0.497138	19.1177
1548	-0.00673184	0.201291	0.497133	19.1242
1549	-0.00669124	0.201396	0.496946	19.1306
1550	-0.00684644	0.201505	0.497029	19.1371
1551	-0.00629789	0.201599	0.497119	19.1435
1552	-0.00614889	0.201691	0.497205	19.15
1553	-0.0062497	0.201784	0.496999	19.1564
1554	-0.00659003	0.201886	0.497107	19.1629
1555	-0.00679869	0.201994	0.497057	19.1693
1556	-0.00640803	0.202091	0.497264	19.1758
1557	-0.00653751	0.202192	0.497421	19.1822
1558	-0.00719387	0.202309	0.497672	19.1887
1559	-0.00794079	0.202446	0.498047	19.1951
1560	-0.00831735	0.202591	0.498129	19.2016
1561	-0.00819838	0.202734	0.498015	19.208
1562	-0.00864716	0.202888	0.498221	19.2145
1563	-0.00906926	0.203052	0.498464	19.221
1564	-0.00871856	0.203208	0.498589	19.2274
1565	-0.00812025	0.203348	0.498769	19.2339
1566	-0.00830419	0.203493	0.498453	19.2403
1567	-0.00834063	0.203638	0.498404	19.2468
1568	-0.00830189	0.203783	0.498377	19.2532
1569	-0.00850344	0.203933	0.498556	19.2597
1570	-0.00874439	0.204088	0.498459	19.2661
1571	-0.00867284	0.204242	0.498445	19.2726
1572	-0.00811089	0.204382	0.49851	19.279
1573	-0.00852692	0.204532	0.498328	19.2855
1574	-0.00818332	0.204673	0.498268	19.2919
1575	-0.008034	0.20481	0.4984	19.2983
1576	-0.00774966	0.204941	0.49839	19.3047
1577	-0.00755127	0.205066	0.498319	19.3112
1578	-0.00744812	0.205188	0.498434	19.3176
1579	-0.00776221	0.205318	0.498212	19.324
1580	-0.0074833	0.205442	0.49821	19.3304
1581	-0.0075887	0.205568	0.498368	19.3369
1582	-0.00737831	0.205688	0.498253	19.3433
1583	-0.00727525	0.205806	0.497964	19.3497
1584	-0.00764264	0.205933	0.498108	19.3561
1585	-0.00769672	0.206061	0.497803	19.3625
1586	-0.00743588	0.206183	0.497987	19.3689
1587	-0.0071848	0.206298	0.498049	19.3753
1588	-0.00741695	0.206419	0.497808	19.3817
1589	-0.00762944	0.206546	0.497746	19.3881
1590	-0.00774554	0.206675	0.497764	19.3944
1591	-0.00815158	0.206814	0.497533	19.4008
1592	-0.00794831	0.206949	0.497315	19.4072
1593	-0.00874798	0.207103	0.49759	19.4136
1594	-0.00893001	0.207261	0.497569	19.4199
1595	-0.00877236	0.207416	0.497545	19.4263
1596	-0.00895285	0.207575	0.497557	19.4327
1597	-0.00918098	0.20774	0.497518	19.439
1598	-0.00906981	0.207901	0.497337	19.4454
1599	-0.00889026	0.208059	0.497305	19.4517
1600	-0.0091796	0.208223	0.496755	19.4581
1601	-0.00904455	0.208384	0.496719	19.4644
1602	-0.00917469	0.208548	0.496825	19.4708
1603	-0.00915933	0.208712	0.496797	19.4771
1604	-0.00933415	0.20888	0.49687	19.4834
1605	-0.00945601	0.209051	0.496864	19.4898
1606	-0.00929327	0.209217	0.496866	19.4961
1607	-0.00953229	0.20939	0.496892	19.5024
1608	-0.00967535	0.209566	0.496949	19.5087
1609	-0.0097547	0.209744	0.496556	19.5151
1610	-0.00950053	0.209916	0.496559	19.5214
1611	-0.00939057	0.210084	0.496406	19.5277
1612	-0.0089822	0.210243	0.496706	19.534
1613	-0.00837281	0.210386	0.496788	19.5403
1614	-0.00862695	0.210536	0.496817	19.5466
1615	-0.00823752	0.210675	0.496905	19.5529
1616	-0.00813495	0.210812	0.496643	19.5592
1617	-0.00825791	0.210953	0.49669	19.5655
1618	-0.00815593	0.21109	0.496378	19.5718
1619	-0.00752635	0.211212	0.49668	19.5781
1620	-0.00750491	0.211333	0.496474	19.5844
1621	-0.00734372	0.21145	0.496557	19.5907
1622	-0.0069897	0.211559	0.496272	19.597
1623	-0.00689019	0.211664	0.496427	19.6033
1624	-0.00722021	0.211778	0.496039	19.6096
1625	-0.00735061	0.211896	0.496002	19.6158
1626	-0.00754894	0.212018	0.495889	19.6221
1627	-0.00722411	0.212131	0.495988	19.6284
1628	-0.00648081	0.212227	0.496498	19.6346
1629	-0.00655124	0.212324	0.496447	19.6409
1630	-0.00671077	0.212425	0.496187	19.6472
1631	-0.00669942	0.212526	0.495998	19.6534
1632	-0.00721876	0.212639	0.496176	19.6597
1633	-0.00735846	0.212756	0.495851	19.6659
1634	-0.00759019	0.212879	0.495935	19.6722
1635	-0.00745779	0.212998	0.495999	19.6784
1636	-0.0072999	0.213114	0.495881	19.6847
1637	-0.00743431	0.213232	0.49584	19.6909
1638	-0.00741386	0.21335	0.495542	19.6971
1639	-0.00724262	0.213464	0.495288	19.7034
1640	-0.00753589	0.213585	0.494883	19.7096
1641	-0.00750777	0.213705	0.494523	19.7158
1642	-0.00804035	0.213839	0.49459	19.722
1643	-0.00786773	0.213968	0.494732	19.7282
1644	-0.00785503	0.214096	0.494565	19.7344
1645	-0.00800158	0.214228	0.494107	19.7406
1646	-0.00802009	0.214361	0.493526	19.7467
1647	-0.00834198	0.214501	0.493542	19.7529
1648	-0.00853897	0.214646	0.493692	19.7591
1649	-0.0085246	0.214791	0.493603	19.7652
1650	-0.0088859	0.214945	0.493538	19.7714
1651	-0.00839767	0.215086	0.49373	19.7776
1652	-0.00902763	0.215243	0.493951	19.7837
1653	-0.00918829	0.215404	0.494111	19.7899
1654	-0.00910872	0.215563	0.494002	19.7961
1655	-0.00883541	0.215715	0.493918	19.8022
1656	-0.00919246	0.215876	0.494144	19.8084
1657	-0.00921167	0.216037	0.49417	19.8145
1658	-0.00931159	0.2162	0.49402	19.8207
1659	-0.00948927	0.216368	0.494064	19.8268
1660	-0.00962258	0.216539	0.494108	19.833
1661	-0.00915788	0.216698	0.494177	19.8392
1662	-0.00932514	0.216862	0.494139	19.8453
1663	-0.00948686	0.217029	0.494257	19.8515
1664	-0.00936362	0.217193	0.493997	19.8576
1665	-0.00933397	0.217357	0.493949	19.8637
1666	-0.00884666	0.217508	0.494087	19.8699
1667	-0.00874816	0.217657	0.494109	19.876
1668	-0.00889824	0.21781	0.494122	19.8822
1669	-0.00923923	0.217971	0.49435	19.8883
1670	-0.00955077	0.218139	0.494484	19.8945
1671	-0.00978209	0.218313	0.494643	19.9006
1672	-0.00938919	0.218477	0.494832	19.9068
1673	-0.00955187	0.218645	0.494838	19.9129
1674	-0.00946518	0.218811	0.494897	19.919
1675	-0.0096497	0.218982	0.494725	19.9252
1676	-0.0097227	0.219154	0.49471	19.9313
1677	-0.00935809	0.219317	0.494807	19.9375
1678	-0.00944793	0.219482	0.49469	19.9436
1679	-0.00945163	0.219647	0.494813	19.9497
1680	-0.00949445	0.219814	0.49491	19.9559
1681	-0.00962968	0.219983	0.494981	19.962
1682	-0.00963175	0.220152	0.495009	19.9681
1683	-0.00938911	0.220316	0.494654	19.9743
1684	-0.00961606	0.220485	0.494643	19.9804
1685	-0.00979004	0.220658	0.494762	19.9865
1686	-0.00985523	0.220832	0.494543	19.9926
1687	-0.00965706	0.221002	0.494448	19.9987
1688	-0.00981824	0.221175	0.494513	20.0049
1689	-0.00955413	0.221342	0.494078	20.011
1690	-0.00943338	0.221506	0.494125	20.017
1691	-0.0101214	0.221687	0.494237	20.0231
1692	-0.00965094	0.221856	0.49405	20.0292
1693	-0.00919097	0.222013	0.49436	20.0353
1694	-0.00879833	0.222162	0.494543	20.0414
1695	-0.00836289	0.222299	0.494463	20.0475
1696	-0.00834394	0.222436	0.494364	20.0536
1697	-0.00858957	0.222579	0.494208	20.0597
1698	-0.00829007	0.222715	0.494093	20.0658
1699	-0.00847504	0.222855	0.494012	20.0719
1700	-0.00900905	0.223008	0.494263	20.078
1701	-0.0090613	0.223162	0.494364	20.084
1702	-0.00859219	0.223304	0.494269	20.0901
1703	-0.00816488	0.223437	0.494391	20.0962
1704	-0.00802084	0.223565	0.494469	20.1023
1705	-0.00811308	0.223696	0.49443	20.1084
1706	-0.00856539	0.223838	0.494712	20.1144
1707	-0.00830928	0.223973	0.494793	20.1205
1708	-0.00828256	0.224108	0.494584	20.1266
1709	-0.0082166	0.224241	0.494647	20.1327
1710	-0.00845103	0.22438	0.494788	20.1388
1711	-0.00807511	0.22451	0.494877	20.1448
1712	-0.00785223	0.224634	0.494859	20.1509
1713	-0.00769521	0.224754	0.494918	20.157
1714	-0.00751006	0.22487	0.494592	20.1631
1715	-0.00784266	0.224994	0.494535	20.1691
1716	-0.00798616	0.225121	0.494576	20.1752
1717	-0.00819937	0.225253	0.49474	20.1812
1718	-0.00801598	0.225381	0.494799	20.1873
1719	-0.00789617	0.225506	0.494732	20.1934
1720	-0.00794407	0.225632	0.494707	20.1994
1721	-0.00807409	0.225761	0.494663	20.2055
1722	-0.00823556	0.225894	0.49467	20.2115
1723	-0.00770113	0.226014	0.494819	20.2176
1724	-0.00767025	0.226133	0.494621	20.2236
1725	-0.0074564	0.226247	0.494472	20.2297
1726	-0.00723812	0.226355	0.494348	20.2357
1727	-0.00688847	0.226456	0.494375	20.2418
1728	-0.00655456	0.226548	0.494387	20.2478
1729	-0.00640868	0.226636	0.49446	20.2538
1730	-0.00636003	0.226724	0.494554	20.2599
1731	-0.00661016	0.226817	0.494628	20.2659
1732	-0.00625581	0.226902	0.494405	20.2719
1733	-0.00592909	0.226979	0.494622	20.278
1734	-0.00580125	0.227053	0.494289	20.284
1735	-0.00593848	0.22713	0.494341	20.29
1736	-0.00590579	0.227206	0.494394	20.296
1737	-0.00581784	0.22728	0.494462	20.302
1738	-0.00564311	0.22735	0.49422	20.3081
1739	-0.0057886	0.227424	0.494185	20.3141
1740	-0.00596213	0.227501	0.49416	20.3201
1741	-0.00611942	0.227583	0.494258	20.3261
1742	-0.00597179	0.22766	0.494246	20.3321
1743	-0.00545278	0.227726	0.494503	20.3381
1744	-0.00574854	0.227798	0.49415	20.3441
1745	-0.0057583	0.22787	0.493998	20.3501
1746	-0.00500832	0.227925	0.494432	20.3561
1747	-0.00473714	0.227973	0.494558	20.3621
1748	-0.00461749	0.228018	0.494555	20.3681
1749	-0.00464667	0.228064	0.494419	20.3741
1750	-0.00479814	0.228114	0.494362	20.3801
1751	-0.00438298	0.228153	0.494399	20.3861
1752	-0.00428574	0.228191	0.494436	20.3921
1753	-0.00439024	0.228231	0.494475	20.3981
1754	-0.00433325	0.228269	0.494497	20.4041
1755	-0.00408555	0.228301	0.494543	20.4101
1756	-0.00378691	0.228327	0.494634	20.4161
1757	-0.00417204	0.228361	0.494833	20.422
1758	-0.0041306	0.228395	0.494967	20.428
1759	-0.00421795	0.228431	0.494958	20.434
1760	-0.0046244	0.228476	0.495064	20.44
1761	-0.00438524	0.228516	0.495104	20.446
1762	-0.00465083	0.228562	0.495205	20.452
1763	-0.00425765	0.228598	0.495322	20.458
1764	-0.00395556	0.228628	0.495043	20.464
1765	-0.00367995	0.22865	0.495197	20.47
1766	-0.0036755	0.228673	0.494894	20.476
1767	-0.00355262	0.228693	0.494852	20.482
1768	-0.00328304	0.228706	0.495	20.4879
1769	-0.00340556	0.228723	0.494625	20.4939
1770	-0.0033101	0.228737	0.494649	20.4999
1771	-0.00323606	0.228749	0.494771	20.5058
1772	-0.00297608	0.228755	0.494916	20.5118
1773	-0.00295391	0.228761	0.494913	20.5178
1774	-0.00286191	0.228764	0.494809	20.5237
1775	-0.00284003	0.228767	0.494872	20.5297
1776	-0.00297134	0.228774	0.494783	20.5357
1777	-0.00310776	0.228783	0.494726	20.5416
1778	-0.00262115	0.228781	0.494794	20.5476
1779	-0.00293921	0.228786	0.494907	20.5535
1780	-0.00302304	0.228794	0.494835	20.5595
1781	-0.00325369	0.228806	0.494946	20.5654
1782	-0.00354038	0.228826	0.495001	20.5714
1783	-0.00335287	0.228841	0.494982	20.5773
1784	-0.00321825	0.228854	0.495095	20.5833
1785	-0.00356799	0.228874	0.495138	20.5893
1786	-0.00379727	0.2289	0.495149	20.5952
1787	-0.00415865	0.228934	0.495192	20.6012
1788	-0.00412239	0.228967	0.495129	20.6071
1789	-0.0039208	0.228996	0.4953	20.6131
1790	-0.00408736	0.229029	0.495195	20.619
1791	-0.00424637	0.229065	0.495107	20.6249
1792	-0.00413151	0.229099	0.495047	20.6309
1793	-0.00386574	0.229126	0.49479	20.6368
1794	-0.00411424	0.22916	0.494696	20.6427
1795	-0.00428917	0.229197	0.494379	20.6487
1796	-0.00413109	0.229231	0.494242	20.6546
1797	-0.00395151	0.22926	0.494269	20.6605
1798	-0.00389349	0.229288	0.494362	20.6664
1799	-0.00395081	0.229318	0.494486	20.6723
1800	-0.00365925	0.22934	0.494226	20.6782
1801	-0.00379357	0.229366	0.494279	20.6841
1802	-0.00424654	0.229402	0.494395	20.69
1803	-0.00417766	0.229437	0.494124	20.6959
1804	-0.00444889	0.229478	0.493998	20.7018
1805	-0.00407864	0.229511	0.493904	20.7077
1806	-0.00386481	0.229538	0.493961	20.7136
1807	-0.00349369	0.229557	0.493888	20.7195
1808	-0.00349336	0.229576	0.493955	20.7254
1809	-0.00366899	0.229598	0.493878	20.7313
1810	-0.00403994	0.22963	0.494037	20.7371
1811	-0.00420222	0.229665	0.494121	20.743
1812	-0.00452288	0.229708	0.494137	20.7489
1813	-0.00432065	0.229746	0.494212	20.7548
1814	-0.004345	0.229785	0.494103	20.7607
1815	-0.00383127	0.229812	0.494426	20.7666
1816	-0.00407083	0.229844	0.494446	20.7724
1817	-0.00389416	0.229872	0.49434	20.7783
1818	-0.00358975	0.229893	0.494474	20.7842
1819	-0.00386788	0.229921	0.4946	20.7901
1820	-0.00403131	0.229952	0.494666	20.796
1821	-0.00379126	0.229978	0.494753	20.8018
1822	-0.00385606	0.230005	0.494737	20.8077
1823	-0.00403637	0.230036	0.494697	20.8136
1824	-0.00354288	0.230056	0.494987	20.8195
1825	-0.00357353	0.230077	0.495031	20.8254
1826	-0.00388073	0.230105	0.495122	20.8313
1827	-0.00383372	0.230131	0.495076	20.8371
1828	-0.00367945	0.230154	0.495055	20.843
1829	-0.0038071	0.230181	0.495101	20.8489
1830	-0.00382138	0.230207	0.495125	20.8548
1831	-0.0037269	0.230231	0.495182	20.8606
1832	-0.00373528	0.230256	0.495165	20.8665
1833	-0.00349697	0.230275	0.494908	20.8724
1834	-0.00340694	0.230291	0.494904	20.8783
1835	-0.00323417	0.230304	0.494773	20.8841
1836	-0.00323105	0.230317	0.494757	20.89
1837	-0.00287807	0.230321	0.494734	20.8958
1838	-0.00295533	0.230328	0.494616	20.9017
1839	-0.00336559	0.230344	0.494645	20.9075
1840	-0.00350722	0.230363	0.494629	20.9134
1841	-0.00394086	0.230392	0.49481	20.9192
1842	-0.00381233	0.230418	0.494633	20.9251
1843	-0.00414768	0.230452	0.494694	20.9309
1844	-0.004102	0.230485	0.494773	20.9368
1845	-0.00410878	0.230519	0.494702	20.9426
1846	-0.00405112	0.230551	0.494375	20.9484
1847	-0.00434399	0.230589	0.494256	20.9543
1848	-0.00439022	0.230629	0.493992	20.9601
1849	-0.00420819	0.230664	0.493933	20.9659
1850	-0.00389273	0.230693	0.493927	20.9717
1851	-0.00387262	0.23072	0.493838	20.9775
1852	-0.00390126	0.230749	0.493734	20.9833
1853	-0.00371198	0.230773	0.493818	20.9892
1854	-0.00334888	0.230788	0.493738	20.995
1855	-0.00319428	0.2308	0.493778	21.0008
1856	-0.003516	0.23082	0.493864	21.0066
1857	-0.0032559	0.230833	0.493748	21.0124
1858	-0.00239048	0.230826	0.494243	21.0182
1859	-0.00232846	0.230818	0.494316	21.024
1860	-0.00234649	0.230811	0.494214	21.0298
1861	-0.00234043	0.230803	0.494156	21.0356
1862	-0.00239988	0.230797	0.494249	21.0414
1863	-0.00221651	0.230786	0.494371	21.0472
1864	-0.00238368	0.23078	0.494341	21.053
1865	-0.0025462	0.230777	0.494303	21.0588
1866	-0.00228598	0.230768	0.494355	21.0646
1867	-0.00248317	0.230763	0.494343	21.0704
1868	-0.00229276	0.230755	0.494375	21.0762
1869	-0.0021369	0.230742	0.49444	21.082
1870	-0.00247606	0.230738	0.494442	21.0878
1871	-0.00249452	0.230734	0.494438	21.0936
1872	-0.00279353	0.230737	0.494439	21.0994
1873	-0.00299427	0.230745	0.49456	21.1052
1874	-0.00316981	0.230756	0.494641	21.111
1875	-0.00313293	0.230767	0.494612	21.1168
1876	-0.00291517	0.230773	0.494506	21.1226
1877	-0.00325359	0.230787	0.494204	21.1283
1878	-0.00348484	0.230806	0.49423	21.1341
1879	-0.00327013	0.23082	0.494275	21.1399
1880	-0.00347067	0.230838	0.494262	21.1457
1881	-0.00341138	0.230856	0.494176	21.1515
1882	-0.00359263	0.230877	0.494251	21.1572
1883	-0.00332587	0.230893	0.49439	21.163
1884	-0.00341378	0.23091	0.494359	21.1688
1885	-0.00371687	0.230934	0.49459	21.1745
1886	-0.00413203	0.230968	0.494841	21.1803
1887	-0.0039537	0.230998	0.494941	21.1861
1888	-0.00398881	0.231029	0.494933	21.1919
1889	-0.00406803	0.231061	0.494933	21.1977
1890	-0.00435826	0.2311	0.494867	21.2034
1891	-0.00408582	0.231133	0.494893	21.2092
1892	-0.00405927	0.231165	0.494964	21.215
1893	-0.00405188	0.231197	0.494787	21.2208
1894	-0.00432243	0.231236	0.494863	21.2265
1895	-0.004291	0.231273	0.494615	21.2323
1896	-0.00449642	0.231316	0.494601	21.238
1897	-0.00419971	0.231351	0.494753	21.2438
1898	-0.00427656	0.231388	0.494517	21.2496
1899	-0.00398409	0.231419	0.494538	21.2553
1900	-0.00417552	0.231454	0.494611	21.2611
1901	-0.0043344	0.231492	0.494301	21.2668
1902	-0.00436436	0.231531	0.494397	21.2726
1903	-0.00440376	0.231572	0.494058	21.2783
1904	-0.00443335	0.231612	0.493989	21.284
1905	-0.00449836	0.231655	0.494037	21.2898
1906	-0.00439492	0.231694	0.494165	21.2955
1907	-0.00419652	0.23173	0.494293	21.3012
1908	-0.00441893	0.23177	0.494289	21.307
1909	-0.00417868	0.231805	0.494351	21.3127
1910	-0.00431064	0.231843	0.494195	21.3184
1911	-0.00440989	0.231883	0.494135	21.3241
1912	-0.00449991	0.231926	0.494047	21.3299
1913	-0.00451117	0.231968	0.493997	21.3356
1914	-0.00487132	0.232019	0.494046	21.3413
1915	-0.00520725	0.232077	0.49404	21.347
1916	-0.00471968	0.232125	0.494148	21.3527
1917	-0.00460753	0.232169	0.494126	21.3584
1918	-0.00428593	0.232207	0.494255	21.3642
1919	-0.00412613	0.23224	0.494036	21.3699
1920	-0.00441458	0.232281	0.493992	21.3756
1921	-0.00482971	0.23233	0.494122	21.3813
1922	-0.00468654	0.232377	0.494237	21.387
1923	-0.00439368	0.232417	0.494428	21.3927
1924	-0.00439595	0.232456	0.494418	21.3984
1925	-0.00490319	0.232508	0.494664	21.4041
1926	-0.00450511	0.23255	0.494668	21.4099
1927	-0.00461152	0.232595	0.494405	21.4156
1928	-0.00465176	0.23264	0.494438	21.4213
1929	-0.00442262	0.232681	0.494468	21.427
1930	-0.00465454	0.232726	0.494455	21.4327
1931	-0.00459094	0.232771	0.4943	21.4384
1932	-0.00455315	0.232814	0.494317	21.4441
1933	-0.00439969	0.232854	0.494398	21.4498
1934	-0.0045293	0.232897	0.494523	21.4555
1935	-0.00436421	0.232936	0.494582	21.4612
1936	-0.00452865	0.232978	0.494499	21.4669
1937	-0.00422204	0.233014	0.494421	21.4726
1938	-0.00453345	0.233057	0.494451	21.4782
1939	-0.00471321	0.233104	0.494381	21.4839
1940	-0.00514054	0.233161	0.494447	21.4896
1941	-0.00493373	0.233213	0.494418	21.4953
1942	-0.00511061	0.233269	0.494349	21.501
1943	-0.00485527	0.233319	0.494478	21.5067
1944	-0.00469501	0.233365	0.49453	21.5124
1945	-0.00493056	0.233417	0.494597	21.518
1946	-0.00445381	0.233458	0.494809	21.5237
1947	-0.00462912	0.233503	0.494602	21.5294
1948	-0.00440935	0.233543	0.494627	21.5351
1949	-0.00432915	0.233581	0.494747	21.5408
1950	-0.00445598	0.233622	0.494663	21.5464
1951	-0.00434436	0.233661	0.494781	21.5521
1952	-0.00447704	0.233702	0.494701	21.5578
1953	-0.00467827	0.233748	0.494752	21.5635
1954	-0.00518412	0.233805	0.494978	21.5692
1955	-0.00484228	0.233855	0.495154	21.5748
1956	-0.00491005	0.233906	0.495183	21.5805
1957	-0.00445535	0.233947	0.495375	21.5862
1958	-0.00445941	0.233988	0.495374	21.5919
1959	-0.00482961	0.234038	0.495334	21.5976
1960	-0.00502995	0.234092	0.495344	21.6032
1961	-0.00499733	0.234145	0.495347	21.6089
1962	-0.00506785	0.2342	0.49524	21.6146
1963	-0.00549175	0.234264	0.495377	21.6203
1964	-0.00556164	0.23433	0.495367	21.6259
1965	-0.00588286	0.234403	0.495261	21.6316
1966	-0.00595428	0.234477	0.495162	21.6373
1967	-0.00596354	0.234552	0.495161	21.6429
1968	-0.00583532	0.234624	0.495084	21.6486
1969	-0.00558039	0.23469	0.494804	21.6543
1970	-0.00558044	0.234757	0.494648	21.6599
1971	-0.00587171	0.234829	0.494226	21.6655
1972	-0.00597036	0.234904	0.493528	21.6712
1973	-0.00651438	0.234991	0.493654	21.6768
1974	-0.00671923	0.235083	0.493555	21.6824
1975	-0.006523	0.23517	0.493483	21.688
1976	-0.0063311	0.235253	0.493462	21.6936
1977	-0.00662081	0.235342	0.49359	21.6992
1978	-0.00684288	0.235437	0.493717	21.7048
