#	<x>	stDevX	<E>	stDevE
0	0.140913	-nan	-0.298915	-nan
1	0.0404649	0.0906891	0.276912	0.0110016
2	0.0593525	0.113482	0.212631	0.0898627
3	0.167657	0.176837	0.285626	0.206224
4	0.184818	0.237282	0.301396	0.31106
5	0.21072	0.299605	0.262807	0.387755
6	0.226337	0.360517	0.215298	0.439423
7	0.254489	0.424892	0.2854	0.509689
8	0.191275	0.46387	0.251122	0.563258
9	0.209432	0.505638	0.0877846	0.564018
10	0.251095	0.55672	0.114934	0.573521
11	0.269128	0.609618	0.132122	0.587904
12	0.257888	0.656466	0.167485	0.611441
13	0.307146	0.713568	0.198606	0.642099
14	0.237291	0.750329	0.206303	0.673376
15	0.199474	0.776407	0.233504	0.70997
16	0.241427	0.811508	0.299125	0.760504
17	0.210481	0.838225	0.300229	0.80913
18	0.204046	0.862693	0.296011	0.854865
19	0.218503	0.889638	0.247509	0.88832
20	0.219497	0.916029	0.274279	0.926407
21	0.237322	0.945418	0.301551	0.968948
22	0.180807	0.962466	0.319646	1.01382
23	0.169254	0.976915	0.325099	1.05837
24	0.155911	0.988561	0.325027	1.10158
25	0.143564	0.997749	0.330315	1.14458
26	0.140983	1.00645	0.328021	1.18596
27	0.128063	1.01276	0.337996	1.22812
28	0.111743	1.01617	0.349974	1.27138
29	0.126753	1.02243	0.3671	1.31665
30	0.114744	1.02664	0.374928	1.36221
31	0.143653	1.03599	0.395982	1.41035
32	0.155513	1.04733	0.408686	1.45955
33	0.163379	1.05989	0.419536	1.50947
34	0.144838	1.06922	0.42142	1.55861
35	0.145686	1.07864	0.41503	1.60564
36	0.130365	1.08552	0.42752	1.65373
37	0.153308	1.09607	0.447722	1.70409
38	0.136343	1.10385	0.449754	1.75377
39	0.131346	1.11083	0.445684	1.80186
40	0.136749	1.11864	0.454402	1.8504
41	0.134391	1.12606	0.460926	1.89906
42	0.153067	1.13627	0.474145	1.94884
43	0.13968	1.14441	0.479247	1.99851
44	0.147726	1.15369	0.451404	2.04323
45	0.148293	1.16299	0.445537	2.08637
46	0.134538	1.17023	0.448527	2.12927
47	0.130753	1.17692	0.449414	2.17164
48	0.121945	1.18234	0.453168	2.2139
49	0.128943	1.18875	0.458076	2.25624
50	0.121229	1.19409	0.445451	2.29622
51	0.125203	1.19997	0.452464	2.33661
52	0.117359	1.20478	0.453669	2.37662
53	0.121143	1.21012	0.461373	2.41713
54	0.113441	1.21443	0.464915	2.45758
55	0.109957	1.2183	0.459345	2.49677
56	0.10196	1.22114	0.460589	2.53564
57	0.0932335	1.22289	0.458017	2.57369
58	0.0839104	1.2235	0.455294	2.61094
59	0.0745032	1.22297	0.460465	2.64841
60	0.0860763	1.224	0.466014	2.68615
61	0.0738864	1.22356	0.476313	2.72476
62	0.072163	1.22299	0.477332	2.76306
63	0.0723806	1.22253	0.479229	2.80117
64	0.0728496	1.2222	0.480499	2.83901
65	0.0806447	1.2229	0.481217	2.87654
66	0.093631	1.22523	0.488945	2.91461
67	0.0996543	1.22832	0.49038	2.95245
68	0.101211	1.23162	0.491485	2.99003
69	0.0955648	1.23426	0.492137	3.02731
70	0.0920807	1.23651	0.492698	3.06428
71	0.0937643	1.23899	0.493171	3.10094
72	0.0961729	1.24177	0.487056	3.13654
73	0.0995592	1.24496	0.474712	3.17038
74	0.0879485	1.24684	0.47308	3.20372
75	0.0766688	1.24745	0.479078	3.23745
76	0.0796695	1.24845	0.480295	3.27101
77	0.0894406	1.25059	0.481826	3.30446
78	0.0911841	1.25295	0.477471	3.33712
79	0.0927741	1.2555	0.475838	3.36933
80	0.0999442	1.25886	0.474174	3.40109
81	0.103634	1.26263	0.474206	3.43259
82	0.106196	1.26668	0.472884	3.4637
83	0.103324	1.27041	0.469028	3.49414
84	0.10376	1.2742	0.467416	3.52417
85	0.108048	1.27844	0.467269	3.55396
86	0.114285	1.28334	0.47053	3.58387
87	0.115717	1.28837	0.46341	3.6128
88	0.111016	1.2929	0.452116	3.64033
89	0.111432	1.29746	0.456596	3.66814
90	0.1018	1.301	0.458766	3.69598
91	0.098185	1.30417	0.458514	3.72361
92	0.0974843	1.30727	0.458104	3.751
93	0.101821	1.31082	0.463511	3.77876
94	0.0962392	1.3138	0.462433	3.80623
95	0.0965539	1.31681	0.463641	3.83363
96	0.0965899	1.31983	0.465282	3.86103
97	0.103367	1.32354	0.470259	3.88874
98	0.109387	1.32785	0.473515	3.9166
99	0.103994	1.33161	0.473108	3.94424
100	0.0974644	1.33471	0.466601	3.97106
101	0.0874396	1.33683	0.467052	3.99776
102	0.0890077	1.33912	0.467878	4.02437
103	0.0815289	1.34069	0.469582	4.05099
104	0.0826658	1.34238	0.470897	4.07758
105	0.0752223	1.34336	0.472479	4.10416
106	0.0826389	1.34508	0.474807	4.1308
107	0.0811659	1.34667	0.477112	4.15751
108	0.0889751	1.34902	0.478679	4.18421
109	0.0941263	1.35187	0.481736	4.21105
110	0.0991066	1.35518	0.482935	4.23784
111	0.0971306	1.35831	0.479727	4.26418
112	0.102338	1.36193	0.477999	4.2902
113	0.0978122	1.36511	0.476972	4.31599
114	0.0970065	1.36822	0.474751	4.34142
115	0.102243	1.37182	0.47637	4.36687
116	0.0931258	1.37456	0.482038	4.39271
117	0.0944161	1.37743	0.478931	4.41811
118	0.0935271	1.38022	0.47622	4.44314
119	0.091151	1.38279	0.474924	4.46792
120	0.0898653	1.38525	0.473394	4.49243
121	0.0898609	1.38771	0.473284	4.51681
122	0.0923159	1.39039	0.471945	4.54094
123	0.0883339	1.39272	0.475703	4.56529
124	0.0838546	1.39465	0.472282	4.58921
125	0.0932958	1.39743	0.480312	4.61373
126	0.0883204	1.39977	0.478159	4.63794
127	0.0865733	1.40196	0.469896	4.6613
128	0.0829318	1.40383	0.470818	4.68463
129	0.0855449	1.40593	0.464654	4.70731
130	0.0882177	1.40828	0.466418	4.73005
131	0.0909737	1.41086	0.468772	4.75288
132	0.0895015	1.41332	0.469958	4.77571
133	0.0892246	1.41576	0.468259	4.79829
134	0.0920483	1.41843	0.467873	4.82074
135	0.0926296	1.42116	0.470095	4.84328
136	0.0885765	1.42354	0.472554	4.86592
137	0.0915522	1.42618	0.47377	4.88858
138	0.0904348	1.42872	0.476269	4.91134
139	0.0957423	1.43171	0.477323	4.93409
140	0.0957793	1.4347	0.477289	4.95674
141	0.0962418	1.43772	0.472459	4.97889
142	0.0969795	1.4408	0.471095	5.00083
143	0.0928237	1.44353	0.464231	5.02211
144	0.0926851	1.44625	0.464949	5.04336
145	0.0918857	1.4489	0.464153	5.06446
146	0.0902062	1.45141	0.466708	5.08568
147	0.0949074	1.45431	0.469292	5.10704
148	0.0929525	1.45705	0.461489	5.12766
149	0.0882136	1.45939	0.464187	5.14843
150	0.0882711	1.46174	0.461902	5.16894
151	0.0859213	1.46391	0.46152	5.18933
152	0.080581	1.46564	0.463316	5.20979
153	0.075334	1.46695	0.463051	5.23015
154	0.076005	1.46833	0.464079	5.25052
155	0.0741255	1.46956	0.465151	5.27089
156	0.0721621	1.47065	0.465823	5.29124
157	0.0690296	1.47149	0.469018	5.31177
158	0.0724384	1.47261	0.470082	5.33231
159	0.0713679	1.47365	0.466296	5.35248
160	0.0683317	1.47447	0.466987	5.37262
161	0.0669723	1.47518	0.466949	5.39269
162	0.0663553	1.47586	0.465092	5.41254
163	0.0639717	1.47636	0.464802	5.4323
164	0.0700047	1.47734	0.469809	5.45238
165	0.0710227	1.47841	0.471143	5.47249
166	0.0672831	1.47919	0.469535	5.4924
167	0.0702359	1.48021	0.469324	5.51223
168	0.0678441	1.48106	0.470376	5.53207
169	0.0641109	1.48162	0.471458	5.55193
170	0.0681409	1.48251	0.474901	5.57198
171	0.0689508	1.48346	0.472615	5.59178
172	0.068041	1.48435	0.465781	5.611
173	0.0686253	1.48529	0.466198	5.63019
174	0.070765	1.4864	0.468384	5.64948
175	0.073635	1.48773	0.467891	5.66866
176	0.0686772	1.48869	0.47163	5.68807
177	0.067769	1.48959	0.471885	5.70743
178	0.0651183	1.4903	0.472613	5.72678
179	0.0665474	1.49112	0.469434	5.74583
180	0.0628022	1.49168	0.467062	5.76465
181	0.0635597	1.4923	0.466305	5.78334
182	0.063182	1.49289	0.463983	5.80181
183	0.058491	1.49315	0.461743	5.82006
184	0.0551205	1.49318	0.462358	5.8383
185	0.0522734	1.493	0.463427	5.85655
186	0.0472501	1.49247	0.464447	5.87483
187	0.0476452	1.49198	0.464586	5.89306
188	0.0466054	1.49143	0.465463	5.9113
189	0.0439186	1.4907	0.467302	5.92962
190	0.045631	1.49011	0.467176	5.94788
191	0.047053	1.48963	0.46668	5.96604
192	0.0482012	1.48925	0.46708	5.98418
193	0.0494928	1.48897	0.468684	6.00238
194	0.0511612	1.48882	0.465775	6.02032
195	0.0473465	1.48841	0.46712	6.0383
196	0.0444455	1.4878	0.464872	6.05607
197	0.0452455	1.48727	0.464324	6.07375
198	0.0454657	1.48676	0.464667	6.0914
199	0.0452112	1.48625	0.462149	6.10883
200	0.0412754	1.48547	0.463882	6.12633
201	0.0408549	1.48467	0.465812	6.14391
202	0.0402751	1.48385	0.466584	6.1615
203	0.0485912	1.48362	0.475084	6.17964
204	0.0514331	1.4836	0.471904	6.1975
205	0.0513536	1.48358	0.470819	6.21524
206	0.0507673	1.48353	0.466719	6.23264
207	0.0496785	1.48341	0.466777	6.25
208	0.0490208	1.48326	0.468185	6.26741
209	0.0486499	1.48309	0.467915	6.28475
210	0.0509655	1.48309	0.466544	6.30196
211	0.0490458	1.48296	0.467909	6.31921
212	0.0468301	1.48269	0.468936	6.33648
213	0.0489266	1.48258	0.47014	6.35379
214	0.0519533	1.48268	0.468868	6.37097
215	0.049811	1.48264	0.467075	6.38798
216	0.0455142	1.48232	0.46951	6.40511
217	0.043685	1.48188	0.466911	6.42202
218	0.0416822	1.48132	0.465897	6.43882
219	0.0429941	1.48086	0.465295	6.45554
220	0.0401201	1.48021	0.466127	6.47226
221	0.038039	1.47944	0.466358	6.48897
222	0.0350797	1.47847	0.467696	6.50571
223	0.0369362	1.47765	0.467786	6.52243
224	0.0388578	1.47696	0.46897	6.53918
225	0.0408501	1.47641	0.469074	6.55589
226	0.0379311	1.47568	0.468949	6.57256
227	0.0389129	1.47503	0.46814	6.58913
228	0.0395391	1.47443	0.467478	6.60561
229	0.0388682	1.47379	0.467959	6.62209
230	0.0397936	1.47322	0.46861	6.63857
231	0.0395839	1.47265	0.469025	6.65503
232	0.0381154	1.47199	0.465809	6.67125
233	0.0377729	1.47132	0.458019	6.68692
234	0.0379842	1.47067	0.456756	6.70247
235	0.0413591	1.47026	0.458732	6.71811
236	0.0389721	1.46969	0.459819	6.73379
237	0.0406348	1.46924	0.459804	6.74943
238	0.0375897	1.4686	0.461977	6.76517
239	0.0363503	1.46789	0.462576	6.78092
240	0.0371892	1.46725	0.462811	6.79665
241	0.0375673	1.46664	0.460502	6.81219
242	0.0365975	1.46597	0.460829	6.82772
243	0.0338341	1.46514	0.461835	6.84327
244	0.0325182	1.46423	0.463118	6.85888
245	0.0331363	1.46337	0.463472	6.87447
246	0.0351499	1.46265	0.465226	6.89014
247	0.0336724	1.46184	0.462906	6.90562
248	0.03347	1.46103	0.462682	6.92106
249	0.0338333	1.46026	0.462935	6.93648
250	0.0327721	1.45942	0.463662	6.95191
251	0.0337681	1.45866	0.463168	6.96728
252	0.033172	1.45786	0.463181	6.98261
253	0.0299082	1.45688	0.464906	6.99802
254	0.0277287	1.45576	0.465491	7.01343
255	0.0267859	1.4546	0.466953	7.0289
256	0.0252634	1.45335	0.467293	7.04436
257	0.0252672	1.45211	0.466794	7.05975
258	0.0245269	1.45084	0.462977	7.07488
259	0.0251221	1.44961	0.461996	7.08991
260	0.0263888	1.44847	0.462522	7.10494
261	0.0279594	1.44744	0.464502	7.12006
262	0.0282629	1.44643	0.465841	7.13524
263	0.0261989	1.44531	0.465945	7.15038
264	0.0266595	1.44423	0.4642	7.16539
265	0.0295615	1.44333	0.46454	7.18039
266	0.0294924	1.44244	0.465063	7.19539
267	0.0311709	1.44165	0.465881	7.21041
268	0.0310877	1.44087	0.466803	7.22545
269	0.0282301	1.43993	0.467031	7.24048
270	0.0268128	1.4389	0.467693	7.25552
271	0.0270425	1.4379	0.468425	7.27057
272	0.029	1.43703	0.469975	7.28568
273	0.026853	1.43603	0.471463	7.30085
274	0.0245461	1.43491	0.472101	7.31603
275	0.0258857	1.43387	0.473333	7.33125
276	0.0242906	1.43274	0.474445	7.34651
277	0.0229627	1.43155	0.474645	7.36175
278	0.0230275	1.43037	0.474515	7.37695
279	0.0222756	1.42915	0.472873	7.39202
280	0.0262741	1.42818	0.476437	7.40727
281	0.0264388	1.42722	0.477507	7.42256
282	0.0267892	1.4263	0.476367	7.43775
283	0.0268067	1.42538	0.475219	7.45284
284	0.0254966	1.42439	0.476471	7.46797
285	0.0259883	1.42344	0.476746	7.48309
286	0.0277586	1.42261	0.47817	7.49826
287	0.0277492	1.42178	0.477053	7.51334
288	0.0240361	1.42073	0.479367	7.52853
289	0.024677	1.41974	0.479975	7.54372
290	0.0231696	1.41866	0.479075	7.55882
291	0.0226721	1.41756	0.478755	7.57388
292	0.0204776	1.41634	0.478788	7.58892
293	0.0201218	1.41511	0.476995	7.60381
294	0.0148036	1.41358	0.480963	7.61891
295	0.0140428	1.41201	0.480953	7.63398
296	0.01338	1.41042	0.47902	7.64891
297	0.0103376	1.40865	0.480121	7.66388
298	0.00931083	1.40684	0.480486	7.67884
299	0.0100305	1.40508	0.479675	7.69372
300	0.0125782	1.40348	0.480799	7.70864
301	0.0114773	1.40182	0.480066	7.72348
302	0.00893856	1.40002	0.480832	7.73835
303	0.00979236	1.39829	0.481793	7.75324
304	0.010435	1.3966	0.476717	7.76781
305	0.0121931	1.39502	0.475842	7.78231
306	0.0144368	1.39357	0.47579	7.79678
307	0.0158735	1.39222	0.476364	7.81125
308	0.0165833	1.39091	0.477676	7.82577
309	0.0165034	1.38961	0.475101	7.84012
310	0.0184002	1.38843	0.475614	7.85447
311	0.0195687	1.38731	0.475977	7.86882
312	0.0179037	1.38611	0.474911	7.88308
313	0.0204478	1.38506	0.476688	7.89742
314	0.0198066	1.38398	0.476279	7.9117
315	0.0180205	1.38281	0.477116	7.92601
316	0.0196496	1.38174	0.477235	7.9403
317	0.0197312	1.38067	0.476766	7.95454
318	0.0215398	1.37972	0.477462	7.96879
319	0.0190633	1.37863	0.477601	7.98303
320	0.0206219	1.37764	0.476647	7.99718
321	0.0204731	1.37664	0.476214	8.01129
322	0.0193356	1.37559	0.476582	8.0254
323	0.0198397	1.37457	0.476498	8.03947
324	0.0194381	1.37354	0.476334	8.05351
325	0.0180317	1.37244	0.475591	8.06749
326	0.021752	1.37154	0.4778	8.08157
327	0.0222719	1.37069	0.478268	8.09564
328	0.0223506	1.36984	0.479273	8.10975
329	0.0252513	1.36915	0.479634	8.12385
330	0.0269594	1.36857	0.477754	8.13783
331	0.026678	1.36798	0.476754	8.15173
332	0.0261648	1.36736	0.476488	8.16559
333	0.0254168	1.36671	0.476975	8.17945
334	0.0241142	1.36599	0.477112	8.1933
335	0.0241253	1.36527	0.473453	8.20692
336	0.0230981	1.36451	0.474793	8.2206
337	0.0206742	1.36362	0.476215	8.23433
338	0.0217118	1.36279	0.476911	8.24808
339	0.0230445	1.36203	0.476156	8.26176
340	0.0270614	1.36151	0.47968	8.27561
341	0.0283105	1.36105	0.479069	8.28941
342	0.0292068	1.36064	0.478099	8.30313
343	0.026184	1.36008	0.478678	8.31685
344	0.0266136	1.35954	0.479375	8.3306
345	0.0244638	1.3589	0.480241	8.34437
346	0.0235136	1.3582	0.477275	8.35795
347	0.0236313	1.35752	0.47535	8.37142
348	0.0255455	1.35695	0.476033	8.38489
349	0.024172	1.3563	0.475797	8.39834
350	0.0235942	1.35563	0.476416	8.41179
351	0.0214002	1.35485	0.477243	8.42527
352	0.0202506	1.35401	0.477452	8.43874
353	0.01936	1.35313	0.478295	8.45223
354	0.0181559	1.35219	0.478621	8.46572
355	0.0154431	1.35111	0.479243	8.47922
356	0.0161823	1.35008	0.479495	8.49271
357	0.0153129	1.349	0.479755	8.50619
358	0.0144126	1.34789	0.479261	8.51963
359	0.0136842	1.34674	0.479576	8.53306
360	0.0128209	1.34555	0.479042	8.54645
361	0.0130547	1.34438	0.479285	8.55982
362	0.0146093	1.3433	0.479848	8.57321
363	0.0155861	1.34228	0.481195	8.58664
364	0.0147584	1.34121	0.482256	8.60011
365	0.0140375	1.34012	0.482059	8.61355
366	0.0135444	1.339	0.482334	8.62698
367	0.0146977	1.33795	0.483295	8.64044
368	0.015544	1.33695	0.48327	8.65388
369	0.0186295	1.33611	0.485808	8.66743
370	0.0205277	1.33538	0.484795	8.68091
371	0.019261	1.33459	0.48406	8.69433
372	0.0193772	1.3338	0.483478	8.7077
373	0.0169027	1.3329	0.485169	8.72114
374	0.0153432	1.33192	0.486109	8.7346
375	0.0141857	1.33088	0.486473	8.74806
376	0.016986	1.32999	0.488858	8.76163
377	0.0158096	1.32905	0.48882	8.77517
378	0.013238	1.32798	0.489901	8.78875
379	0.0115883	1.32683	0.490618	8.80234
380	0.00957452	1.32558	0.491343	8.81595
381	0.0101916	1.32437	0.491766	8.82956
382	0.0108666	1.3232	0.492761	8.84321
383	0.00960244	1.32197	0.493156	8.85685
384	0.00665752	1.32059	0.495871	8.87061
385	0.00675875	1.31923	0.495292	8.88432
386	0.00518752	1.31779	0.494998	8.89799
387	0.00458918	1.31633	0.49614	8.9117
388	0.0051914	1.3149	0.496265	8.9254
389	0.00572732	1.31351	0.496269	8.93907
390	0.00379775	1.31202	0.497105	8.95277
391	0.00246313	1.31048	0.498362	8.96651
392	0.00272296	1.30895	0.499504	8.98029
393	0.000939979	1.30734	0.500395	8.9941
394	0.00018446	1.3057	0.500233	9.00787
395	-0.000488931	1.30403	0.498677	9.02155
396	0.000421034	1.30241	0.497581	9.03515
397	0.00253045	1.3009	0.49828	9.04876
398	0.00244784	1.2994	0.497963	9.06234
399	-0.000458335	1.29775	0.499222	9.07597
400	-0.00104475	1.29609	0.500114	9.08961
401	-0.00217845	1.29437	0.499727	9.10322
402	-0.00228924	1.29265	0.499926	9.11682
403	-0.00308874	1.2909	0.500715	9.13044
404	-0.00224683	1.2892	0.501305	9.14407
405	-0.003602	1.28744	0.501884	9.15771
406	-0.00222393	1.28575	0.50291	9.17137
407	-0.00255945	1.28405	0.501958	9.18498
408	-0.00302002	1.28233	0.502389	9.19858
409	-0.00247983	1.28065	0.502745	9.21218
410	-0.00178848	1.27901	0.50242	9.22575
411	-0.000381101	1.27744	0.503133	9.23933
412	-0.00128835	1.27583	0.503478	9.25291
413	-0.000593827	1.27426	0.503402	9.26646
414	-0.000775474	1.27269	0.503283	9.27999
415	0.00131372	1.27123	0.504345	9.29356
416	0.0022724	1.26982	0.504327	9.3071
417	0.00328468	1.26847	0.503512	9.32059
418	0.00550426	1.26722	0.504951	9.33412
419	0.00437669	1.26593	0.505628	9.34767
420	0.00626042	1.26473	0.504935	9.36117
421	0.00711747	1.26358	0.505008	9.37466
422	0.00891478	1.26253	0.505691	9.38815
423	0.0101275	1.26153	0.505614	9.40163
424	0.0117335	1.26062	0.505914	9.4151
425	0.0141805	1.25983	0.507408	9.42862
426	0.0136213	1.25901	0.505133	9.44202
427	0.0115788	1.2581	0.506354	9.45545
428	0.0119602	1.25722	0.506694	9.46889
429	0.0108493	1.25628	0.506809	9.48231
430	0.00984098	1.2553	0.506624	9.4957
431	0.0100777	1.25433	0.506573	9.50907
432	0.00982033	1.25336	0.505747	9.52239
433	0.0115435	1.25247	0.506577	9.53573
434	0.0129349	1.25165	0.507045	9.54907
435	0.0118917	1.25079	0.507647	9.56242
436	0.0116743	1.24992	0.505914	9.57567
437	0.0127179	1.2491	0.50621	9.58892
438	0.0143864	1.24837	0.507115	9.60219
439	0.0137523	1.24761	0.506772	9.61543
440	0.0143129	1.24687	0.507575	9.62869
441	0.0142908	1.24614	0.507268	9.64192
442	0.0131024	1.24536	0.50714	9.65512
443	0.013759	1.24461	0.505535	9.66823
444	0.0139947	1.24388	0.506097	9.68135
445	0.0122605	1.24307	0.507429	9.69452
446	0.0102614	1.24217	0.507717	9.70768
447	0.0118061	1.24134	0.506824	9.72078
448	0.0120603	1.24053	0.505952	9.73382
449	0.0115475	1.23969	0.505406	9.74683
450	0.0119589	1.23889	0.5036	9.75973
451	0.0118332	1.23807	0.502605	9.77256
452	0.0113904	1.23724	0.503051	9.7854
453	0.0128338	1.23648	0.503994	9.79827
454	0.0127109	1.23572	0.503532	9.8111
455	0.0104924	1.23486	0.503459	9.82391
456	0.0106047	1.23401	0.50252	9.83666
457	0.0116679	1.23321	0.503479	9.84944
458	0.0110233	1.23238	0.503189	9.86219
459	0.010916	1.23155	0.501473	9.87485
460	0.00994327	1.23068	0.501948	9.88751
461	0.0116657	1.22989	0.503142	9.90021
462	0.0100003	1.22903	0.503594	9.91291
463	0.00962722	1.22816	0.503653	9.9256
464	0.0076656	1.22719	0.504971	9.93834
465	0.00685842	1.2262	0.505514	9.95108
466	0.00626374	1.22517	0.505105	9.9638
467	0.00498898	1.2241	0.504263	9.97645
468	0.0048256	1.22302	0.504657	9.98911
469	0.00364886	1.22189	0.505391	10.0018
470	0.00271651	1.22072	0.506275	10.0145
471	0.00487748	1.21965	0.50786	10.0273
472	0.00615502	1.21864	0.507831	10.04
473	0.00477421	1.21758	0.507552	10.0527
474	0.00381771	1.21648	0.507483	10.0654
475	0.00297271	1.21534	0.506937	10.0781
476	0.00258798	1.21418	0.507071	10.0907
477	0.00227255	1.21302	0.50761	10.1034
478	0.00256311	1.21187	0.506483	10.1159
479	0.00210449	1.21071	0.507205	10.1286
480	0.0019918	1.20954	0.506857	10.1411
481	0.00358613	1.20845	0.507317	10.1537
482	0.00416808	1.20739	0.507012	10.1663
483	0.00317648	1.20629	0.50719	10.1788
484	0.00329546	1.2052	0.507731	10.1914
485	0.0055076	1.20421	0.507381	10.2039
486	0.00616998	1.20325	0.508235	10.2164
487	0.00540033	1.20227	0.508749	10.229
488	0.0062696	1.20132	0.509424	10.2416
489	0.00608917	1.20037	0.510081	10.2541
490	0.00845459	1.19954	0.511889	10.2668
491	0.0106174	1.1988	0.51226	10.2794
492	0.0106897	1.19806	0.511422	10.292
493	0.00997535	1.1973	0.511424	10.3046
494	0.0100946	1.19655	0.510377	10.3172
495	0.00879856	1.19574	0.510046	10.3296
496	0.007393	1.19487	0.510879	10.3422
497	0.00764442	1.19401	0.511536	10.3547
498	0.00683482	1.19312	0.511114	10.3672
499	0.0073452	1.19226	0.510099	10.3796
500	0.0079334	1.19143	0.509667	10.392
501	0.0077676	1.19059	0.508594	10.4044
502	0.0069936	1.18972	0.507972	10.4167
503	0.00744974	1.18887	0.507156	10.4289
504	0.0066867	1.18799	0.507215	10.4412
505	0.00774908	1.18716	0.507385	10.4534
506	0.0069356	1.1863	0.507888	10.4656
507	0.00727761	1.18546	0.508204	10.4779
508	0.0067592	1.1846	0.508075	10.4901
509	0.00705097	1.18375	0.508172	10.5023
510	0.00778595	1.18294	0.506085	10.5144
511	0.00769592	1.18212	0.506447	10.5265
512	0.00848428	1.18135	0.507213	10.5386
513	0.00727307	1.18052	0.507889	10.5508
514	0.00698768	1.17968	0.507946	10.5629
515	0.00949504	1.17896	0.510115	10.5751
516	0.0110828	1.17831	0.510884	10.5874
517	0.00915029	1.17757	0.512344	10.5997
518	0.00800625	1.17679	0.513074	10.612
519	0.00971134	1.17609	0.512379	10.6242
520	0.0101018	1.1754	0.511947	10.6364
521	0.00910253	1.17467	0.511143	10.6486
522	0.00943423	1.17397	0.511181	10.6608
523	0.00932344	1.17325	0.511015	10.6729
524	0.0075761	1.17247	0.511485	10.6851
525	0.00675253	1.17165	0.511652	10.6972
526	0.00879715	1.17092	0.511532	10.7094
527	0.00819988	1.17017	0.511553	10.7215
528	0.00655224	1.16935	0.512622	10.7336
529	0.0072788	1.16857	0.512383	10.7457
530	0.00734532	1.16779	0.511703	10.7578
531	0.0075543	1.16702	0.511307	10.7699
532	0.007418	1.16624	0.509626	10.7818
533	0.00656601	1.16544	0.509462	10.7938
534	0.00613356	1.16462	0.50906	10.8057
535	0.00577603	1.16378	0.509168	10.8176
536	0.00614222	1.16296	0.509272	10.8295
537	0.00681436	1.16218	0.509429	10.8414
538	0.00642385	1.16138	0.509247	10.8533
539	0.00648775	1.16058	0.509286	10.8651
540	0.00764247	1.15984	0.509075	10.877
541	0.00896491	1.15916	0.507787	10.8887
542	0.0090435	1.15848	0.50664	10.9004
543	0.00856522	1.15778	0.507346	10.9122
544	0.00733716	1.15703	0.50774	10.9239
545	0.00664494	1.15626	0.50832	10.9356
546	0.00862048	1.15557	0.509692	10.9474
547	0.00959227	1.15493	0.510006	10.9592
548	0.0114801	1.15437	0.509015	10.971
549	0.0109742	1.15379	0.508536	10.9827
550	0.0106708	1.1532	0.508652	10.9944
551	0.0107781	1.15261	0.509147	11.0061
552	0.00976113	1.15199	0.509823	11.0178
553	0.00890225	1.15133	0.509908	11.0295
554	0.00922413	1.15068	0.50933	11.0412
555	0.00893359	1.15003	0.507232	11.0528
556	0.00800252	1.14933	0.507065	11.0643
557	0.00878965	1.14868	0.507246	11.0759
558	0.00761802	1.14797	0.507913	11.0874
559	0.00714839	1.14725	0.507858	11.099
560	0.00653312	1.14651	0.50817	11.1106
561	0.00778638	1.14581	0.507186	11.1221
562	0.00826618	1.14515	0.506571	11.1335
563	0.00829719	1.14448	0.506423	11.145
564	0.00714898	1.14377	0.506553	11.1564
565	0.00777363	1.14309	0.506997	11.1679
566	0.00751811	1.1424	0.506902	11.1793
567	0.0078009	1.14172	0.507047	11.1907
568	0.00834667	1.14107	0.507723	11.2022
569	0.00806161	1.14041	0.507759	11.2136
570	0.00795526	1.13974	0.507975	11.225
571	0.00827791	1.13909	0.507912	11.2365
572	0.00783635	1.13843	0.507565	11.2479
573	0.00860413	1.13779	0.508021	11.2593
574	0.00713126	1.1371	0.508532	11.2707
575	0.00659593	1.13639	0.508307	11.2821
576	0.00697976	1.1357	0.508113	11.2934
577	0.00632788	1.13498	0.508485	11.3048
578	0.00686186	1.13429	0.508747	11.3162
579	0.00752884	1.13362	0.50887	11.3275
580	0.00773707	1.13297	0.508789	11.3389
581	0.0073189	1.1323	0.508686	11.3502
582	0.00746811	1.13164	0.508572	11.3616
583	0.00835377	1.13102	0.508034	11.3729
584	0.00785808	1.13038	0.508728	11.3842
585	0.00814214	1.12975	0.508683	11.3955
586	0.00819359	1.12913	0.508539	11.4067
587	0.00772571	1.12849	0.508369	11.418
588	0.00838482	1.12787	0.508236	11.4292
589	0.0088305	1.12728	0.508229	11.4405
590	0.00892057	1.1267	0.508931	11.4517
591	0.00989866	1.12615	0.509464	11.463
592	0.0105029	1.12564	0.509799	11.4742
593	0.0105936	1.12512	0.510165	11.4855
594	0.010495	1.12461	0.508978	11.4967
595	0.0103242	1.12409	0.508685	11.5079
596	0.00915816	1.12352	0.509434	11.5191
597	0.00849719	1.12293	0.509843	11.5303
598	0.00988606	1.1224	0.510796	11.5416
599	0.0107628	1.1219	0.510668	11.5528
600	0.01192	1.12146	0.51151	11.564
601	0.0124385	1.12103	0.512182	11.5753
602	0.0122855	1.12061	0.51202	11.5866
603	0.0105355	1.12011	0.513295	11.5978
604	0.0107574	1.11962	0.513672	11.6091
605	0.0106794	1.11913	0.513739	11.6204
606	0.0102096	1.11862	0.51395	11.6317
607	0.00890538	1.11807	0.514937	11.643
608	0.00982255	1.11755	0.51538	11.6543
609	0.0110391	1.11708	0.516093	11.6657
610	0.0118353	1.11664	0.516348	11.677
611	0.0116974	1.11621	0.51551	11.6883
612	0.0109129	1.11574	0.515688	11.6996
613	0.0101671	1.11524	0.516002	11.7109
614	0.00909377	1.1147	0.515767	11.7222
615	0.00876842	1.11415	0.514614	11.7334
616	0.00835848	1.11358	0.514634	11.7446
617	0.00911552	1.11305	0.514318	11.7558
618	0.00926592	1.11252	0.51367	11.7669
619	0.010253	1.11204	0.512635	11.778
620	0.0100393	1.11155	0.512767	11.7891
621	0.00931266	1.11103	0.513302	11.8002
622	0.00902809	1.1105	0.513915	11.8113
623	0.00906185	1.10997	0.513567	11.8224
624	0.00946487	1.10946	0.513581	11.8335
625	0.00795581	1.1089	0.51453	11.8446
626	0.00720347	1.1083	0.514216	11.8557
627	0.0052972	1.10763	0.51564	11.8668
628	0.0056895	1.10698	0.51577	11.8779
629	0.00548697	1.10632	0.515097	11.889
630	0.00651845	1.1057	0.516001	11.9001
631	0.00549429	1.10505	0.515999	11.9112
632	0.00519885	1.10438	0.514861	11.9223
633	0.00555066	1.10373	0.514655	11.9333
634	0.00598256	1.1031	0.513632	11.9443
635	0.00661636	1.1025	0.51364	11.9553
636	0.00548292	1.10185	0.514456	11.9663
637	0.00533651	1.1012	0.513916	11.9772
638	0.00567013	1.10056	0.512901	11.9881
639	0.00498057	1.0999	0.51299	11.999
640	0.0052187	1.09925	0.511172	12.0099
641	0.00532443	1.0986	0.511583	12.0207
642	0.00528822	1.09796	0.511869	12.0315
643	0.00560063	1.09733	0.511435	12.0423
644	0.00416487	1.09664	0.511997	12.0532
645	0.00521351	1.096	0.512017	12.064
646	0.00475107	1.09534	0.511246	12.0747
647	0.00560772	1.09472	0.511423	12.0855
648	0.00514146	1.09408	0.511859	12.0963
649	0.00484415	1.09343	0.511298	12.107
650	0.00577571	1.09281	0.511725	12.1178
651	0.00595326	1.09221	0.511885	12.1285
652	0.00493266	1.09157	0.512631	12.1393
653	0.00413324	1.09089	0.512954	12.1501
654	0.00442918	1.09024	0.512555	12.1608
655	0.00347192	1.08954	0.51293	12.1716
656	0.00193048	1.08879	0.512849	12.1823
657	0.000538013	1.08798	0.512992	12.1931
658	0.000877087	1.08719	0.513107	12.2038
659	0.00228618	1.08646	0.512981	12.2145
660	0.0032629	1.08576	0.513452	12.2252
661	0.00338388	1.08508	0.513808	12.236
662	0.00362192	1.0844	0.513937	12.2467
663	0.00345152	1.08372	0.514058	12.2574
664	0.00385778	1.08305	0.514504	12.2682
665	0.00351981	1.08238	0.514854	12.2789
666	0.00340578	1.0817	0.51394	12.2896
667	0.00263605	1.08099	0.514348	12.3003
668	0.00376074	1.08033	0.515145	12.311
669	0.0032619	1.07965	0.515233	12.3217
670	0.00318355	1.07897	0.515056	12.3324
671	0.00261274	1.07827	0.515569	12.3431
672	0.00264219	1.07757	0.515691	12.3538
673	0.00150536	1.07683	0.515561	12.3645
674	0.000984536	1.07607	0.515016	12.3752
675	-0.000307248	1.07526	0.515819	12.3858
676	0.000530401	1.07449	0.515752	12.3965
677	0.000670437	1.07373	0.515618	12.4072
678	0.000214096	1.07294	0.515587	12.4178
679	-0.000697848	1.07213	0.516153	12.4285
680	-0.000373063	1.07133	0.515529	12.4391
681	-9.17392e-05	1.07054	0.514193	12.4497
682	-0.000898549	1.06972	0.51407	12.4602
683	-0.000752322	1.06891	0.514486	12.4708
684	-0.000657874	1.06811	0.514126	12.4813
685	-0.000313004	1.06732	0.513822	12.4918
686	-4.12026e-06	1.06654	0.513042	12.5023
687	-0.0014692	1.06571	0.513468	12.5128
688	-0.00233313	1.06485	0.513101	12.5233
689	-0.00431269	1.06392	0.51469	12.5338
690	-0.00429671	1.06298	0.51481	12.5443
691	-0.00463495	1.06204	0.515248	12.5548
692	-0.00434419	1.06111	0.515651	12.5653
693	-0.00428049	1.06018	0.516007	12.5759
694	-0.00511161	1.05923	0.516556	12.5864
695	-0.00443329	1.0583	0.516833	12.5969
696	-0.00372526	1.0574	0.516755	12.6075
697	-0.00405004	1.05649	0.516437	12.618
698	-0.00385561	1.05559	0.516258	12.6285
699	-0.00408191	1.05468	0.515718	12.639
700	-0.00378613	1.05379	0.514668	12.6494
701	-0.0036816	1.0529	0.514116	12.6598
702	-0.00380975	1.05201	0.513507	12.6701
703	-0.00319855	1.05114	0.51339	12.6805
704	-0.00244076	1.05031	0.514008	12.6908
705	-0.00268763	1.04946	0.5142	12.7012
706	-0.00428013	1.04856	0.515077	12.7116
707	-0.0047714	1.04764	0.514621	12.7219
708	-0.00530936	1.0467	0.514443	12.7323
709	-0.00573368	1.04575	0.513983	12.7426
710	-0.00524796	1.04482	0.513992	12.7529
711	-0.00527214	1.04389	0.514448	12.7632
712	-0.00314338	1.04304	0.516299	12.7736
713	-0.00373662	1.04217	0.51626	12.784
714	-0.00255763	1.04135	0.516538	12.7944
715	-0.00221304	1.04054	0.516216	12.8047
716	-0.00271757	1.03971	0.51494	12.815
717	-0.00317287	1.03887	0.514548	12.8253
718	-0.00275779	1.03805	0.514342	12.8355
719	-0.00217567	1.03725	0.513532	12.8458
720	-0.00210824	1.03645	0.512419	12.8559
721	-0.00197207	1.03566	0.512091	12.8661
722	-0.0019268	1.03487	0.512399	12.8762
723	-0.00272862	1.03406	0.51295	12.8864
724	-0.00286391	1.03324	0.513185	12.8966
725	-0.00339478	1.0324	0.513715	12.9068
726	-0.00322512	1.03157	0.513708	12.9169
727	-0.00297045	1.03075	0.513344	12.9271
728	-0.00223978	1.02996	0.513345	12.9372
729	-0.00255739	1.02917	0.51352	12.9474
730	-0.00231238	1.02838	0.513841	12.9575
731	-0.00298586	1.02756	0.513639	12.9676
732	-0.00229474	1.02678	0.51332	12.9777
733	-0.00234612	1.02599	0.513384	12.9878
734	-0.00295183	1.02519	0.513733	12.998
735	-0.00227927	1.02441	0.513261	13.008
736	-0.00297013	1.02361	0.512942	13.0181
737	-0.00356853	1.02278	0.511732	13.0281
738	-0.00407062	1.02194	0.512061	13.0381
739	-0.00421751	1.0211	0.511778	13.0481
740	-0.00485715	1.02023	0.512047	13.0581
741	-0.00557303	1.01934	0.511976	13.0681
742	-0.0050557	1.01847	0.511915	13.0781
743	-0.00337099	1.01766	0.512544	13.0881
744	-0.00380496	1.01684	0.512329	13.0981
745	-0.00362603	1.01602	0.510688	13.108
746	-0.00371293	1.01521	0.510067	13.1179
747	-0.00408173	1.01438	0.510381	13.1278
748	-0.0043979	1.01355	0.510721	13.1377
749	-0.00529319	1.01268	0.510865	13.1476
750	-0.00622276	1.01178	0.510996	13.1575
751	-0.00594156	1.01089	0.510652	13.1673
752	-0.00558938	1.01001	0.510787	13.1772
753	-0.00429653	1.00919	0.511373	13.1871
754	-0.00326635	1.0084	0.510976	13.1969
755	-0.00342907	1.00761	0.511279	13.2068
756	-0.00313928	1.00683	0.511704	13.2167
757	-0.00243313	1.00608	0.511764	13.2265
758	-0.00387336	1.00528	0.512638	13.2364
759	-0.00350761	1.00449	0.512668	13.2463
760	-0.00477341	1.00366	0.512967	13.2562
761	-0.00477658	1.00283	0.513044	13.2661
762	-0.00552971	1.00197	0.513027	13.276
763	-0.00588849	1.0011	0.5123	13.2858
764	-0.0055953	1.00025	0.51228	13.2956
765	-0.00566221	0.99939	0.511621	13.3054
766	-0.00495295	0.99856	0.511583	13.3152
767	-0.00539955	0.997716	0.51178	13.325
768	-0.00459775	0.996902	0.512043	13.3348
769	-0.0052538	0.996066	0.512433	13.3446
770	-0.00395637	0.995278	0.512888	13.3545
771	-0.00445669	0.994474	0.513135	13.3643
772	-0.00381406	0.993694	0.512004	13.374
773	-0.0038812	0.992914	0.511418	13.3838
774	-0.00352159	0.992147	0.511172	13.3935
775	-0.00378999	0.991373	0.510804	13.4032
776	-0.00323227	0.99062	0.510953	13.4129
777	-0.00256423	0.989892	0.510712	13.4226
778	-0.00237079	0.989172	0.510616	13.4323
779	-0.00214848	0.988462	0.510787	13.4419
780	-0.00196857	0.987759	0.510168	13.4516
781	-0.00186183	0.987062	0.509955	13.4612
782	-0.00151861	0.986378	0.509628	13.4708
783	-0.000749176	0.985722	0.509614	13.4804
784	-0.000970169	0.985061	0.509897	13.49
785	-0.00121591	0.984391	0.509869	13.4996
786	-0.00258841	0.983674	0.511054	13.5093
787	-0.00270212	0.982954	0.511334	13.5189
788	-0.00295853	0.982227	0.511063	13.5285
789	-0.00384486	0.981469	0.510869	13.5382
790	-0.00406387	0.980705	0.511056	13.5478
791	-0.00435562	0.979932	0.511376	13.5574
792	-0.0044144	0.979158	0.511425	13.567
793	-0.0058656	0.978334	0.512685	13.5766
794	-0.00589535	0.97751	0.511961	13.5863
795	-0.00529633	0.976709	0.511653	13.5959
796	-0.0059521	0.975886	0.511877	13.6055
797	-0.0062222	0.975055	0.511874	13.615
798	-0.00638562	0.97422	0.512188	13.6246
799	-0.00655404	0.97338	0.512186	13.6342
800	-0.00647769	0.972544	0.512511	13.6438
801	-0.00670494	0.971702	0.512567	13.6534
802	-0.00662909	0.970863	0.512463	13.663
803	-0.0065944	0.970028	0.512648	13.6726
804	-0.00694832	0.969181	0.512885	13.6822
805	-0.00708752	0.968331	0.512965	13.6917
806	-0.00723656	0.967477	0.511939	13.7013
807	-0.00683004	0.966639	0.510779	13.7108
808	-0.00600163	0.965831	0.510623	13.7202
809	-0.00570017	0.965035	0.510712	13.7297
810	-0.00657383	0.96421	0.511426	13.7392
811	-0.00531315	0.963431	0.512238	13.7487
812	-0.00630427	0.962618	0.512781	13.7582
813	-0.00570426	0.961827	0.513076	13.7678
814	-0.00576104	0.961036	0.513209	13.7773
815	-0.00619977	0.960231	0.513414	13.7868
816	-0.00592907	0.959436	0.513714	13.7963
817	-0.00627793	0.958631	0.513682	13.8059
818	-0.00666924	0.957813	0.51388	13.8154
819	-0.00534198	0.957043	0.514439	13.8249
820	-0.00486483	0.956291	0.514462	13.8345
821	-0.00474081	0.955545	0.51447	13.844
822	-0.00444336	0.95481	0.512784	13.8535
823	-0.0048172	0.954064	0.512668	13.8629
824	-0.00415881	0.953341	0.512759	13.8724
825	-0.00424617	0.952617	0.512725	13.8818
826	-0.00442824	0.951888	0.512654	13.8912
827	-0.00501608	0.951139	0.512226	13.9006
828	-0.00434775	0.950415	0.512406	13.91
829	-0.00366372	0.949716	0.512093	13.9194
830	-0.00388114	0.949011	0.512275	13.9288
831	-0.00369994	0.948313	0.511981	13.9382
832	-0.00227453	0.947665	0.512788	13.9476
833	-0.00191847	0.947031	0.512481	13.957
834	-0.00229569	0.946385	0.511908	13.9663
835	-0.0020169	0.94575	0.512141	13.9757
836	-0.00169429	0.945127	0.512062	13.985
837	-0.00159804	0.944508	0.512203	13.9944
838	-0.00136582	0.943899	0.512015	14.0037
839	-0.000766295	0.943311	0.511982	14.013
840	0.000322737	0.942762	0.512314	14.0224
841	-0.000188686	0.942196	0.512418	14.0317
842	-0.00125965	0.941594	0.513295	14.0411
843	-0.00107999	0.941	0.512878	14.0504
844	-0.000763149	0.940417	0.512656	14.0597
845	-0.000262545	0.939853	0.512657	14.069
846	-0.000684265	0.939275	0.512805	14.0783
847	-0.000860544	0.938692	0.512721	14.0876
848	-0.00171457	0.938081	0.513236	14.097
849	-0.00149362	0.937479	0.513445	14.1063
850	-0.00175543	0.936868	0.51356	14.1156
851	-0.00204868	0.936249	0.513663	14.1249
852	-0.00234995	0.93562	0.514033	14.1342
853	-0.00143829	0.935023	0.514376	14.1435
854	-0.00226695	0.9344	0.514643	14.1529
855	-0.00166511	0.933797	0.514368	14.1622
856	-0.00142709	0.933204	0.514342	14.1715
857	-0.00204731	0.932591	0.514649	14.1808
858	-0.00210472	0.931977	0.514978	14.1901
859	-0.00209244	0.931364	0.515188	14.1994
860	-0.00251167	0.930738	0.514849	14.2087
861	-0.00288347	0.930101	0.514165	14.218
862	-0.00283679	0.929466	0.514462	14.2272
863	-0.0026036	0.92884	0.514658	14.2365
864	-0.00326167	0.928193	0.514087	14.2458
865	-0.00386741	0.927526	0.514532	14.255
866	-0.00458737	0.926836	0.514595	14.2643
867	-0.00432939	0.926156	0.514514	14.2735
868	-0.00425668	0.925479	0.514267	14.2828
869	-0.00533123	0.924767	0.515036	14.292
870	-0.00524343	0.924059	0.51378	14.3012
871	-0.00545211	0.923345	0.511606	14.3103
872	-0.00523239	0.922639	0.509984	14.3194
873	-0.00433539	0.921966	0.510202	14.3285
874	-0.00397551	0.921305	0.510285	14.3375
875	-0.00451303	0.920627	0.510454	14.3466
876	-0.00502259	0.919933	0.509672	14.3556
877	-0.00511367	0.919237	0.509595	14.3646
878	-0.00499162	0.918546	0.509288	14.3736
879	-0.00435589	0.917878	0.509617	14.3826
880	-0.00406809	0.917221	0.509552	14.3916
881	-0.00287225	0.916605	0.509969	14.4006
882	-0.00254111	0.916001	0.509471	14.4096
883	-0.00195093	0.915417	0.509238	14.4186
884	-0.00251885	0.914816	0.509351	14.4276
885	-0.00276452	0.914207	0.508754	14.4365
886	-0.00222195	0.913618	0.508603	14.4455
887	-0.00122385	0.913063	0.50948	14.4544
888	-0.00110125	0.912513	0.509236	14.4634
889	-0.00116726	0.911961	0.508805	14.4723
890	-0.00125857	0.911408	0.50895	14.4812
891	-0.000877428	0.910868	0.508842	14.4901
892	-0.000288178	0.910349	0.509419	14.4991
893	-0.000413823	0.909826	0.509707	14.508
894	0.000285544	0.909328	0.509838	14.5169
895	0.000149079	0.908826	0.509767	14.5259
896	-0.000921949	0.908289	0.509966	14.5348
897	-0.000307241	0.907774	0.510096	14.5437
898	-0.000397877	0.907256	0.510267	14.5527
899	-0.000101985	0.906749	0.509753	14.5616
900	-0.000902091	0.906216	0.510079	14.5705
901	-0.00190578	0.905651	0.510555	14.5794
902	-0.00275174	0.905058	0.510916	14.5883
903	-0.00322973	0.904451	0.511445	14.5973
904	-0.00350368	0.903835	0.511724	14.6062
905	-0.00296556	0.903238	0.512072	14.6151
906	-0.00324153	0.902633	0.512313	14.6241
907	-0.00336901	0.902025	0.512524	14.633
908	-0.00308132	0.901427	0.512468	14.642
909	-0.00275192	0.900841	0.512432	14.6509
910	-0.00328738	0.900238	0.512826	14.6599
911	-0.00344709	0.899631	0.512725	14.6688
912	-0.00416379	0.899001	0.513204	14.6778
913	-0.00305036	0.898408	0.514001	14.6867
914	-0.0028732	0.897823	0.514277	14.6957
915	-0.00292404	0.897237	0.513541	14.7047
916	-0.00328933	0.896639	0.513563	14.7136
917	-0.00259023	0.896066	0.514093	14.7225
918	-0.00324255	0.895472	0.514112	14.7315
919	-0.00349763	0.89487	0.514464	14.7404
920	-0.00230958	0.894309	0.51479	14.7494
921	-0.00272214	0.893735	0.514692	14.7583
922	-0.00233284	0.893174	0.514236	14.7673
923	-0.00347897	0.892577	0.514463	14.7762
924	-0.00430142	0.891953	0.514696	14.7851
925	-0.00377963	0.891348	0.515131	14.7941
926	-0.00417554	0.890731	0.515254	14.803
927	-0.00390909	0.890123	0.515512	14.812
928	-0.0039898	0.889513	0.515308	14.8209
929	-0.00311247	0.888933	0.515574	14.8298
930	-0.00308423	0.888355	0.515429	14.8388
931	-0.00288547	0.887785	0.515489	14.8477
932	-0.00299717	0.887211	0.514768	14.8566
933	-0.00230824	0.886661	0.515223	14.8655
934	-0.00156312	0.886136	0.515436	14.8744
935	-0.00239877	0.885585	0.51533	14.8833
936	-0.00285998	0.885019	0.515343	14.8922
937	-0.00217382	0.884477	0.515213	14.9011
938	-0.00283657	0.883914	0.51481	14.9099
939	-0.00293177	0.883349	0.513855	14.9187
940	-0.00267381	0.882792	0.513017	14.9275
941	-0.00345709	0.882212	0.513091	14.9363
942	-0.00339673	0.881634	0.512948	14.9451
943	-0.00442685	0.881023	0.513252	14.9539
944	-0.00395256	0.880429	0.51249	14.9627
945	-0.00366804	0.879845	0.512508	14.9714
946	-0.00366259	0.879262	0.512677	14.9802
947	-0.00233763	0.878722	0.513506	14.9889
948	-0.00204383	0.878193	0.513292	14.9977
949	-0.00213847	0.877662	0.513211	15.0064
950	-0.00231873	0.877126	0.512921	15.0152
951	-0.00217849	0.876595	0.512746	15.0239
952	-0.00137269	0.876091	0.512481	15.0326
953	-0.000343416	0.875621	0.512674	15.0414
954	0.000257452	0.875171	0.512697	15.0501
955	0.000777625	0.874739	0.512806	15.0588
956	0.000749755	0.874307	0.512666	15.0675
957	-0.000447192	0.873836	0.512693	15.0762
958	-0.000412408	0.873368	0.512895	15.0849
959	-0.000649458	0.872892	0.51312	15.0936
960	-0.000526194	0.872422	0.513315	15.1023
961	-0.000343224	0.871957	0.51361	15.111
962	-0.000241426	0.871497	0.513259	15.1197
963	-0.000222578	0.871038	0.51338	15.1284
964	9.05846e-05	0.87059	0.513121	15.137
965	0.000277614	0.870149	0.513174	15.1457
966	-0.000475874	0.869684	0.512004	15.1543
967	-0.000442285	0.869221	0.512107	15.163
968	-0.000334745	0.868762	0.512108	15.1716
969	-0.000520072	0.868298	0.511426	15.1802
970	-0.00108627	0.867816	0.511524	15.1888
971	-0.00102202	0.867338	0.510867	15.1974
972	-0.0020016	0.866828	0.510731	15.2059
973	-0.00160861	0.866332	0.510482	15.2145
974	-0.001635	0.865836	0.510712	15.223
975	-0.00142854	0.865347	0.510876	15.2316
976	-0.00209917	0.864837	0.511258	15.2401
977	-0.00166697	0.864342	0.511354	15.2487
978	-0.00184323	0.863842	0.510815	15.2572
979	-0.00194993	0.863339	0.510915	15.2658
980	-0.00270726	0.862813	0.511274	15.2743
981	-0.00330192	0.862269	0.511621	15.2829
982	-0.003122	0.861731	0.511948	15.2914
983	-0.0027429	0.861206	0.512235	15.3
984	-0.00182911	0.860711	0.512605	15.3085
985	-0.0023417	0.860201	0.512839	15.3171
986	-0.00157177	0.859715	0.513001	15.3257
987	-0.00186999	0.859221	0.512665	15.3342
988	-0.00245722	0.858709	0.511942	15.3427
989	-0.00323472	0.858173	0.511631	15.3512
990	-0.00398356	0.857613	0.511944	15.3598
991	-0.00453358	0.857038	0.511142	15.3682
992	-0.00426729	0.856471	0.511521	15.3767
993	-0.00414493	0.855909	0.511764	15.3852
994	-0.00433028	0.855342	0.511318	15.3937
995	-0.00426964	0.854778	0.510671	15.4022
996	-0.00492796	0.854194	0.510943	15.4106
997	-0.00472013	0.853617	0.510324	15.419
998	-0.00469887	0.853041	0.510385	15.4275
999	-0.00491464	0.85246	0.509895	15.4359
1000	-0.00490806	0.851879	0.509409	15.4443
1001	-0.00521902	0.851289	0.509633	15.4527
1002	-0.00483963	0.850713	0.509715	15.4611
1003	-0.00495215	0.850133	0.509794	15.4694
1004	-0.00513748	0.849549	0.510027	15.4778
1005	-0.00520194	0.848963	0.509888	15.4862
1006	-0.00530966	0.848374	0.509607	15.4946
1007	-0.00615214	0.84776	0.509923	15.503
1008	-0.00631375	0.847142	0.510052	15.5113
1009	-0.00611769	0.84653	0.509217	15.5197
1010	-0.00563222	0.845935	0.509531	15.528
1011	-0.0059207	0.845331	0.509363	15.5364
1012	-0.00574696	0.844734	0.508662	15.5447
1013	-0.0054828	0.844145	0.508701	15.553
1014	-0.00577435	0.843549	0.50865	15.5613
1015	-0.00558594	0.842959	0.509002	15.5696
1016	-0.0056657	0.842367	0.508957	15.5779
1017	-0.00677025	0.841741	0.50902	15.5862
1018	-0.00708952	0.841107	0.509263	15.5945
1019	-0.00793513	0.840446	0.509673	15.6028
1020	-0.0078403	0.83979	0.509658	15.6111
1021	-0.0084379	0.839116	0.50999	15.6194
1022	-0.00857722	0.838438	0.510056	15.6277
1023	-0.00885922	0.837752	0.510161	15.636
1024	-0.00922373	0.837056	0.51044	15.6444
1025	-0.00959827	0.836348	0.510347	15.6527
1026	-0.00991	0.835632	0.510314	15.661
1027	-0.00960785	0.834927	0.510473	15.6693
1028	-0.00961261	0.834222	0.510621	15.6776
1029	-0.00955668	0.83352	0.510708	15.6859
1030	-0.0104554	0.83279	0.5109	15.6942
1031	-0.00991288	0.832079	0.511097	15.7025
1032	-0.00928414	0.831387	0.511307	15.7108
1033	-0.00949889	0.83069	0.511376	15.7191
1034	-0.00939237	0.829998	0.511672	15.7274
1035	-0.00933197	0.829307	0.511811	15.7357
1036	-0.00891486	0.828631	0.512167	15.744
1037	-0.00804808	0.827983	0.512812	15.7523
1038	-0.00725127	0.82736	0.513116	15.7607
1039	-0.0073555	0.826734	0.513326	15.769
1040	-0.00776504	0.826097	0.513558	15.7774
1041	-0.00829059	0.825444	0.513485	15.7857
1042	-0.00845565	0.824787	0.51352	15.794
1043	-0.00778494	0.824151	0.513956	15.8024
1044	-0.00808732	0.823507	0.513849	15.8107
1045	-0.00762322	0.822878	0.514209	15.819
1046	-0.00758294	0.822251	0.514048	15.8274
1047	-0.00744496	0.821629	0.513624	15.8357
1048	-0.00820065	0.820985	0.513994	15.844
1049	-0.00781295	0.820353	0.514115	15.8523
1050	-0.00723535	0.81974	0.513574	15.8606
1051	-0.00682176	0.819141	0.513482	15.8689
1052	-0.00674082	0.818544	0.513166	15.8772
1053	-0.00699265	0.817941	0.512868	15.8854
1054	-0.00600941	0.817369	0.513087	15.8937
1055	-0.00563125	0.816809	0.512739	15.902
1056	-0.00666013	0.816218	0.513623	15.9102
1057	-0.00539987	0.815667	0.514438	15.9185
1058	-0.00564368	0.815108	0.514218	15.9268
1059	-0.0056038	0.814552	0.513687	15.9351
1060	-0.00508285	0.814013	0.513818	15.9433
1061	-0.00460522	0.813488	0.513699	15.9516
1062	-0.00409472	0.812981	0.513253	15.9598
1063	-0.00405865	0.812474	0.512234	15.968
1064	-0.00423826	0.811963	0.511791	15.9762
1065	-0.0040542	0.811459	0.51189	15.9844
1066	-0.00303703	0.810986	0.512727	15.9926
1067	-0.00362787	0.810495	0.512766	16.0008
1068	-0.00422394	0.809987	0.513179	16.009
1069	-0.00459513	0.809469	0.513411	16.0172
1070	-0.00499518	0.808939	0.512746	16.0254
1071	-0.00538833	0.808397	0.512954	16.0336
1072	-0.00485729	0.807872	0.513234	16.0418
1073	-0.00442982	0.807361	0.513319	16.05
1074	-0.00345871	0.806881	0.513727	16.0582
1075	-0.00384198	0.806389	0.513776	16.0664
1076	-0.0037708	0.8059	0.513485	16.0746
1077	-0.0035591	0.805418	0.513172	16.0828
1078	-0.00401502	0.804923	0.513542	16.0909
1079	-0.00447594	0.804415	0.513704	16.0991
1080	-0.0047916	0.803897	0.513905	16.1073
1081	-0.00490759	0.803377	0.513734	16.1155
1082	-0.00473003	0.802862	0.513779	16.1236
1083	-0.00496444	0.802342	0.513969	16.1318
1084	-0.0049244	0.801823	0.513911	16.14
1085	-0.00421863	0.801326	0.51335	16.1481
1086	-0.00365228	0.800847	0.512263	16.1562
1087	-0.00442145	0.800345	0.512589	16.1643
1088	-0.00385188	0.799861	0.511989	16.1724
1089	-0.0040632	0.799371	0.51187	16.1805
1090	-0.00443579	0.798871	0.512205	16.1886
1091	-0.00440155	0.798372	0.512058	16.1967
1092	-0.00381863	0.797892	0.512057	16.2048
1093	-0.00314051	0.797433	0.512301	16.2128
1094	-0.00283594	0.796983	0.512321	16.2209
1095	-0.00217056	0.796554	0.512247	16.229
1096	-0.00209143	0.796128	0.512116	16.2371
1097	-0.0017713	0.795713	0.512082	16.2451
1098	-0.00161725	0.795302	0.512113	16.2532
1099	-0.00160735	0.794892	0.511181	16.2612
1100	-0.00151548	0.794486	0.510449	16.2692
1101	-0.00113468	0.794092	0.510381	16.2772
1102	-0.000673321	0.793712	0.510704	16.2852
1103	-0.000403488	0.79334	0.510869	16.2932
1104	-0.000595738	0.792964	0.510711	16.3012
1105	0.000280701	0.792614	0.511236	16.3092
1106	0.000187356	0.792262	0.511451	16.3172
1107	0.00028208	0.791913	0.511654	16.3252
1108	3.13546e-05	0.791557	0.511423	16.3332
1109	-0.000125506	0.791197	0.511341	16.3412
1110	0.000381783	0.790853	0.511294	16.3491
1111	0.000808985	0.790521	0.511208	16.3571
1112	0.00102385	0.790197	0.511075	16.3651
1113	0.000917236	0.78987	0.510716	16.373
1114	0.00106656	0.789548	0.51034	16.381
1115	0.000859264	0.78922	0.509901	16.3889
1116	0.00170245	0.788918	0.510359	16.3968
1117	0.00212402	0.788629	0.510491	16.4048
1118	0.002637	0.788356	0.510854	16.4127
1119	0.00285077	0.788089	0.509453	16.4206
1120	0.00336677	0.787839	0.509423	16.4285
1121	0.00311487	0.787581	0.509613	16.4364
1122	0.00298198	0.787319	0.509585	16.4443
1123	0.00304426	0.78706	0.509783	16.4522
1124	0.00313553	0.786804	0.509611	16.46
1125	0.00235287	0.786525	0.509842	16.4679
1126	0.00212213	0.786239	0.510065	16.4758
1127	0.00144597	0.785934	0.510526	16.4837
1128	0.00183791	0.785641	0.510507	16.4916
1129	0.00192599	0.785351	0.510519	16.4995
1130	0.00198124	0.785063	0.510776	16.5074
1131	0.000964486	0.784745	0.511348	16.5153
1132	0.00123005	0.784435	0.511255	16.5232
1133	0.00151988	0.784135	0.511464	16.5311
1134	0.00143539	0.783832	0.511548	16.539
1135	0.00154484	0.783533	0.511653	16.5469
1136	0.00107867	0.783221	0.511702	16.5548
1137	0.00112742	0.78291	0.511611	16.5627
1138	0.000793057	0.78259	0.511542	16.5705
1139	0.000517888	0.782263	0.511108	16.5784
1140	-0.000358305	0.781909	0.511504	16.5863
1141	-0.000219326	0.781561	0.511212	16.5942
1142	-0.000378854	0.781208	0.511052	16.602
1143	-6.42773e-05	0.780865	0.51095	16.6099
1144	-7.37317e-05	0.780522	0.510666	16.6177
1145	-9.27271e-05	0.780179	0.510496	16.6255
1146	0.000736342	0.779861	0.510878	16.6334
1147	0.00149158	0.779565	0.510606	16.6412
1148	0.00162935	0.779274	0.510934	16.649
1149	0.00178837	0.778988	0.511119	16.6568
1150	0.00105527	0.778681	0.511476	16.6647
1151	0.000360369	0.778354	0.511496	16.6725
1152	0.000222318	0.778023	0.511693	16.6804
1153	0.000137443	0.777691	0.511477	16.6882
1154	0.00100139	0.777384	0.512094	16.696
1155	0.000584184	0.777065	0.51191	16.7039
1156	0.000665016	0.776749	0.511955	16.7117
1157	0.000526222	0.776429	0.511654	16.7195
1158	0.00095073	0.776122	0.511727	16.7273
1159	0.000926423	0.775815	0.511398	16.7351
1160	0.000949153	0.775509	0.511608	16.7429
1161	0.000820342	0.7752	0.511476	16.7507
1162	-0.000106065	0.774863	0.512262	16.7585
1163	0.000428026	0.774543	0.512666	16.7664
1164	-0.000274428	0.774203	0.512943	16.7742
1165	-0.000129195	0.773868	0.512935	16.782
1166	-9.68961e-05	0.773533	0.512858	16.7899
1167	0.000774882	0.773225	0.513312	16.7977
1168	0.000976521	0.772923	0.513338	16.8055
1169	0.00142905	0.772635	0.513494	16.8133
1170	0.00158986	0.772352	0.513613	16.8212
1171	0.00148394	0.772066	0.513825	16.829
1172	0.00152722	0.771781	0.513886	16.8368
1173	0.00189591	0.771508	0.513817	16.8446
1174	0.0016233	0.771227	0.514112	16.8525
1175	0.00125864	0.770936	0.514424	16.8603
1176	0.000975405	0.770637	0.514726	16.8682
1177	0.00143811	0.770352	0.514214	16.876
1178	0.00190055	0.770081	0.514432	16.8838
1179	0.00177424	0.769807	0.514436	16.8916
1180	0.00178829	0.769533	0.514648	16.8994
1181	0.00167247	0.769256	0.514667	16.9073
1182	0.00198938	0.768989	0.514586	16.9151
1183	0.00187325	0.768719	0.514519	16.9229
1184	0.00110757	0.768427	0.515041	16.9307
1185	0.000955285	0.768131	0.515223	16.9385
1186	0.00107342	0.767839	0.515463	16.9463
1187	0.000989226	0.767545	0.515488	16.9542
1188	0.00162522	0.767269	0.515233	16.962
1189	0.00131047	0.766985	0.515286	16.9698
1190	0.00167323	0.766712	0.515523	16.9776
1191	0.0018552	0.766444	0.515681	16.9854
1192	0.00160859	0.76617	0.515884	16.9932
1193	0.00200186	0.765907	0.515781	17.001
1194	0.00211016	0.765648	0.515424	17.0088
1195	0.00206817	0.765387	0.515219	17.0166
1196	0.00201144	0.765126	0.514777	17.0244
1197	0.00274535	0.764886	0.514984	17.0322
1198	0.00216141	0.76463	0.515238	17.0399
1199	0.00259964	0.764386	0.515265	17.0477
1200	0.00253185	0.764141	0.51466	17.0555
1201	0.00247095	0.763895	0.514025	17.0632
1202	0.00187054	0.763632	0.513773	17.0709
1203	0.00207733	0.763375	0.513696	17.0786
1204	0.00152599	0.763102	0.513338	17.0863
1205	0.00121233	0.762821	0.51338	17.094
1206	0.00150974	0.762548	0.513491	17.1017
1207	0.00148185	0.762275	0.513328	17.1094
1208	0.00241972	0.76203	0.513464	17.1171
1209	0.0025919	0.76179	0.513593	17.1248
1210	0.00268392	0.761553	0.513578	17.1325
1211	0.00214669	0.7613	0.513894	17.1402
1212	0.00163309	0.761033	0.513846	17.1478
1213	0.00214485	0.760782	0.513833	17.1555
1214	0.00157671	0.760514	0.514253	17.1632
1215	0.00155511	0.760246	0.514366	17.1709
1216	0.00139951	0.759974	0.513864	17.1786
1217	0.00139537	0.759702	0.513358	17.1862
1218	0.00076839	0.759413	0.513731	17.1939
1219	0.000597812	0.759119	0.513881	17.2016
1220	4.56459e-05	0.75881	0.514176	17.2092
1221	-8.03756e-05	0.758497	0.514265	17.2169
1222	7.79667e-05	0.758189	0.514298	17.2246
1223	0.000110798	0.757883	0.514485	17.2322
1224	1.19067e-05	0.757574	0.514179	17.2399
1225	0.000637431	0.757284	0.5142	17.2475
1226	0.000823753	0.756999	0.514372	17.2552
1227	4.50097e-05	0.756692	0.514886	17.2629
1228	0.000246401	0.756391	0.515105	17.2705
1229	0.000348093	0.756094	0.515214	17.2782
1230	0.00050051	0.755801	0.515435	17.2859
1231	0.000634167	0.755513	0.515361	17.2935
1232	0.000772404	0.755229	0.515276	17.3012
1233	0.000692788	0.754942	0.514079	17.3088
1234	0.000372292	0.754648	0.514096	17.3164
1235	-9.52977e-05	0.75434	0.513966	17.3241
1236	-0.000234293	0.754028	0.513403	17.3316
1237	-0.000473004	0.753711	0.513179	17.3392
1238	-0.000747752	0.753385	0.513267	17.3468
1239	-0.00111635	0.75305	0.512636	17.3544
1240	-0.000649298	0.752728	0.51212	17.3619
1241	-0.000950841	0.752399	0.511843	17.3695
1242	-0.00100085	0.752068	0.51161	17.377
1243	-0.00119633	0.751732	0.511662	17.3845
1244	-0.00138061	0.751391	0.511221	17.392
1245	-0.00158816	0.751045	0.51136	17.3995
1246	-0.00146231	0.750702	0.510966	17.407
1247	-0.0017329	0.750353	0.510622	17.4145
1248	-0.00130418	0.750016	0.510752	17.422
1249	-0.00190224	0.749662	0.510653	17.4294
1250	-0.00207645	0.749304	0.510715	17.4369
1251	-0.0020398	0.748947	0.510483	17.4444
1252	-0.00107537	0.748618	0.51117	17.4518
1253	-0.000877221	0.748295	0.510882	17.4593
1254	-0.000507276	0.747983	0.51101	17.4668
1255	-0.00141149	0.747645	0.511254	17.4742
1256	-0.00173288	0.747299	0.510411	17.4817
1257	-0.00121282	0.746968	0.509824	17.4891
1258	-0.000740395	0.746651	0.510209	17.4965
1259	-0.000204461	0.746349	0.510403	17.504
1260	0.000584303	0.74607	0.510501	17.5114
1261	0.00135434	0.745812	0.511159	17.5189
1262	0.00147944	0.745559	0.511083	17.5263
1263	0.00144373	0.745305	0.511061	17.5337
1264	0.000430489	0.745023	0.511595	17.5412
1265	0.000492989	0.744742	0.511359	17.5486
1266	0.000538256	0.744464	0.511482	17.5561
1267	0.000576998	0.744187	0.511378	17.5635
1268	0.000270532	0.743901	0.511475	17.571
1269	0.000678492	0.743627	0.511061	17.5784
1270	7.17745e-05	0.743337	0.511167	17.5858
1271	0.000115998	0.743048	0.511204	17.5932
1272	0.000243522	0.742763	0.511457	17.6006
1273	-0.000474585	0.742459	0.511686	17.6081
1274	-5.16162e-05	0.742166	0.511791	17.6155
1275	4.75134e-05	0.741877	0.511874	17.6229
1276	0.000542056	0.741602	0.512197	17.6304
1277	0.000384359	0.741323	0.512385	17.6378
1278	0.000245706	0.74104	0.512259	17.6452
1279	0.000206707	0.740756	0.512211	17.6526
1280	-0.000374018	0.740457	0.512632	17.6601
1281	-0.000100262	0.740166	0.512768	17.6675
1282	-0.00054939	0.739862	0.51283	17.6749
1283	-0.000394222	0.739563	0.512984	17.6824
1284	-0.000141561	0.739271	0.513238	17.6898
1285	-0.000390517	0.738973	0.51296	17.6972
1286	-0.000338012	0.738677	0.512732	17.7046
1287	-4.97811e-05	0.738389	0.51217	17.712
1288	-0.000367219	0.738093	0.512074	17.7194
1289	0.000190151	0.737812	0.512461	17.7268
1290	7.19082e-06	0.737527	0.512497	17.7342
1291	-6.78198e-05	0.737239	0.512392	17.7416
1292	-0.000369407	0.736944	0.512441	17.749
1293	-0.000260207	0.736652	0.512632	17.7564
1294	0.000310388	0.736377	0.512838	17.7638
1295	0.00052041	0.736107	0.512946	17.7712
1296	0.00100611	0.735852	0.513112	17.7786
1297	0.000640984	0.735586	0.51328	17.786
1298	0.000129498	0.735307	0.513543	17.7934
1299	0.000120373	0.735027	0.513742	17.8008
1300	0.000207826	0.734751	0.513736	17.8082
1301	-0.000238955	0.734462	0.513818	17.8156
1302	-7.60247e-05	0.734178	0.513515	17.823
1303	-0.000138143	0.733893	0.513147	17.8303
1304	-0.000526742	0.733598	0.512952	17.8377
1305	-0.00049922	0.733303	0.51295	17.8451
1306	0.000190944	0.733028	0.513517	17.8524
1307	0.000111473	0.732751	0.513579	17.8598
1308	0.000682106	0.73249	0.512905	17.8672
1309	7.3957e-05	0.732213	0.512964	17.8745
1310	0.000865621	0.731958	0.513306	17.8819
1311	0.00017034	0.731684	0.513697	17.8892
1312	-0.000486689	0.731392	0.514226	17.8966
1313	-0.000536753	0.731099	0.513821	17.904
1314	-0.00123976	0.730787	0.514121	17.9114
1315	-0.00123183	0.730475	0.514014	17.9187
1316	-0.00176937	0.730149	0.513578	17.9261
1317	-0.00198823	0.729818	0.513043	17.9334
1318	-0.00205371	0.729485	0.512557	17.9407
1319	-0.00193689	0.729155	0.512109	17.948
1320	-0.00149426	0.728838	0.511954	17.9553
1321	-0.00138746	0.728525	0.511529	17.9626
1322	-0.00103783	0.728221	0.511748	17.9699
1323	-0.000684147	0.727927	0.51189	17.9771
1324	-0.000986056	0.727626	0.511947	17.9844
1325	-0.000435447	0.72734	0.511674	17.9917
1326	-0.000789752	0.727044	0.511569	17.9989
1327	-0.0016036	0.726726	0.512128	18.0062
1328	-0.00121026	0.72642	0.512296	18.0135
1329	-0.00128001	0.726112	0.512421	18.0208
1330	-0.00118698	0.725807	0.512681	18.0281
1331	-0.000553906	0.725519	0.512862	18.0353
1332	-0.000292125	0.725239	0.513035	18.0426
1333	-0.000301914	0.724959	0.513294	18.0499
1334	-0.000216983	0.724682	0.513475	18.0572
1335	-0.000327185	0.724402	0.51344	18.0645
1336	-0.000289877	0.724123	0.513637	18.0718
1337	-0.000657599	0.723835	0.513705	18.0791
1338	-0.000698225	0.723546	0.513884	18.0864
1339	-0.00079934	0.723254	0.51385	18.0936
1340	-0.00065071	0.722967	0.513932	18.1009
1341	-0.000606976	0.722681	0.513939	18.1082
1342	-0.000981796	0.722385	0.513612	18.1155
1343	-0.000323019	0.722108	0.513928	18.1228
1344	-0.000291289	0.721832	0.513747	18.13
1345	-0.000499013	0.72155	0.513647	18.1373
1346	-0.00111688	0.721252	0.513922	18.1446
1347	-0.00158852	0.720941	0.513441	18.1518
1348	-0.00178711	0.720626	0.513665	18.1591
1349	-0.0023533	0.720295	0.513924	18.1663
1350	-0.00240712	0.719963	0.513847	18.1736
1351	-0.00256994	0.719627	0.513758	18.1808
1352	-0.00253459	0.719292	0.513185	18.1881
1353	-0.00265716	0.718955	0.513217	18.1953
1354	-0.00281298	0.718613	0.513246	18.2025
1355	-0.00307651	0.718265	0.513466	18.2098
1356	-0.00329512	0.717911	0.513457	18.217
1357	-0.00354825	0.717551	0.512933	18.2242
1358	-0.00361347	0.717189	0.513118	18.2314
1359	-0.00362958	0.716827	0.513196	18.2386
1360	-0.00318855	0.716477	0.512911	18.2458
1361	-0.00285872	0.716137	0.513167	18.253
1362	-0.00285933	0.715797	0.513335	18.2602
1363	-0.00311855	0.71545	0.513672	18.2675
1364	-0.00292352	0.715109	0.513497	18.2747
1365	-0.00322401	0.71476	0.513659	18.2819
1366	-0.00416151	0.714387	0.514002	18.2891
1367	-0.00420504	0.714012	0.514	18.2963
1368	-0.00385991	0.713647	0.513992	18.3035
1369	-0.00419052	0.713274	0.513601	18.3107
1370	-0.00447085	0.712893	0.513599	18.3179
1371	-0.00415925	0.712521	0.513689	18.3251
1372	-0.00390716	0.712156	0.513581	18.3323
1373	-0.00373049	0.711797	0.513456	18.3394
1374	-0.00330424	0.711449	0.513271	18.3466
1375	-0.00269124	0.711118	0.513632	18.3538
1376	-0.00299233	0.710779	0.513819	18.361
1377	-0.00308112	0.710439	0.513769	18.3682
1378	-0.00316052	0.710096	0.513767	18.3753
1379	-0.00228084	0.709778	0.514038	18.3825
1380	-0.00203965	0.709466	0.513674	18.3897
1381	-0.00208406	0.709153	0.512913	18.3968
1382	-0.00161363	0.708854	0.512732	18.4039
1383	-0.00151821	0.708557	0.512648	18.4111
1384	-0.0018209	0.708252	0.512737	18.4182
1385	-0.00221906	0.707937	0.512892	18.4253
1386	-0.00165321	0.707638	0.512669	18.4325
1387	-0.00145361	0.707344	0.512869	18.4396
1388	-0.0011915	0.707058	0.513051	18.4467
1389	-0.0013001	0.706769	0.513273	18.4538
1390	-0.00151821	0.706474	0.513524	18.461
1391	-0.00132218	0.706185	0.513218	18.4681
1392	-0.00126185	0.705898	0.513226	18.4752
1393	-0.00184745	0.705595	0.513261	18.4823
1394	-0.00187942	0.705292	0.513004	18.4894
1395	-0.00205148	0.704985	0.512661	18.4965
1396	-0.00209873	0.704677	0.512075	18.5036
1397	-0.00258073	0.704356	0.512315	18.5107
1398	-0.00291638	0.704026	0.512073	18.5178
1399	-0.00294793	0.703696	0.511599	18.5248
1400	-0.00247976	0.703379	0.511952	18.5319
1401	-0.00228421	0.703067	0.512115	18.539
1402	-0.00253204	0.702749	0.512127	18.546
1403	-0.00196539	0.702447	0.512462	18.5531
1404	-0.00173178	0.702151	0.512145	18.5602
1405	-0.00219057	0.701843	0.511883	18.5672
1406	-0.0014168	0.701556	0.51186	18.5743
1407	-0.00149902	0.701267	0.512058	18.5813
1408	-0.0018675	0.700968	0.512263	18.5884
1409	-0.00199234	0.700667	0.512172	18.5954
1410	-0.0024753	0.700353	0.511979	18.6024
1411	-0.00241388	0.700041	0.511617	18.6095
1412	-0.00221741	0.699734	0.511632	18.6165
1413	-0.00192235	0.699436	0.511835	18.6235
1414	-0.00124749	0.699155	0.512091	18.6306
1415	-0.000837305	0.698886	0.51201	18.6376
1416	-0.00118908	0.698608	0.51197	18.6446
1417	-0.00141415	0.698325	0.512205	18.6516
1418	-0.00130793	0.698044	0.512193	18.6587
1419	-0.00174046	0.697752	0.512415	18.6657
1420	-0.00160818	0.697464	0.512473	18.6727
1421	-0.0015455	0.697178	0.512441	18.6797
1422	-0.001255	0.6969	0.512615	18.6868
1423	-0.000545959	0.696641	0.513029	18.6938
1424	-0.000388058	0.696386	0.512926	18.7008
1425	-0.000357836	0.696133	0.51256	18.7078
1426	-0.000597804	0.695873	0.512669	18.7148
1427	-0.000548141	0.695615	0.512296	18.7218
1428	-0.000957829	0.695347	0.512501	18.7289
1429	-0.0011297	0.695074	0.512599	18.7359
1430	-0.00104637	0.694803	0.511977	18.7428
1431	-0.00176635	0.694514	0.512417	18.7498
1432	-0.00162103	0.694229	0.512259	18.7568
1433	-0.00182895	0.693939	0.512327	18.7638
1434	-0.00231998	0.693636	0.512611	18.7708
1435	-0.00255848	0.693327	0.512561	18.7778
1436	-0.00273885	0.693014	0.512476	18.7848
1437	-0.00336336	0.692684	0.512729	18.7918
1438	-0.00322262	0.692359	0.512345	18.7987
1439	-0.00350279	0.692026	0.512526	18.8057
1440	-0.00318379	0.691703	0.512673	18.8127
1441	-0.00333433	0.691375	0.512449	18.8197
1442	-0.00363137	0.69104	0.512364	18.8266
1443	-0.00348634	0.690709	0.512615	18.8336
1444	-0.00385951	0.690369	0.512953	18.8406
1445	-0.00408286	0.690023	0.51283	18.8476
1446	-0.00436116	0.68967	0.513011	18.8545
1447	-0.00419075	0.689322	0.513133	18.8615
1448	-0.00397624	0.68898	0.5132	18.8685
1449	-0.00347425	0.688651	0.51343	18.8754
1450	-0.00317274	0.688331	0.513504	18.8824
1451	-0.00292392	0.688017	0.513059	18.8894
1452	-0.00267112	0.68771	0.513133	18.8963
1453	-0.00257761	0.687406	0.512868	18.9033
1454	-0.00271226	0.687099	0.512493	18.9102
1455	-0.00292464	0.686787	0.512484	18.9172
1456	-0.00338973	0.686462	0.512807	18.9241
1457	-0.0036462	0.686132	0.51238	18.931
1458	-0.00345794	0.685806	0.512546	18.938
1459	-0.00275781	0.685499	0.512786	18.9449
1460	-0.00276803	0.685192	0.512389	18.9518
1461	-0.00255727	0.684891	0.51256	18.9587
1462	-0.00275949	0.684585	0.512581	18.9657
1463	-0.00280724	0.684278	0.512443	18.9726
1464	-0.00276213	0.683973	0.511827	18.9795
1465	-0.00310792	0.683658	0.511371	18.9864
1466	-0.00286607	0.683351	0.511024	18.9932
1467	-0.0027866	0.683045	0.510824	19.0001
1468	-0.0024936	0.682748	0.51115	19.007
1469	-0.00178843	0.682469	0.511682	19.0138
1470	-0.00142603	0.6822	0.512046	19.0207
1471	-0.00101697	0.681942	0.512283	19.0276
1472	-0.00115294	0.681681	0.512217	19.0345
1473	-0.00132744	0.681415	0.512284	19.0414
1474	-0.00107927	0.681156	0.511768	19.0483
1475	-0.00133422	0.680891	0.511864	19.0551
1476	-0.00119781	0.680629	0.511743	19.062
1477	-0.00124634	0.680367	0.511959	19.0689
1478	-0.00104469	0.680109	0.511921	19.0757
1479	-0.00118756	0.679849	0.511832	19.0826
1480	-0.00110515	0.679591	0.51187	19.0894
1481	-0.00155561	0.679321	0.511727	19.0963
1482	-0.00142173	0.679055	0.51186	19.1031
1483	-0.00121855	0.678795	0.511696	19.11
1484	-0.000772046	0.678547	0.511487	19.1168
1485	-0.000845823	0.678297	0.511446	19.1237
1486	-0.000165031	0.678064	0.511769	19.1305
1487	0.000242795	0.677843	0.511741	19.1373
1488	0.00046868	0.677628	0.511938	19.1442
1489	0.000606673	0.677416	0.511639	19.151
1490	0.000156647	0.677193	0.511779	19.1578
1491	0.000227056	0.676972	0.511579	19.1647
1492	-0.000110841	0.676743	0.511654	19.1715
1493	0.000110357	0.676519	0.51165	19.1783
1494	0.000770573	0.676313	0.511839	19.1851
1495	0.00153204	0.676126	0.5124	19.1919
1496	0.0011898	0.675932	0.512664	19.1988
1497	0.000913633	0.67573	0.512549	19.2056
1498	0.00131008	0.675538	0.512461	19.2125
1499	0.00137639	0.675349	0.512351	19.2193
1500	0.00141961	0.67516	0.512596	19.2261
1501	0.0019039	0.674985	0.512813	19.2329
1502	0.00225111	0.674818	0.512964	19.2398
1503	0.00255454	0.67466	0.513173	19.2466
1504	0.00302069	0.674514	0.513459	19.2534
1505	0.00268733	0.674359	0.513547	19.2603
1506	0.0024493	0.674199	0.513339	19.2671
1507	0.00204311	0.674028	0.513175	19.2739
1508	0.00185019	0.673852	0.513207	19.2808
1509	0.00222584	0.673687	0.513301	19.2876
1510	0.00272167	0.673534	0.513679	19.2944
1511	0.00194112	0.673361	0.514193	19.3013
1512	0.00186999	0.673187	0.51405	19.3081
1513	0.00201066	0.673016	0.514013	19.3149
1514	0.00217878	0.67285	0.514076	19.3218
1515	0.00219325	0.672685	0.513897	19.3286
1516	0.0025778	0.672529	0.514086	19.3354
1517	0.00278694	0.672379	0.514159	19.3422
1518	0.0026366	0.672226	0.51408	19.3491
1519	0.00223263	0.672062	0.513923	19.3559
1520	0.0022131	0.671898	0.51379	19.3627
1521	0.00245122	0.67174	0.51366	19.3695
1522	0.00319738	0.671601	0.513803	19.3763
1523	0.00307299	0.67146	0.513385	19.3831
1524	0.0031211	0.67132	0.513313	19.3899
1525	0.00296682	0.671176	0.513022	19.3967
1526	0.00259461	0.671023	0.51267	19.4034
1527	0.00269143	0.670872	0.512894	19.4102
1528	0.00268343	0.670721	0.512929	19.417
1529	0.00292295	0.670577	0.512956	19.4237
1530	0.00325107	0.670441	0.512939	19.4305
1531	0.00358914	0.670314	0.512923	19.4373
1532	0.00326763	0.670179	0.512858	19.444
1533	0.0032827	0.670044	0.512994	19.4508
1534	0.00292945	0.669901	0.513133	19.4575
1535	0.00331223	0.669767	0.513361	19.4643
1536	0.00367143	0.669643	0.513107	19.471
1537	0.00417963	0.669532	0.513254	19.4778
1538	0.00406112	0.669418	0.513129	19.4846
1539	0.0037505	0.669297	0.512925	19.4913
1540	0.00359189	0.669171	0.512714	19.498
1541	0.00382111	0.669051	0.512321	19.5048
1542	0.00416122	0.668941	0.512705	19.5115
1543	0.00374869	0.668819	0.512992	19.5182
1544	0.00345539	0.668691	0.513187	19.525
1545	0.00380667	0.668572	0.513316	19.5317
1546	0.00344721	0.668443	0.513141	19.5384
1547	0.00378018	0.668324	0.513251	19.5452
1548	0.00406652	0.668211	0.512813	19.5519
1549	0.00399721	0.668097	0.512604	19.5586
1550	0.00414579	0.667987	0.512294	19.5653
1551	0.00406889	0.667875	0.51216	19.572
1552	0.0037307	0.667755	0.512081	19.5787
1553	0.00353892	0.66763	0.512374	19.5854
1554	0.00361169	0.667507	0.512364	19.5921
1555	0.00419956	0.667399	0.512576	19.5988
1556	0.00392927	0.667284	0.512441	19.6055
1557	0.00392205	0.66717	0.512304	19.6122
1558	0.00420033	0.667062	0.512508	19.6188
1559	0.00401151	0.66695	0.512216	19.6255
1560	0.00385632	0.666834	0.51091	19.6322
1561	0.00337259	0.666706	0.51135	19.6388
1562	0.00325753	0.666575	0.510814	19.6455
1563	0.00344075	0.666449	0.510933	19.6521
1564	0.003591	0.666327	0.511123	19.6587
1565	0.00352068	0.666203	0.510997	19.6654
1566	0.003354	0.666076	0.511093	19.672
1567	0.00399724	0.665964	0.51131	19.6786
1568	0.00358959	0.665843	0.511066	19.6853
1569	0.00358306	0.665721	0.511034	19.6919
1570	0.00345455	0.665597	0.510481	19.6985
1571	0.00367852	0.665478	0.510189	19.7051
1572	0.00346926	0.665354	0.510007	19.7117
1573	0.00339546	0.665228	0.50983	19.7183
1574	0.00370745	0.66511	0.509964	19.7249
1575	0.00423136	0.665006	0.510233	19.7315
1576	0.00396873	0.664895	0.510408	19.7381
1577	0.00405359	0.664787	0.510121	19.7447
1578	0.00460137	0.664692	0.510364	19.7513
1579	0.0043701	0.664592	0.510066	19.7578
1580	0.00453716	0.664496	0.510298	19.7644
1581	0.00462748	0.664402	0.510484	19.771
1582	0.00486892	0.664315	0.510552	19.7776
1583	0.00480662	0.664226	0.510509	19.7842
1584	0.00462241	0.664132	0.510349	19.7907
1585	0.0049674	0.664048	0.510277	19.7973
1586	0.00463093	0.663955	0.510031	19.8039
1587	0.004146	0.66385	0.510174	19.8105
1588	0.00392723	0.66374	0.510017	19.817
1589	0.00405495	0.663633	0.51008	19.8236
1590	0.00408665	0.663527	0.509939	19.8301
1591	0.00398499	0.663418	0.50997	19.8367
1592	0.00373152	0.663303	0.510039	19.8432
1593	0.00366911	0.663187	0.510016	19.8498
1594	0.00402881	0.66308	0.509298	19.8563
1595	0.00419757	0.662978	0.508944	19.8628
1596	0.00416705	0.662875	0.508633	19.8693
1597	0.00427379	0.662774	0.508612	19.8758
1598	0.00423987	0.662673	0.508611	19.8823
1599	0.0035581	0.662555	0.508805	19.8888
1600	0.00380872	0.662443	0.50823	19.8953
1601	0.00405115	0.662338	0.508169	19.9018
1602	0.00419804	0.662236	0.508087	19.9083
1603	0.00376864	0.662124	0.508411	19.9148
1604	0.00378986	0.662012	0.50826	19.9213
1605	0.00373209	0.661899	0.508348	19.9278
1606	0.00398217	0.661793	0.508589	19.9342
1607	0.00366548	0.661678	0.508777	19.9407
1608	0.00300078	0.661548	0.509385	19.9472
1609	0.00316765	0.661421	0.509329	19.9537
1610	0.00369416	0.661308	0.509192	19.9602
1611	0.00400085	0.661203	0.509098	19.9667
1612	0.0043997	0.661107	0.509217	19.9732
1613	0.00412436	0.661005	0.50922	19.9797
1614	0.00423183	0.660906	0.508708	19.9862
1615	0.00405791	0.660803	0.508222	19.9926
1616	0.00420006	0.660703	0.507877	19.9991
1617	0.00392514	0.660596	0.50801	20.0055
1618	0.00399769	0.660492	0.508149	20.012
1619	0.00394784	0.660386	0.508129	20.0184
1620	0.00422336	0.660287	0.508391	20.0249
1621	0.00463574	0.660199	0.508446	20.0313
1622	0.00475771	0.660114	0.508556	20.0378
1623	0.00444894	0.660021	0.508443	20.0442
1624	0.00445687	0.659928	0.508325	20.0506
1625	0.00495644	0.659848	0.50839	20.0571
1626	0.00515078	0.659773	0.508458	20.0635
1627	0.00469516	0.659687	0.508121	20.07
1628	0.00460261	0.659599	0.50808	20.0764
1629	0.00459534	0.65951	0.507952	20.0828
1630	0.00453701	0.65942	0.507903	20.0892
1631	0.00476922	0.659337	0.507889	20.0956
1632	0.00436985	0.659243	0.508023	20.1021
1633	0.00443119	0.659151	0.507912	20.1085
1634	0.00457707	0.659062	0.507719	20.1149
1635	0.00477903	0.658979	0.507685	20.1213
1636	0.004629	0.658892	0.507814	20.1277
1637	0.00504843	0.658816	0.507964	20.1341
1638	0.00465423	0.65873	0.507991	20.1405
1639	0.0044344	0.658639	0.507585	20.1469
1640	0.00481486	0.658557	0.507569	20.1533
1641	0.00462577	0.658471	0.507511	20.1597
1642	0.0045118	0.658382	0.507275	20.166
1643	0.00452413	0.658293	0.507039	20.1724
1644	0.00463041	0.658207	0.507	20.1788
1645	0.00456189	0.65812	0.507001	20.1851
1646	0.00452625	0.658032	0.5068	20.1915
1647	0.00445712	0.657942	0.506699	20.1979
1648	0.00472552	0.657859	0.506886	20.2042
1649	0.00431467	0.657766	0.506993	20.2106
1650	0.00394785	0.657664	0.507181	20.2169
1651	0.00446046	0.657575	0.507333	20.2233
1652	0.00475883	0.657493	0.507503	20.2297
1653	0.00449173	0.657404	0.507575	20.236
1654	0.00485273	0.657325	0.507544	20.2424
1655	0.00469953	0.657242	0.506907	20.2487
1656	0.00483748	0.657163	0.50679	20.2551
1657	0.00438592	0.657072	0.506677	20.2614
1658	0.0045934	0.656987	0.506521	20.2677
1659	0.0047296	0.656905	0.5065	20.2741
1660	0.00514281	0.656834	0.506246	20.2804
1661	0.00469201	0.656751	0.505968	20.2867
1662	0.00470138	0.656669	0.505969	20.293
1663	0.00481117	0.65659	0.506045	20.2993
1664	0.0048828	0.656513	0.505911	20.3056
1665	0.00453915	0.656427	0.505984	20.3119
1666	0.00439208	0.656338	0.505789	20.3182
1667	0.00417139	0.656243	0.505738	20.3245
1668	0.00396454	0.656144	0.505569	20.3308
1669	0.00364217	0.656036	0.505687	20.3371
1670	0.00364798	0.655929	0.505828	20.3434
1671	0.00405518	0.655832	0.506031	20.3496
1672	0.0039431	0.655733	0.506077	20.3559
1673	0.00391611	0.655633	0.506133	20.3622
1674	0.00468159	0.655551	0.506146	20.3685
1675	0.00484818	0.655474	0.506256	20.3748
1676	0.00497543	0.6554	0.506107	20.3811
1677	0.00495192	0.655326	0.506286	20.3874
1678	0.00499798	0.655253	0.506163	20.3936
1679	0.00504753	0.655181	0.506097	20.3999
1680	0.00527913	0.655115	0.506007	20.4062
1681	0.00507584	0.655044	0.506202	20.4125
1682	0.0054786	0.654983	0.506222	20.4187
1683	0.00521062	0.654916	0.506292	20.425
1684	0.00501093	0.654843	0.506316	20.4313
1685	0.00488938	0.654768	0.506267	20.4376
1686	0.00440571	0.654682	0.506585	20.4438
1687	0.00403591	0.654586	0.506619	20.4501
1688	0.00374171	0.654483	0.506498	20.4564
1689	0.00355087	0.654376	0.506405	20.4626
1690	0.00334675	0.654264	0.506363	20.4689
1691	0.00332267	0.654152	0.506528	20.4752
1692	0.00338072	0.654041	0.506179	20.4814
1693	0.00357936	0.653935	0.506232	20.4877
1694	0.00395177	0.653838	0.506155	20.4939
1695	0.00429863	0.653749	0.505879	20.5002
1696	0.00410259	0.653656	0.505961	20.5064
1697	0.00405613	0.653563	0.506026	20.5127
1698	0.00406475	0.653469	0.505776	20.5189
1699	0.00360498	0.653364	0.505714	20.5251
1700	0.00375809	0.653263	0.505843	20.5313
1701	0.00404287	0.653169	0.506049	20.5376
1702	0.00424329	0.653081	0.506035	20.5438
1703	0.00412143	0.652989	0.506	20.55
1704	0.00390618	0.652892	0.505978	20.5563
1705	0.00384478	0.652794	0.505788	20.5625
1706	0.00432228	0.652707	0.506072	20.5687
1707	0.00413653	0.652616	0.506229	20.5749
1708	0.00397344	0.652521	0.506267	20.5812
1709	0.00416649	0.652432	0.506262	20.5874
1710	0.00453105	0.65235	0.506544	20.5936
1711	0.00412873	0.65226	0.506825	20.5999
1712	0.0034577	0.652153	0.507269	20.6061
1713	0.00374041	0.652053	0.507291	20.6123
1714	0.00396282	0.651959	0.507203	20.6186
1715	0.00402425	0.651866	0.507005	20.6248
1716	0.0042787	0.65178	0.50697	20.631
1717	0.0043296	0.651694	0.507027	20.6373
1718	0.00443994	0.651612	0.506761	20.6435
1719	0.00460628	0.651534	0.506691	20.6497
1720	0.0050038	0.651465	0.506879	20.6559
1721	0.00485805	0.651393	0.506718	20.6621
1722	0.00479545	0.651319	0.506802	20.6683
1723	0.00491999	0.651249	0.506526	20.6745
1724	0.00494399	0.651179	0.506464	20.6807
1725	0.00497226	0.651111	0.50639	20.6869
1726	0.00480629	0.651038	0.506454	20.6931
1727	0.00522259	0.650975	0.50667	20.6993
1728	0.00515106	0.650911	0.506896	20.7055
1729	0.00475832	0.650837	0.507085	20.7117
1730	0.00497532	0.650769	0.507061	20.7179
1731	0.00466135	0.650693	0.506699	20.7241
1732	0.00459524	0.650616	0.506495	20.7303
1733	0.00472751	0.650542	0.506116	20.7365
1734	0.00460363	0.650465	0.506367	20.7427
1735	0.00474966	0.650391	0.506471	20.7489
1736	0.00450982	0.650312	0.506175	20.755
1737	0.00461621	0.650236	0.505664	20.7612
1738	0.0041804	0.650149	0.505561	20.7673
1739	0.00374396	0.650052	0.505065	20.7735
1740	0.00371404	0.649955	0.504919	20.7796
1741	0.00362092	0.649855	0.504499	20.7857
1742	0.00359332	0.649755	0.504644	20.7919
1743	0.003484	0.649652	0.504634	20.798
1744	0.00383567	0.649558	0.504498	20.8041
1745	0.00465282	0.649483	0.505011	20.8102
1746	0.00459974	0.649407	0.504944	20.8164
1747	0.00492301	0.649339	0.504926	20.8225
1748	0.00484323	0.64927	0.504283	20.8286
1749	0.00486803	0.6492	0.504071	20.8347
1750	0.00483973	0.649131	0.503971	20.8408
1751	0.00489421	0.649062	0.503782	20.8469
1752	0.00452324	0.648985	0.504009	20.853
1753	0.00427996	0.648903	0.503759	20.859
1754	0.00424461	0.648819	0.503782	20.8651
1755	0.00359442	0.64872	0.504062	20.8712
1756	0.0034219	0.648617	0.50396	20.8773
1757	0.00353303	0.648517	0.503624	20.8834
1758	0.00426119	0.648434	0.503997	20.8894
1759	0.00397604	0.648345	0.504024	20.8955
1760	0.00405673	0.648258	0.504166	20.9016
1761	0.00434256	0.648177	0.50433	20.9077
1762	0.00444308	0.648099	0.504186	20.9138
1763	0.00457106	0.648024	0.504356	20.9198
1764	0.00413425	0.647939	0.50458	20.9259
1765	0.00412038	0.647854	0.504713	20.932
1766	0.00439774	0.647775	0.504886	20.9381
1767	0.0043298	0.647695	0.504785	20.9442
1768	0.00444783	0.647618	0.504488	20.9502
1769	0.004516	0.647542	0.504099	20.9563
1770	0.00496817	0.647478	0.504091	20.9624
1771	0.00436802	0.647399	0.50405	20.9684
1772	0.00469369	0.647328	0.504268	20.9745
1773	0.0042973	0.647247	0.504328	20.9806
1774	0.00417611	0.647164	0.504344	20.9866
1775	0.00428767	0.647084	0.503702	20.9927
1776	0.00483977	0.647017	0.503951	20.9987
1777	0.00462312	0.646944	0.503791	21.0047
1778	0.00474124	0.646875	0.503964	21.0108
1779	0.00464192	0.646803	0.504062	21.0168
1780	0.00428231	0.646723	0.504328	21.0229
1781	0.00427355	0.646643	0.504467	21.0289
1782	0.00455073	0.64657	0.504753	21.035
1783	0.00394225	0.646482	0.504826	21.041
1784	0.00389368	0.646393	0.504762	21.0471
1785	0.00360477	0.646297	0.504846	21.0532
1786	0.0039029	0.646209	0.504902	21.0592
1787	0.00402737	0.646123	0.504947	21.0653
1788	0.00443428	0.646048	0.504853	21.0713
1789	0.00464961	0.645977	0.504848	21.0773
1790	0.00472306	0.645908	0.504835	21.0834
1791	0.00462804	0.645838	0.504161	21.0894
1792	0.00428119	0.645759	0.504189	21.0954
1793	0.00414451	0.645677	0.504278	21.1015
1794	0.00450634	0.645603	0.504234	21.1075
1795	0.00505211	0.645543	0.504744	21.1135
1796	0.00488483	0.645478	0.504854	21.1196
1797	0.0049202	0.645415	0.504764	21.1256
1798	0.00470263	0.645346	0.504613	21.1316
1799	0.00489462	0.645283	0.504786	21.1376
1800	0.00480556	0.645217	0.504916	21.1437
1801	0.00468422	0.645148	0.504771	21.1497
1802	0.00469831	0.64508	0.504846	21.1557
1803	0.00500583	0.645019	0.505064	21.1617
1804	0.00518869	0.644962	0.505092	21.1678
1805	0.00511714	0.644904	0.504935	21.1738
1806	0.00529727	0.644851	0.504777	21.1798
1807	0.00534157	0.644798	0.504736	21.1858
1808	0.00522064	0.644742	0.504755	21.1918
1809	0.00535005	0.64469	0.504775	21.1978
1810	0.00564022	0.644645	0.504989	21.2039
1811	0.00570161	0.644601	0.505123	21.2099
1812	0.00532177	0.644548	0.505154	21.2159
1813	0.00545184	0.644498	0.504734	21.2219
1814	0.00545233	0.644449	0.504663	21.2279
1815	0.00523138	0.644394	0.504551	21.2339
1816	0.00544994	0.644345	0.50456	21.2399
1817	0.00534674	0.644293	0.504526	21.2459
1818	0.00521385	0.644238	0.504617	21.2518
1819	0.00563782	0.644193	0.504933	21.2578
1820	0.00596316	0.644156	0.505217	21.2638
1821	0.00608891	0.644122	0.504923	21.2698
1822	0.00645022	0.644097	0.504812	21.2758
1823	0.00663191	0.644075	0.504629	21.2818
1824	0.00724259	0.644069	0.504782	21.2878
1825	0.00735267	0.644064	0.504913	21.2938
1826	0.00754052	0.644064	0.504981	21.2998
1827	0.00762841	0.644067	0.505008	21.3058
1828	0.00824296	0.644083	0.505493	21.3117
1829	0.00882827	0.644114	0.506004	21.3178
1830	0.00862654	0.64414	0.505923	21.3238
1831	0.00863359	0.644165	0.50577	21.3297
1832	0.00891541	0.644198	0.505814	21.3357
1833	0.00869165	0.644225	0.505762	21.3417
1834	0.0083928	0.644246	0.505651	21.3477
1835	0.00864865	0.644272	0.505745	21.3537
1836	0.00866802	0.644299	0.505847	21.3597
1837	0.00879457	0.644329	0.505751	21.3657
1838	0.00896515	0.644363	0.505387	21.3717
1839	0.00885569	0.644394	0.505222	21.3776
1840	0.00917339	0.644433	0.505218	21.3836
1841	0.00908044	0.64447	0.505076	21.3896
1842	0.00954153	0.644517	0.505064	21.3955
1843	0.00997195	0.644575	0.505357	21.4015
1844	0.00995631	0.644632	0.504527	21.4074
1845	0.0097665	0.644684	0.504385	21.4134
1846	0.00970132	0.644736	0.504446	21.4193
1847	0.00972489	0.644787	0.504298	21.4253
1848	0.00951187	0.644834	0.504409	21.4312
1849	0.00966869	0.644885	0.504454	21.4371
1850	0.00994909	0.644942	0.504576	21.4431
1851	0.0100085	0.645	0.504784	21.449
1852	0.0097599	0.645053	0.504685	21.4549
1853	0.00979444	0.645107	0.504725	21.4609
1854	0.00994736	0.645164	0.504591	21.4668
1855	0.0100302	0.645223	0.504683	21.4727
1856	0.00979077	0.645276	0.504783	21.4787
1857	0.00999148	0.645334	0.504703	21.4846
1858	0.0100503	0.645394	0.504734	21.4905
1859	0.00998036	0.645452	0.504684	21.4964
1860	0.00984253	0.645506	0.504324	21.5024
1861	0.00993968	0.645564	0.504209	21.5083
1862	0.00949198	0.64561	0.504516	21.5142
1863	0.010154	0.645672	0.504911	21.5201
1864	0.00983924	0.645727	0.505101	21.526
1865	0.00987256	0.645782	0.505212	21.532
1866	0.00952198	0.64583	0.505214	21.5379
1867	0.00931696	0.645873	0.505232	21.5438
1868	0.00886932	0.645905	0.505522	21.5497
1869	0.00860783	0.645931	0.505404	21.5557
1870	0.00887584	0.645964	0.50514	21.5616
1871	0.00862976	0.645991	0.505154	21.5675
1872	0.0087374	0.64602	0.505157	21.5734
1873	0.00892834	0.646054	0.505428	21.5793
1874	0.00871244	0.646083	0.505245	21.5852
1875	0.00893445	0.646117	0.505374	21.5912
1876	0.00937328	0.646162	0.505538	21.5971
1877	0.00956479	0.64621	0.505772	21.603
1878	0.00964666	0.646261	0.505812	21.6089
1879	0.00988172	0.646317	0.505811	21.6148
1880	0.00988833	0.646373	0.505734	21.6207
1881	0.00991182	0.64643	0.50571	21.6267
1882	0.0099882	0.646488	0.505886	21.6326
1883	0.00993743	0.646546	0.505976	21.6385
1884	0.00979901	0.6466	0.506105	21.6444
1885	0.00938443	0.646645	0.506044	21.6503
1886	0.00904139	0.646681	0.506081	21.6562
1887	0.00899636	0.646717	0.506212	21.6621
1888	0.00894986	0.646752	0.506245	21.6681
1889	0.0091286	0.646791	0.506371	21.674
1890	0.00915694	0.64683	0.506413	21.6799
1891	0.00885441	0.646863	0.506242	21.6858
1892	0.00860809	0.64689	0.506254	21.6917
1893	0.00873063	0.64692	0.506151	21.6976
1894	0.00892376	0.646954	0.50627	21.7035
1895	0.00907786	0.646992	0.506324	21.7094
1896	0.00896304	0.647027	0.506098	21.7153
1897	0.00874972	0.647058	0.506283	21.7212
1898	0.00864886	0.647086	0.506283	21.7271
1899	0.00907241	0.647124	0.506402	21.733
1900	0.00905954	0.647161	0.506481	21.7389
1901	0.00893686	0.647196	0.506372	21.7448
1902	0.00873448	0.647226	0.506545	21.7507
1903	0.00850481	0.647251	0.506459	21.7566
1904	0.00850077	0.647276	0.506235	21.7625
1905	0.00883102	0.647309	0.506375	21.7684
1906	0.00861695	0.647336	0.506296	21.7742
1907	0.00833497	0.647358	0.506432	21.7801
1908	0.00813793	0.647374	0.506464	21.786
1909	0.00816372	0.647392	0.506345	21.7919
1910	0.00781134	0.647401	0.506534	21.7978
1911	0.00773767	0.647409	0.506446	21.8037
1912	0.00754437	0.647412	0.506574	21.8096
1913	0.00761283	0.647417	0.506527	21.8154
1914	0.00799463	0.64743	0.506841	21.8213
1915	0.00787953	0.647442	0.506887	21.8272
1916	0.00724986	0.647438	0.50693	21.8331
1917	0.00733421	0.647437	0.507022	21.839
1918	0.0070925	0.64743	0.507164	21.8449
1919	0.00707991	0.647423	0.506865	21.8507
1920	0.00677926	0.647409	0.506684	21.8566
1921	0.00631669	0.647385	0.506881	21.8625
1922	0.0066674	0.647369	0.507083	21.8684
1923	0.00669919	0.647353	0.506922	21.8742
1924	0.00670871	0.647338	0.507123	21.8801
1925	0.00676333	0.647324	0.507133	21.886
1926	0.00698773	0.647315	0.507151	21.8919
1927	0.00700173	0.647307	0.507188	21.8977
1928	0.00673329	0.647293	0.50728	21.9036
1929	0.00686968	0.647281	0.507303	21.9095
1930	0.00664665	0.647265	0.50711	21.9153
1931	0.00642354	0.647244	0.507049	21.9212
1932	0.00625473	0.647219	0.507047	21.9271
1933	0.00578678	0.647183	0.507444	21.9329
1934	0.00596437	0.647151	0.507486	21.9388
1935	0.00563517	0.647112	0.507234	21.9447
1936	0.00619479	0.647086	0.507213	21.9505
1937	0.00604274	0.647056	0.506956	21.9564
1938	0.00592927	0.647024	0.507158	21.9622
1939	0.00547493	0.646982	0.507032	21.9681
1940	0.00512959	0.646932	0.507261	21.9739
1941	0.00500183	0.646878	0.507284	21.9798
1942	0.00507233	0.646827	0.507226	21.9856
1943	0.00497706	0.646774	0.507171	21.9915
1944	0.00476267	0.646715	0.507298	21.9973
1945	0.00458119	0.646653	0.507254	22.0032
1946	0.00487777	0.646598	0.5075	22.009
1947	0.00485998	0.646542	0.50763	22.0149
1948	0.00477468	0.646484	0.507795	22.0207
1949	0.0048067	0.646427	0.507623	22.0266
1950	0.00460412	0.646366	0.507778	22.0324
1951	0.0044696	0.646302	0.507862	22.0383
1952	0.00461309	0.646241	0.507888	22.0441
1953	0.00503105	0.646189	0.507949	22.05
1954	0.00495307	0.646136	0.507905	22.0558
1955	0.00494719	0.646083	0.507948	22.0617
1956	0.00477985	0.646026	0.507866	22.0675
1957	0.00477988	0.645969	0.507568	22.0734
1958	0.00458608	0.645907	0.507618	22.0792
1959	0.0039111	0.645831	0.508008	22.085
1960	0.00406457	0.645758	0.507976	22.0909
1961	0.00363609	0.645676	0.508265	22.0967
1962	0.00296894	0.645578	0.508803	22.1026
1963	0.00294364	0.64548	0.508722	22.1084
1964	0.0034522	0.645394	0.508974	22.1143
1965	0.0035392	0.64531	0.508939	22.1201
1966	0.00351115	0.645225	0.508586	22.126
1967	0.00392331	0.64515	0.508703	22.1318
1968	0.00395498	0.645075	0.508755	22.1377
1969	0.00448533	0.645012	0.508539	22.1435
1970	0.00455074	0.644951	0.508416	22.1493
1971	0.00498436	0.6449	0.50856	22.1552
1972	0.00475198	0.644844	0.508315	22.161
1973	0.00436116	0.644778	0.508271	22.1668
1974	0.00453485	0.644717	0.508285	22.1727
1975	0.00486382	0.644664	0.508477	22.1785
1976	0.00493529	0.644612	0.508479	22.1843
1977	0.00477566	0.644556	0.508476	22.1901
1978	0.00450383	0.644494	0.508418	22.196
