#	<x>	stDevX	<E>	stDevE
0	2.52547	0	3.8946	0
1	2.12978	2.32763	5.82045	4.85753
2	2.44436	3.34679	5.95075	7.38493
3	2.62773	4.21206	6.20328	9.46959
4	2.27373	4.80043	4.38359	10.5011
5	2.13575	5.26848	4.0976	11.3109
6	1.75434	5.56075	5.12148	12.4125
7	1.25588	5.67085	6.03761	13.7279
8	0.807117	5.64245	6.57818	15.1125
9	0.393228	5.50421	6.39373	16.3444
10	-0.0053343	5.27297	6.68592	17.5843
11	0.13273	5.10616	6.75131	18.7717
12	0.20692	4.9781	5.80476	19.645
13	0.262653	4.87892	5.47949	20.3978
14	0.220756	4.78062	5.49111	21.1264
15	0.115664	4.66713	5.3707	21.8012
16	0.00787272	4.5385	4.70052	22.2977
17	0.033003	4.42584	4.01339	22.6263
18	0.0729457	4.33075	3.50297	22.8391
19	0.123614	4.25389	3.21191	22.9917
20	0.203926	4.2	3.22083	23.1516
21	0.219236	4.15376	3.37559	23.3482
22	0.249466	4.11754	2.75091	23.4196
23	0.273521	4.08932	2.16307	23.3804
24	0.256538	4.06045	1.89759	23.2998
25	0.277814	4.03821	1.77803	23.2076
26	0.270738	4.01679	1.59279	23.0914
27	0.340266	4.01026	1.61268	22.9902
28	0.304185	3.99853	1.63219	22.9025
29	0.223238	3.97374	1.66032	22.829
30	0.196644	3.94604	1.81305	22.7906
31	0.169603	3.91542	1.98644	22.789
32	0.216655	3.89466	1.90509	22.7786
33	0.216451	3.8753	1.98285	22.7864
34	0.171706	3.84979	2.03393	22.8071
35	0.175589	3.82635	2.08391	22.8398
36	0.17929	3.80482	1.98539	22.8597
37	0.192025	3.78653	1.78895	22.8515
38	0.219639	3.77369	1.92239	22.8683
39	0.275344	3.77043	2.06392	22.9103
40	0.286099	3.76946	1.90181	22.9296
41	0.274762	3.76731	1.97897	22.9634
42	0.288783	3.76783	2.07868	23.0146
43	0.362069	3.77974	2.29485	23.0997
44	0.393255	3.79644	2.37118	23.197
45	0.318841	3.80237	2.32703	23.2885
46	0.29244	3.80479	2.41818	23.3938
47	0.280048	3.8058	2.50062	23.5113
48	0.315532	3.8122	2.56975	23.6385
49	0.350107	3.82368	2.47865	23.7528
50	0.390231	3.84087	2.50111	23.8703
51	0.410259	3.86084	2.54977	23.9944
52	0.39742	3.87902	2.59496	24.1244
53	0.403509	3.89802	2.50978	24.2426
54	0.401516	3.91673	2.47218	24.3556
55	0.421756	3.93809	2.54915	24.4787
56	0.455798	3.96386	2.6994	24.6213
57	0.443615	3.98789	2.6992	24.7633
58	0.457611	4.01361	2.72281	24.9076
59	0.444512	4.0375	2.74042	25.0536
60	0.444839	4.06131	2.68852	25.1922
61	0.412468	4.08092	2.78194	25.342
62	0.39892	4.09879	2.82611	25.4966
63	0.37994	4.11428	2.67335	25.6313
64	0.386311	4.13055	2.44313	25.7372
65	0.393532	4.1477	2.47028	25.8463
66	0.403145	4.16598	2.47639	25.9559
67	0.392978	4.183	2.47311	26.0649
68	0.408724	4.20187	2.42645	26.1681
69	0.428758	4.22307	2.45122	26.2741
70	0.430669	4.2444	2.32492	26.3651
71	0.43327	4.26595	2.24531	26.4467
72	0.42489	4.28643	2.25842	26.53
73	0.422662	4.30656	2.29523	26.6176
74	0.418298	4.32613	2.35586	26.7122
75	0.406836	4.34431	2.39937	26.8116
76	0.441292	4.36635	2.39405	26.9103
77	0.46213	4.39062	2.30627	26.999
78	0.486914	4.41754	2.24281	27.0805
79	0.467465	4.44213	2.14389	27.151
80	0.459108	4.46566	2.08502	27.2153
81	0.46443	4.48966	2.00863	27.2713
82	0.481599	4.51541	1.87512	27.3131
83	0.470215	4.53978	1.84816	27.3525
84	0.450836	4.56192	1.77552	27.3845
85	0.482083	4.58732	1.73967	27.4132
86	0.490039	4.61342	1.72633	27.441
87	0.51377	4.64189	1.73329	27.4702
88	0.521151	4.67097	1.67976	27.4943
89	0.535691	4.70139	1.75318	27.5266
90	0.556457	4.73379	1.84545	27.569
91	0.562212	4.76657	1.85292	27.6125
92	0.544715	4.79734	1.91593	27.6629
93	0.501777	4.8235	1.98602	27.7207
94	0.501171	4.84947	1.83271	27.763
95	0.481501	4.8733	1.81707	27.8041
96	0.459952	4.89484	1.84101	27.8478
97	0.428364	4.91311	1.88255	27.8961
98	0.402588	4.92874	1.9243	27.9487
99	0.411307	4.94521	1.86412	27.9955
100	0.402278	4.96075	1.83442	28.0396
101	0.341086	4.97022	1.99249	28.0995
102	0.286907	4.9744	2.12893	28.1728
103	0.26459	4.97648	2.17302	28.2504
104	0.255722	4.97779	2.18978	28.3296
105	0.225952	4.97632	2.25903	28.4153
106	0.18443	4.97098	2.39916	28.5143
107	0.146321	4.96215	2.53334	28.6258
108	0.114785	4.95049	2.64592	28.7477
109	0.115737	4.93912	2.68324	28.8726
110	0.12888	4.92921	2.73978	29.0023
111	0.123329	4.91895	2.79474	29.1366
112	0.129151	4.90943	2.86397	29.2768
113	0.155186	4.90251	2.91301	29.4209
114	0.179029	4.89796	3.00953	29.5732
115	0.199793	4.89546	3.02059	29.7258
116	0.224212	4.89531	2.99805	29.8756
117	0.231206	4.8959	2.99505	30.0244
118	0.220015	4.89554	2.91184	30.1649
119	0.22943	4.89613	2.88105	30.3019
120	0.242913	4.89802	2.86472	30.4368
121	0.25438	4.901	2.90691	30.5749
122	0.268776	4.90534	2.95857	30.7171
123	0.276285	4.91039	2.876	30.8512
124	0.291408	4.91683	2.57129	30.9576
125	0.288099	4.923	2.43487	31.0516
126	0.271432	4.92773	2.32388	31.1355
127	0.27	4.93236	2.21845	31.2099
128	0.282629	4.93815	2.17253	31.2802
129	0.288627	4.94448	2.09187	31.3433
130	0.291133	4.95106	2.05001	31.4028
131	0.297182	4.95818	2.0341	31.4609
132	0.298579	4.96544	2.02617	31.5183
133	0.309828	4.97368	2.03053	31.5762
134	0.326998	4.9834	2.08748	31.6389
135	0.343609	4.99454	2.11441	31.7038
136	0.354896	5.00662	2.15323	31.7721
137	0.358994	5.01903	2.15621	31.8405
138	0.374515	5.03273	2.16169	31.9092
139	0.36704	5.04576	2.17277	31.9789
140	0.34682	5.05707	2.21246	32.0517
141	0.3376	5.06759	2.22031	32.1252
142	0.327262	5.07723	2.22801	32.1991
143	0.321995	5.08644	2.22347	32.2725
144	0.323057	5.09573	2.20967	32.3447
145	0.318178	5.10461	2.178	32.4141
146	0.309735	5.11279	2.05925	32.4737
147	0.3197	5.1218	2.03788	32.5315
148	0.309338	5.12996	1.98683	32.5851
149	0.302795	5.13758	1.95283	32.636
150	0.291019	5.14426	1.98015	32.6891
151	0.282632	5.15027	2.00244	32.744
152	0.273769	5.15559	2.00624	32.7991
153	0.27672	5.16116	2.05365	32.8581
154	0.270488	5.16624	2.09951	32.9207
155	0.271154	5.17141	2.14692	32.9871
156	0.263705	5.176	2.1823	33.0561
157	0.245063	5.17913	2.25235	33.1307
158	0.239437	5.18185	2.28947	33.208
159	0.234925	5.18425	2.30004	33.2859
160	0.242493	5.18727	2.32965	33.3661
161	0.246462	5.19064	2.3484	33.4475
162	0.256623	5.19483	2.37319	33.5307
163	0.259665	5.19928	2.37902	33.6142
164	0.272078	5.20472	2.41876	33.7005
165	0.26733	5.2098	2.43522	33.7879
166	0.256379	5.21405	2.42221	33.8741
167	0.256452	5.21833	2.44303	33.9616
168	0.256464	5.22263	2.46979	34.051
169	0.242632	5.22589	2.49597	34.1422
170	0.243808	5.22927	2.52697	34.2355
171	0.259897	5.23389	2.58412	34.3329
172	0.2831	5.24029	2.64261	34.4344
173	0.280214	5.24648	2.61613	34.5336
174	0.276432	5.2524	2.62757	34.6335
175	0.263531	5.25735	2.65899	34.7353
176	0.262688	5.26225	2.66221	34.8372
177	0.262237	5.26713	2.63331	34.9366
178	0.281344	5.27345	2.67402	35.0387
179	0.278349	5.27955	2.64011	35.138
180	0.27675	5.28554	2.59487	35.2337
181	0.276899	5.29155	2.55111	35.3259
182	0.279502	5.29776	2.52698	35.416
183	0.279983	5.304	2.53195	35.5064
184	0.267389	5.30933	2.5259	35.596
185	0.267216	5.31466	2.48605	35.6825
186	0.263835	5.31975	2.42279	35.7642
187	0.253294	5.32408	2.34236	35.8398
188	0.244308	5.32778	2.30065	35.9123
189	0.249273	5.33185	2.22455	35.9791
190	0.261361	5.33681	2.2528	36.0479
191	0.262108	5.34183	2.27158	36.1179
192	0.264715	5.34705	2.27908	36.1883
193	0.251784	5.35135	2.2731	36.2582
194	0.244041	5.35512	2.27117	36.3278
195	0.236965	5.35839	2.26817	36.3971
196	0.224974	5.36083	2.27632	36.4668
197	0.209688	5.36221	2.3061	36.5386
198	0.202132	5.36308	2.29848	36.6096
199	0.197533	5.36366	2.24583	36.6769
200	0.189412	5.36369	2.23312	36.7431
201	0.18124	5.36319	2.20278	36.8071
202	0.179711	5.36261	2.19339	36.8703
203	0.173063	5.3616	2.20156	36.9341
204	0.169363	5.36037	2.19968	36.9976
205	0.172457	5.3594	2.22285	37.0626
206	0.173469	5.35852	2.2451	37.1291
207	0.175147	5.35781	2.26469	37.1968
208	0.178259	5.35734	2.28196	37.2656
209	0.180982	5.35708	2.2967	37.3353
210	0.181146	5.35688	2.25356	37.4019
211	0.174703	5.35626	2.24532	37.4679
212	0.180557	5.35607	2.23084	37.5327
213	0.17145	5.35529	2.18825	37.5946
214	0.170039	5.35445	2.18873	37.6564
215	0.164171	5.35325	2.18203	37.7176
216	0.159507	5.35176	2.20217	37.7802
217	0.158648	5.35025	2.18152	37.8412
218	0.148578	5.34809	2.1776	37.9019
219	0.139844	5.34538	2.12975	37.9594
220	0.134984	5.34239	2.08825	38.0139
221	0.130027	5.33911	2.06932	38.0672
222	0.135191	5.33621	2.04879	38.119
223	0.140988	5.33374	2.03602	38.1699
224	0.138595	5.33114	1.99879	38.2184
225	0.136935	5.32848	2.02179	38.2683
226	0.137498	5.32589	2.03172	38.3188
227	0.139222	5.32344	2.06674	38.3716
228	0.14334	5.32131	2.10492	38.4269
229	0.141018	5.31906	2.08343	38.4807
230	0.141804	5.31689	2.04905	38.5322
231	0.1369	5.31444	2.04882	38.5837
232	0.131397	5.31166	2.06336	38.636
233	0.122365	5.30833	2.0499	38.6875
234	0.126041	5.30528	2.02723	38.7374
235	0.122305	5.30202	2.02145	38.7869
236	0.117395	5.29848	2.00817	38.8355
237	0.114297	5.29478	1.98433	38.8825
238	0.119289	5.29143	1.93834	38.9265
239	0.126523	5.2886	1.91872	38.9693
240	0.134244	5.28629	1.92967	39.0127
241	0.136363	5.28415	1.93326	39.0564
242	0.136885	5.28207	1.92572	39.0996
243	0.131769	5.2797	1.91865	39.1423
244	0.131399	5.27733	1.90058	39.1838
245	0.129297	5.27487	1.86893	39.2233
246	0.133725	5.27271	1.83187	39.2605
247	0.140894	5.27105	1.79785	39.2955
248	0.152953	5.27017	1.77154	39.3289
249	0.151644	5.26923	1.74221	39.3604
250	0.146751	5.26801	1.74424	39.3921
251	0.146936	5.26683	1.70059	39.4211
252	0.147988	5.26573	1.71647	39.4512
253	0.141928	5.26429	1.67788	39.4788
254	0.132577	5.26228	1.66936	39.506
255	0.138637	5.26068	1.67843	39.5337
256	0.138643	5.25911	1.65925	39.5603
257	0.137916	5.25752	1.60397	39.5836
258	0.134858	5.25576	1.56826	39.6046
259	0.130499	5.25376	1.56903	39.6258
260	0.129009	5.25169	1.56869	39.647
261	0.126822	5.24952	1.52833	39.6658
262	0.111379	5.24642	1.48513	39.682
263	0.0996852	5.24264	1.48972	39.6986
264	0.0924778	5.23845	1.50292	39.7161
265	0.0840449	5.23377	1.51777	39.7345
266	0.0795739	5.22886	1.51072	39.7526
267	0.0771818	5.22384	1.51132	39.7708
268	0.0788163	5.21895	1.52092	39.7896
269	0.0788097	5.2141	1.51284	39.808
270	0.0774101	5.2092	1.4925	39.8253
271	0.084006	5.20473	1.46538	39.841
272	0.0850397	5.20037	1.46811	39.8569
273	0.0832277	5.19592	1.46376	39.8726
274	0.0880117	5.1918	1.46693	39.8886
275	0.0798124	5.18721	1.47956	39.9055
276	0.0711401	5.18214	1.48026	39.9224
277	0.0609926	5.1765	1.48277	39.9396
278	0.0599792	5.17083	1.48551	39.957
279	0.0604697	5.16523	1.49478	39.975
280	0.0614455	5.15972	1.49307	39.993
281	0.0665483	5.15455	1.49539	40.0111
282	0.0628281	5.1492	1.4502	40.0267
283	0.0660043	5.14407	1.44342	40.0419
284	0.0670285	5.13903	1.41654	40.0556
285	0.0659733	5.13396	1.40584	40.0687
286	0.065644	5.12891	1.40405	40.0818
287	0.0684276	5.12406	1.39769	40.0947
288	0.0674313	5.11917	1.37383	40.1061
289	0.0646195	5.11416	1.34882	40.1162
290	0.0649727	5.1092	1.28575	40.1227
291	0.0610747	5.10404	1.28011	40.129
292	0.0550757	5.09856	1.26263	40.1343
293	0.0486544	5.09275	1.25715	40.1394
294	0.0467145	5.08685	1.26762	40.1453
295	0.039845	5.08059	1.2626	40.1509
296	0.0452485	5.07468	1.25926	40.1564
297	0.0493608	5.06905	1.23635	40.1607
298	0.0518086	5.06358	1.20424	40.1632
299	0.0648493	5.0589	1.22651	40.1672
300	0.0659832	5.05432	1.20769	40.1701
301	0.0643367	5.04966	1.21096	40.1733
302	0.0643295	5.04504	1.22316	40.1774
303	0.0624746	5.04034	1.22957	40.1818
304	0.0693704	5.03607	1.23279	40.1866
305	0.0805971	5.03246	1.24376	40.1921
306	0.0893169	5.02937	1.24953	40.198
307	0.0961048	5.02669	1.26803	40.205
308	0.0981327	5.02415	1.27653	40.2126
309	0.0959135	5.02151	1.24914	40.2188
310	0.101551	5.0192	1.28099	40.2268
311	0.0978767	5.01671	1.30726	40.2364
312	0.0993027	5.01432	1.31469	40.2464
313	0.101128	5.01205	1.33044	40.2575
314	0.10935	5.01027	1.31045	40.2674
315	0.119419	5.00907	1.32735	40.2784
316	0.124676	5.00818	1.36006	40.2913
317	0.125894	5.00737	1.38557	40.3057
318	0.127855	5.00669	1.37408	40.3195
319	0.131253	5.00621	1.38659	40.334
320	0.120958	5.00517	1.42327	40.3507
321	0.113569	5.00373	1.4395	40.3682
322	0.10764	5.00199	1.45847	40.3869
323	0.0996007	4.99981	1.47977	40.4068
324	0.0987871	4.99761	1.49993	40.4279
325	0.0982428	4.99539	1.52571	40.4504
326	0.103348	4.99348	1.55501	40.4745
327	0.113915	4.99216	1.60132	40.5013
328	0.116332	4.991	1.6252	40.5293
329	0.121676	4.99014	1.63988	40.5582
330	0.130725	4.98979	1.66102	40.5882
331	0.129973	4.98942	1.67682	40.6191
332	0.127833	4.98894	1.70062	40.6513
333	0.129942	4.98859	1.71938	40.6845
334	0.134589	4.9885	1.70471	40.717
335	0.13755	4.98859	1.67772	40.7479
336	0.133267	4.98845	1.66195	40.778
337	0.136422	4.9885	1.65541	40.8077
338	0.141626	4.98884	1.64865	40.837
339	0.145008	4.98937	1.63986	40.8659
340	0.145881	4.98996	1.6408	40.8949
341	0.14512	4.99051	1.62067	40.9227
342	0.145905	4.99112	1.61742	40.9504
343	0.14218	4.99154	1.60503	40.9774
344	0.132368	4.99144	1.60865	41.0046
345	0.128348	4.99113	1.62444	41.0327
346	0.128425	4.99084	1.63359	41.0613
347	0.130189	4.99065	1.64151	41.0903
348	0.130211	4.99048	1.65285	41.1199
349	0.121975	4.98987	1.67771	41.1508
350	0.122859	4.98933	1.65673	41.1806
351	0.127975	4.98907	1.66231	41.2107
352	0.132973	4.98908	1.67447	41.2415
353	0.130967	4.989	1.68493	41.2728
354	0.12232	4.98847	1.6912	41.3044
355	0.115873	4.98761	1.69255	41.3361
356	0.115642	4.98676	1.67957	41.3671
357	0.116128	4.98593	1.66095	41.3971
358	0.113045	4.98496	1.65636	41.4269
359	0.115132	4.98411	1.65429	41.4565
360	0.118314	4.98344	1.65603	41.4863
361	0.124553	4.98311	1.66989	41.5167
362	0.130069	4.98308	1.67597	41.5475
363	0.134436	4.98329	1.69183	41.5791
364	0.126876	4.98311	1.6871	41.6105
365	0.120942	4.98262	1.68694	41.6418
366	0.114553	4.98182	1.67335	41.6724
367	0.106126	4.98059	1.69571	41.7042
368	0.105619	4.97935	1.70712	41.7365
369	0.103201	4.97799	1.71241	41.7691
370	0.102455	4.97661	1.70327	41.8013
371	0.101659	4.9752	1.70654	41.8336
372	0.101073	4.97377	1.67584	41.8643
373	0.103198	4.97246	1.67304	41.8948
374	0.107177	4.97137	1.67337	41.9253
375	0.113548	4.97062	1.68573	41.9565
376	0.118256	4.97012	1.70844	41.9889
377	0.122309	4.96984	1.70879	42.0212
378	0.123947	4.96966	1.7016	42.0532
379	0.124832	4.96953	1.70099	42.0851
380	0.121497	4.96924	1.67822	42.1158
381	0.117727	4.96876	1.6552	42.1454
382	0.118934	4.96836	1.65151	42.1748
383	0.120224	4.96803	1.66585	42.2049
384	0.113274	4.96735	1.67406	42.2354
385	0.113494	4.9667	1.67956	42.2661
386	0.114851	4.96613	1.68356	42.2971
387	0.116466	4.96564	1.68868	42.3283
388	0.117303	4.96521	1.68117	42.3591
389	0.117298	4.96479	1.68265	42.39
390	0.114881	4.96426	1.6829	42.4209
391	0.109972	4.96349	1.70268	42.4528
392	0.102671	4.96236	1.69909	42.4845
393	0.0963874	4.96092	1.69269	42.5159
394	0.100684	4.95971	1.68388	42.5468
395	0.102032	4.95858	1.67725	42.5773
396	0.0983925	4.95728	1.65777	42.6069
397	0.0984958	4.956	1.6508	42.6361
398	0.0990832	4.95475	1.63264	42.6644
399	0.100329	4.95358	1.61233	42.6917
400	0.099396	4.95237	1.60141	42.7184
401	0.102064	4.95131	1.58647	42.7444
402	0.104908	4.9504	1.58573	42.7704
403	0.109165	4.9497	1.58309	42.7962
404	0.107162	4.94892	1.58306	42.8221
405	0.102567	4.94792	1.59771	42.8486
406	0.102254	4.94692	1.58709	42.8746
407	0.100513	4.94584	1.588	42.9007
408	0.0953293	4.94451	1.58481	42.9266
409	0.0961007	4.94323	1.59419	42.953
410	0.09502	4.94191	1.6075	42.9801
411	0.0979278	4.94074	1.61995	43.0077
412	0.100119	4.93969	1.61528	43.0351
413	0.100314	4.93866	1.6184	43.0627
414	0.101082	4.93768	1.6107	43.0899
415	0.100793	4.93669	1.60967	43.117
416	0.100615	4.9357	1.60808	43.144
417	0.101156	4.93475	1.61009	43.1712
418	0.0926097	4.93339	1.64141	43.1999
419	0.0829604	4.93157	1.65625	43.2292
420	0.0760639	4.92943	1.63653	43.2577
421	0.0718722	4.92709	1.65133	43.2868
422	0.0683286	4.9246	1.66393	43.3165
423	0.0622522	4.92182	1.67878	43.347
424	0.0606373	4.91898	1.67188	43.3771
425	0.0656922	4.9164	1.68884	43.408
426	0.0677392	4.91392	1.68011	43.4384
427	0.0718046	4.91166	1.6809	43.4689
428	0.0725124	4.90944	1.6753	43.4991
429	0.0714138	4.90718	1.68297	43.5297
430	0.0683408	4.90479	1.68152	43.5602
431	0.0657877	4.90228	1.67337	43.5903
432	0.0649137	4.89975	1.64829	43.6192
433	0.0648935	4.89722	1.63451	43.6474
434	0.0648147	4.89471	1.62263	43.675
435	0.0597457	4.89196	1.62753	43.7029
436	0.0533379	4.88892	1.62595	43.7306
437	0.0531312	4.88589	1.62369	43.7583
438	0.0466801	4.88256	1.63515	43.7865
439	0.0422462	4.87903	1.6429	43.8151
440	0.0390471	4.87537	1.64892	43.8439
441	0.0444021	4.87197	1.65881	43.8732
442	0.0481015	4.86876	1.68297	43.9036
443	0.0507352	4.8657	1.69774	43.9347
444	0.0475238	4.86249	1.71791	43.9668
445	0.0444265	4.85915	1.72527	43.9992
446	0.0373379	4.85548	1.75332	44.0329
447	0.0302218	4.8515	1.75759	44.0668
448	0.0277308	4.84741	1.75727	44.1006
449	0.0316891	4.84353	1.76639	44.1349
450	0.0347713	4.8398	1.74895	44.1683
451	0.0339885	4.83606	1.74453	44.2015
452	0.0289333	4.83209	1.76039	44.2354
453	0.0252073	4.82795	1.73479	44.2681
454	0.028226	4.82398	1.7371	44.3009
455	0.0294677	4.82008	1.74369	44.334
456	0.0299261	4.81621	1.74693	44.3672
457	0.0343936	4.81257	1.76191	44.401
458	0.0361187	4.80902	1.76139	44.4349
459	0.029634	4.80518	1.76276	44.4688
460	0.0213779	4.80097	1.74924	44.502
461	0.0159298	4.79652	1.7378	44.5347
462	0.00980439	4.79181	1.7304	44.567
463	0.00526292	4.7869	1.72234	44.5989
464	0.00109483	4.78181	1.73563	44.6314
465	-0.00635786	4.77639	1.75941	44.665
466	-0.00985458	4.77083	1.77081	44.6992
467	-0.0125821	4.76516	1.78092	44.7337
468	-0.0175975	4.75928	1.78029	44.7682
469	-0.0185722	4.75337	1.74608	44.8011
470	-0.0194145	4.74743	1.73818	44.8336
471	-0.0231468	4.74135	1.75325	44.8668
472	-0.0296271	4.73498	1.77249	44.9009
473	-0.0344202	4.72842	1.76983	44.9348
474	-0.0294131	4.7221	1.75131	44.9679
475	-0.0264085	4.71594	1.7452	45.0006
476	-0.026082	4.70981	1.74228	45.0332
477	-0.0283356	4.7036	1.73234	45.0653
478	-0.0315308	4.69726	1.74837	45.0982
479	-0.0351052	4.69077	1.76371	45.1317
480	-0.0393795	4.68411	1.77167	45.1655
481	-0.0443914	4.67724	1.79094	45.2002
482	-0.0470978	4.67026	1.79692	45.2352
483	-0.0436577	4.66346	1.80345	45.2704
484	-0.0434513	4.65669	1.77905	45.3045
485	-0.0419219	4.65001	1.78135	45.3387
486	-0.0474309	4.64309	1.79791	45.3736
487	-0.0455483	4.63628	1.80614	45.4089
488	-0.0420413	4.62965	1.8168	45.4446
489	-0.0409256	4.62309	1.81306	45.4801
490	-0.0366847	4.61673	1.81707	45.5158
491	-0.0381734	4.61033	1.79651	45.5505
492	-0.0372309	4.60399	1.80406	45.5856
493	-0.0362041	4.59771	1.81103	45.6209
494	-0.0288659	4.59177	1.80368	45.6559
495	-0.0233518	4.5861	1.78146	45.6898
496	-0.0157707	4.58079	1.79667	45.7244
497	-0.0116397	4.57568	1.79362	45.7589
498	-0.011671	4.57058	1.771	45.7923
499	-0.0142136	4.56538	1.76141	45.8253
500	-0.0159505	4.56012	1.75949	45.8582
501	-0.0154233	4.55489	1.75189	45.8907
502	-0.0163048	4.54965	1.74965	45.923
503	-0.0143096	4.5445	1.73936	45.955
504	-0.0110971	4.53952	1.74338	45.987
505	-0.00827318	4.53467	1.75166	46.0194
506	-0.00273604	4.53008	1.75769	46.0521
507	-0.00179824	4.52555	1.76569	46.0851
508	0.00256565	4.52123	1.76429	46.118
509	0.00767764	4.51714	1.77611	46.1515
510	0.0131429	4.51331	1.77374	46.1848
511	0.0179184	4.5097	1.77404	46.218
512	0.0232993	4.50634	1.79244	46.2521
513	0.0287828	4.50323	1.80425	46.2867
514	0.0340311	4.50036	1.81636	46.3218
515	0.0377322	4.49766	1.81842	46.3569
516	0.0407971	4.49511	1.83194	46.3927
517	0.0443174	4.49273	1.83569	46.4285
518	0.05156	4.49067	1.84346	46.4647
519	0.0614133	4.48904	1.86542	46.5018
520	0.0682848	4.48773	1.87614	46.5394
521	0.0708912	4.48654	1.86942	46.5766
522	0.0708193	4.48535	1.86948	46.6138
523	0.0686753	4.48407	1.86264	46.6507
524	0.0666919	4.48272	1.86524	46.6876
525	0.0635869	4.48123	1.86149	46.7244
526	0.0621125	4.47969	1.86955	46.7615
527	0.0629879	4.47819	1.88501	46.7993
528	0.0683979	4.47694	1.91083	46.8381
529	0.0704764	4.47578	1.92283	46.8774
530	0.0705973	4.47463	1.88291	46.915
531	0.0690743	4.47342	1.87866	46.9523
532	0.0685067	4.47219	1.87947	46.9897
533	0.0708339	4.47108	1.89279	47.0275
534	0.0730241	4.47006	1.90472	47.0659
535	0.0758169	4.46916	1.91738	47.1048
536	0.075316	4.46826	1.92258	47.1439
537	0.0719593	4.46721	1.92873	47.1832
538	0.0715784	4.46615	1.9214	47.2222
539	0.070979	4.46507	1.89542	47.26
540	0.067656	4.46386	1.89611	47.2979
541	0.067279	4.46263	1.90583	47.3361
542	0.0672495	4.46141	1.9173	47.3748
543	0.0626875	4.46	1.92304	47.4137
544	0.054832	4.45826	1.92657	47.4527
545	0.0507233	4.45636	1.92973	47.4918
546	0.048731	4.45437	1.93113	47.5309
547	0.0490952	4.45241	1.92409	47.5697
548	0.0484305	4.45042	1.91867	47.6083
549	0.0493928	4.44849	1.8981	47.6459
550	0.04682	4.44645	1.89701	47.6835
551	0.042502	4.44423	1.90019	47.7212
552	0.0418324	4.442	1.89859	47.7587
553	0.0444841	4.43988	1.88868	47.7959
554	0.0459552	4.43784	1.88126	47.8326
555	0.045394	4.43577	1.88899	47.8697
556	0.0458701	4.43374	1.8966	47.9071
557	0.0456272	4.4317	1.90487	47.9448
558	0.0482151	4.42978	1.91142	47.9827
559	0.0496899	4.42793	1.92391	48.0212
560	0.0464876	4.42595	1.93651	48.0601
561	0.0416762	4.42377	1.93712	48.0991
562	0.0374534	4.42143	1.9479	48.1384
563	0.0368569	4.41906	1.93488	48.1772
564	0.036766	4.4167	1.93563	48.216
565	0.0387949	4.41443	1.9357	48.2547
566	0.0424914	4.41233	1.94291	48.2938
567	0.0445922	4.41032	1.94512	48.3329
568	0.0448275	4.40833	1.94187	48.3718
569	0.0428886	4.40626	1.93968	48.4106
570	0.0380678	4.404	1.93372	48.4491
571	0.0385162	4.40176	1.92954	48.4874
572	0.0388998	4.39955	1.91711	48.5252
573	0.0380776	4.39731	1.90278	48.5623
574	0.0381983	4.39508	1.89791	48.5992
575	0.0378629	4.39285	1.86034	48.6345
576	0.0362483	4.39056	1.8297	48.6685
577	0.0343501	4.38819	1.81137	48.7018
578	0.03126	4.3857	1.80575	48.7348
579	0.0277906	4.38308	1.78	48.7666
580	0.0227862	4.38026	1.76752	48.798
581	0.0198042	4.37732	1.7654	48.8292
582	0.0202169	4.37441	1.74428	48.8596
583	0.0224105	4.37159	1.7361	48.8896
584	0.0252163	4.3689	1.73252	48.9194
585	0.0287561	4.36637	1.74376	48.9497
586	0.0315896	4.36396	1.75544	48.9805
587	0.0296382	4.36147	1.75566	49.0112
588	0.0297929	4.359	1.74998	49.0417
589	0.0298368	4.35654	1.74201	49.0719
590	0.0318275	4.35417	1.73819	49.1018
591	0.0312799	4.35178	1.71665	49.1309
592	0.0308035	4.34938	1.70984	49.1597
593	0.0314432	4.34701	1.7107	49.1885
594	0.0327578	4.3447	1.71564	49.2175
595	0.0326316	4.3424	1.7181	49.2466
596	0.0316613	4.34006	1.71752	49.2756
597	0.0321103	4.33775	1.71816	49.3047
598	0.0310672	4.3354	1.71004	49.3334
599	0.0310581	4.33306	1.7134	49.3622
600	0.0281222	4.3306	1.70513	49.3907
601	0.025362	4.32805	1.68249	49.4182
602	0.0232035	4.32541	1.6728	49.4454
603	0.017445	4.32254	1.6881	49.4731
604	0.0139101	4.31954	1.69691	49.5012
605	0.0138415	4.31654	1.69907	49.5294
606	0.0121373	4.31348	1.69967	49.5576
607	0.0112466	4.31039	1.68152	49.585
608	0.0145305	4.30745	1.69429	49.6129
609	0.014642	4.30451	1.68362	49.6404
610	0.0126753	4.30151	1.68541	49.668
611	0.0139542	4.29856	1.67763	49.6952
612	0.0132087	4.29559	1.67529	49.7224
613	0.0144704	4.29268	1.67719	49.7495
614	0.0157965	4.28983	1.68752	49.7771
615	0.0184782	4.2871	1.6871	49.8047
616	0.0197355	4.28442	1.68382	49.8321
617	0.0228428	4.28188	1.65935	49.8585
618	0.031293	4.27968	1.68483	49.886
619	0.0371317	4.27772	1.68519	49.9134
620	0.0406638	4.27591	1.67483	49.9404
621	0.0431753	4.27421	1.67123	49.9673
622	0.0423627	4.27248	1.65869	49.9937
623	0.0444212	4.27084	1.65348	50.0198
624	0.0440022	4.26918	1.65316	50.0459
625	0.0440195	4.26753	1.65984	50.0723
626	0.0451651	4.26594	1.66867	50.099
627	0.0456544	4.26437	1.67619	50.126
628	0.0467412	4.26284	1.68535	50.1533
629	0.0481342	4.26138	1.69726	50.1811
630	0.0467003	4.25986	1.71088	50.2094
631	0.0443053	4.25826	1.71365	50.2379
632	0.0422397	4.25658	1.72146	50.2666
633	0.0427205	4.25492	1.72733	50.2956
634	0.0431629	4.25328	1.73392	50.3248
635	0.0459567	4.25177	1.72589	50.3536
636	0.0503333	4.25042	1.73858	50.383
637	0.0566619	4.24934	1.76142	50.4132
638	0.0599627	4.24839	1.77288	50.4439
639	0.064483	4.24762	1.78321	50.475
640	0.064832	4.24687	1.78492	50.5061
641	0.0625881	4.24603	1.79541	50.5376
642	0.0623788	4.24519	1.80071	50.5693
643	0.059992	4.24426	1.81041	50.6014
644	0.0630947	4.24346	1.81692	50.6337
645	0.0639547	4.24269	1.82138	50.6662
646	0.063427	4.24191	1.82338	50.6987
647	0.065474	4.24121	1.82086	50.7311
648	0.0647335	4.24049	1.81273	50.7631
649	0.0673821	4.23987	1.82411	50.7956
650	0.0668297	4.23923	1.81383	50.8277
651	0.0653186	4.23854	1.80549	50.8594
652	0.066873	4.23792	1.79677	50.8908
653	0.0679726	4.23734	1.80271	50.9223
654	0.0666542	4.23671	1.80423	50.954
655	0.0637508	4.23597	1.80089	50.9854
656	0.0609347	4.23512	1.80661	51.0171
657	0.0597991	4.23424	1.80841	51.0488
658	0.058202	4.2333	1.81307	51.0807
659	0.0571698	4.23232	1.81692	51.1127
660	0.0583799	4.23139	1.82379	51.145
661	0.0588398	4.23048	1.82682	51.1774
662	0.0605435	4.22964	1.82458	51.2096
663	0.0615398	4.22885	1.82436	51.2418
664	0.0614965	4.22806	1.82515	51.2741
665	0.0631422	4.22733	1.81986	51.3061
666	0.0636726	4.22663	1.82471	51.3383
667	0.0625621	4.22589	1.82303	51.3704
668	0.0644275	4.22522	1.82808	51.4026
669	0.0641566	4.22455	1.83517	51.4352
670	0.0646369	4.2239	1.84147	51.4679
671	0.0673379	4.22335	1.84238	51.5007
672	0.0663755	4.22278	1.84785	51.5337
673	0.0648127	4.22214	1.85037	51.5667
674	0.0645934	4.2215	1.85597	51.5999
675	0.0682907	4.22101	1.85877	51.6332
676	0.072033	4.22066	1.86149	51.6666
677	0.0722798	4.22032	1.84356	51.6993
678	0.0722305	4.21999	1.83609	51.7317
679	0.0689769	4.21953	1.8208	51.7635
680	0.068833	4.21908	1.81309	51.7949
681	0.0667341	4.21854	1.80307	51.826
682	0.06923	4.2181	1.78921	51.8565
683	0.0688081	4.21765	1.79259	51.8871
684	0.0657696	4.21709	1.79767	51.9179
685	0.0604199	4.21632	1.81741	51.9495
686	0.0601954	4.21555	1.80968	51.9807
687	0.0591319	4.21474	1.80809	52.0119
688	0.0602594	4.21398	1.81619	52.0433
689	0.0608195	4.21325	1.82503	52.075
690	0.0617935	4.21255	1.83209	52.1071
691	0.0676141	4.21208	1.85144	52.1398
692	0.0688434	4.21165	1.85424	52.1726
693	0.0676903	4.21119	1.85591	52.2054
694	0.0684243	4.21076	1.85489	52.2382
695	0.0679887	4.21031	1.85216	52.2709
696	0.0677602	4.20986	1.85731	52.3037
697	0.0675328	4.2094	1.8478	52.3362
698	0.0697641	4.20903	1.84223	52.3684
699	0.0728252	4.20878	1.8397	52.4006
700	0.07496	4.20861	1.82567	52.4321
701	0.0766683	4.20851	1.81052	52.4631
702	0.0736616	4.20829	1.81165	52.4941
703	0.0692769	4.20791	1.82332	52.5255
704	0.0673443	4.20747	1.81607	52.5567
705	0.067076	4.20701	1.80802	52.5875
706	0.0692992	4.20665	1.81856	52.6187
707	0.0679984	4.20623	1.8136	52.6497
708	0.0641616	4.20568	1.82584	52.6811
709	0.060062	4.20497	1.83064	52.7127
710	0.0598326	4.20426	1.83898	52.7446
711	0.0585684	4.2035	1.83556	52.7763
712	0.057227	4.2027	1.83991	52.8082
713	0.0560066	4.20186	1.8394	52.8401
714	0.0554813	4.20099	1.84221	52.872
715	0.0569109	4.20019	1.83667	52.9037
716	0.0550736	4.19932	1.83719	52.9354
717	0.0558521	4.19848	1.84249	52.9673
718	0.0561897	4.19766	1.82909	52.9987
719	0.0571432	4.19687	1.8375	53.0303
720	0.0544661	4.19599	1.8454	53.0623
721	0.0504534	4.19497	1.8467	53.0943
722	0.0485402	4.19387	1.8458	53.1262
723	0.0472025	4.19273	1.84844	53.1582
724	0.0460136	4.19155	1.84928	53.1902
725	0.040181	4.19016	1.8663	53.2228
726	0.036531	4.18863	1.87977	53.2559
727	0.0353781	4.18707	1.88455	53.2892
728	0.0346951	4.18548	1.88515	53.3224
729	0.0313773	4.18378	1.89389	53.356
730	0.0306486	4.18206	1.88052	53.389
731	0.0296026	4.18029	1.87516	53.4219
732	0.0314913	4.17861	1.87454	53.4547
733	0.0315201	4.17693	1.87707	53.4875
734	0.0322816	4.17528	1.88099	53.5205
735	0.035199	4.17374	1.88485	53.5536
736	0.0382788	4.17232	1.87873	53.5865
737	0.0372258	4.17087	1.88037	53.6194
738	0.0403651	4.16953	1.89002	53.6526
739	0.0417333	4.16825	1.8971	53.6861
740	0.042828	4.16701	1.90602	53.7199
741	0.041767	4.16574	1.90603	53.7536
742	0.0428667	4.16451	1.90277	53.7873
743	0.0432313	4.1633	1.8924	53.8205
744	0.041105	4.16201	1.89232	53.8537
745	0.041464	4.16074	1.88279	53.8865
746	0.0412189	4.15947	1.88643	53.9194
747	0.0385069	4.1581	1.89071	53.9525
748	0.037209	4.15668	1.88878	53.9855
749	0.0355974	4.15521	1.8843	54.0183
750	0.035979	4.15376	1.87508	54.0508
751	0.0379584	4.15239	1.87596	54.0832
752	0.0378274	4.15101	1.8732	54.1156
753	0.0386147	4.14967	1.87894	54.1481
754	0.0403254	4.14839	1.87848	54.1806
755	0.0427373	4.1472	1.88166	54.2132
756	0.0432122	4.14603	1.88957	54.246
757	0.0440095	4.1449	1.89881	54.2792
758	0.0448967	4.1438	1.9065	54.3127
759	0.0447859	4.1427	1.89064	54.3455
760	0.0446691	4.1416	1.89674	54.3785
761	0.0460082	4.14055	1.90275	54.4118
762	0.0445779	4.13945	1.90846	54.4452
763	0.0424413	4.13828	1.90569	54.4785
764	0.0431381	4.13714	1.90384	54.5117
765	0.0413303	4.13593	1.89215	54.5445
766	0.0438012	4.13482	1.89168	54.5772
767	0.0434369	4.13369	1.8984	54.6102
768	0.0421356	4.13253	1.90268	54.6433
769	0.0450622	4.13147	1.90645	54.6765
770	0.0456293	4.13043	1.90753	54.7097
771	0.0485589	4.12951	1.90313	54.7428
772	0.0476306	4.12855	1.90249	54.7758
773	0.0482312	4.12762	1.89411	54.8085
774	0.0480327	4.12668	1.88611	54.8409
775	0.0483312	4.12576	1.88468	54.8732
776	0.0511228	4.12494	1.88245	54.9054
777	0.0545085	4.12425	1.88909	54.9378
778	0.0556531	4.12359	1.87991	54.9699
779	0.0573545	4.12301	1.88489	55.0021
780	0.0576308	4.12243	1.89546	55.0347
781	0.0549936	4.12176	1.90726	55.0677
782	0.0565029	4.12115	1.91378	55.101
783	0.0543389	4.12046	1.9164	55.1343
784	0.0518956	4.11969	1.9275	55.1679
785	0.0522377	4.11894	1.92527	55.2015
786	0.0507908	4.11813	1.92057	55.2349
787	0.048277	4.11724	1.91619	55.2681
788	0.047343	4.11632	1.91249	55.3011
789	0.0480437	4.11542	1.90847	55.334
790	0.0453831	4.11444	1.90112	55.3666
791	0.0442039	4.11341	1.89804	55.3991
792	0.0440023	4.11238	1.89426	55.4314
793	0.0411485	4.11125	1.89574	55.4638
794	0.0382497	4.11003	1.88566	55.4958
795	0.0384845	4.10881	1.89412	55.5281
796	0.0363565	4.10752	1.88616	55.56
797	0.0352346	4.1062	1.88706	55.592
798	0.0323614	4.10478	1.88743	55.624
799	0.0277324	4.10319	1.89461	55.6562
800	0.0265259	4.10157	1.89863	55.6885
801	0.0264563	4.09995	1.9034	55.721
802	0.0282212	4.09839	1.90969	55.7537
803	0.0289493	4.09687	1.91782	55.7866
804	0.0273433	4.09529	1.92884	55.82
805	0.0268616	4.0937	1.93199	55.8534
806	0.028842	4.09218	1.92577	55.8866
807	0.0312076	4.09074	1.91836	55.9194
808	0.0326859	4.08937	1.92421	55.9525
809	0.0324282	4.08798	1.92816	55.9857
810	0.0345921	4.08668	1.9345	56.0191
811	0.0382356	4.08551	1.94443	56.0529
812	0.0404933	4.08441	1.92988	56.0861
813	0.0425392	4.0834	1.91841	56.1188
814	0.0449428	4.08247	1.90798	56.1512
815	0.0479686	4.08165	1.91213	56.1838
816	0.0502256	4.08091	1.90442	56.216
817	0.0517239	4.08022	1.90127	56.2481
818	0.0530985	4.07959	1.8972	56.28
819	0.0548552	4.07902	1.89485	56.3119
820	0.0556043	4.07848	1.8916	56.3436
821	0.0567938	4.07798	1.88742	56.3752
822	0.0562396	4.07746	1.88768	56.4067
823	0.0562476	4.07695	1.88977	56.4383
824	0.0559548	4.07643	1.89641	56.4701
825	0.0590687	4.07601	1.90278	56.5021
826	0.0587542	4.07559	1.90159	56.5341
827	0.0588834	4.07518	1.8961	56.5658
828	0.0586249	4.07476	1.89632	56.5976
829	0.0553644	4.07423	1.90774	56.6297
830	0.0513273	4.07356	1.91458	56.662
831	0.0478941	4.07277	1.92454	56.6947
832	0.0447491	4.07188	1.93431	56.7276
833	0.0407233	4.07085	1.94434	56.761
834	0.0379342	4.06973	1.94728	56.7943
835	0.0364549	4.06855	1.95097	56.8278
836	0.0350236	4.06734	1.95448	56.8614
837	0.0351553	4.06612	1.95395	56.895
838	0.0336174	4.06486	1.94939	56.9284
839	0.0317866	4.06354	1.94814	56.9617
840	0.0273697	4.06207	1.95435	56.9952
841	0.0301004	4.0607	1.96089	57.0289
842	0.0327555	4.05942	1.95144	57.0623
843	0.0364399	4.05827	1.94353	57.0954
844	0.0347177	4.05706	1.92949	57.128
845	0.0322614	4.05578	1.92982	57.1606
846	0.0332968	4.05453	1.92744	57.193
847	0.034509	4.05332	1.92608	57.2255
848	0.0349151	4.05214	1.93031	57.258
849	0.0352321	4.05096	1.93621	57.2907
850	0.0346421	4.04977	1.93788	57.3235
851	0.0350534	4.0486	1.93216	57.356
852	0.0374827	4.04751	1.93781	57.3887
853	0.0404684	4.04653	1.9422	57.4216
854	0.04154	4.04558	1.94463	57.4545
855	0.043163	4.04469	1.94146	57.4873
856	0.0433489	4.04382	1.93837	57.52
857	0.0436259	4.04295	1.94099	57.5527
858	0.0447278	4.04212	1.94494	57.5855
859	0.0446713	4.0413	1.94917	57.6185
860	0.0443352	4.04046	1.94357	57.6513
861	0.0422631	4.03956	1.94259	57.684
862	0.0390166	4.03855	1.94461	57.7168
863	0.0376962	4.0375	1.94259	57.7494
864	0.0356489	4.03638	1.9222	57.7814
865	0.0365223	4.03529	1.92525	57.8135
866	0.0363873	4.0342	1.91747	57.8452
867	0.0365117	4.03312	1.90356	57.8765
868	0.0348496	4.03198	1.90741	57.9079
869	0.0331121	4.03078	1.91729	57.9396
870	0.0304259	4.0295	1.92709	57.9717
871	0.0297445	4.0282	1.92346	58.0035
872	0.027898	4.02684	1.92559	58.0355
873	0.0253394	4.02539	1.93175	58.0676
874	0.0236884	4.0239	1.93557	58.0999
875	0.0190144	4.02224	1.93776	58.1322
876	0.0163013	4.0205	1.94118	58.1646
877	0.0134056	4.01867	1.93633	58.1968
878	0.00994259	4.01672	1.944	58.2292
879	0.0073184	4.01469	1.94515	58.2617
880	0.00643389	4.01263	1.9428	58.2941
881	0.00632657	4.01057	1.94638	58.3266
882	0.00597478	4.0085	1.95311	58.3593
883	0.00536503	4.00641	1.93806	58.3914
884	0.00473617	4.00431	1.93364	58.4234
885	0.00476982	4.00221	1.92873	58.4552
886	0.00646254	4.00018	1.92577	58.4869
887	0.00623216	3.99813	1.91856	58.5184
888	0.00626066	3.9961	1.91107	58.5496
889	0.00684843	3.99408	1.91081	58.5807
890	0.00966393	3.99217	1.91407	58.612
891	0.00814702	3.9902	1.9123	58.6431
892	0.00673856	3.9882	1.91481	58.6744
893	0.00596975	3.98617	1.92551	58.7059
894	0.00420932	3.98408	1.93692	58.7379
895	0.00434298	3.98201	1.94222	58.77
896	0.00282686	3.97988	1.9503	58.8023
897	0.00121169	3.97771	1.95724	58.8349
898	0.0025424	3.97558	1.96313	58.8676
899	0.00215627	3.97345	1.96812	58.9005
900	0.00339061	3.97136	1.96588	58.9333
901	0.00192292	3.96922	1.96696	58.9661
902	0.00107511	3.96706	1.97079	58.999
903	0.000796231	3.9649	1.96654	59.0318
904	0.00186021	3.96277	1.972	59.0647
905	0.00305043	3.96069	1.97886	59.0979
906	0.00329521	3.95861	1.98565	59.1312
907	0.00152325	3.95649	1.98978	59.1647
908	-0.000225446	3.9543	1.99019	59.1981
909	-0.00146879	3.95209	1.97391	59.231
910	-0.00144024	3.94987	1.98009	59.2641
911	-0.00135004	3.94766	1.98256	59.2973
912	-0.00199987	3.94544	1.98471	59.3305
913	-0.00141405	3.94323	1.98742	59.3638
914	-0.00305258	3.94098	1.98626	59.397
915	-0.00334067	3.93872	1.98904	59.4303
916	-0.00236568	3.93649	1.98834	59.4635
917	-0.00336619	3.93424	1.98779	59.4967
918	-0.00411144	3.93197	1.98718	59.5299
919	-0.00585	3.92964	1.98516	59.563
920	-0.00483695	3.92735	1.98242	59.5959
921	-0.00557755	3.92504	1.9831	59.6289
922	-0.00237503	3.92283	1.98217	59.6619
923	-0.00227402	3.92064	1.97118	59.6944
924	-0.000948645	3.91849	1.96632	59.7268
925	0.00124358	3.91642	1.95232	59.7587
926	0.00144084	3.91435	1.93448	59.79
927	0.00129752	3.91229	1.92346	59.8209
928	0.00285047	3.91028	1.91886	59.8517
929	0.00761187	3.90843	1.92114	59.8825
930	0.00916206	3.90663	1.92919	59.9135
931	0.0103395	3.90487	1.92613	59.9445
932	0.0127146	3.9032	1.93525	59.9757
933	0.0132585	3.90154	1.94092	60.0071
934	0.0147934	3.89994	1.94562	60.0386
935	0.0164154	3.8984	1.95013	60.0703
936	0.0171343	3.89688	1.9515	60.102
937	0.0205337	3.89547	1.95701	60.1338
938	0.0229117	3.89415	1.96012	60.1658
939	0.0263677	3.89294	1.96837	60.1979
940	0.0285444	3.8918	1.96912	60.2301
941	0.0299975	3.89071	1.97267	60.2624
942	0.0301835	3.88963	1.97354	60.2947
943	0.0299052	3.88855	1.96488	60.3268
944	0.0284991	3.88742	1.95513	60.3584
945	0.0269971	3.88624	1.9539	60.39
946	0.0252641	3.88501	1.95371	60.4216
947	0.0244088	3.88376	1.95593	60.4533
948	0.0240908	3.8825	1.96084	60.4851
949	0.0231288	3.8812	1.96548	60.517
950	0.0207249	3.87984	1.97662	60.5493
951	0.0178412	3.87838	1.98995	60.582
952	0.0189904	3.87696	1.99739	60.6149
953	0.0229745	3.87567	2.01106	60.6482
954	0.0233272	3.8744	2.00966	60.6815
955	0.023533	3.87314	2.01322	60.7148
956	0.0230889	3.87186	2.02174	60.7485
957	0.0237409	3.87061	2.02507	60.7822
958	0.0259883	3.86943	2.03419	60.8162
959	0.027673	3.86831	2.04031	60.8503
960	0.0288763	3.86723	2.03456	60.8843
961	0.0302661	3.8662	2.03639	60.9183
962	0.0311875	3.86519	2.03638	60.9523
963	0.0314242	3.8642	2.03903	60.9863
964	0.0310188	3.8632	2.04085	61.0204
965	0.0322705	3.86224	2.03701	61.0544
966	0.0328356	3.8613	2.04144	61.0884
967	0.0310388	3.8603	2.04238	61.1225
968	0.0290613	3.85925	2.04113	61.1565
969	0.0251481	3.85807	2.04029	61.1905
970	0.0223735	3.8568	2.03162	61.2242
971	0.0193508	3.85544	2.0369	61.258
972	0.019886	3.85409	2.03516	61.2918
973	0.0213297	3.8528	2.03268	61.3254
974	0.0220639	3.85153	2.03397	61.3591
975	0.0214213	3.85025	2.0352	61.3928
976	0.0208206	3.84894	2.03051	61.4263
977	0.0174296	3.84753	2.03139	61.4599
978	0.01545	3.84606	2.03607	61.4936
979	0.0164067	3.84463	2.03617	61.5272
980	0.0163875	3.84319	2.04157	61.561
981	0.0182961	3.84182	2.04988	61.5951
982	0.0207255	3.84053	2.05321	61.6292
983	0.0197457	3.83921	2.05861	61.6635
984	0.0196632	3.83789	2.06109	61.6979
985	0.0191667	3.83655	2.06013	61.7322
986	0.0183759	3.83519	2.05863	61.7665
987	0.0190471	3.83386	2.05623	61.8006
988	0.0167579	3.83246	2.05585	61.8347
989	0.0144127	3.83098	2.06319	61.8691
990	0.0136581	3.82948	2.06684	61.9035
991	0.012267	3.82794	2.0714	61.938
992	0.0108382	3.82636	2.06892	61.9725
993	0.0120639	3.82482	2.07554	62.0072
994	0.0138788	3.82334	2.07599	62.0418
995	0.0127073	3.82182	2.08114	62.0766
996	0.0132978	3.82033	2.0793	62.1113
997	0.0117437	3.81879	2.07986	62.146
998	0.0129111	3.81729	2.07766	62.1806
999	0.0141394	3.81583	2.06397	62.2148
1000	0.0148093	3.81439	2.05475	62.2487
1001	0.0137439	3.81292	2.04722	62.2823
1002	0.0116341	3.81139	2.05	62.3159
1003	0.0105857	3.80983	2.05508	62.3497
1004	0.0101307	3.80825	2.05697	62.3836
1005	0.0103064	3.80669	2.06362	62.4177
1006	0.00785832	3.80504	2.05297	62.4513
1007	0.00724374	3.80339	2.04408	62.4847
1008	0.00654264	3.80171	2.04722	62.5182
1009	0.0070817	3.80005	2.05121	62.5518
1010	0.00694424	3.79839	2.05412	62.5855
1011	0.00742207	3.79675	2.05855	62.6192
1012	0.00823201	3.79513	2.05774	62.653
1013	0.00844202	3.79353	2.06244	62.6868
1014	0.0053735	3.79183	2.0691	62.7209
1015	0.00354167	3.79008	2.0738	62.7551
1016	0.00208684	3.78828	2.07838	62.7894
1017	0.00165043	3.78647	2.07038	62.8234
1018	0.00233668	3.78469	2.065	62.8573
1019	0.00286579	3.78293	2.06465	62.8911
1020	0.00281741	3.78116	2.06581	62.925
1021	0.00337736	3.77942	2.06826	62.9589
1022	0.00464795	3.77772	2.06798	62.9927
1023	0.00513776	3.77604	2.07303	63.0267
1024	0.00325195	3.7743	2.0783	63.0609
1025	0.00379875	3.77258	2.07169	63.0948
1026	0.00206201	3.77081	2.06687	63.1286
1027	0.00120437	3.76901	2.06278	63.1622
1028	0.000927718	3.76721	2.0671	63.196
1029	-0.000512936	3.76537	2.07037	63.2298
1030	-0.00047447	3.76353	2.0707	63.2636
1031	-0.000935625	3.76168	2.07099	63.2974
1032	0.00078247	3.75988	2.07106	63.3312
1033	0.000469202	3.75808	2.06937	63.3649
1034	0.000943055	3.75629	2.07217	63.3987
1035	0.000551483	3.7545	2.0761	63.4326
1036	0.00242366	3.75277	2.08128	63.4667
1037	0.00301335	3.75105	2.0804	63.5007
1038	0.00205268	3.74931	2.07833	63.5346
1039	0.00130941	3.74755	2.0766	63.5684
1040	0.000869813	3.74578	2.07377	63.6021
1041	7.78073e-05	3.74399	2.06573	63.6356
1042	0.000181648	3.7422	2.06607	63.6691
1043	-0.00142538	3.74036	2.0617	63.7024
1044	-0.00337575	3.73847	2.0626	63.7357
1045	-0.00514932	3.73653	2.05855	63.7689
1046	-0.00498161	3.73459	2.05296	63.8018
1047	-0.00651143	3.73261	2.04886	63.8347
1048	-0.00579932	3.73065	2.05051	63.8676
1049	-0.00494446	3.72872	2.05121	63.9004
1050	-0.00483386	3.7268	2.04846	63.9332
1051	-0.00503426	3.72488	2.03947	63.9657
1052	-0.00481353	3.72296	2.04187	63.9982
1053	-0.00458636	3.72105	2.03557	64.0306
1054	-0.00497719	3.71914	2.03172	64.0628
1055	-0.00501438	3.71723	2.03343	64.095
1056	-0.00311541	3.71537	2.0332	64.1272
1057	-0.00213881	3.71355	2.03815	64.1596
1058	0.00056993	3.71182	2.04571	64.1921
1059	0.00145839	3.71011	2.04402	64.2246
1060	0.00179937	3.70842	2.04279	64.2571
1061	0.00146838	3.70672	2.03333	64.2892
1062	0.000966422	3.70501	2.03137	64.3213
1063	0.00123167	3.70331	2.02042	64.353
1064	-0.00214228	3.7015	2.02027	64.3846
1065	-0.00430232	3.69964	2.01987	64.4163
1066	-0.00464005	3.69776	2.00787	64.4476
1067	-0.0057279	3.69586	1.99952	64.4786
1068	-0.00665816	3.69393	1.98772	64.5092
1069	-0.00702174	3.69199	1.97878	64.5396
1070	-0.00768707	3.69003	1.9774	64.5698
1071	-0.00765103	3.68808	1.98042	64.6002
1072	-0.00837405	3.6861	1.98178	64.6306
1073	-0.00870084	3.68412	1.97993	64.6609
1074	-0.00812743	3.68216	1.97508	64.6911
1075	-0.00996776	3.68015	1.97764	64.7213
1076	-0.0128131	3.67805	1.97982	64.7516
1077	-0.0146571	3.6759	1.98713	64.782
1078	-0.0154976	3.67373	1.99059	64.8126
1079	-0.0155739	3.67155	1.98981	64.8432
1080	-0.0149595	3.6694	1.99159	64.8737
1081	-0.0153753	3.66724	1.99564	64.9044
1082	-0.0164841	3.66505	2.00029	64.9352
1083	-0.0167822	3.66285	2.0085	64.9663
1084	-0.0149201	3.66071	2.014	64.9975
1085	-0.0123634	3.65865	2.01736	65.0287
1086	-0.00973375	3.65667	2.0235	65.0602
1087	-0.00956082	3.6547	2.02597	65.0917
1088	-0.0100366	3.65272	2.02978	65.1233
1089	-0.0103407	3.65074	2.03137	65.155
1090	-0.0134839	3.64866	2.03286	65.1867
1091	-0.0172564	3.64646	2.03837	65.2185
1092	-0.0192201	3.64422	2.03324	65.2501
1093	-0.0228799	3.64186	2.03408	65.2818
1094	-0.0238079	3.63948	2.02487	65.3132
1095	-0.0219833	3.63716	2.02277	65.3445
1096	-0.0214222	3.63485	2.02944	65.376
1097	-0.0198185	3.6326	2.03743	65.4077
1098	-0.0187332	3.63038	2.0412	65.4395
1099	-0.0164001	3.62824	2.04374	65.4714
1100	-0.0144932	3.62616	2.04649	65.5033
1101	-0.012891	3.62413	2.03694	65.5349
1102	-0.0118401	3.62213	2.04109	65.5667
1103	-0.0126015	3.62011	2.0427	65.5984
1104	-0.0133975	3.61807	2.05	65.6304
1105	-0.0134011	3.61603	2.05592	65.6626
1106	-0.0127749	3.61402	2.06439	65.6949
1107	-0.0134185	3.61198	2.06954	65.7275
1108	-0.0134327	3.60995	2.07436	65.7601
1109	-0.014939	3.60788	2.08034	65.7929
1110	-0.0142441	3.60583	2.08415	65.8258
1111	-0.0149774	3.60376	2.08473	65.8587
1112	-0.0177764	3.60161	2.08973	65.8918
1113	-0.0199446	3.5994	2.08933	65.9248
1114	-0.0216408	3.59714	2.091	65.9578
1115	-0.0220761	3.59487	2.08985	65.9908
1116	-0.0233438	3.59256	2.08784	66.0238
1117	-0.0237704	3.59024	2.08198	66.0565
1118	-0.0233707	3.58794	2.07978	66.0892
1119	-0.0242497	3.58562	2.07468	66.1216
1120	-0.0243593	3.58329	2.07438	66.1541
1121	-0.0240607	3.58098	2.0743	66.1865
1122	-0.0254631	3.57863	2.06953	66.2188
1123	-0.0253739	3.57628	2.07125	66.2511
1124	-0.0232938	3.574	2.07385	66.2835
1125	-0.0224543	3.57174	2.07768	66.316
1126	-0.0228656	3.56948	2.08082	66.3485
1127	-0.0234531	3.5672	2.08681	66.3812
1128	-0.0242614	3.5649	2.09258	66.4141
1129	-0.0240709	3.5626	2.09861	66.4472
1130	-0.0241279	3.56031	2.10001	66.4802
1131	-0.0234914	3.55804	2.10103	66.5133
1132	-0.0230701	3.55579	2.09698	66.5462
1133	-0.021927	3.55357	2.09609	66.5791
1134	-0.0217977	3.55136	2.09975	66.6121
1135	-0.0214034	3.54916	2.08954	66.6448
1136	-0.0211265	3.54698	2.08961	66.6774
1137	-0.0159012	3.54495	2.10063	66.7104
1138	-0.0106577	3.54308	2.11382	66.7437
1139	-0.00752919	3.5413	2.11157	66.777
1140	-0.00672194	3.53955	2.10953	66.8102
1141	-0.00631895	3.53782	2.11165	66.8434
1142	-0.00538917	3.53611	2.10457	66.8764
1143	-0.0061293	3.53439	2.10615	66.9094
1144	-0.00665265	3.53265	2.10662	66.9425
1145	-0.00742417	3.53089	2.10811	66.9755
1146	-0.00717257	3.52914	2.11214	67.0087
1147	-0.00937164	3.52733	2.11925	67.042
1148	-0.0111225	3.52546	2.1237	67.0755
1149	-0.0128496	3.52355	2.116	67.1087
1150	-0.0145763	3.52159	2.12003	67.1421
1151	-0.0152101	3.51962	2.12498	67.1755
1152	-0.0157144	3.51763	2.13006	67.2091
1153	-0.0174596	3.51559	2.13644	67.2429
1154	-0.0176605	3.51355	2.13501	67.2766
1155	-0.0200474	3.51144	2.14162	67.3105
1156	-0.021369	3.5093	2.1467	67.3445
1157	-0.0218501	3.50714	2.14627	67.3785
1158	-0.0247671	3.50491	2.15216	67.4126
1159	-0.0242883	3.50268	2.1569	67.4469
1160	-0.0230994	3.5005	2.16408	67.4813
1161	-0.0214731	3.49836	2.16899	67.5159
1162	-0.0203724	3.49626	2.16652	67.5504
1163	-0.0193975	3.49419	2.16842	67.5849
1164	-0.0188912	3.49214	2.17167	67.6195
1165	-0.0182214	3.49011	2.17718	67.6543
1166	-0.0187199	3.48807	2.17831	67.6891
1167	-0.0212201	3.48596	2.17822	67.7238
1168	-0.0226609	3.4838	2.18033	67.7586
1169	-0.0221935	3.48167	2.17994	67.7934
1170	-0.0199963	3.4796	2.17124	67.8279
1171	-0.019417	3.47755	2.17422	67.8624
1172	-0.0193616	3.4755	2.17224	67.8969
1173	-0.0183123	3.47349	2.17335	67.9314
1174	-0.0164089	3.47153	2.17735	67.966
1175	-0.0157292	3.4696	2.18133	68.0007
1176	-0.0148101	3.46769	2.17608	68.0353
1177	-0.0118891	3.46588	2.17718	68.0698
1178	-0.0110646	3.46409	2.17187	68.1042
1179	-0.010719	3.46231	2.17563	68.1387
1180	-0.0102755	3.46054	2.17467	68.1731
1181	-0.00911057	3.45882	2.17894	68.2076
1182	-0.0105239	3.45705	2.18233	68.2422
1183	-0.0109127	3.45527	2.18091	68.2768
1184	-0.0103737	3.45351	2.17407	68.3111
1185	-0.00861163	3.45181	2.17893	68.3456
1186	-0.00835021	3.45011	2.17763	68.38
1187	-0.011601	3.44833	2.18023	68.4145
1188	-0.0116156	3.44654	2.17526	68.4488
1189	-0.0120296	3.44474	2.1744	68.483
1190	-0.0119653	3.44295	2.16619	68.517
1191	-0.00949796	3.44123	2.16878	68.5511
1192	-0.00876024	3.43954	2.16805	68.5851
1193	-0.0109346	3.43778	2.16928	68.6192
1194	-0.0121009	3.436	2.17159	68.6533
1195	-0.0116572	3.43422	2.16931	68.6873
1196	-0.0142635	3.43238	2.1681	68.7213
1197	-0.0165718	3.43047	2.17137	68.7553
1198	-0.0194615	3.42848	2.17954	68.7896
1199	-0.0224232	3.4264	2.1808	68.8239
1200	-0.0237297	3.42429	2.17532	68.858
1201	-0.0236824	3.42219	2.17508	68.8921
1202	-0.0210949	3.42016	2.17268	68.9261
1203	-0.0187329	3.4182	2.16831	68.9599
1204	-0.0175484	3.41627	2.16645	68.9937
1205	-0.0182538	3.41433	2.16878	69.0276
1206	-0.0172067	3.41242	2.17058	69.0614
1207	-0.0195901	3.41045	2.17622	69.0954
1208	-0.0232176	3.40837	2.1842	69.1297
1209	-0.0272771	3.40618	2.19553	69.1642
1210	-0.0307241	3.40389	2.20573	69.199
1211	-0.035059	3.40148	2.21961	69.2342
1212	-0.0364855	3.39903	2.22093	69.2695
1213	-0.0378291	3.39655	2.22809	69.3049
1214	-0.0373702	3.39408	2.22693	69.3402
1215	-0.037068	3.39162	2.22615	69.3756
1216	-0.0364282	3.38919	2.22907	69.4109
1217	-0.0371492	3.38673	2.22744	69.4463
1218	-0.0349738	3.38434	2.22253	69.4814
1219	-0.0320334	3.38204	2.22857	69.5167
1220	-0.031476	3.37976	2.23271	69.5522
1221	-0.0319724	3.37746	2.23592	69.5877
1222	-0.0314831	3.37518	2.23738	69.6232
1223	-0.0314588	3.3729	2.23682	69.6587
1224	-0.0305245	3.37066	2.23609	69.6941
1225	-0.0316567	3.36838	2.2369	69.7296
1226	-0.0314723	3.36611	2.23671	69.765
1227	-0.0315203	3.36384	2.22922	69.8002
1228	-0.0308178	3.36159	2.22633	69.8353
1229	-0.0301425	3.35937	2.22186	69.8702
1230	-0.0288404	3.35718	2.22033	69.9051
1231	-0.0294781	3.35498	2.21862	69.94
1232	-0.0283145	3.35282	2.21476	69.9747
1233	-0.0277689	3.35067	2.21609	70.0094
1234	-0.0281039	3.34851	2.21062	70.044
1235	-0.0281847	3.34636	2.20628	70.0784
1236	-0.0287106	3.34419	2.20097	70.1126
1237	-0.028777	3.34202	2.19431	70.1466
1238	-0.0286584	3.33986	2.19473	70.1807
1239	-0.0272683	3.33774	2.19667	70.2148
1240	-0.0258943	3.33566	2.19754	70.2488
1241	-0.0257029	3.33359	2.19977	70.283
1242	-0.024317	3.33156	2.20837	70.3173
1243	-0.0235787	3.32956	2.20871	70.3517
1244	-0.0223539	3.32759	2.20954	70.386
1245	-0.0223977	3.32562	2.2089	70.4204
1246	-0.0218167	3.32367	2.20549	70.4546
1247	-0.0218987	3.32172	2.20415	70.4887
1248	-0.0203245	3.31981	2.19345	70.5226
1249	-0.0176329	3.31799	2.19448	70.5564
1250	-0.0149822	3.31624	2.20177	70.5905
1251	-0.0139588	3.31452	2.19344	70.6243
1252	-0.0128737	3.31284	2.18431	70.6578
1253	-0.0119192	3.31118	2.18326	70.6913
1254	-0.0127571	3.3095	2.18013	70.7246
1255	-0.0126934	3.30783	2.17703	70.7579
1256	-0.0116052	3.30618	2.17798	70.7912
1257	-0.0106348	3.30457	2.17801	70.8244
1258	-0.00860562	3.30302	2.17156	70.8575
1259	-0.00700887	3.30151	2.17809	70.8907
1260	-0.00595142	3.30003	2.18303	70.9241
1261	-0.00565265	3.29857	2.18613	70.9575
1262	-0.00628961	3.29709	2.18265	70.9908
1263	-0.00662055	3.2956	2.1849	71.0242
1264	-0.00530314	3.29415	2.18973	71.0577
1265	-0.00508023	3.2927	2.19473	71.0913
1266	-0.00361026	3.2913	2.19916	71.125
1267	-0.00199182	3.28995	2.20188	71.1588
1268	0.000510024	3.28867	2.20752	71.1927
1269	0.000545443	3.28739	2.20179	71.2265
1270	0.00084126	3.28612	2.19726	71.2601
1271	-0.000388308	3.28482	2.19284	71.2935
1272	0.000446694	3.28354	2.1806	71.3266
1273	0.000136092	3.28226	2.17766	71.3597
1274	0.00093665	3.281	2.18122	71.3928
1275	-0.000317363	3.2797	2.1857	71.426
1276	-0.00259804	3.27835	2.18786	71.4592
1277	-0.00283275	3.27699	2.18882	71.4925
1278	-0.00442409	3.27558	2.18971	71.5257
1279	-0.0058999	3.27414	2.18907	71.559
1280	-0.00646611	3.27268	2.18916	71.5922
1281	-0.00554249	3.27125	2.18964	71.6254
1282	-0.00514751	3.26983	2.18625	71.6585
1283	-0.00568165	3.2684	2.18768	71.6917
1284	-0.00577657	3.26697	2.19058	71.7249
1285	-0.00444305	3.26558	2.19058	71.7581
1286	-0.00283474	3.26423	2.19289	71.7913
1287	-0.00128897	3.26293	2.19769	71.8247
1288	-0.000931179	3.26164	2.1965	71.858
1289	-0.00130197	3.26034	2.19654	71.8913
1290	-0.00158875	3.25903	2.19812	71.9246
1291	-0.00336208	3.25768	2.19749	71.9579
1292	-0.00402491	3.25631	2.1978	71.9912
1293	-0.00392161	3.25494	2.19596	72.0244
1294	-0.00393942	3.25357	2.19767	72.0577
1295	-0.00677448	3.25213	2.20041	72.091
1296	-0.00798951	3.25066	2.20395	72.1244
1297	-0.00834249	3.24917	2.20649	72.1578
1298	-0.0077034	3.24771	2.20496	72.1912
1299	-0.00530803	3.24631	2.20239	72.2246
1300	-0.0040111	3.24496	2.20378	72.2579
1301	-0.00384741	3.2436	2.20162	72.2911
1302	-0.00292252	3.24228	2.19737	72.3243
1303	-0.0026483	3.24096	2.19662	72.3574
1304	-0.00179995	3.23967	2.19382	72.3904
1305	-0.000872237	3.23841	2.18793	72.4232
1306	0.000461605	3.23718	2.18997	72.456
1307	0.00210726	3.23601	2.19285	72.489
1308	0.00366411	3.23487	2.19482	72.5219
1309	0.00363305	3.23374	2.19554	72.5549
1310	0.00324424	3.23259	2.18908	72.5877
1311	0.00391253	3.23147	2.19039	72.6205
1312	0.00687275	3.23043	2.1985	72.6535
1313	0.00949429	3.22946	2.20096	72.6866
1314	0.00952612	3.2285	2.20395	72.7197
1315	0.00971525	3.22754	2.20177	72.7528
1316	0.00929923	3.22657	2.19893	72.7857
1317	0.00795313	3.22557	2.19203	72.8185
1318	0.00671569	3.22453	2.18582	72.8511
1319	0.00686278	3.2235	2.17784	72.8834
1320	0.00598595	3.22244	2.17643	72.9157
1321	0.00729345	3.22143	2.1735	72.9479
1322	0.00809658	3.22043	2.1781	72.9802
1323	0.00770511	3.21943	2.18064	73.0125
1324	0.00676646	3.2184	2.18511	73.045
1325	0.00441637	3.21731	2.19138	73.0776
1326	0.00476201	3.21623	2.19136	73.1103
1327	0.00510252	3.21516	2.19134	73.1429
1328	0.00562577	3.2141	2.19019	73.1754
1329	0.00563975	3.21305	2.19182	73.208
1330	0.00657519	3.21202	2.19068	73.2405
1331	0.00525141	3.21096	2.19069	73.2731
1332	0.00372062	3.20986	2.19123	73.3056
1333	0.00221589	3.20872	2.19389	73.3382
1334	0.00244457	3.20758	2.19765	73.3708
1335	0.00130101	3.20642	2.19811	73.4035
1336	0.00263728	3.20529	2.19773	73.4362
1337	0.00319938	3.20418	2.20001	73.4689
1338	0.00259264	3.20306	2.206	73.5017
1339	0.00143793	3.2019	2.21069	73.5347
1340	0.000404335	3.20072	2.20632	73.5675
1341	0.000845558	3.19955	2.20671	73.6003
1342	0.00172981	3.19841	2.20287	73.633
1343	0.000589795	3.19724	2.19583	73.6655
1344	0.000264762	3.19606	2.19726	73.698
1345	-0.000260785	3.19486	2.20145	73.7306
1346	-0.00115621	3.19365	2.20338	73.7633
1347	-0.00249395	3.19239	2.21039	73.7961
1348	-0.00316304	3.19113	2.21435	73.8291
1349	-0.00229032	3.18988	2.22052	73.8622
1350	-0.00324716	3.18861	2.22654	73.8954
1351	-0.00359474	3.18734	2.23	73.9287
1352	-0.00226945	3.1861	2.23196	73.9621
1353	-0.00205594	3.18487	2.23308	73.9954
1354	-0.00271076	3.18362	2.23017	74.0287
1355	-0.00412962	3.18233	2.22867	74.0619
1356	-0.00408219	3.18105	2.22663	74.0951
1357	-0.00418444	3.17977	2.23114	74.1283
1358	-0.00274428	3.17852	2.23764	74.1617
1359	-0.00275454	3.17728	2.23483	74.1951
1360	-0.00381935	3.17601	2.22302	74.2281
1361	-0.00469493	3.17472	2.22185	74.261
1362	-0.0047962	3.17342	2.22489	74.294
1363	-0.00384815	3.17216	2.23058	74.3272
1364	-0.00381867	3.17089	2.23293	74.3604
1365	-0.00316964	3.16965	2.23732	74.3937
1366	-0.00220092	3.16843	2.2399	74.4271
1367	-0.00392461	3.16716	2.24006	74.4604
1368	-0.00416256	3.1659	2.23896	74.4937
1369	-0.00478989	3.16461	2.23885	74.527
1370	-0.00485051	3.16333	2.2398	74.5603
1371	-0.00438874	3.16206	2.24266	74.5937
1372	-0.00302996	3.16082	2.24727	74.6272
1373	-0.00203243	3.15962	2.25303	74.6608
1374	-0.000942311	3.15845	2.25467	74.6944
1375	-0.00102141	3.15727	2.25649	74.7281
1376	-0.00242412	3.15606	2.25834	74.7618
1377	-0.00292475	3.15484	2.25819	74.7955
1378	-0.00429963	3.15358	2.264	74.8294
1379	-0.00474107	3.15231	2.26924	74.8633
1380	-0.00334873	3.15108	2.27349	74.8974
1381	-0.00344042	3.14985	2.27227	74.9314
1382	-0.00344878	3.14862	2.26867	74.9653
1383	-0.00251928	3.14741	2.26084	74.999
1384	-0.00182455	3.14623	2.25802	75.0326
1385	-0.000801222	3.14507	2.26103	75.0662
1386	-0.000263374	3.14393	2.25951	75.0998
1387	-0.00078478	3.14278	2.25451	75.1333
1388	-0.000969181	3.14162	2.25606	75.1668
1389	0.00118759	3.14052	2.25362	75.2002
1390	0.00379722	3.1395	2.25794	75.2337
1391	0.00469668	3.13849	2.25972	75.2672
1392	0.00344356	3.13746	2.2624	75.3008
1393	0.00400531	3.13644	2.2622	75.3344
1394	0.00519643	3.13546	2.26633	75.3681
1395	0.00561364	3.13449	2.26281	75.4016
1396	0.00680682	3.13355	2.2603	75.4351
1397	0.00832938	3.13265	2.26176	75.4686
1398	0.00661977	3.13171	2.25948	75.502
1399	0.00590017	3.13075	2.25777	75.5354
1400	0.00411225	3.12974	2.25169	75.5686
1401	0.00246432	3.12869	2.25069	75.6018
1402	0.0012314	3.12761	2.24958	75.6349
1403	-0.000583591	3.12648	2.25134	75.668
1404	-0.000846778	3.12535	2.24142	75.7009
1405	-0.000479279	3.12422	2.2336	75.7335
1406	-0.00166216	3.12307	2.23219	75.7661
1407	-0.00317252	3.12188	2.22695	75.7985
1408	-0.00412923	3.12066	2.21491	75.8306
1409	-0.00534324	3.11941	2.21133	75.8626
1410	-0.00610522	3.11814	2.21074	75.8946
1411	-0.00614016	3.11688	2.21338	75.9266
1412	-0.00712198	3.11558	2.21384	75.9586
1413	-0.00771813	3.11428	2.21087	75.9906
1414	-0.00798091	3.11297	2.20487	76.0223
1415	-0.00736213	3.11167	2.20748	76.0541
1416	-0.00718398	3.11038	2.20686	76.0859
1417	-0.00819997	3.10907	2.20148	76.1175
1418	-0.0076552	3.10777	2.19962	76.1491
1419	-0.00725002	3.10649	2.19732	76.1806
1420	-0.00712369	3.1052	2.19989	76.2121
1421	-0.0067535	3.10393	2.20545	76.2438
1422	-0.00636068	3.10268	2.20735	76.2755
1423	-0.00653053	3.10141	2.20368	76.3072
1424	-0.00675564	3.10015	2.20271	76.3387
1425	-0.00640005	3.09889	2.2	76.3702
1426	-0.00639303	3.09764	2.19685	76.4016
1427	-0.00735989	3.09636	2.20123	76.4331
1428	-0.00666159	3.0951	2.20294	76.4646
1429	-0.00707368	3.09383	2.20641	76.4962
1430	-0.0068536	3.09257	2.21156	76.5279
1431	-0.00765349	3.09129	2.21745	76.5598
1432	-0.005622	3.09006	2.2174	76.5917
1433	-0.00370884	3.08889	2.22176	76.6236
1434	-0.00399521	3.0877	2.22698	76.6557
1435	-0.00352721	3.08654	2.2296	76.6879
1436	-0.00341226	3.08537	2.23043	76.72
1437	-0.0034584	3.08421	2.23134	76.7522
1438	-0.00281022	3.08307	2.22873	76.7842
1439	-0.00133154	3.08196	2.22754	76.8163
1440	-0.0018622	3.08084	2.22349	76.8482
1441	-0.00157625	3.07973	2.22444	76.8801
1442	-0.00379067	3.07857	2.23345	76.9123
1443	-0.00628532	3.07734	2.24348	76.9447
1444	-0.00839675	3.07605	2.25116	76.9773
1445	-0.0112157	3.07469	2.26288	77.0101
1446	-0.0111134	3.07334	2.25961	77.0429
1447	-0.0123937	3.07195	2.26439	77.0758
1448	-0.0130352	3.07055	2.26851	77.1088
1449	-0.0127302	3.06916	2.27152	77.1419
1450	-0.0122379	3.06778	2.2731	77.175
1451	-0.0113627	3.06643	2.27677	77.2081
1452	-0.0095066	3.06512	2.28232	77.2414
1453	-0.007827	3.06386	2.28852	77.2749
1454	-0.00676064	3.06263	2.2904	77.3084
1455	-0.00457637	3.06146	2.29248	77.3419
1456	-0.00315325	3.06033	2.29148	77.3754
1457	-0.000910165	3.05926	2.29595	77.4089
1458	0.00283875	3.05828	2.30598	77.4428
1459	0.00590919	3.05739	2.30888	77.4767
1460	0.00753351	3.05654	2.31363	77.5107
1461	0.00903344	3.05573	2.31154	77.5446
1462	0.00824718	3.05491	2.31121	77.5785
1463	0.00615467	3.05402	2.31598	77.6126
1464	0.00493592	3.05311	2.32167	77.6467
1465	0.00581601	3.05222	2.32352	77.6809
1466	0.00559619	3.05133	2.32564	77.7152
1467	0.00604893	3.05045	2.32944	77.7495
1468	0.00624645	3.04957	2.33028	77.7838
1469	0.00647411	3.04871	2.33283	77.8182
1470	0.00652454	3.04784	2.33706	77.8527
1471	0.00542234	3.04695	2.34209	77.8873
1472	0.00564668	3.04606	2.34581	77.9219
1473	0.00571497	3.04518	2.34835	77.9567
1474	0.00580928	3.0443	2.34985	77.9914
1475	0.00487749	3.04339	2.35294	78.0262
1476	0.00558646	3.04251	2.3534	78.0611
1477	0.00622351	3.04164	2.35278	78.0958
1478	0.00787145	3.04082	2.35581	78.1307
1479	0.00949686	3.04004	2.35462	78.1655
1480	0.0106102	3.03929	2.3575	78.2003
1481	0.0109225	3.03855	2.36004	78.2353
1482	0.0113879	3.03782	2.36226	78.2702
1483	0.01019	3.03706	2.36657	78.3053
1484	0.00861409	3.03626	2.3701	78.3404
1485	0.00557729	3.03538	2.37708	78.3757
1486	0.00314022	3.03444	2.37914	78.411
1487	0.00164475	3.03347	2.38373	78.4465
1488	-4.30987e-05	3.03245	2.38791	78.482
1489	-0.00210878	3.03138	2.39482	78.5177
1490	-0.00188514	3.03031	2.39602	78.5534
1491	-0.00143054	3.02926	2.39679	78.5891
1492	-0.00158307	3.02821	2.39093	78.6247
1493	-0.00118354	3.02716	2.39242	78.6603
1494	-0.0006037	3.02613	2.38994	78.6958
1495	-0.000149257	3.02512	2.39303	78.7313
1496	3.77566e-05	3.02411	2.39547	78.7669
1497	0.00120749	3.02313	2.39945	78.8026
1498	0.00180358	3.02217	2.39904	78.8383
1499	0.00150178	3.0212	2.40165	78.874
1500	0.000840821	3.02022	2.40366	78.9098
1501	0.00109833	3.01924	2.39845	78.9454
1502	-0.000118743	3.01824	2.39904	78.981
1503	-0.00231899	3.01717	2.40545	79.0168
1504	-0.00443638	3.01606	2.40949	79.0526
1505	-0.00616485	3.0149	2.41239	79.0885
1506	-0.00752873	3.0137	2.41788	79.1246
1507	-0.00802051	3.0125	2.41182	79.1604
1508	-0.00771456	3.0113	2.41505	79.1964
1509	-0.00664658	3.01013	2.41908	79.2324
1510	-0.00578463	3.00899	2.42104	79.2684
1511	-0.00513209	3.00786	2.41722	79.3044
1512	-0.0049755	3.00674	2.40949	79.3401
1513	-0.0040012	3.00565	2.40805	79.3758
1514	-0.00263949	3.00459	2.41212	79.4116
1515	-0.000284827	3.00359	2.40927	79.4472
1516	0.00137677	3.00264	2.40455	79.4828
1517	0.00205665	3.0017	2.40479	79.5183
1518	0.00283646	3.00079	2.40256	79.5538
1519	0.00514308	2.99993	2.40294	79.5892
1520	0.00622715	2.9991	2.40302	79.6247
1521	0.00513514	2.99825	2.40448	79.6601
1522	0.0064358	2.99743	2.40729	79.6957
1523	0.00619724	2.99661	2.41151	79.7313
1524	0.00534525	2.99576	2.41382	79.767
1525	0.0035098	2.99487	2.42063	79.8028
1526	0.00347767	2.99398	2.42484	79.8387
1527	0.00343715	2.99309	2.42903	79.8747
1528	0.00298969	2.99219	2.43096	79.9107
1529	0.00361195	2.9913	2.43158	79.9468
1530	0.0032439	2.99041	2.43391	79.9829
1531	0.00227744	2.98949	2.43693	80.019
1532	0.00276538	2.98859	2.44148	80.0553
1533	0.00172279	2.98766	2.44496	80.0916
1534	0.00128772	2.98672	2.44437	80.1279
1535	-0.0010436	2.98572	2.44706	80.1642
1536	-0.00274462	2.98468	2.44358	80.2005
1537	-0.00257123	2.98364	2.44674	80.2368
1538	-0.000674503	2.98266	2.45231	80.2732
1539	-0.00133242	2.98166	2.45589	80.3097
1540	-0.00125682	2.98066	2.4587	80.3463
1541	-0.00255307	2.97963	2.46329	80.383
1542	-0.00418436	2.97855	2.45683	80.4195
1543	-0.00607099	2.97744	2.45473	80.4559
1544	-0.00610832	2.97632	2.45169	80.4922
1545	-0.00403654	2.97525	2.44811	80.5284
1546	-0.00229439	2.97423	2.44152	80.5645
1547	-0.00278727	2.9732	2.43973	80.6005
1548	-0.00224076	2.97219	2.43832	80.6364
1549	-0.00258017	2.97116	2.43001	80.6721
1550	-0.00307841	2.97013	2.42917	80.7078
1551	-0.00319743	2.96909	2.43061	80.7434
1552	-0.00359404	2.96804	2.43428	80.7792
1553	-0.00458411	2.96697	2.43918	80.8151
1554	-0.00432857	2.96591	2.43782	80.8509
1555	-0.00578588	2.96481	2.44219	80.8868
1556	-0.00640613	2.96369	2.44322	80.9228
1557	-0.0068463	2.96257	2.44196	80.9587
1558	-0.00721446	2.96144	2.44372	80.9946
1559	-0.00850063	2.96027	2.44651	81.0306
1560	-0.00983862	2.95908	2.4432	81.0664
1561	-0.0110977	2.95785	2.44334	81.1023
1562	-0.0116344	2.95661	2.44459	81.1382
1563	-0.0106985	2.9554	2.44489	81.1741
1564	-0.00920695	2.95422	2.44663	81.21
1565	-0.00855032	2.95306	2.44433	81.2458
1566	-0.00943208	2.95188	2.44386	81.2816
1567	-0.00986725	2.95069	2.44172	81.3173
1568	-0.00959012	2.94951	2.44239	81.3531
1569	-0.0109599	2.94829	2.44546	81.3889
1570	-0.0106322	2.94709	2.43896	81.4245
1571	-0.00987137	2.9459	2.438	81.4601
1572	-0.00818347	2.94476	2.44003	81.4957
1573	-0.00897464	2.9436	2.4432	81.5314
1574	-0.00929814	2.94243	2.44116	81.567
1575	-0.00867972	2.94128	2.44065	81.6026
1576	-0.00741739	2.94016	2.43902	81.6381
1577	-0.0066061	2.93906	2.43589	81.6736
1578	-0.00617945	2.93798	2.43262	81.7089
1579	-0.00677388	2.93688	2.42709	81.7441
1580	-0.00766904	2.93575	2.42416	81.7792
1581	-0.00817855	2.93462	2.41214	81.814
1582	-0.0079271	2.9335	2.41023	81.8488
1583	-0.00725841	2.93239	2.40857	81.8834
1584	-0.00713083	2.93128	2.40947	81.9181
1585	-0.00708297	2.93018	2.40682	81.9527
1586	-0.00762147	2.92907	2.39948	81.9871
1587	-0.00811826	2.92794	2.39195	82.0213
1588	-0.00863895	2.92681	2.39182	82.0555
1589	-0.00829323	2.92568	2.39139	82.0897
1590	-0.00653441	2.9246	2.39422	82.1239
1591	-0.00560158	2.92354	2.38842	82.158
1592	-0.00493583	2.9225	2.38065	82.1918
1593	-0.00596173	2.92143	2.37684	82.2256
1594	-0.00497697	2.92039	2.37515	82.2593
1595	-0.00549709	2.91934	2.37602	82.293
1596	-0.00594721	2.91828	2.37816	82.3267
1597	-0.00598336	2.91721	2.37894	82.3604
1598	-0.00531886	2.91617	2.38151	82.3942
1599	-0.00404686	2.91516	2.38423	82.4281
1600	-0.00356677	2.91416	2.38667	82.462
1601	-0.00400989	2.91315	2.38941	82.4959
1602	-0.00575381	2.9121	2.39435	82.53
1603	-0.00494936	2.91107	2.38902	82.5639
1604	-0.00518352	2.91003	2.3819	82.5976
1605	-0.00598707	2.90898	2.38271	82.6314
1606	-0.00734514	2.90789	2.38437	82.6651
1607	-0.00821926	2.90678	2.38738	82.699
1608	-0.00799926	2.90568	2.38765	82.7328
1609	-0.00828201	2.90457	2.38188	82.7664
1610	-0.00829638	2.90346	2.38376	82.8001
1611	-0.00910775	2.90233	2.38613	82.8339
1612	-0.0112117	2.90116	2.39302	82.8678
1613	-0.0124234	2.89995	2.39378	82.9017
1614	-0.0138444	2.89871	2.39545	82.9356
1615	-0.0149541	2.89744	2.39172	82.9695
1616	-0.015375	2.89616	2.39214	83.0033
1617	-0.0149476	2.89489	2.39543	83.0372
1618	-0.0146913	2.89364	2.39719	83.0711
1619	-0.0155063	2.89236	2.39928	83.1051
1620	-0.0172139	2.89104	2.40288	83.1391
1621	-0.0182416	2.88969	2.40425	83.1732
1622	-0.0188213	2.88834	2.40738	83.2073
1623	-0.0196158	2.88696	2.41104	83.2415
1624	-0.0206563	2.88556	2.41195	83.2757
1625	-0.0217016	2.88414	2.40405	83.3097
1626	-0.0224171	2.8827	2.40011	83.3436
1627	-0.0233221	2.88123	2.3977	83.3774
1628	-0.0240472	2.87975	2.3997	83.4113
1629	-0.0247385	2.87826	2.39942	83.4451
1630	-0.0255453	2.87674	2.39725	83.4789
1631	-0.0263793	2.87521	2.39463	83.5126
1632	-0.0278218	2.87364	2.3912	83.5462
1633	-0.0299523	2.87202	2.39463	83.5799
1634	-0.0316338	2.87036	2.39354	83.6135
1635	-0.0325383	2.86868	2.39125	83.6471
1636	-0.0316833	2.86702	2.39325	83.6806
1637	-0.0302981	2.8654	2.39786	83.7143
1638	-0.0301066	2.86378	2.39688	83.748
1639	-0.030396	2.86216	2.39037	83.7815
1640	-0.0307065	2.86053	2.39213	83.815
1641	-0.0307795	2.8589	2.39401	83.8486
1642	-0.0305428	2.85728	2.39301	83.8821
1643	-0.0303963	2.85566	2.3917	83.9155
1644	-0.0309129	2.85403	2.39206	83.949
1645	-0.0313353	2.85239	2.39376	83.9825
1646	-0.0317059	2.85074	2.39032	84.0159
1647	-0.0326487	2.84908	2.39277	84.0493
1648	-0.0322735	2.84742	2.39177	84.0828
1649	-0.0310785	2.84579	2.38958	84.1161
1650	-0.030037	2.84419	2.38835	84.1494
1651	-0.0293664	2.84261	2.38748	84.1827
1652	-0.0279373	2.84106	2.38618	84.2159
1653	-0.0295039	2.83948	2.38313	84.249
1654	-0.0293208	2.8379	2.38103	84.2821
1655	-0.0295989	2.83632	2.37399	84.315
1656	-0.0291928	2.83474	2.36629	84.3476
1657	-0.0297964	2.83316	2.36085	84.3802
1658	-0.0297567	2.83157	2.35573	84.4126
1659	-0.0288959	2.83001	2.34478	84.4447
1660	-0.0281433	2.82847	2.34013	84.4767
1661	-0.0284142	2.82692	2.33851	84.5086
1662	-0.0291698	2.82536	2.33834	84.5406
1663	-0.0287884	2.8238	2.33934	84.5725
1664	-0.0269491	2.8223	2.3433	84.6045
1665	-0.0247939	2.82084	2.34656	84.6366
1666	-0.0235912	2.81942	2.34948	84.6688
1667	-0.0221607	2.81803	2.35145	84.701
1668	-0.0221733	2.81664	2.34901	84.7331
1669	-0.0225331	2.81525	2.3517	84.7653
1670	-0.0230071	2.81385	2.35562	84.7975
1671	-0.0226425	2.81245	2.35873	84.8298
1672	-0.0231381	2.81105	2.36385	84.8623
1673	-0.0231764	2.80964	2.36396	84.8947
1674	-0.0240806	2.80821	2.36335	84.9271
1675	-0.0230996	2.80681	2.36328	84.9595
1676	-0.0235104	2.8054	2.36452	84.9919
1677	-0.0226389	2.80401	2.36152	85.0242
1678	-0.0228006	2.80262	2.36301	85.0565
1679	-0.02171	2.80126	2.36352	85.0889
1680	-0.0224336	2.79988	2.36479	85.1212
1681	-0.0223703	2.7985	2.36931	85.1537
1682	-0.0213847	2.79715	2.37087	85.1862
1683	-0.021942	2.79579	2.3755	85.2188
1684	-0.021737	2.79443	2.37789	85.2514
1685	-0.0214566	2.79308	2.37893	85.2841
1686	-0.0194645	2.79177	2.38347	85.3168
1687	-0.0196226	2.79047	2.38163	85.3495
1688	-0.0209116	2.78914	2.38173	85.3822
1689	-0.0212008	2.7878	2.37975	85.4148
1690	-0.021583	2.78645	2.37285	85.4472
1691	-0.0222595	2.78508	2.36534	85.4795
1692	-0.0236664	2.78369	2.36178	85.5116
1693	-0.0248973	2.78226	2.35957	85.5437
1694	-0.0245616	2.78084	2.36205	85.5759
1695	-0.0239844	2.77944	2.35967	85.6079
1696	-0.0239858	2.77804	2.35783	85.6399
1697	-0.0230486	2.77666	2.35598	85.6719
1698	-0.0231527	2.77529	2.3548	85.7038
1699	-0.0226066	2.77392	2.3555	85.7357
1700	-0.0210416	2.7726	2.35857	85.7677
1701	-0.0211322	2.77127	2.36071	85.7997
1702	-0.0206212	2.76996	2.36423	85.8318
1703	-0.0205757	2.76865	2.36715	85.864
1704	-0.0193608	2.76737	2.37097	85.8962
1705	-0.0181735	2.76612	2.37372	85.9285
1706	-0.0176211	2.76488	2.37348	85.9608
1707	-0.0172686	2.76365	2.37344	85.993
1708	-0.0182772	2.7624	2.37647	86.0253
1709	-0.0186765	2.76114	2.381	86.0578
1710	-0.0167723	2.75993	2.38694	86.0903
1711	-0.0166845	2.75872	2.38902	86.1229
1712	-0.0168788	2.75751	2.38881	86.1555
1713	-0.017962	2.75627	2.39196	86.1881
1714	-0.0180046	2.75504	2.39302	86.2208
1715	-0.0185526	2.75379	2.39382	86.2534
1716	-0.0189089	2.75253	2.39413	86.2861
1717	-0.0198801	2.75125	2.39326	86.3187
1718	-0.0212029	2.74994	2.396	86.3514
1719	-0.0217042	2.74861	2.3961	86.384
1720	-0.0207138	2.74732	2.39378	86.4166
1721	-0.0199969	2.74604	2.38951	86.4491
1722	-0.0212487	2.74473	2.38633	86.4815
1723	-0.0215336	2.74341	2.38958	86.514
1724	-0.0214912	2.7421	2.39165	86.5465
1725	-0.0213834	2.74079	2.39438	86.579
1726	-0.0215058	2.73948	2.39837	86.6117
1727	-0.0198624	2.73821	2.40071	86.6444
1728	-0.019613	2.73695	2.4061	86.6772
1729	-0.0193306	2.7357	2.40987	86.71
1730	-0.018798	2.73445	2.41215	86.743
1731	-0.0189009	2.73321	2.40698	86.7758
1732	-0.0183651	2.73198	2.40966	86.8086
1733	-0.0172294	2.73078	2.41111	86.8415
1734	-0.0163839	2.7296	2.41244	86.8744
1735	-0.0172361	2.7284	2.41288	86.9072
1736	-0.0175719	2.72719	2.41358	86.9401
1737	-0.0171539	2.726	2.41331	86.973
1738	-0.0164051	2.72482	2.41403	87.0059
1739	-0.0156004	2.72367	2.41708	87.0388
1740	-0.0150389	2.72252	2.41915	87.0718
1741	-0.0157155	2.72137	2.42276	87.1048
1742	-0.0143793	2.72024	2.42406	87.1379
1743	-0.0128438	2.71915	2.42911	87.1711
1744	-0.0106512	2.71812	2.43655	87.2044
1745	-0.00945872	2.71712	2.44016	87.2378
1746	-0.00862459	2.71613	2.44164	87.2713
1747	-0.00993803	2.71512	2.44599	87.3048
1748	-0.00951687	2.71412	2.4452	87.3383
1749	-0.00955134	2.71311	2.44604	87.3718
1750	-0.0120911	2.71205	2.45415	87.4055
1751	-0.0142231	2.71094	2.46191	87.4394
1752	-0.0155611	2.70979	2.46781	87.4734
1753	-0.0163041	2.70863	2.46937	87.5074
1754	-0.016267	2.70747	2.46936	87.5414
1755	-0.0165703	2.7063	2.46956	87.5754
1756	-0.0170246	2.70513	2.46941	87.6094
1757	-0.0180143	2.70393	2.4696	87.6434
1758	-0.0189446	2.70271	2.47006	87.6774
1759	-0.0192642	2.70148	2.47214	87.7114
1760	-0.0197361	2.70025	2.47099	87.7453
1761	-0.0217385	2.69896	2.47366	87.7794
1762	-0.0224753	2.69766	2.47153	87.8133
1763	-0.0224105	2.69636	2.47037	87.8473
1764	-0.0231011	2.69505	2.47468	87.8813
1765	-0.0226547	2.69375	2.47907	87.9154
1766	-0.0225812	2.69245	2.48092	87.9495
1767	-0.0229266	2.69114	2.48402	87.9837
1768	-0.0218313	2.68987	2.48135	88.0178
1769	-0.021197	2.6886	2.47174	88.0517
1770	-0.0205205	2.68736	2.4641	88.0854
1771	-0.0206891	2.68611	2.46058	88.119
1772	-0.0222003	2.68482	2.45918	88.1525
1773	-0.0216959	2.68355	2.45939	88.1861
1774	-0.0211393	2.68229	2.46165	88.2197
1775	-0.0200183	2.68106	2.46156	88.2532
1776	-0.0191392	2.67986	2.46077	88.2868
1777	-0.0196522	2.67864	2.46042	88.3203
1778	-0.0202701	2.6774	2.46269	88.3538
1779	-0.0216209	2.67614	2.46102	88.3873
1780	-0.0235253	2.67483	2.46739	88.421
1781	-0.0248291	2.67349	2.47293	88.4548
1782	-0.0263795	2.67212	2.4796	88.4887
1783	-0.027097	2.67073	2.48266	88.5226
1784	-0.027329	2.66933	2.48041	88.5565
1785	-0.0275896	2.66794	2.48089	88.5905
1786	-0.0272706	2.66654	2.47966	88.6243
1787	-0.0263647	2.66518	2.47607	88.6581
1788	-0.0263963	2.66381	2.47601	88.6918
1789	-0.0278826	2.6624	2.47774	88.7256
1790	-0.0292727	2.66097	2.48193	88.7595
1791	-0.0300527	2.65952	2.48259	88.7934
1792	-0.0314071	2.65804	2.48748	88.8273
1793	-0.0314344	2.65655	2.49022	88.8614
1794	-0.0313035	2.65507	2.49154	88.8954
1795	-0.030784	2.65361	2.49399	88.9295
1796	-0.0294521	2.65218	2.49623	88.9637
1797	-0.0288095	2.65076	2.49978	88.9979
1798	-0.0275858	2.64937	2.50228	89.0321
1799	-0.0283696	2.64797	2.50684	89.0665
1800	-0.0281805	2.64657	2.50776	89.1008
1801	-0.0281457	2.64517	2.50797	89.1352
1802	-0.0283444	2.64377	2.50625	89.1695
1803	-0.0285086	2.64237	2.50705	89.2038
1804	-0.0294282	2.64095	2.50931	89.2381
1805	-0.0293132	2.63953	2.51086	89.2725
1806	-0.0298973	2.63809	2.51308	89.3069
1807	-0.0285692	2.63669	2.51568	89.3414
1808	-0.0275266	2.63532	2.51905	89.3759
1809	-0.0268372	2.63396	2.52124	89.4105
1810	-0.0257546	2.63263	2.52477	89.4451
1811	-0.0250534	2.63131	2.52687	89.4798
1812	-0.0252396	2.62999	2.52424	89.5144
1813	-0.0246417	2.62869	2.52287	89.5489
1814	-0.0248667	2.62738	2.52399	89.5835
1815	-0.0260314	2.62605	2.52644	89.6181
1816	-0.0264757	2.62471	2.52454	89.6527
1817	-0.0269215	2.62335	2.52552	89.6872
1818	-0.0281126	2.62197	2.53078	89.7219
1819	-0.0288648	2.62058	2.53564	89.7567
1820	-0.0288351	2.61918	2.53558	89.7915
1821	-0.0289466	2.61779	2.53488	89.8262
1822	-0.029374	2.61638	2.53629	89.861
1823	-0.0274982	2.61502	2.535	89.8957
1824	-0.0263009	2.61369	2.53786	89.9305
1825	-0.0243767	2.6124	2.53984	89.9653
1826	-0.0233756	2.61114	2.53899	90
1827	-0.0217769	2.60992	2.5437	90.0349
1828	-0.0226724	2.60867	2.54725	90.0699
1829	-0.0226741	2.60743	2.54878	90.1048
1830	-0.0230337	2.60618	2.54994	90.1398
1831	-0.0229615	2.60493	2.54972	90.1748
1832	-0.0227275	2.60369	2.54609	90.2096
1833	-0.0229126	2.60245	2.54948	90.2446
1834	-0.0243621	2.60117	2.54838	90.2795
1835	-0.025348	2.59987	2.54952	90.3144
1836	-0.0268476	2.59854	2.54933	90.3493
1837	-0.0266719	2.59721	2.54921	90.3841
1838	-0.0278335	2.59586	2.54909	90.419
1839	-0.0278918	2.5945	2.54615	90.4538
1840	-0.0274946	2.59316	2.5492	90.4886
1841	-0.027009	2.59182	2.55076	90.5235
1842	-0.0283432	2.59046	2.55135	90.5583
1843	-0.0279531	2.58911	2.5517	90.5932
1844	-0.0275968	2.58776	2.54221	90.6278
1845	-0.0281063	2.58641	2.5351	90.6623
1846	-0.0297955	2.58502	2.53539	90.6967
1847	-0.030842	2.5836	2.53902	90.7312
1848	-0.0319546	2.58216	2.54034	90.7658
1849	-0.0331599	2.58069	2.53851	90.8003
1850	-0.0340387	2.5792	2.53146	90.8346
1851	-0.0333212	2.57773	2.53328	90.8689
1852	-0.0339739	2.57625	2.53599	90.9033
1853	-0.0338244	2.57477	2.53598	90.9377
1854	-0.0331652	2.5733	2.53228	90.9719
1855	-0.033318	2.57184	2.53254	91.0062
1856	-0.0333818	2.57037	2.53365	91.0405
1857	-0.0326631	2.56892	2.53635	91.0748
1858	-0.0317479	2.5675	2.53542	91.1091
1859	-0.032017	2.56606	2.53424	91.1434
1860	-0.0327239	2.56462	2.53008	91.1776
1861	-0.0334953	2.56315	2.53015	91.2117
1862	-0.033381	2.56169	2.52468	91.2457
1863	-0.03186	2.56027	2.52832	91.2798
1864	-0.0303585	2.55888	2.5327	91.314
1865	-0.0289347	2.55752	2.53775	91.3482
1866	-0.0280078	2.55619	2.53729	91.3825
1867	-0.0272403	2.55488	2.53406	91.4167
1868	-0.0277495	2.55355	2.53406	91.4508
1869	-0.027448	2.55223	2.53421	91.485
1870	-0.0270166	2.55093	2.53338	91.5191
1871	-0.0274507	2.54961	2.5338	91.5532
1872	-0.0267735	2.54831	2.53193	91.5872
1873	-0.026524	2.54702	2.53101	91.6213
1874	-0.0264201	2.54573	2.53217	91.6553
1875	-0.0266313	2.54444	2.52702	91.6892
1876	-0.0277292	2.54312	2.53047	91.7232
1877	-0.0274425	2.54181	2.53471	91.7573
1878	-0.0271923	2.54051	2.53379	91.7913
1879	-0.0273613	2.5392	2.53051	91.8252
1880	-0.0266192	2.53791	2.5282	91.8591
1881	-0.0257442	2.53665	2.52634	91.8929
1882	-0.0254728	2.53539	2.52685	91.9268
1883	-0.0253977	2.53413	2.52545	91.9605
1884	-0.0267314	2.53284	2.52508	91.9943
1885	-0.0273586	2.53154	2.52946	92.0281
1886	-0.028656	2.53021	2.53136	92.062
1887	-0.0307515	2.52883	2.53491	92.096
1888	-0.0322165	2.52742	2.53139	92.1298
1889	-0.033083	2.52599	2.52212	92.1635
1890	-0.0317946	2.52459	2.52419	92.1971
1891	-0.0312769	2.52321	2.52499	92.2308
1892	-0.0316364	2.52182	2.5222	92.2644
1893	-0.0317779	2.52042	2.52117	92.298
1894	-0.0324919	2.51901	2.52418	92.3316
1895	-0.0326475	2.5176	2.52367	92.3652
1896	-0.0332307	2.51617	2.52014	92.3987
1897	-0.0347319	2.51471	2.51991	92.4322
1898	-0.0358813	2.51323	2.5196	92.4657
1899	-0.037346	2.51171	2.52548	92.4993
1900	-0.0371147	2.5102	2.52695	92.5329
1901	-0.0366775	2.5087	2.52829	92.5666
1902	-0.0351903	2.50723	2.52991	92.6002
1903	-0.0336578	2.5058	2.53027	92.6339
1904	-0.0329167	2.50439	2.52792	92.6675
1905	-0.0321572	2.503	2.52951	92.7011
1906	-0.0321209	2.50161	2.53032	92.7348
1907	-0.0311452	2.50024	2.53183	92.7684
1908	-0.0306968	2.49888	2.53316	92.8021
1909	-0.0309222	2.49752	2.53022	92.8357
1910	-0.0303699	2.49617	2.52984	92.8693
1911	-0.0291323	2.49485	2.53284	92.9029
1912	-0.0270086	2.49358	2.5362	92.9366
1913	-0.02504	2.49236	2.54258	92.9704
1914	-0.0231623	2.49118	2.54528	93.0043
1915	-0.0218373	2.49003	2.54644	93.0382
1916	-0.0218044	2.48888	2.54821	93.0721
1917	-0.0219643	2.48773	2.55062	93.1061
1918	-0.0228525	2.48657	2.55522	93.1402
1919	-0.022381	2.48541	2.55683	93.1743
1920	-0.0226781	2.48424	2.5597	93.2084
1921	-0.0231835	2.48307	2.56194	93.2426
1922	-0.0231063	2.4819	2.56421	93.2768
1923	-0.0221849	2.48075	2.56791	93.3111
1924	-0.0210186	2.47962	2.56859	93.3454
1925	-0.0192754	2.47854	2.57428	93.3798
1926	-0.018063	2.47749	2.57482	93.4143
1927	-0.0165144	2.47647	2.57516	93.4487
1928	-0.0161605	2.47546	2.57793	93.4831
1929	-0.0160094	2.47445	2.57909	93.5176
1930	-0.0144885	2.47348	2.58163	93.5522
1931	-0.0131573	2.47254	2.58122	93.5867
1932	-0.0142214	2.47158	2.58035	93.6211
1933	-0.0146964	2.47061	2.58081	93.6556
1934	-0.0149965	2.46963	2.57818	93.69
1935	-0.0163262	2.46862	2.58097	93.7245
1936	-0.016594	2.46761	2.58277	93.759
1937	-0.0172134	2.46658	2.57526	93.7933
1938	-0.0174288	2.46555	2.575	93.8275
1939	-0.0190082	2.46448	2.5754	93.8618
1940	-0.0197231	2.4634	2.57683	93.8961
1941	-0.0178661	2.46236	2.58156	93.9305
1942	-0.0160618	2.46136	2.58007	93.9649
1943	-0.0152734	2.46038	2.57296	93.9991
1944	-0.0156223	2.4594	2.57117	94.0332
1945	-0.016138	2.4584	2.57351	94.0674
1946	-0.0161499	2.4574	2.57533	94.1016
1947	-0.0169903	2.45639	2.57669	94.1358
1948	-0.0183813	2.45534	2.5812	94.1701
1949	-0.0183295	2.4543	2.58264	94.2044
1950	-0.0188001	2.45324	2.582	94.2387
1951	-0.0199003	2.45216	2.58695	94.2732
1952	-0.0194553	2.4511	2.58941	94.3076
1953	-0.0199948	2.45002	2.59126	94.3421
1954	-0.0194346	2.44895	2.58877	94.3765
1955	-0.0200702	2.44787	2.58681	94.4109
1956	-0.0207524	2.44678	2.58708	94.4452
1957	-0.0224109	2.44565	2.58995	94.4796
1958	-0.0241211	2.44448	2.58967	94.514
1959	-0.0252232	2.44329	2.5892	94.5484
1960	-0.0261488	2.44207	2.58972	94.5828
1961	-0.0265547	2.44085	2.59072	94.6171
1962	-0.027426	2.43961	2.59253	94.6515
1963	-0.0276807	2.43836	2.58758	94.6858
1964	-0.0264898	2.43715	2.58415	94.72
1965	-0.0264771	2.43593	2.58478	94.7542
1966	-0.0263334	2.43472	2.58527	94.7884
1967	-0.0267554	2.4335	2.58914	94.8227
1968	-0.0266191	2.43228	2.58772	94.8569
1969	-0.0270197	2.43105	2.59075	94.8912
1970	-0.0268904	2.42983	2.58961	94.9255
1971	-0.0271629	2.4286	2.59391	94.9598
1972	-0.0270806	2.42738	2.59453	94.9942
1973	-0.0273058	2.42615	2.59477	95.0285
1974	-0.0278263	2.42491	2.5939	95.0628
1975	-0.0270029	2.42369	2.59252	95.0971
1976	-0.0271613	2.42247	2.59238	95.1313
1977	-0.0265055	2.42126	2.58897	95.1655
1978	-0.0261002	2.42006	2.58305	95.1995
