#	<x>	stDevX	<E>	stDevE
0	2.48928	0	1.48863	0
1	2.43787	2.46358	3.79377	2.6412
2	2.24171	3.37943	4.55573	4.63774
3	1.92442	3.9375	4.17659	6.06856
4	1.58673	4.272	3.58507	7.03992
5	1.46872	4.52756	3.50563	7.86553
6	1.36732	4.72963	3.62949	8.65542
7	1.06012	4.82061	3.61187	9.37482
8	0.67425	4.79274	3.86243	10.1224
9	0.408764	4.69775	3.27839	10.6463
10	0.161027	4.54799	3.42858	11.1876
11	0.406395	4.4848	3.34613	11.6807
12	0.559802	4.47306	3.31482	12.1449
13	0.62971	4.48534	3.25713	12.5767
14	0.625115	4.50027	3.08158	12.9501
15	0.667712	4.52871	3.11664	13.3212
16	0.496375	4.5189	2.9818	13.6504
17	0.536123	4.522	2.75263	13.9194
18	0.513438	4.52285	2.72387	14.1773
19	0.547351	4.53374	2.74303	14.4353
20	0.451043	4.52607	2.8111	14.7037
21	0.400014	4.51036	2.83955	14.9735
22	0.446808	4.5069	2.78225	15.2269
23	0.48336	4.51277	2.76915	15.4737
24	0.540623	4.53137	2.78812	15.7206
25	0.541253	4.55102	2.85585	15.9769
26	0.533701	4.57005	2.81853	16.2221
27	0.577367	4.59793	2.74648	16.4504
28	0.542381	4.61981	2.67735	16.6632
29	0.487731	4.63241	2.68647	16.8751
30	0.452746	4.63961	2.47698	17.0475
31	0.439802	4.64544	2.36459	17.1992
32	0.458821	4.6554	2.35021	17.3478
33	0.466767	4.6674	2.14461	17.4609
34	0.398361	4.66859	2.18828	17.5817
35	0.388755	4.66906	2.17966	17.7011
36	0.408794	4.6736	2.13792	17.8137
37	0.378785	4.67402	2.04867	17.9121
38	0.324592	4.66661	2.02821	18.0076
39	0.308287	4.65755	1.9718	18.0948
40	0.295485	4.64742	1.94399	18.1782
41	0.285929	4.63672	1.8509	18.2481
42	0.300131	4.62902	1.76634	18.306
43	0.326424	4.626	1.7106	18.3566
44	0.369354	4.62994	1.77522	18.4178
45	0.343531	4.63057	1.80571	18.4844
46	0.340547	4.63127	1.76402	18.5455
47	0.321615	4.62974	1.73002	18.6026
48	0.297227	4.62528	1.76968	18.666
49	0.272667	4.61792	1.80662	18.7352
50	0.285663	4.61294	1.84291	18.8098
51	0.282943	4.60811	1.8805	18.8899
52	0.258187	4.6004	1.80895	18.9604
53	0.274042	4.59536	1.85162	19.037
54	0.253444	4.58804	1.88055	19.1177
55	0.232225	4.57839	1.96467	19.2095
56	0.25681	4.57249	2.03871	19.311
57	0.232188	4.56383	1.9588	19.4017
58	0.263479	4.55967	1.94337	19.4903
59	0.241508	4.55308	1.82289	19.5633
60	0.232493	4.54575	1.87407	19.643
61	0.196785	4.53434	1.83389	19.7176
62	0.160498	4.51885	1.81036	19.7893
63	0.108051	4.49738	1.88771	19.8706
64	0.105865	4.47622	1.90216	19.9537
65	0.103781	4.45539	1.85621	20.0311
66	0.0994623	4.43458	1.82035	20.104
67	0.107499	4.41528	1.7926	20.1736
68	0.116349	4.39755	1.80448	20.2447
69	0.140147	4.38311	1.77279	20.3121
70	0.115904	4.36624	1.78137	20.3805
71	0.114751	4.34967	1.71894	20.4417
72	0.101762	4.33202	1.72267	20.5034
73	0.0939193	4.3139	1.73919	20.5671
74	0.107551	4.29777	1.73904	20.6308
75	0.0923644	4.28031	1.68819	20.6889
76	0.0915267	4.26315	1.61327	20.7385
77	0.0817417	4.24529	1.51135	20.7769
78	0.0845404	4.22813	1.51327	20.8159
79	0.0759736	4.2104	1.49316	20.8529
80	0.0751564	4.19296	1.46084	20.8867
81	0.0855796	4.17702	1.47211	20.9221
82	0.102341	4.16326	1.49721	20.9606
83	0.118597	4.15157	1.46619	20.996
84	0.0938339	4.13748	1.48806	21.034
85	0.0911032	4.12341	1.47242	21.0707
86	0.0827454	4.10874	1.49477	21.11
87	0.0917913	4.09533	1.49611	21.1497
88	0.11006	4.08412	1.49978	21.19
89	0.108245	4.07297	1.4454	21.2247
90	0.104077	4.06163	1.43998	21.2592
91	0.0981375	4.04991	1.39179	21.289
92	0.116937	4.04038	1.43379	21.3233
93	0.12042	4.03142	1.45556	21.3601
94	0.135635	4.02421	1.49175	21.4009
95	0.128855	4.0165	1.52424	21.4451
96	0.13628	4.00973	1.54848	21.4918
97	0.147608	4.00426	1.55495	21.5393
98	0.16321	4.00052	1.53946	21.5853
99	0.157338	3.99632	1.54006	21.6314
100	0.165482	3.99307	1.5172	21.6753
101	0.151239	3.98854	1.47649	21.7154
102	0.100438	3.97917	1.6056	21.7682
103	0.0733607	3.96734	1.62637	21.823
104	0.0705466	3.95544	1.63745	21.8789
105	0.063507	3.94306	1.63667	21.9346
106	0.0413448	3.92874	1.66017	21.9926
107	0.015492	3.91216	1.69755	22.0541
108	0.00104863	3.89444	1.71432	22.1171
109	0.00392627	3.87724	1.67827	22.1765
110	0.0124479	3.86107	1.66261	22.2344
111	0.0169589	3.84554	1.65697	22.2917
112	0.0266138	3.83114	1.63379	22.3467
113	0.033861	3.8176	1.66433	22.4046
114	0.0578093	3.80648	1.70076	22.4657
115	0.0681671	3.79648	1.70121	22.5268
116	0.074623	3.78723	1.68887	22.5866
117	0.0871978	3.77928	1.68482	22.646
118	0.087184	3.77146	1.66217	22.7031
119	0.0919499	3.76421	1.63311	22.7576
120	0.0913502	3.75702	1.62519	22.8113
121	0.0860926	3.74948	1.60743	22.8633
122	0.0844513	3.74192	1.61222	22.9157
123	0.0983883	3.73572	1.66283	22.9726
124	0.10289	3.73004	1.66071	23.0292
125	0.0965905	3.7239	1.59773	23.0802
126	0.0946893	3.71769	1.5949	23.1308
127	0.0870938	3.71092	1.59402	23.1813
128	0.0801695	3.70366	1.5896	23.2314
129	0.0765632	3.69618	1.53304	23.2765
130	0.0753674	3.68872	1.45385	23.3148
131	0.0728894	3.68115	1.44831	23.3525
132	0.0881853	3.675	1.47913	23.393
133	0.0881991	3.66896	1.46886	23.4326
134	0.0918674	3.66333	1.47353	23.4727
135	0.10525	3.65892	1.48384	23.5136
136	0.124336	3.65623	1.50069	23.556
137	0.132452	3.65429	1.4804	23.5967
138	0.148273	3.65375	1.45031	23.6349
139	0.154161	3.65375	1.41223	23.6699
140	0.148354	3.65331	1.40476	23.7043
141	0.147112	3.65282	1.39736	23.7381
142	0.147295	3.65239	1.40974	23.773
143	0.138495	3.65128	1.41242	23.8082
144	0.133799	3.64982	1.42994	23.8449
145	0.13019	3.64813	1.38248	23.8777
146	0.1355	3.64692	1.37987	23.9103
147	0.126814	3.64505	1.37852	23.9428
148	0.128932	3.64341	1.38785	23.9762
149	0.132193	3.64208	1.40209	24.0108
150	0.129856	3.64062	1.406	24.0457
151	0.135938	3.63969	1.41604	24.0815
152	0.130578	3.63838	1.42127	24.1177
153	0.133228	3.63732	1.4174	24.1537
154	0.14337	3.63713	1.43477	24.191
155	0.151425	3.63761	1.44782	24.2294
156	0.152875	3.63824	1.46762	24.2693
157	0.144176	3.63822	1.4822	24.3105
158	0.134863	3.63749	1.50334	24.3532
159	0.134946	3.63682	1.45019	24.3918
160	0.127473	3.63559	1.44711	24.4301
161	0.136482	3.63511	1.46503	24.4698
162	0.138044	3.63479	1.4709	24.5099
163	0.150861	3.63551	1.47662	24.5505
164	0.159901	3.63695	1.47749	24.5911
165	0.170892	3.63927	1.43999	24.6288
166	0.173965	3.64184	1.43934	24.6664
167	0.169786	3.64411	1.41385	24.7021
168	0.175292	3.64683	1.42917	24.739
169	0.176774	3.64967	1.45083	24.7775
170	0.163453	3.6515	1.47697	24.818
171	0.167774	3.65369	1.48715	24.8592
172	0.180261	3.65684	1.50944	24.9021
173	0.205693	3.66193	1.5829	24.9505
174	0.199563	3.66655	1.59112	24.9995
175	0.205353	3.67162	1.62027	25.0505
176	0.211048	3.67711	1.63031	25.1023
177	0.216854	3.68303	1.62621	25.1536
178	0.221769	3.68932	1.61493	25.204
179	0.229458	3.69617	1.61161	25.2541
180	0.214983	3.70194	1.59734	25.303
181	0.204069	3.70689	1.56679	25.3496
182	0.203905	3.71184	1.5334	25.3937
183	0.204334	3.71682	1.517	25.4365
184	0.210001	3.72221	1.51717	25.4793
185	0.210066	3.72761	1.49168	25.5201
186	0.201189	3.73235	1.49017	25.5608
187	0.201507	3.73712	1.48989	25.6015
188	0.197307	3.74159	1.49849	25.6428
189	0.19931	3.7462	1.51326	25.685
190	0.20713	3.75138	1.52686	25.7283
191	0.225958	3.75792	1.5602	25.7738
192	0.232611	3.76492	1.56963	25.82
193	0.238327	3.77232	1.58054	25.8669
194	0.230476	3.77915	1.58641	25.9142
195	0.227282	3.78574	1.59371	25.9618
196	0.220391	3.79183	1.57795	26.0083
197	0.211025	3.79725	1.59744	26.0562
198	0.205001	3.80224	1.60932	26.1047
199	0.20974	3.80757	1.62832	26.1546
200	0.209326	3.81286	1.61698	26.2035
201	0.202318	3.81766	1.62103	26.2527
202	0.192702	3.82178	1.58246	26.2991
203	0.189975	3.82571	1.58649	26.3456
204	0.175856	3.82867	1.59705	26.3929
205	0.168533	3.83113	1.61395	26.4412
206	0.172807	3.83389	1.63361	26.4909
207	0.17541	3.83684	1.6154	26.5392
208	0.174798	3.83975	1.59919	26.5863
209	0.175282	3.84271	1.6121	26.6342
210	0.172848	3.84551	1.60086	26.6812
211	0.180381	3.84883	1.60344	26.7284
212	0.173731	3.8517	1.61328	26.7761
213	0.179571	3.85498	1.62667	26.8247
214	0.175488	3.85799	1.62066	26.8728
215	0.172872	3.86083	1.59869	26.9194
216	0.168007	3.86334	1.58631	26.965
217	0.163464	3.86556	1.59808	27.0114
218	0.16321	3.86776	1.60756	27.0583
219	0.16852	3.87034	1.59939	27.1046
220	0.165517	3.87272	1.59815	27.1507
221	0.161856	3.87487	1.61319	27.1978
222	0.155874	3.87662	1.62639	27.2457
223	0.163936	3.87893	1.63173	27.2939
224	0.171724	3.88176	1.62498	27.3415
225	0.17216	3.88463	1.62651	27.3892
226	0.17031	3.88738	1.59724	27.4348
227	0.166074	3.88986	1.58785	27.4798
228	0.165899	3.89233	1.57554	27.5239
229	0.163386	3.89465	1.56369	27.5671
230	0.155184	3.89643	1.57706	27.6112
231	0.157816	3.8984	1.59439	27.6563
232	0.152572	3.90004	1.58835	27.701
233	0.152404	3.90167	1.60257	27.7466
234	0.160901	3.90387	1.62595	27.7936
235	0.165404	3.90637	1.61484	27.8397
236	0.168967	3.90911	1.61396	27.8858
237	0.164618	3.91157	1.60929	27.9315
238	0.16353	3.91397	1.58546	27.9756
239	0.165564	3.9165	1.57993	28.0193
240	0.169032	3.91927	1.58053	28.0629
241	0.17447	3.92239	1.60207	28.1079
242	0.178323	3.92576	1.61374	28.1536
243	0.184282	3.92951	1.62816	28.2001
244	0.18084	3.93305	1.61518	28.2457
245	0.177386	3.93637	1.59591	28.29
246	0.168824	3.93914	1.59909	28.3344
247	0.173506	3.94222	1.59202	28.3784
248	0.17459	3.94537	1.57397	28.4211
249	0.177383	3.9487	1.56943	28.4635
250	0.178109	3.95208	1.56605	28.5056
251	0.179084	3.95552	1.55657	28.5471
252	0.176541	3.9588	1.55934	28.5887
253	0.175732	3.96204	1.57223	28.631
254	0.169834	3.96491	1.54755	28.6718
255	0.167711	3.96765	1.52582	28.7111
256	0.166905	3.97034	1.52887	28.7506
257	0.169062	3.97317	1.52879	28.79
258	0.171065	3.97613	1.53304	28.8297
259	0.162195	3.97855	1.54807	28.8702
260	0.163685	3.98106	1.54965	28.9108
261	0.166979	3.98378	1.53664	28.9506
262	0.169193	3.98664	1.52659	28.9896
263	0.163203	3.98914	1.50294	29.0272
264	0.160014	3.99145	1.46895	29.0627
265	0.165267	3.99408	1.46669	29.098
266	0.165618	3.99674	1.4553	29.1325
267	0.160412	3.99908	1.45287	29.1669
268	0.159535	4.00138	1.45436	29.2013
269	0.155793	4.00345	1.44964	29.2355
270	0.15153	4.00528	1.45851	29.2701
271	0.150705	4.00705	1.45856	29.3047
272	0.154636	4.00908	1.46339	29.3396
273	0.153407	4.01103	1.44013	29.3731
274	0.155616	4.01313	1.42723	29.4057
275	0.14629	4.01467	1.4167	29.4377
276	0.147941	4.01631	1.40151	29.4688
277	0.147073	4.01791	1.39049	29.4992
278	0.148007	4.01958	1.39333	29.5297
279	0.153542	4.02158	1.40953	29.5612
280	0.15538	4.02369	1.42594	29.5937
281	0.160223	4.0261	1.43016	29.6264
282	0.161723	4.0286	1.43103	29.6591
283	0.168027	4.03148	1.43229	29.6918
284	0.169287	4.03444	1.43031	29.7245
285	0.164544	4.03712	1.42904	29.757
286	0.157107	4.03936	1.42998	29.7895
287	0.156376	4.04157	1.42478	29.8218
288	0.152917	4.04357	1.43149	29.8544
289	0.15344	4.04561	1.42867	29.8868
290	0.152241	4.04759	1.42316	29.9188
291	0.146616	4.04924	1.40206	29.9496
292	0.150076	4.0511	1.37631	29.9789
293	0.147019	4.05279	1.38301	30.0086
294	0.141673	4.05417	1.37115	30.0376
295	0.13692	4.05529	1.35538	30.0656
296	0.132214	4.05613	1.34209	30.0929
297	0.132272	4.057	1.32849	30.1193
298	0.136102	4.05809	1.32197	30.1454
299	0.13945	4.05938	1.3177	30.1712
300	0.144973	4.06099	1.31962	30.1972
301	0.14576	4.06266	1.32642	30.2235
302	0.138916	4.06394	1.32394	30.2497
303	0.134217	4.06496	1.33081	30.2763
304	0.134961	4.06603	1.33742	30.3032
305	0.137058	4.06722	1.3449	30.3306
306	0.141039	4.06865	1.36479	30.3591
307	0.146903	4.07042	1.38542	30.3887
308	0.149586	4.07234	1.40022	30.4192
309	0.148789	4.07423	1.40907	30.4502
310	0.148307	4.07609	1.41426	30.4814
311	0.148063	4.07794	1.4228	30.5131
312	0.150022	4.07991	1.42919	30.5451
313	0.151008	4.08194	1.42448	30.5768
314	0.150931	4.08396	1.40863	30.6077
315	0.155891	4.08627	1.41588	30.6389
316	0.160347	4.08883	1.4241	30.6705
317	0.164443	4.09163	1.42548	30.7022
318	0.161973	4.09428	1.40992	30.733
319	0.163438	4.09702	1.40631	30.7636
320	0.1612	4.09964	1.40167	30.7939
321	0.152888	4.1018	1.40279	30.8243
322	0.143787	4.10345	1.39908	30.8544
323	0.143441	4.10509	1.39638	30.8843
324	0.142444	4.10668	1.39985	30.9145
325	0.140633	4.10817	1.3934	30.9442
326	0.136442	4.10944	1.38601	30.9735
327	0.138655	4.11083	1.38762	31.0029
328	0.141055	4.11236	1.39381	31.0327
329	0.146213	4.11418	1.40613	31.063
330	0.147122	4.11606	1.41597	31.0939
331	0.147594	4.11796	1.42708	31.1254
332	0.149976	4.12	1.43816	31.1575
333	0.147414	4.1219	1.44621	31.1899
334	0.148908	4.12388	1.42654	31.2213
335	0.146562	4.12574	1.43091	31.2529
336	0.142442	4.12738	1.43263	31.2846
337	0.140686	4.12893	1.42083	31.3156
338	0.139157	4.1304	1.41628	31.3463
339	0.139494	4.1319	1.40836	31.3766
340	0.137843	4.13331	1.40163	31.4064
341	0.135512	4.13459	1.40434	31.4365
342	0.132263	4.13571	1.40882	31.4667
343	0.132049	4.13682	1.41087	31.497
344	0.130185	4.13784	1.40936	31.5272
345	0.132187	4.13897	1.40526	31.5572
346	0.131358	4.14006	1.40686	31.5873
347	0.132614	4.14122	1.42082	31.618
348	0.134499	4.14249	1.42749	31.6491
349	0.133321	4.1437	1.41102	31.6793
350	0.132095	4.14485	1.41518	31.7097
351	0.133742	4.1461	1.41213	31.7399
352	0.131417	4.14722	1.41056	31.77
353	0.130042	4.14828	1.40709	31.7999
354	0.126942	4.14917	1.4129	31.8301
355	0.127756	4.15012	1.40814	31.86
356	0.125251	4.15094	1.39892	31.8895
357	0.128567	4.15194	1.39293	31.9185
358	0.133191	4.15319	1.40315	31.9481
359	0.136777	4.15463	1.41806	31.9785
360	0.135764	4.15603	1.4237	32.0091
361	0.140176	4.15765	1.43228	32.0402
362	0.143926	4.15948	1.43531	32.0713
363	0.148165	4.16154	1.44115	32.1028
364	0.149756	4.16368	1.4412	32.1343
365	0.150786	4.16587	1.43614	32.1654
366	0.140529	4.16753	1.43191	32.1963
367	0.134972	4.16891	1.42708	32.227
368	0.129132	4.16998	1.43378	32.2579
369	0.123254	4.17076	1.43422	32.2889
370	0.125526	4.17166	1.43418	32.3198
371	0.125411	4.17255	1.43485	32.3508
372	0.126311	4.1735	1.43931	32.3819
373	0.125278	4.17441	1.43593	32.4129
374	0.127977	4.17545	1.41889	32.4429
375	0.129888	4.1766	1.41504	32.4727
376	0.130557	4.17779	1.41207	32.5024
377	0.133331	4.17912	1.40725	32.5317
378	0.131947	4.18039	1.40952	32.5612
379	0.133385	4.18173	1.39896	32.5901
380	0.136633	4.18324	1.35859	32.617
381	0.138366	4.18485	1.35653	32.6437
382	0.137275	4.1864	1.35686	32.6704
383	0.133822	4.18778	1.35567	32.697
384	0.132599	4.1891	1.36139	32.7239
385	0.133566	4.19048	1.35184	32.7503
386	0.128247	4.19158	1.35957	32.7771
387	0.128554	4.19271	1.3629	32.8041
388	0.12849	4.19384	1.36355	32.831
389	0.124875	4.19479	1.36408	32.858
390	0.119951	4.19549	1.34945	32.8842
391	0.118222	4.19611	1.34966	32.9104
392	0.119773	4.19682	1.33646	32.936
393	0.119215	4.1975	1.33769	32.9616
394	0.113909	4.19792	1.34413	32.9875
395	0.110486	4.19818	1.3341	33.0129
396	0.111291	4.19848	1.32765	33.0379
397	0.112586	4.19885	1.32545	33.0628
398	0.107978	4.199	1.33154	33.0881
399	0.106029	4.19905	1.33927	33.1137
400	0.105785	4.1991	1.34391	33.1395
401	0.10637	4.19919	1.34873	33.1655
402	0.108281	4.19938	1.34694	33.1915
403	0.113922	4.19985	1.36291	33.2182
404	0.116385	4.20045	1.37332	33.2454
405	0.121761	4.20132	1.37013	33.2724
406	0.118488	4.20204	1.36145	33.2991
407	0.114277	4.20255	1.36081	33.3256
408	0.115089	4.2031	1.35321	33.3518
409	0.113001	4.20356	1.34617	33.3776
410	0.109632	4.20386	1.35247	33.4037
411	0.106195	4.20399	1.36118	33.4302
412	0.104041	4.20402	1.36975	33.4571
413	0.108773	4.20429	1.38238	33.4846
414	0.107098	4.20449	1.37875	33.512
415	0.103346	4.20451	1.38457	33.5396
416	0.100464	4.20439	1.38708	33.5673
417	0.0979232	4.20415	1.3796	33.5946
418	0.096741	4.20386	1.36981	33.6214
419	0.0973638	4.20361	1.36883	33.6482
420	0.0923676	4.20313	1.37771	33.6753
421	0.0889709	4.20248	1.39147	33.7032
422	0.0859066	4.20169	1.39376	33.7311
423	0.0844776	4.20085	1.39424	33.759
424	0.0832325	4.19995	1.39772	33.7871
425	0.0819933	4.19899	1.40188	33.8153
426	0.0784868	4.19788	1.40692	33.8438
427	0.0811089	4.1969	1.40612	33.8722
428	0.0801254	4.19588	1.39039	33.8999
429	0.0827861	4.195	1.39348	33.9276
430	0.0873275	4.19434	1.40814	33.9561
431	0.0879379	4.19372	1.41129	33.9847
432	0.0881896	4.19312	1.41425	34.0134
433	0.0883435	4.19253	1.41441	34.0421
434	0.0900355	4.19203	1.41056	34.0706
435	0.0889745	4.19149	1.41783	34.0994
436	0.0882836	4.19092	1.41955	34.1283
437	0.082882	4.1901	1.42048	34.1572
438	0.0781122	4.18906	1.43271	34.1867
439	0.0782318	4.18803	1.42981	34.216
440	0.073468	4.18679	1.43797	34.2456
441	0.0730319	4.18553	1.43912	34.2753
442	0.0746492	4.18436	1.44006	34.3051
443	0.0794486	4.18342	1.44925	34.3352
444	0.0833044	4.18267	1.45585	34.3656
445	0.0842489	4.18198	1.46513	34.3965
446	0.0845309	4.1813	1.47167	34.4276
447	0.0858545	4.18069	1.46914	34.4585
448	0.0845725	4.18003	1.45778	34.489
449	0.0838977	4.17934	1.46402	34.5196
450	0.0862475	4.17878	1.46758	34.5505
451	0.086316	4.17822	1.47245	34.5815
452	0.0875049	4.17772	1.4816	34.6129
453	0.0871516	4.17721	1.48656	34.6446
454	0.0861286	4.17666	1.4791	34.6758
455	0.0873985	4.17618	1.47714	34.7069
456	0.0869788	4.17568	1.46178	34.7373
457	0.08568	4.17513	1.46377	34.7678
458	0.0868297	4.17464	1.47104	34.7986
459	0.0878015	4.1742	1.47712	34.8296
460	0.0873672	4.17374	1.47714	34.8606
461	0.0864946	4.17325	1.48121	34.8918
462	0.0809471	4.17251	1.49155	34.9234
463	0.0801548	4.17174	1.48255	34.9546
464	0.0810466	4.17101	1.46763	34.9851
465	0.0842735	4.17044	1.46392	35.0153
466	0.0856634	4.16995	1.45944	35.0454
467	0.084018	4.16938	1.45745	35.0753
468	0.085568	4.16889	1.45271	35.105
469	0.0814431	4.16821	1.46564	35.1352
470	0.076426	4.16731	1.47508	35.1659
471	0.0774846	4.16647	1.4801	35.1967
472	0.0761569	4.16557	1.47623	35.2274
473	0.0765159	4.16469	1.47154	35.2578
474	0.0717981	4.16361	1.47318	35.2883
475	0.0681815	4.16236	1.47137	35.3186
476	0.0689198	4.16116	1.46377	35.3486
477	0.0680252	4.15992	1.46844	35.3788
478	0.0658814	4.15859	1.46619	35.4088
479	0.0635238	4.15716	1.46021	35.4386
480	0.0600384	4.15558	1.46123	35.4684
481	0.0573783	4.15389	1.46364	35.4982
482	0.0531823	4.15201	1.47052	35.5284
483	0.0492294	4.14997	1.48073	35.559
484	0.0500537	4.14796	1.48822	35.5899
485	0.0512547	4.14603	1.49685	35.6211
486	0.0568902	4.14435	1.50491	35.6528
487	0.0592113	4.14279	1.51213	35.6847
488	0.0546052	4.14103	1.52169	35.717
489	0.0548838	4.13928	1.52827	35.7496
490	0.0557801	4.13759	1.53624	35.7825
491	0.0566474	4.13594	1.52653	35.8149
492	0.0598117	4.13445	1.52544	35.8473
493	0.0605175	4.13299	1.52868	35.8798
494	0.0610746	4.13156	1.53738	35.9126
495	0.0616619	4.13017	1.53838	35.9455
496	0.0631083	4.12885	1.54094	35.9784
497	0.0637112	4.12756	1.54026	36.0113
498	0.0650429	4.12634	1.54359	36.0443
499	0.0669041	4.12521	1.54851	36.0775
500	0.0695717	4.1242	1.55679	36.111
501	0.0690978	4.12318	1.56605	36.1449
502	0.0665903	4.12206	1.57283	36.1791
503	0.0658665	4.1209	1.57308	36.2133
504	0.0647496	4.11971	1.57667	36.2476
505	0.0640322	4.11849	1.57979	36.282
506	0.0634554	4.11725	1.56852	36.3158
507	0.0620923	4.11595	1.54068	36.3484
508	0.0641591	4.11476	1.53793	36.3809
509	0.0610799	4.11343	1.54395	36.4135
510	0.0587996	4.11201	1.54373	36.4462
511	0.0581403	4.11057	1.53258	36.4783
512	0.0592872	4.10918	1.52465	36.5101
513	0.0587167	4.10778	1.52305	36.5417
514	0.0610725	4.10649	1.52342	36.5734
515	0.0612141	4.1052	1.52607	36.6051
516	0.0578832	4.10378	1.53671	36.6373
517	0.0559613	4.10228	1.5454	36.6698
518	0.0531334	4.10067	1.54966	36.7025
519	0.0552185	4.09915	1.5445	36.7349
520	0.0605032	4.09787	1.54093	36.7671
521	0.0640703	4.09675	1.55165	36.7998
522	0.0652018	4.09569	1.55609	36.8327
523	0.0648024	4.09461	1.5536	36.8654
524	0.0631032	4.09347	1.55517	36.8981
525	0.0612815	4.09226	1.55192	36.9307
526	0.0594792	4.09097	1.55758	36.9635
527	0.0573789	4.08959	1.54997	36.9959
528	0.0566169	4.08819	1.55176	37.0284
529	0.0596203	4.08693	1.56066	37.0613
530	0.0630701	4.08582	1.57169	37.0945
531	0.066422	4.08486	1.56782	37.1276
532	0.0649467	4.08385	1.56037	37.1604
533	0.0653513	4.08285	1.55715	37.193
534	0.0653162	4.08186	1.5543	37.2254
535	0.0661511	4.08092	1.55923	37.258
536	0.0644606	4.0799	1.56251	37.2907
537	0.0632587	4.07884	1.5665	37.3236
538	0.0591087	4.0776	1.57023	37.3566
539	0.0567222	4.07627	1.57497	37.3898
540	0.0562871	4.07493	1.57702	37.423
541	0.0565122	4.0736	1.57478	37.4561
542	0.0540926	4.07217	1.57794	37.4893
543	0.0549273	4.07079	1.58286	37.5227
544	0.0550108	4.06941	1.58602	37.5562
545	0.0517486	4.0679	1.58982	37.5898
546	0.0498144	4.06632	1.58146	37.6231
547	0.0480788	4.06467	1.58113	37.6563
548	0.0489264	4.06306	1.58346	37.6895
549	0.0487779	4.06145	1.58704	37.7229
550	0.0480972	4.05981	1.58464	37.7562
551	0.0466806	4.05812	1.58547	37.7895
552	0.0446551	4.05636	1.57498	37.8223
553	0.0418731	4.05448	1.56647	37.8547
554	0.0413381	4.05258	1.56068	37.8868
555	0.0422285	4.05073	1.55792	37.9188
556	0.0451718	4.04902	1.56098	37.9509
557	0.0419884	4.04717	1.56774	37.9832
558	0.0430281	4.04537	1.57236	38.0157
559	0.044433	4.04364	1.57873	38.0485
560	0.0464338	4.042	1.58447	38.0815
561	0.0472533	4.0404	1.5892	38.1146
562	0.045004	4.03871	1.59752	38.1481
563	0.0445938	4.03701	1.60458	38.1818
564	0.0412751	4.03518	1.61391	38.2159
565	0.0396266	4.03328	1.6081	38.2497
566	0.0408969	4.03145	1.60155	38.2832
567	0.0412578	4.02963	1.60041	38.3167
568	0.0397098	4.02776	1.60749	38.3504
569	0.0388217	4.02586	1.60855	38.3841
570	0.0394412	4.02398	1.61103	38.4179
571	0.037002	4.02202	1.61503	38.4518
572	0.0354669	4.01999	1.61768	38.4858
573	0.0329961	4.01787	1.62275	38.52
574	0.0289337	4.01559	1.63336	38.5546
575	0.0306155	4.01338	1.6384	38.5894
576	0.030487	4.01118	1.63448	38.624
577	0.0304278	4.00897	1.62796	38.6583
578	0.0319774	4.00685	1.62716	38.6925
579	0.029741	4.00463	1.63223	38.7269
580	0.0268354	4.0023	1.63009	38.7612
581	0.022959	3.99982	1.63415	38.7956
582	0.0196837	3.99721	1.63731	38.8301
583	0.0172377	3.9945	1.63428	38.8645
584	0.0172579	3.9918	1.63502	38.8989
585	0.0173065	3.98912	1.63117	38.933
586	0.0194571	3.98652	1.62578	38.967
587	0.023119	3.98409	1.62639	39.0009
588	0.025138	3.98175	1.62894	39.0349
589	0.0231786	3.97933	1.63114	39.0689
590	0.0218645	3.97687	1.63152	39.103
591	0.0200017	3.97434	1.6278	39.1369
592	0.0218932	3.97189	1.6249	39.1706
593	0.0233131	3.9695	1.62064	39.2041
594	0.0256396	3.96722	1.61678	39.2374
595	0.025109	3.96493	1.61581	39.2707
596	0.0269447	3.96271	1.61576	39.3039
597	0.0291962	3.9606	1.61641	39.3371
598	0.0309509	3.95856	1.61991	39.3704
599	0.0326783	3.9566	1.61598	39.4036
600	0.0340837	3.9547	1.6166	39.4367
601	0.0335195	3.95278	1.61499	39.4698
602	0.0356258	3.95096	1.61326	39.5027
603	0.0342598	3.94908	1.61216	39.5356
604	0.0324491	3.94714	1.60378	39.5681
605	0.0319378	3.94519	1.59638	39.6003
606	0.0286064	3.9431	1.59205	39.6323
607	0.0290397	3.94104	1.58238	39.6639
608	0.0287029	3.93897	1.57387	39.6951
609	0.0310348	3.937	1.57074	39.7261
610	0.0300623	3.935	1.56278	39.7568
611	0.0323917	3.93309	1.5578	39.7873
612	0.0314162	3.93116	1.56129	39.8179
613	0.0305792	3.92919	1.56503	39.8486
614	0.030658	3.92724	1.56538	39.8793
615	0.0317017	3.92533	1.56659	39.9101
616	0.0317716	3.92343	1.55935	39.9405
617	0.0326709	3.92157	1.56311	39.9711
618	0.0342112	3.91978	1.56593	40.0017
619	0.0351283	3.91804	1.56997	40.0325
620	0.0336214	3.91623	1.57038	40.0633
621	0.0373716	3.91459	1.57626	40.0942
622	0.0392759	3.91302	1.57103	40.125
623	0.0372141	3.91138	1.5718	40.1558
624	0.0373062	3.90974	1.57379	40.1866
625	0.0351234	3.90803	1.57797	40.2175
626	0.0342577	3.90628	1.57672	40.2484
627	0.0318817	3.90445	1.58004	40.2794
628	0.0301686	3.90255	1.58115	40.3104
629	0.0304572	3.90067	1.57513	40.3412
630	0.0310532	3.89882	1.5739	40.3718
631	0.0315704	3.89699	1.57648	40.4026
632	0.0335684	3.89525	1.58083	40.4335
633	0.030779	3.8934	1.57735	40.4643
634	0.0290153	3.89149	1.57254	40.4948
635	0.0254276	3.88944	1.56343	40.5249
636	0.0240663	3.88735	1.56129	40.555
637	0.0252455	3.8853	1.55197	40.5846
638	0.0276724	3.88336	1.5493	40.6141
639	0.0309337	3.88155	1.55107	40.6437
640	0.0344875	3.87989	1.55878	40.6736
641	0.0365186	3.87831	1.56156	40.7035
642	0.0374952	3.87677	1.56098	40.7334
643	0.0392859	3.87531	1.56335	40.7634
644	0.0377601	3.8738	1.5675	40.7935
645	0.0368574	3.87225	1.56912	40.8236
646	0.0352374	3.87065	1.56789	40.8537
647	0.0388044	3.86919	1.56966	40.8838
648	0.0384014	3.86772	1.56362	40.9137
649	0.0355945	3.86614	1.56962	40.9438
650	0.0344687	3.86453	1.57043	40.9739
651	0.0318639	3.86281	1.57355	41.0041
652	0.0352925	3.86124	1.58032	41.0345
653	0.0334905	3.8596	1.58208	41.065
654	0.0331627	3.85795	1.58116	41.0954
655	0.0339977	3.85634	1.58047	41.1258
656	0.0340628	3.85474	1.57829	41.1561
657	0.0330342	3.8531	1.57465	41.1862
658	0.0292609	3.85132	1.57835	41.2164
659	0.0249717	3.84937	1.58987	41.247
660	0.0254432	3.84745	1.59313	41.2778
661	0.0273945	3.84561	1.59938	41.3088
662	0.0260218	3.84373	1.59886	41.3397
663	0.0227167	3.84172	1.60363	41.3708
664	0.0223116	3.8397	1.59633	41.4016
665	0.0239078	3.83774	1.59371	41.4322
666	0.0257961	3.83587	1.59773	41.463
667	0.0289948	3.83412	1.60153	41.4939
668	0.0315065	3.83247	1.60246	41.5249
669	0.0323877	3.83087	1.60912	41.556
670	0.0327416	3.82928	1.61563	41.5874
671	0.0344966	3.82776	1.62077	41.619
672	0.0322596	3.82617	1.62172	41.6506
673	0.0322132	3.82457	1.62599	41.6823
674	0.033304	3.82302	1.62672	41.714
675	0.0337166	3.82149	1.62833	41.7458
676	0.0327031	3.81993	1.63093	41.7776
677	0.0326721	3.81837	1.6347	41.8096
678	0.0325097	3.81681	1.63408	41.8415
679	0.0339508	3.8153	1.63775	41.8735
680	0.0345754	3.81383	1.63095	41.9053
681	0.0306133	3.81221	1.62926	41.9369
682	0.0285565	3.81051	1.62407	41.9684
683	0.0285418	3.80882	1.62071	41.9996
684	0.0290921	3.80715	1.61032	42.0305
685	0.0310951	3.80557	1.601	42.061
686	0.0317038	3.80401	1.59001	42.091
687	0.030962	3.80243	1.58034	42.1207
688	0.0284254	3.80076	1.58424	42.1504
689	0.0292688	3.79912	1.58135	42.1801
690	0.0289265	3.79747	1.57759	42.2096
691	0.0323721	3.79596	1.58211	42.2392
692	0.0353792	3.79457	1.58522	42.2689
693	0.0398754	3.79335	1.59486	42.299
694	0.0459945	3.79237	1.61012	42.3296
695	0.0488891	3.7915	1.61509	42.3604
696	0.0502012	3.79068	1.609	42.391
697	0.0500603	3.78986	1.60406	42.4213
698	0.0483969	3.78898	1.59567	42.4513
699	0.0466684	3.78804	1.59902	42.4814
700	0.0469196	3.78711	1.59933	42.5115
701	0.0471452	3.7862	1.5966	42.5415
702	0.0476394	3.7853	1.59798	42.5715
703	0.0468759	3.78438	1.60085	42.6016
704	0.048729	3.78353	1.60175	42.6317
705	0.0502586	3.78275	1.60486	42.6619
706	0.0488385	3.78191	1.60207	42.692
707	0.0479702	3.78104	1.60539	42.7221
708	0.0507311	3.78029	1.60798	42.7524
709	0.0517082	3.77957	1.60802	42.7826
710	0.0514437	3.77884	1.60244	42.8126
711	0.0501266	3.77806	1.59884	42.8425
712	0.049204	3.77726	1.59732	42.8722
713	0.0514697	3.77654	1.59817	42.902
714	0.0517255	3.77584	1.59511	42.9316
715	0.0540075	3.77522	1.59791	42.9614
716	0.0543113	3.77462	1.60251	42.9912
717	0.0542126	3.77401	1.60493	43.0212
718	0.0555217	3.77346	1.6058	43.0511
719	0.0541247	3.77286	1.60917	43.0812
720	0.055719	3.77232	1.61281	43.1114
721	0.0558021	3.77178	1.61005	43.1414
722	0.0590104	3.77137	1.61744	43.1717
723	0.0592653	3.77097	1.62055	43.2022
724	0.0559845	3.77045	1.62309	43.2326
725	0.056223	3.76994	1.62548	43.2632
726	0.0557874	3.76942	1.62392	43.2936
727	0.0560471	3.76891	1.61835	43.3239
728	0.0520355	3.76825	1.62294	43.3542
729	0.0509596	3.76756	1.6237	43.3846
730	0.0506818	3.76686	1.62631	43.4151
731	0.0486752	3.76608	1.623	43.4454
732	0.0480046	3.76529	1.62395	43.4758
733	0.0489164	3.76453	1.62012	43.5059
734	0.0477193	3.76373	1.61357	43.5358
735	0.0490023	3.76298	1.6042	43.5654
736	0.0488641	3.76223	1.59714	43.5947
737	0.0482108	3.76146	1.59608	43.6239
738	0.0460155	3.76061	1.60268	43.6533
739	0.045249	3.75973	1.60416	43.6828
740	0.0421923	3.75875	1.61067	43.7124
741	0.0412134	3.75773	1.60931	43.7421
742	0.0384089	3.75661	1.61555	43.7719
743	0.037633	3.75547	1.61883	43.8018
744	0.0375369	3.75432	1.60354	43.8311
745	0.037494	3.75318	1.59226	43.8601
746	0.037257	3.75203	1.58721	43.8888
747	0.0354253	3.75082	1.58482	43.9174
748	0.0339079	3.74956	1.58931	43.9461
749	0.0348591	3.74833	1.58994	43.9749
750	0.0339807	3.74708	1.59289	44.0037
751	0.0331877	3.7458	1.59053	44.0324
752	0.0332348	3.74453	1.58514	44.0609
753	0.0336436	3.74327	1.58126	44.0893
754	0.034855	3.74206	1.57788	44.1175
755	0.0345124	3.74084	1.58163	44.1459
756	0.0362083	3.73969	1.58809	44.1744
757	0.0370323	3.73857	1.5874	44.2029
758	0.0386111	3.73751	1.58383	44.2313
759	0.0370269	3.7364	1.58683	44.2597
760	0.0362309	3.73526	1.58886	44.2882
761	0.0347688	3.73407	1.5953	44.317
762	0.0345838	3.73287	1.5973	44.3457
763	0.0320535	3.73159	1.58855	44.3742
764	0.0298092	3.73023	1.58743	44.4026
765	0.0284414	3.72883	1.58296	44.4308
766	0.0254315	3.72732	1.58706	44.4591
767	0.02814	3.72591	1.59324	44.4876
768	0.0260669	3.72443	1.58788	44.516
769	0.0278189	3.72301	1.59049	44.5444
770	0.0264506	3.72155	1.59381	44.5729
771	0.0260137	3.72008	1.58989	44.6012
772	0.0274522	3.71866	1.58845	44.6295
773	0.0278341	3.71726	1.58889	44.6578
774	0.0302779	3.71595	1.59	44.686
775	0.0307476	3.71466	1.58943	44.7143
776	0.0311768	3.71339	1.59404	44.7427
777	0.032469	3.71217	1.59252	44.771
778	0.0314654	3.71092	1.59069	44.7993
779	0.0317989	3.70968	1.58377	44.8273
780	0.0309569	3.70841	1.57816	44.855
781	0.0307358	3.70714	1.57824	44.8828
782	0.0299971	3.70585	1.57959	44.9106
783	0.0299915	3.70456	1.58186	44.9384
784	0.0291766	3.70324	1.58014	44.9662
785	0.030111	3.70196	1.58218	44.994
786	0.0313723	3.70073	1.58446	45.0219
787	0.0313456	3.6995	1.5865	45.0498
788	0.0308179	3.69825	1.58682	45.0778
789	0.0298296	3.69698	1.58261	45.1055
790	0.0307593	3.69574	1.58421	45.1333
791	0.0298635	3.69446	1.58429	45.1611
792	0.0304221	3.69322	1.57748	45.1887
793	0.0300704	3.69196	1.57381	45.216
794	0.0282244	3.69064	1.57562	45.2435
795	0.028139	3.68932	1.57709	45.271
796	0.029266	3.68805	1.57006	45.2982
797	0.0300399	3.6868	1.56472	45.3252
798	0.0304794	3.68557	1.56227	45.3521
799	0.0312597	3.68438	1.55728	45.3788
800	0.0316411	3.68319	1.55605	45.4054
801	0.0296341	3.68195	1.55712	45.4321
802	0.0284411	3.68066	1.55593	45.4587
803	0.0259432	3.67929	1.56221	45.4855
804	0.0247947	3.67788	1.56074	45.5123
805	0.0245203	3.67646	1.56139	45.539
806	0.0245301	3.67505	1.55851	45.5656
807	0.0247326	3.67365	1.56257	45.5924
808	0.0261589	3.6723	1.56695	45.6193
809	0.0264854	3.67096	1.57059	45.6463
810	0.0288419	3.66971	1.57584	45.6735
811	0.025792	3.66836	1.57837	45.7008
812	0.0258235	3.66701	1.57905	45.728
813	0.0266784	3.66569	1.57263	45.7551
814	0.0278167	3.66442	1.56963	45.782
815	0.0299488	3.66323	1.57022	45.8089
816	0.0316656	3.66209	1.56543	45.8356
817	0.0319466	3.66097	1.55662	45.862
818	0.03353	3.65991	1.55127	45.8882
819	0.0336971	3.65886	1.54675	45.9142
820	0.0348298	3.65785	1.54424	45.9402
821	0.0371362	3.65692	1.54734	45.9662
822	0.0367791	3.65598	1.54507	45.9921
823	0.036163	3.65502	1.54097	46.0179
824	0.0360859	3.65406	1.53879	46.0435
825	0.0344455	3.65305	1.54181	46.0693
826	0.0336046	3.65201	1.54521	46.0952
827	0.0336951	3.65098	1.54195	46.1209
828	0.0338433	3.64996	1.53685	46.1465
829	0.0337518	3.64893	1.52767	46.1717
830	0.0338599	3.64791	1.52545	46.1968
831	0.0336374	3.64688	1.52385	46.2219
832	0.0338951	3.64587	1.5215	46.2469
833	0.0316086	3.64478	1.52526	46.2719
834	0.0295876	3.64362	1.52771	46.2971
835	0.0291855	3.64246	1.53065	46.3223
836	0.0290892	3.64129	1.52928	46.3475
837	0.0263861	3.64003	1.53229	46.3728
838	0.0243313	3.6387	1.53138	46.398
839	0.0242093	3.63737	1.52968	46.4232
840	0.0233208	3.63601	1.52659	46.4482
841	0.0246431	3.6347	1.52673	46.4732
842	0.0242526	3.63339	1.52248	46.4981
843	0.0225822	3.63201	1.51958	46.5229
844	0.02106	3.63059	1.51933	46.5476
845	0.0226552	3.62922	1.52391	46.5725
846	0.0252652	3.62795	1.52329	46.5973
847	0.0257629	3.6267	1.52344	46.6221
848	0.024787	3.62541	1.52452	46.647
849	0.0230575	3.62407	1.52433	46.6718
850	0.0225693	3.62272	1.52133	46.6966
851	0.0222134	3.62136	1.51513	46.7211
852	0.022688	3.62001	1.51526	46.7455
853	0.0219563	3.61864	1.51532	46.77
854	0.020855	3.61724	1.51218	46.7944
855	0.0194584	3.6158	1.51503	46.8188
856	0.0209498	3.6144	1.51417	46.8432
857	0.0223062	3.61306	1.51077	46.8675
858	0.0213298	3.61169	1.50842	46.8917
859	0.0196047	3.61026	1.50637	46.9158
860	0.018467	3.60879	1.50769	46.9399
861	0.0181161	3.60732	1.50813	46.964
862	0.0175467	3.60583	1.51011	46.9882
863	0.0154601	3.60427	1.51474	47.0126
864	0.0151551	3.6027	1.51706	47.037
865	0.0139266	3.60109	1.51607	47.0613
866	0.0112546	3.5994	1.51192	47.0855
867	0.00994374	3.59767	1.51443	47.1098
868	0.00773847	3.59586	1.5195	47.1342
869	0.00826191	3.59408	1.51854	47.1586
870	0.00870179	3.59231	1.51196	47.1828
871	0.00799308	3.59052	1.51062	47.2069
872	0.00830648	3.58875	1.51186	47.231
873	0.0082787	3.58698	1.50976	47.255
874	0.00846336	3.58521	1.50672	47.279
875	0.00829042	3.58345	1.50973	47.303
876	0.0082498	3.58169	1.5124	47.3271
877	0.00695519	3.57988	1.51293	47.3512
878	0.00574551	3.57804	1.51139	47.3752
879	0.00358035	3.57613	1.50571	47.399
880	0.00215326	3.57418	1.50676	47.4229
881	0.00210038	3.57222	1.50837	47.4468
882	0.00207547	3.57027	1.50802	47.4707
883	0.00182161	3.56832	1.50513	47.4944
884	0.00261408	3.56639	1.50666	47.5183
885	0.00518492	3.56455	1.50681	47.5421
886	0.00653374	3.56276	1.51202	47.566
887	0.00559962	3.56095	1.51555	47.5901
888	0.00561306	3.55913	1.5102	47.614
889	0.00553603	3.55732	1.50877	47.6378
890	0.00633734	3.55554	1.5087	47.6616
891	0.00601432	3.55375	1.50801	47.6854
892	0.00432426	3.55191	1.51299	47.7093
893	0.00474148	3.55008	1.50956	47.7331
894	0.00641196	3.54831	1.50858	47.7568
895	0.00705121	3.54657	1.51057	47.7806
896	0.00496435	3.54476	1.50859	47.8044
897	0.00473824	3.54295	1.50384	47.8279
898	0.00372922	3.5411	1.50311	47.8515
899	0.00299909	3.53924	1.50412	47.875
900	0.00260391	3.53736	1.50553	47.8986
901	0.0035411	3.53552	1.50472	47.9221
902	0.00288729	3.53366	1.50329	47.9456
903	0.000778201	3.53173	1.50815	47.9693
904	-5.25071e-05	3.52978	1.51035	47.993
905	-0.000854004	3.52781	1.50791	48.0166
906	-0.00322646	3.52576	1.50806	48.0402
907	-0.00406545	3.52368	1.50551	48.0637
908	-0.00429505	3.5216	1.50521	48.0871
909	-0.00399168	3.51954	1.50929	48.1107
910	-0.00308898	3.5175	1.50992	48.1344
911	-0.00441202	3.51543	1.51203	48.158
912	-0.00564957	3.51332	1.51289	48.1817
913	-0.00618679	3.5112	1.5135	48.2054
914	-0.00815233	3.50901	1.51018	48.229
915	-0.00607868	3.50689	1.51488	48.2527
916	-0.00676941	3.50476	1.51735	48.2765
917	-0.00759318	3.5026	1.51793	48.3003
918	-0.00714981	3.50046	1.51859	48.3241
919	-0.00828	3.49829	1.51801	48.3479
920	-0.00775587	3.49614	1.5173	48.3716
921	-0.00580899	3.49405	1.51404	48.3953
922	-0.00576783	3.49197	1.51316	48.4189
923	-0.00663278	3.48986	1.51249	48.4424
924	-0.00732023	3.48774	1.50951	48.4658
925	-0.00556043	3.48567	1.50722	48.4892
926	-0.00524218	3.48362	1.50495	48.5125
927	-0.00411641	3.48161	1.50502	48.5357
928	-0.00383021	3.47961	1.49979	48.5588
929	-0.00291217	3.47765	1.49819	48.5818
930	-0.00238587	3.47571	1.49235	48.6046
931	-0.00172613	3.47379	1.48421	48.6272
932	-0.0023309	3.47185	1.48499	48.6497
933	-0.00243198	3.46991	1.48263	48.6722
934	-0.00236217	3.46798	1.48118	48.6946
935	-0.00245211	3.46605	1.4847	48.7171
936	-0.00118682	3.46416	1.48516	48.7396
937	-0.000126869	3.46231	1.48202	48.762
938	0.000720613	3.4605	1.47856	48.7843
939	0.00207788	3.45872	1.47689	48.8065
940	0.00332326	3.457	1.47674	48.8287
941	0.00475196	3.45532	1.47903	48.851
942	0.00792694	3.45374	1.48529	48.8735
943	0.00908424	3.45221	1.48599	48.8959
944	0.00971801	3.4507	1.48623	48.9184
945	0.011643	3.44926	1.48939	48.941
946	0.0130957	3.44786	1.49138	48.9636
947	0.0136003	3.44649	1.49254	48.9862
948	0.012279	3.44507	1.49528	49.009
949	0.0121812	3.44366	1.4927	49.0316
950	0.0106646	3.44219	1.49584	49.0543
951	0.00936674	3.44069	1.49342	49.0769
952	0.00941882	3.43919	1.48842	49.0994
953	0.00910941	3.43768	1.48691	49.1218
954	0.00792826	3.43614	1.48828	49.1442
955	0.00774369	3.4346	1.49234	49.1668
956	0.00887798	3.43309	1.49665	49.1895
957	0.00966187	3.43161	1.50224	49.2123
958	0.0103401	3.43016	1.50457	49.2353
959	0.00959079	3.42868	1.5029	49.2581
960	0.0105057	3.42724	1.50795	49.2811
961	0.0125659	3.42586	1.51249	49.3043
962	0.0120651	3.42448	1.51668	49.3275
963	0.0128733	3.42311	1.51579	49.3508
964	0.0134024	3.42177	1.51352	49.3739
965	0.0135746	3.42044	1.51506	49.3971
966	0.0143974	3.41914	1.518	49.4204
967	0.0132584	3.4178	1.52184	49.4438
968	0.0101975	3.41636	1.52973	49.4674
969	0.0093064	3.4149	1.53357	49.4911
970	0.00860139	3.41342	1.53642	49.5149
971	0.00926644	3.41196	1.53789	49.5388
972	0.00945358	3.41051	1.54096	49.5627
973	0.00879394	3.40905	1.54461	49.5868
974	0.00677288	3.40752	1.54611	49.6108
975	0.00631446	3.40597	1.54127	49.6348
976	0.00447427	3.40437	1.54454	49.6588
977	0.00306518	3.40273	1.54772	49.6829
978	0.00437963	3.40114	1.5478	49.707
979	0.00500043	3.39956	1.54685	49.731
980	0.00446681	3.39797	1.5466	49.755
981	0.00569501	3.39643	1.54795	49.7791
982	0.0060788	3.39489	1.54831	49.8031
983	0.00489673	3.39333	1.54918	49.8272
984	0.00512344	3.39177	1.54635	49.8512
985	0.00481407	3.3902	1.54859	49.8752
986	0.00772588	3.38873	1.5577	49.8995
987	0.00937123	3.38732	1.56065	49.9239
988	0.00899699	3.38589	1.56235	49.9484
989	0.00820116	3.38444	1.56244	49.9728
990	0.00997139	3.38305	1.56336	49.9972
991	0.0107427	3.38169	1.56168	50.0216
992	0.0107844	3.38033	1.5541	50.0457
993	0.00923652	3.37893	1.54908	50.0697
994	0.00857193	3.3775	1.54192	50.0934
995	0.00785607	3.37605	1.54452	50.1172
996	0.00896925	3.37465	1.54659	50.141
997	0.00875327	3.37323	1.54078	50.1647
998	0.0093515	3.37184	1.53853	50.1882
999	0.0087764	3.37044	1.54016	50.2118
1000	0.00833325	3.36902	1.54109	50.2355
1001	0.00817754	3.3676	1.54021	50.259
1002	0.00735335	3.36615	1.5419	50.2827
1003	0.00640901	3.36468	1.54213	50.3063
1004	0.00713083	3.36323	1.52817	50.3295
1005	0.00630489	3.36176	1.51539	50.3522
1006	0.00602799	3.36028	1.50809	50.3747
1007	0.00680951	3.35883	1.50604	50.3972
1008	0.00562445	3.35734	1.5054	50.4196
1009	0.00430618	3.35582	1.50618	50.442
1010	0.00455822	3.3543	1.50515	50.4644
1011	0.00352747	3.35276	1.5056	50.4868
1012	0.00273638	3.35119	1.49957	50.509
1013	0.00332866	3.34964	1.50182	50.5312
1014	0.00275957	3.34808	1.50206	50.5535
1015	0.00356546	3.34654	1.5028	50.5758
1016	0.00272108	3.34499	1.50412	50.5981
1017	0.00253505	3.34342	1.5051	50.6204
1018	0.00196279	3.34185	1.50208	50.6426
1019	0.00107296	3.34024	1.50242	50.6648
1020	-0.00209076	3.33854	1.50586	50.6871
1021	-0.00421285	3.33678	1.51176	50.7096
1022	-0.00512145	3.33499	1.51267	50.7321
1023	-0.00445102	3.33322	1.51098	50.7545
1024	-0.00464045	3.33145	1.50937	50.7769
1025	-0.00579956	3.32965	1.51023	50.7993
1026	-0.00678831	3.32782	1.51345	50.8218
1027	-0.00513316	3.32604	1.51695	50.8444
1028	-0.00485073	3.32427	1.51369	50.8669
1029	-0.00606778	3.32247	1.51247	50.8893
1030	-0.00462061	3.32072	1.51632	50.9118
1031	-0.00546394	3.31894	1.51487	50.9343
1032	-0.00768054	3.3171	1.51663	50.9569
1033	-0.00703415	3.31528	1.51284	50.9793
1034	-0.00772783	3.31344	1.51105	51.0016
1035	-0.00746241	3.31161	1.50607	51.0238
1036	-0.00797803	3.30976	1.50322	51.0458
1037	-0.00807027	3.30792	1.50394	51.0679
1038	-0.00735033	3.3061	1.50216	51.0899
1039	-0.0071477	3.30429	1.49902	51.1119
1040	-0.00687141	3.30249	1.50209	51.1339
1041	-0.00552068	3.30074	1.50189	51.1559
1042	-0.00588372	3.29897	1.5001	51.1778
1043	-0.00585904	3.29721	1.49847	51.1996
1044	-0.00891115	3.29536	1.50868	51.2218
1045	-0.010724	3.29346	1.50962	51.244
1046	-0.0105376	3.29156	1.50963	51.2662
1047	-0.0110273	3.28965	1.5101	51.2884
1048	-0.0116892	3.28772	1.50827	51.3105
1049	-0.0122999	3.28578	1.50752	51.3326
1050	-0.0124957	3.28383	1.50767	51.3546
1051	-0.0131497	3.28187	1.50649	51.3767
1052	-0.0142282	3.27987	1.50441	51.3986
1053	-0.0150955	3.27785	1.5016	51.4205
1054	-0.0155578	3.27582	1.50309	51.4424
1055	-0.014857	3.27381	1.50452	51.4643
1056	-0.0158018	3.27178	1.49999	51.4861
1057	-0.0168405	3.26972	1.49988	51.5079
1058	-0.0176531	3.26763	1.49481	51.5295
1059	-0.018015	3.26554	1.49329	51.5511
1060	-0.0183104	3.26344	1.49152	51.5726
1061	-0.0181142	3.26135	1.49244	51.5941
1062	-0.0171524	3.25929	1.49431	51.6156
1063	-0.0163688	3.25726	1.49504	51.6372
1064	-0.0150162	3.25527	1.49827	51.6589
1065	-0.0131813	3.25334	1.50303	51.6807
1066	-0.0145295	3.25137	1.50507	51.7025
1067	-0.0159164	3.24936	1.50098	51.7242
1068	-0.0144592	3.2474	1.50203	51.746
1069	-0.0132785	3.24548	1.506	51.7678
1070	-0.0138439	3.24354	1.50637	51.7897
1071	-0.0131475	3.24163	1.50816	51.8116
1072	-0.0127797	3.23973	1.51034	51.8336
1073	-0.0131723	3.23782	1.51159	51.8555
1074	-0.0120428	3.23595	1.51462	51.8776
1075	-0.0104226	3.23413	1.51833	51.8998
1076	-0.0111168	3.23229	1.52132	51.922
1077	-0.0122023	3.23042	1.52272	51.9443
1078	-0.0142528	3.22849	1.52552	51.9667
1079	-0.0151404	3.22654	1.51827	51.9888
1080	-0.014789	3.2246	1.516	52.0109
1081	-0.0158079	3.22263	1.51153	52.0328
1082	-0.017644	3.2206	1.5122	52.0547
1083	-0.0194805	3.21853	1.51757	52.0768
1084	-0.0192267	3.21646	1.5193	52.0989
1085	-0.0187955	3.21441	1.51875	52.121
1086	-0.017319	3.21241	1.51889	52.1431
1087	-0.01699	3.21042	1.52088	52.1653
1088	-0.0167367	3.20844	1.5233	52.1875
1089	-0.0146038	3.20653	1.52191	52.2096
1090	-0.0130937	3.20466	1.52177	52.2318
1091	-0.0120373	3.20283	1.52031	52.2538
1092	-0.0116204	3.20102	1.52002	52.2759
1093	-0.0123238	3.19918	1.51855	52.2979
1094	-0.0118739	3.19736	1.51774	52.3199
1095	-0.0120371	3.19554	1.51654	52.3418
1096	-0.0146803	3.19364	1.52418	52.364
1097	-0.0169951	3.19168	1.52886	52.3863
1098	-0.015923	3.18975	1.52384	52.4084
1099	-0.0159324	3.18782	1.52274	52.4305
1100	-0.0157783	3.1859	1.51309	52.4523
1101	-0.0153194	3.18399	1.51427	52.4741
1102	-0.0158815	3.18207	1.51461	52.4959
1103	-0.0138485	3.18021	1.5171	52.5178
1104	-0.0146363	3.17833	1.51895	52.5397
1105	-0.0151276	3.17644	1.51471	52.5615
1106	-0.016398	3.17452	1.51603	52.5833
1107	-0.0172387	3.17257	1.51876	52.6052
1108	-0.0158046	3.17066	1.51946	52.6271
1109	-0.0179045	3.1687	1.52102	52.6491
1110	-0.0187644	3.16671	1.52283	52.6711
1111	-0.0183458	3.16474	1.52485	52.6931
1112	-0.0174981	3.16279	1.52698	52.7152
1113	-0.0178137	3.16084	1.53045	52.7374
1114	-0.0181466	3.15888	1.53118	52.7596
1115	-0.0154695	3.15701	1.53504	52.7819
1116	-0.014297	3.15517	1.534	52.8042
1117	-0.0149698	3.15331	1.53446	52.8264
1118	-0.0183109	3.15135	1.54338	52.849
1119	-0.0206981	3.14933	1.5494	52.8717
1120	-0.0219942	3.14727	1.55002	52.8944
1121	-0.0229194	3.14518	1.54637	52.917
1122	-0.0228887	3.1431	1.54787	52.9396
1123	-0.0243135	3.14098	1.54643	52.9622
1124	-0.0236161	3.13888	1.54653	52.9847
1125	-0.0231215	3.1368	1.54424	53.0072
1126	-0.0237459	3.1347	1.54556	53.0297
1127	-0.0249096	3.13257	1.54872	53.0523
1128	-0.0247174	3.13045	1.5463	53.0748
1129	-0.0246556	3.12833	1.54728	53.0974
1130	-0.0235838	3.12625	1.54916	53.12
1131	-0.0239283	3.12416	1.55137	53.1426
1132	-0.0246935	3.12205	1.5542	53.1653
1133	-0.026082	3.1199	1.5579	53.1881
1134	-0.0259135	3.11775	1.56017	53.211
1135	-0.0247367	3.11565	1.5622	53.2339
1136	-0.0245227	3.11355	1.5617	53.2568
1137	-0.0237318	3.11148	1.55643	53.2796
1138	-0.0246869	3.10939	1.55218	53.3022
1139	-0.0237884	3.10732	1.55253	53.3248
1140	-0.0229202	3.10528	1.55048	53.3473
1141	-0.0224891	3.10326	1.5478	53.3697
1142	-0.0226082	3.10123	1.54544	53.3921
1143	-0.0231765	3.09919	1.54414	53.4144
1144	-0.0224069	3.09718	1.54541	53.4368
1145	-0.0205144	3.09522	1.54775	53.4592
1146	-0.021119	3.09325	1.54708	53.4815
1147	-0.0205673	3.0913	1.54622	53.5039
1148	-0.0201164	3.08936	1.5457	53.5262
1149	-0.0205954	3.08741	1.54786	53.5485
1150	-0.0214148	3.08544	1.54925	53.5709
1151	-0.0209922	3.08348	1.54821	53.5933
1152	-0.0209853	3.08153	1.54699	53.6156
1153	-0.0228036	3.07952	1.54798	53.638
1154	-0.0245589	3.07747	1.54855	53.6603
1155	-0.025357	3.07539	1.54923	53.6826
1156	-0.0261203	3.0733	1.54987	53.705
1157	-0.0276078	3.07116	1.5523	53.7274
1158	-0.0280316	3.06901	1.55303	53.7499
1159	-0.0290478	3.06684	1.55458	53.7723
1160	-0.0299013	3.06464	1.5565	53.7949
1161	-0.030345	3.06243	1.55839	53.8174
1162	-0.0315202	3.06019	1.56256	53.8401
1163	-0.0309597	3.05797	1.56016	53.8627
1164	-0.0315371	3.05574	1.56024	53.8853
1165	-0.0327127	3.05347	1.55829	53.9078
1166	-0.0318994	3.05123	1.55629	53.9303
1167	-0.031207	3.04901	1.55787	53.9528
1168	-0.0308171	3.04681	1.55721	53.9752
1169	-0.0308019	3.04461	1.55473	53.9976
1170	-0.031724	3.04238	1.55345	54.0199
1171	-0.0311222	3.04018	1.5556	54.0423
1172	-0.0298467	3.03801	1.55871	54.0648
1173	-0.0293597	3.03586	1.55871	54.0873
1174	-0.0269513	3.03378	1.56235	54.1098
1175	-0.0259463	3.03174	1.56243	54.1324
1176	-0.0256917	3.0297	1.56112	54.1549
1177	-0.0265684	3.02764	1.56232	54.1774
1178	-0.0259074	3.02561	1.56328	54.1999
1179	-0.0265855	3.02355	1.56181	54.2224
1180	-0.0269769	3.02149	1.55501	54.2447
1181	-0.0268968	3.01943	1.55705	54.2671
1182	-0.0260062	3.0174	1.55581	54.2894
1183	-0.025048	3.0154	1.55034	54.3115
1184	-0.0231485	3.01345	1.54794	54.3335
1185	-0.022082	3.01154	1.55062	54.3556
1186	-0.0229124	3.00961	1.55242	54.3778
1187	-0.0220582	3.0077	1.55462	54.4
1188	-0.0219628	3.0058	1.55519	54.4222
1189	-0.0225715	3.00389	1.55605	54.4445
1190	-0.0197191	3.00205	1.5587	54.4668
1191	-0.0180353	3.00027	1.5609	54.4891
1192	-0.0173465	2.99852	1.55673	54.5114
1193	-0.0186691	2.99672	1.55594	54.5336
1194	-0.0210702	2.99486	1.55898	54.5558
1195	-0.0206945	2.99301	1.55847	54.5781
1196	-0.0219559	2.99112	1.55923	54.6004
1197	-0.0220275	2.98924	1.55492	54.6225
1198	-0.020372	2.98741	1.55504	54.6446
1199	-0.0190343	2.98561	1.55443	54.6667
1200	-0.018859	2.98383	1.55036	54.6887
1201	-0.0183956	2.98206	1.54419	54.7105
1202	-0.0181802	2.98029	1.54038	54.7321
1203	-0.0203371	2.97847	1.54133	54.7538
1204	-0.0217054	2.97661	1.54051	54.7755
1205	-0.0236253	2.9747	1.54366	54.7972
1206	-0.0255879	2.97273	1.5444	54.819
1207	-0.0246868	2.97079	1.54695	54.8408
1208	-0.0233002	2.96889	1.54911	54.8627
1209	-0.0208787	2.96707	1.54896	54.8845
1210	-0.0193452	2.96529	1.55026	54.9064
1211	-0.0190739	2.96352	1.55309	54.9283
1212	-0.0199071	2.96172	1.55514	54.9504
1213	-0.01901	2.95996	1.55509	54.9723
1214	-0.0191169	2.95819	1.55604	54.9944
1215	-0.0195841	2.95642	1.55521	55.0163
1216	-0.0204746	2.95462	1.55074	55.0382
1217	-0.0214891	2.95279	1.54484	55.0599
1218	-0.0229515	2.95092	1.54334	55.0815
1219	-0.0227887	2.94906	1.54503	55.1031
1220	-0.0242926	2.94716	1.54946	55.1249
1221	-0.0247722	2.94525	1.551	55.1467
1222	-0.02417	2.94335	1.55279	55.1686
1223	-0.0239528	2.94147	1.55093	55.1903
1224	-0.0228776	2.93961	1.55123	55.2121
1225	-0.0222768	2.93778	1.54969	55.2339
1226	-0.0202171	2.93601	1.55419	55.2557
1227	-0.0198984	2.93424	1.5544	55.2776
1228	-0.022071	2.93242	1.55867	55.2996
1229	-0.0239176	2.93055	1.56339	55.3216
1230	-0.0261058	2.92861	1.565	55.3438
1231	-0.0251934	2.92671	1.56548	55.3659
1232	-0.0270673	2.92475	1.56678	55.3881
1233	-0.0266323	2.92281	1.56552	55.4102
1234	-0.0271987	2.92085	1.56525	55.4323
1235	-0.0270696	2.9189	1.56744	55.4545
1236	-0.0270381	2.91696	1.56799	55.4766
1237	-0.0267233	2.91502	1.56266	55.4986
1238	-0.0271278	2.91307	1.56139	55.5206
1239	-0.0272291	2.91113	1.56292	55.5426
1240	-0.0260989	2.90921	1.5665	55.5647
1241	-0.0255958	2.90732	1.56463	55.5867
1242	-0.0250809	2.90544	1.56054	55.6086
1243	-0.0247291	2.90357	1.56178	55.6305
1244	-0.0252864	2.90169	1.56246	55.6524
1245	-0.024765	2.89982	1.56527	55.6744
1246	-0.0245919	2.89796	1.56564	55.6965
1247	-0.0244144	2.89611	1.56777	55.7185
1248	-0.0239099	2.89428	1.56861	55.7406
1249	-0.0231445	2.89247	1.56986	55.7627
1250	-0.0229664	2.89066	1.57083	55.7848
1251	-0.0222744	2.88888	1.56735	55.8068
1252	-0.022171	2.8871	1.56395	55.8287
1253	-0.0214474	2.88535	1.56449	55.8506
1254	-0.0213456	2.88359	1.56585	55.8726
1255	-0.0210642	2.88185	1.56653	55.8945
1256	-0.0194689	2.88016	1.56574	55.9165
1257	-0.0177873	2.87851	1.5679	55.9385
1258	-0.0164263	2.87691	1.57033	55.9605
1259	-0.0148756	2.87535	1.57194	55.9826
1260	-0.0132675	2.87383	1.57083	56.0046
1261	-0.0128954	2.87233	1.57203	56.0267
1262	-0.0135463	2.87082	1.56935	56.0486
1263	-0.0135695	2.8693	1.56913	56.0706
1264	-0.0134332	2.86779	1.57031	56.0926
1265	-0.012308	2.86631	1.5714	56.1146
1266	-0.0111726	2.86487	1.56944	56.1365
1267	-0.0114832	2.86342	1.56589	56.1584
1268	-0.0132142	2.86192	1.56606	56.1802
1269	-0.0143648	2.86039	1.56689	56.202
1270	-0.0142468	2.85886	1.56449	56.2238
1271	-0.0140742	2.85735	1.5645	56.2456
1272	-0.0133747	2.85585	1.56456	56.2673
1273	-0.0130322	2.85437	1.56429	56.2891
1274	-0.0124334	2.8529	1.56233	56.3107
1275	-0.0117515	2.85145	1.56224	56.3324
1276	-0.0109354	2.85003	1.56434	56.3541
1277	-0.0101837	2.84863	1.56374	56.3758
1278	-0.00817032	2.84729	1.56994	56.3977
1279	-0.00742426	2.84597	1.57215	56.4196
1280	-0.00640192	2.84468	1.57329	56.4415
1281	-0.00535714	2.84342	1.57706	56.4635
1282	-0.00466901	2.84219	1.5807	56.4856
1283	-0.00515855	2.84094	1.58313	56.5078
1284	-0.00647941	2.83965	1.58657	56.5301
1285	-0.00703436	2.83835	1.58463	56.5523
1286	-0.00780761	2.83703	1.58535	56.5745
1287	-0.00838364	2.8357	1.58418	56.5967
1288	-0.00930402	2.83434	1.58384	56.6188
1289	-0.00963862	2.83297	1.58196	56.6409
1290	-0.00939666	2.83161	1.58427	56.6631
1291	-0.00977751	2.83025	1.58578	56.6853
1292	-0.0106074	2.82886	1.58469	56.7074
1293	-0.00974817	2.8275	1.58486	56.7296
1294	-0.00891918	2.82616	1.5856	56.7517
1295	-0.00901703	2.82482	1.58681	56.7739
1296	-0.00887685	2.82348	1.58634	56.7961
1297	-0.00964257	2.82213	1.58666	56.8182
1298	-0.00902409	2.82079	1.58666	56.8404
1299	-0.00987186	2.81943	1.58741	56.8625
1300	-0.00943341	2.81809	1.58568	56.8846
1301	-0.00881466	2.81676	1.58618	56.9067
1302	-0.0110518	2.81538	1.59195	56.929
1303	-0.0129649	2.81394	1.59534	56.9513
1304	-0.0143742	2.81246	1.59621	56.9737
1305	-0.0142308	2.81099	1.59576	56.996
1306	-0.0126913	2.80957	1.59522	57.0184
1307	-0.0121061	2.80816	1.59512	57.0407
1308	-0.0115411	2.80677	1.59682	57.063
1309	-0.011464	2.80538	1.5935	57.0853
1310	-0.0120401	2.80398	1.59296	57.1075
1311	-0.0118635	2.80259	1.58681	57.1295
1312	-0.0100818	2.80124	1.58584	57.1515
1313	-0.00883516	2.79993	1.58427	57.1735
1314	-0.00841565	2.79864	1.58175	57.1953
1315	-0.00824144	2.79735	1.57937	57.2171
1316	-0.00645755	2.79611	1.57907	57.2389
1317	-0.00595497	2.79488	1.58097	57.2608
1318	-0.0060827	2.79366	1.58182	57.2826
1319	-0.00401775	2.79249	1.58115	57.3044
1320	-0.00294762	2.79135	1.58119	57.3262
1321	-0.002524	2.79023	1.57931	57.348
1322	-0.003006	2.78909	1.5763	57.3696
1323	-0.00209643	2.78798	1.57764	57.3913
1324	-0.00295877	2.78685	1.57857	57.413
1325	-0.00372893	2.78569	1.57799	57.4347
1326	-0.00459614	2.78452	1.57403	57.4563
1327	-0.00364025	2.78337	1.57584	57.4779
1328	-0.00303773	2.78224	1.57607	57.4995
1329	-0.00239437	2.78113	1.57576	57.5211
1330	-0.00122157	2.78005	1.57797	57.5427
1331	-0.00167737	2.77896	1.57565	57.5643
1332	-0.00206296	2.77787	1.5764	57.5859
1333	-0.0024369	2.77676	1.57832	57.6075
1334	-0.00147901	2.77568	1.5799	57.6292
1335	-0.00193557	2.77459	1.58131	57.6508
1336	-0.00168991	2.7735	1.58456	57.6726
1337	-0.000703948	2.77245	1.5842	57.6944
1338	-0.00124504	2.77138	1.58347	57.7161
1339	-0.00193238	2.77029	1.58279	57.7378
1340	-0.0029138	2.76918	1.58408	57.7595
1341	-0.0035771	2.76805	1.58703	57.7813
1342	-0.00367495	2.76692	1.5889	57.8032
1343	-0.00320576	2.76581	1.58432	57.8249
1344	-0.00376863	2.76468	1.5861	57.8466
1345	-0.00478334	2.76352	1.58807	57.8684
1346	-0.00562007	2.76234	1.59154	57.8903
1347	-0.00595871	2.76116	1.59443	57.9122
1348	-0.00673753	2.75995	1.59732	57.9343
1349	-0.00600705	2.75876	1.59812	57.9563
1350	-0.00590601	2.75758	1.59604	57.9783
1351	-0.00719564	2.75637	1.59568	58.0002
1352	-0.00870733	2.75511	1.59932	58.0223
1353	-0.00854243	2.75386	1.59844	58.0443
1354	-0.009644	2.75259	1.60082	58.0663
1355	-0.00963051	2.75131	1.60321	58.0885
1356	-0.0105786	2.75001	1.60253	58.1106
1357	-0.0110724	2.7487	1.6047	58.1327
1358	-0.011264	2.74738	1.60686	58.1549
1359	-0.0104582	2.74609	1.60708	58.1771
1360	-0.00859589	2.74485	1.61057	58.1994
1361	-0.0068261	2.74366	1.61587	58.2218
1362	-0.00640617	2.74248	1.61874	58.2443
1363	-0.00553736	2.74132	1.62053	58.2668
1364	-0.00510613	2.74018	1.61974	58.2893
1365	-0.00325406	2.73909	1.62021	58.3118
1366	-0.00188667	2.73804	1.62221	58.3343
1367	-0.00234841	2.73697	1.62321	58.3569
1368	-0.00281	2.7359	1.62167	58.3794
1369	-0.00528567	2.73476	1.62758	58.4021
1370	-0.0064749	2.73359	1.62935	58.4248
1371	-0.0082242	2.73237	1.63188	58.4475
1372	-0.00904209	2.73113	1.63169	58.4703
1373	-0.00846643	2.72991	1.63018	58.493
1374	-0.00912339	2.72867	1.63143	58.5157
1375	-0.0102239	2.7274	1.63171	58.5384
1376	-0.0110504	2.72612	1.63107	58.5611
1377	-0.0107008	2.72484	1.63322	58.5838
1378	-0.0114824	2.72354	1.63331	58.6066
1379	-0.0107458	2.72227	1.6334	58.6293
1380	-0.00994254	2.72102	1.63347	58.652
1381	-0.0101679	2.71976	1.6338	58.6748
1382	-0.00956745	2.71852	1.63467	58.6975
1383	-0.0108793	2.71724	1.63785	58.7203
1384	-0.0117274	2.71595	1.63955	58.7432
1385	-0.0124601	2.71464	1.64119	58.7661
1386	-0.0128302	2.71331	1.64456	58.789
1387	-0.0116449	2.71202	1.64514	58.812
1388	-0.0105678	2.71076	1.64465	58.8349
1389	-0.00941926	2.70954	1.64673	58.8579
1390	-0.00995026	2.7083	1.64259	58.8808
1391	-0.010704	2.70704	1.64266	58.9037
1392	-0.0122223	2.70574	1.64316	58.9266
1393	-0.0127194	2.70443	1.64103	58.9494
1394	-0.013614	2.7031	1.64438	58.9723
1395	-0.0133816	2.70177	1.64419	58.9952
1396	-0.0143767	2.70042	1.63873	59.0179
1397	-0.0143986	2.69907	1.62991	59.0404
1398	-0.0137749	2.69774	1.63054	59.0629
1399	-0.0143738	2.69639	1.6311	59.0854
1400	-0.0161512	2.695	1.63177	59.1079
1401	-0.0152726	2.69363	1.63188	59.1304
1402	-0.0130195	2.69232	1.63526	59.1529
1403	-0.0110674	2.69107	1.63743	59.1756
1404	-0.00963785	2.68985	1.63286	59.1981
1405	-0.00842037	2.68867	1.62452	59.2203
1406	-0.00724079	2.68753	1.62457	59.2426
1407	-0.0082899	2.68635	1.62716	59.2649
1408	-0.00896118	2.68516	1.62865	59.2873
1409	-0.0092364	2.68396	1.62903	59.3096
1410	-0.00834408	2.68279	1.62299	59.3318
1411	-0.00847846	2.68161	1.62083	59.3539
1412	-0.00661269	2.68049	1.61725	59.3759
1413	-0.00574721	2.67939	1.61768	59.398
1414	-0.00691545	2.67826	1.61738	59.42
1415	-0.00598265	2.67716	1.61847	59.442
1416	-0.00570235	2.67606	1.61817	59.464
1417	-0.00560365	2.67497	1.61946	59.486
1418	-0.00581268	2.67387	1.62136	59.5081
1419	-0.00562032	2.67278	1.62281	59.5302
1420	-0.00551337	2.6717	1.62265	59.5523
1421	-0.00562353	2.67061	1.62175	59.5744
1422	-0.00507377	2.66953	1.62171	59.5964
1423	-0.00470146	2.66847	1.62237	59.6185
1424	-0.00471529	2.66741	1.62065	59.6405
1425	-0.00553133	2.66633	1.61856	59.6625
1426	-0.00512196	2.66526	1.61673	59.6843
1427	-0.00487559	2.6642	1.61042	59.7061
1428	-0.00379044	2.66317	1.60564	59.7276
1429	-0.00449734	2.66212	1.60131	59.7491
1430	-0.00432037	2.66108	1.5972	59.7704
1431	-0.00308172	2.66007	1.59873	59.7918
1432	-0.00275493	2.65906	1.59824	59.8132
1433	-0.0019421	2.65809	1.59834	59.8345
1434	-0.00176308	2.65711	1.59631	59.8558
1435	-0.00267556	2.65612	1.59786	59.8771
1436	-0.00171761	2.65515	1.6003	59.8985
1437	-0.00138825	2.65419	1.60163	59.9199
1438	-0.0013107	2.65323	1.5999	59.9413
1439	-0.00166864	2.65227	1.60115	59.9626
1440	-0.0008437	2.65133	1.60035	59.984
1441	0.00166245	2.65045	1.60338	60.0054
1442	0.00185833	2.64958	1.602	60.0268
1443	0.00256612	2.64873	1.60398	60.0482
1444	0.00336687	2.64791	1.60473	60.0696
1445	0.00419672	2.6471	1.60566	60.0911
1446	0.00513043	2.64632	1.6003	60.1124
1447	0.00599249	2.64557	1.59803	60.1336
1448	0.00567978	2.6448	1.58989	60.1546
1449	0.00500306	2.64402	1.58712	60.1756
1450	0.00468406	2.64324	1.58589	60.1965
1451	0.00446914	2.64244	1.58723	60.2174
1452	0.00327539	2.64162	1.58856	60.2383
1453	0.00238945	2.64077	1.58943	60.2593
1454	0.0030109	2.63995	1.58789	60.2802
1455	0.00339052	2.63913	1.58489	60.301
1456	0.00263575	2.63829	1.58177	60.3218
1457	0.00135568	2.63742	1.58098	60.3425
1458	0.00214325	2.63658	1.58296	60.3633
1459	0.00234634	2.63574	1.58479	60.3841
1460	0.00272208	2.63491	1.58586	60.4049
1461	0.00343396	2.63409	1.58271	60.4256
1462	0.00307513	2.63328	1.57453	60.4461
1463	0.00322599	2.63246	1.57422	60.4666
1464	0.00281206	2.63164	1.57393	60.4871
1465	0.00425825	2.63085	1.57659	60.5076
1466	0.00534397	2.63009	1.57891	60.5282
1467	0.00633442	2.62936	1.57792	60.5488
1468	0.00648457	2.62864	1.57581	60.5693
1469	0.00661106	2.62792	1.57919	60.5899
1470	0.00545691	2.62717	1.57988	60.6105
1471	0.00387803	2.62638	1.5818	60.6311
1472	0.00230183	2.62554	1.58696	60.6519
1473	0.000414425	2.62467	1.59215	60.6728
1474	-9.25984e-05	2.62377	1.59178	60.6937
1475	-0.000274846	2.62288	1.5934	60.7146
1476	1.07985e-05	2.62199	1.59534	60.7355
1477	0.00021357	2.62111	1.59526	60.7565
1478	0.000796507	2.62024	1.59709	60.7774
1479	0.00168682	2.6194	1.59732	60.7984
1480	0.00275101	2.61859	1.59822	60.8194
1481	0.00344021	2.6178	1.59951	60.8405
1482	0.00415914	2.61702	1.60197	60.8615
1483	0.00346997	2.61623	1.6048	60.8827
1484	0.00431982	2.61546	1.60702	60.9039
1485	0.0048709	2.61471	1.60408	60.925
1486	0.00408089	2.61394	1.60389	60.9461
1487	0.00481587	2.61318	1.60526	60.9672
1488	0.00424699	2.61242	1.60691	60.9884
1489	0.0041928	2.61165	1.60955	61.0096
1490	0.00465728	2.6109	1.6078	61.0308
1491	0.00554074	2.61016	1.60738	61.052
1492	0.00565726	2.60944	1.60481	61.0731
1493	0.0052114	2.6087	1.60391	61.0941
1494	0.00408646	2.60793	1.60371	61.1151
1495	0.00141697	2.6071	1.60446	61.1362
1496	-0.000719092	2.60621	1.60648	61.1573
1497	-0.00188293	2.60529	1.60951	61.1785
1498	-0.00220215	2.60437	1.60913	61.1996
1499	-0.00258663	2.60343	1.60881	61.2208
1500	-0.00263673	2.6025	1.60718	61.2418
1501	-0.0022438	2.60157	1.60408	61.2628
1502	-0.00272638	2.60064	1.60277	61.2838
1503	-0.00316415	2.59969	1.60232	61.3047
1504	-0.00297351	2.59875	1.60348	61.3257
1505	-0.00406626	2.59778	1.60346	61.3467
1506	-0.00471808	2.5968	1.60379	61.3676
1507	-0.00506996	2.59581	1.60281	61.3885
1508	-0.00595927	2.5948	1.60442	61.4095
1509	-0.00733543	2.59375	1.60496	61.4305
1510	-0.00740218	2.5927	1.6026	61.4513
1511	-0.00847527	2.59163	1.60235	61.4722
1512	-0.0100066	2.59051	1.60397	61.4932
1513	-0.0115492	2.58936	1.60424	61.5141
1514	-0.0122664	2.58819	1.6051	61.535
1515	-0.0129302	2.58701	1.60435	61.5559
1516	-0.012993	2.58582	1.60429	61.5768
1517	-0.0137533	2.58462	1.60611	61.5977
1518	-0.0131865	2.58343	1.60476	61.6186
1519	-0.0124946	2.58226	1.60071	61.6394
1520	-0.012178	2.5811	1.59313	61.66
1521	-0.0129181	2.57992	1.58749	61.6804
1522	-0.0126868	2.57875	1.58277	61.7007
1523	-0.0131479	2.57757	1.57959	61.721
1524	-0.0128137	2.57639	1.57431	61.741
1525	-0.0127942	2.57522	1.57215	61.761
1526	-0.0121678	2.57407	1.5722	61.7811
1527	-0.0117897	2.57292	1.57274	61.8011
1528	-0.0119368	2.57178	1.57372	61.8211
1529	-0.0117782	2.57064	1.57303	61.8411
1530	-0.0121809	2.56949	1.5737	61.8611
1531	-0.0118949	2.56834	1.57361	61.8811
1532	-0.012066	2.5672	1.57335	61.9011
1533	-0.0127259	2.56604	1.57039	61.9211
1534	-0.0143868	2.56484	1.5697	61.9409
1535	-0.0148567	2.56362	1.57174	61.9609
1536	-0.0155721	2.56239	1.57163	61.9808
1537	-0.0173189	2.56112	1.57519	62.0008
1538	-0.0172531	2.55985	1.57668	62.0209
1539	-0.0173291	2.55857	1.57319	62.0408
1540	-0.0174963	2.5573	1.5698	62.0607
1541	-0.01501	2.55609	1.57622	62.0807
1542	-0.0149132	2.55488	1.57764	62.1007
1543	-0.0158424	2.55365	1.58063	62.1208
1544	-0.0175873	2.55238	1.58512	62.1411
1545	-0.0182093	2.55109	1.58608	62.1613
1546	-0.0185892	2.54979	1.58461	62.1815
1547	-0.0179694	2.54851	1.58436	62.2017
1548	-0.0183298	2.54723	1.58288	62.2218
1549	-0.018016	2.54595	1.58341	62.242
1550	-0.0184072	2.54466	1.58229	62.2621
1551	-0.020054	2.54333	1.58196	62.2822
1552	-0.0204858	2.54199	1.57509	62.3021
1553	-0.0194923	2.54068	1.57653	62.322
1554	-0.01949	2.53937	1.5776	62.342
1555	-0.0194804	2.53806	1.57769	62.3619
1556	-0.0216994	2.5367	1.58205	62.382
1557	-0.022568	2.53531	1.5813	62.402
1558	-0.0232868	2.53391	1.58062	62.4221
1559	-0.024072	2.53249	1.58151	62.4421
1560	-0.0235941	2.53108	1.57989	62.4621
1561	-0.022935	2.52969	1.57891	62.482
1562	-0.0234665	2.52829	1.57847	62.502
1563	-0.0239663	2.52687	1.57631	62.5218
1564	-0.0248055	2.52544	1.57655	62.5417
1565	-0.0248049	2.52401	1.57212	62.5615
1566	-0.0239539	2.5226	1.57524	62.5813
1567	-0.0233315	2.5212	1.57722	62.6012
1568	-0.0242285	2.51979	1.57766	62.621
1569	-0.0234629	2.5184	1.57519	62.6408
1570	-0.0237968	2.51699	1.57413	62.6606
1571	-0.0246037	2.51557	1.57492	62.6804
1572	-0.0240845	2.51417	1.57349	62.7002
1573	-0.022715	2.5128	1.57178	62.7199
1574	-0.0212377	2.51146	1.57192	62.7395
1575	-0.0197814	2.51017	1.57009	62.7592
1576	-0.0193269	2.50889	1.57188	62.7789
1577	-0.0190698	2.50761	1.57385	62.7986
1578	-0.0183884	2.50636	1.57664	62.8184
1579	-0.0175994	2.50512	1.57485	62.8381
1580	-0.017196	2.5039	1.57266	62.8578
1581	-0.0172674	2.50267	1.5724	62.8775
1582	-0.0182928	2.50142	1.57095	62.8971
1583	-0.0197954	2.50014	1.5713	62.9167
1584	-0.0194026	2.49886	1.57146	62.9363
1585	-0.0190593	2.4976	1.57013	62.9559
1586	-0.0178682	2.49636	1.57043	62.9755
1587	-0.0165182	2.49516	1.5688	62.995
1588	-0.0160214	2.49397	1.56832	63.0145
1589	-0.0167061	2.49277	1.57041	63.0341
1590	-0.0175558	2.49155	1.57294	63.0537
1591	-0.0173611	2.49033	1.57434	63.0734
1592	-0.0164346	2.48914	1.57561	63.0931
1593	-0.015664	2.48797	1.57771	63.1128
1594	-0.0147851	2.48682	1.57956	63.1325
1595	-0.0149375	2.48566	1.5782	63.1523
1596	-0.0154031	2.4845	1.57874	63.172
1597	-0.0149969	2.48335	1.57833	63.1917
1598	-0.0155972	2.48218	1.57689	63.2114
1599	-0.0156033	2.48102	1.57729	63.2311
1600	-0.0152304	2.47986	1.57733	63.2507
1601	-0.0160845	2.47869	1.57767	63.2704
1602	-0.016633	2.4775	1.57654	63.29
1603	-0.0179126	2.47628	1.57896	63.3097
1604	-0.0179658	2.47506	1.57651	63.3294
1605	-0.018461	2.47383	1.57973	63.3491
1606	-0.0182257	2.47261	1.58133	63.3688
1607	-0.0187346	2.47137	1.5825	63.3886
1608	-0.0178269	2.47016	1.58177	63.4083
1609	-0.0169115	2.46897	1.58313	63.428
1610	-0.0165547	2.46779	1.58466	63.4478
1611	-0.0172816	2.4666	1.58416	63.4676
1612	-0.0192199	2.46535	1.58622	63.4874
1613	-0.0189837	2.46412	1.58593	63.5072
1614	-0.0189116	2.46288	1.58299	63.527
1615	-0.0194602	2.46164	1.58323	63.5467
1616	-0.0206686	2.46036	1.58422	63.5664
1617	-0.0209952	2.45908	1.58667	63.5862
1618	-0.0202968	2.45782	1.58592	63.606
1619	-0.0203658	2.45656	1.58511	63.6258
1620	-0.0213778	2.45527	1.58512	63.6455
1621	-0.0216506	2.45397	1.58631	63.6653
1622	-0.0227699	2.45265	1.58903	63.6851
1623	-0.0234373	2.45132	1.59217	63.705
1624	-0.0220468	2.45002	1.59564	63.725
1625	-0.0226628	2.4487	1.59791	63.745
1626	-0.0221793	2.4474	1.59881	63.765
1627	-0.0210778	2.44613	1.59869	63.7851
1628	-0.0214695	2.44484	1.59537	63.805
1629	-0.020541	2.44358	1.59803	63.825
1630	-0.0210229	2.44232	1.5983	63.845
1631	-0.0216605	2.44103	1.60032	63.8651
1632	-0.0213234	2.43976	1.60148	63.8852
1633	-0.0215619	2.43848	1.60198	63.9052
1634	-0.0221885	2.43718	1.60039	63.9253
1635	-0.0226116	2.43588	1.59664	63.9452
1636	-0.0229795	2.43457	1.59317	63.965
1637	-0.0232223	2.43325	1.59128	63.9848
1638	-0.0225191	2.43195	1.59164	64.0046
1639	-0.0223223	2.43066	1.59186	64.0244
1640	-0.0219738	2.42938	1.59024	64.0442
1641	-0.0224019	2.42809	1.58668	64.0638
1642	-0.0220346	2.42681	1.58899	64.0835
1643	-0.0223434	2.42552	1.58925	64.1032
1644	-0.0231313	2.42421	1.58949	64.1229
1645	-0.0236252	2.42289	1.58619	64.1425
1646	-0.0229032	2.42159	1.58683	64.1622
1647	-0.0231371	2.42029	1.58794	64.1818
1648	-0.0231421	2.41899	1.58679	64.2014
1649	-0.0232792	2.41768	1.58585	64.221
1650	-0.0225758	2.41639	1.58895	64.2407
1651	-0.0236033	2.41508	1.59225	64.2604
1652	-0.0232759	2.41378	1.59355	64.2801
1653	-0.0229686	2.41248	1.59387	64.2999
1654	-0.0224349	2.4112	1.5948	64.3197
1655	-0.0223928	2.40993	1.59611	64.3395
1656	-0.0234818	2.40862	1.59772	64.3593
1657	-0.0236964	2.40732	1.59625	64.3791
1658	-0.0230431	2.40602	1.59685	64.3989
1659	-0.0215098	2.40477	1.5977	64.4187
1660	-0.0205945	2.40354	1.59951	64.4386
1661	-0.0199611	2.40233	1.60132	64.4584
1662	-0.0205868	2.4011	1.60313	64.4784
1663	-0.0217454	2.39985	1.60612	64.4984
1664	-0.0219911	2.39859	1.60194	64.5183
1665	-0.0220362	2.39733	1.60452	64.5382
1666	-0.0219237	2.39608	1.60615	64.5582
1667	-0.0219073	2.39482	1.60739	64.5782
1668	-0.0217092	2.39357	1.60994	64.5982
1669	-0.0210387	2.39234	1.60866	64.6183
1670	-0.0201558	2.39113	1.60673	64.6382
1671	-0.0201679	2.38993	1.60753	64.6582
1672	-0.0207814	2.38871	1.60863	64.6782
1673	-0.0210675	2.38748	1.61013	64.6982
1674	-0.0217979	2.38623	1.60929	64.7182
1675	-0.0220705	2.38498	1.60672	64.7382
1676	-0.0222291	2.38373	1.60603	64.7581
1677	-0.0221556	2.38248	1.60807	64.778
1678	-0.021573	2.38124	1.60779	64.798
1679	-0.0222444	2.37999	1.60981	64.818
1680	-0.0226617	2.37873	1.61107	64.838
1681	-0.0224485	2.37748	1.61171	64.858
1682	-0.0220681	2.37623	1.61337	64.8781
1683	-0.0216533	2.375	1.61488	64.8982
1684	-0.0213403	2.37378	1.61636	64.9183
1685	-0.0205617	2.37257	1.61861	64.9384
1686	-0.0211815	2.37135	1.61676	64.9585
1687	-0.0211663	2.37014	1.61836	64.9787
1688	-0.0223104	2.36889	1.62174	64.9989
1689	-0.0219765	2.36766	1.62215	65.0191
1690	-0.0217099	2.36643	1.62115	65.0393
1691	-0.0222945	2.36519	1.61859	65.0595
1692	-0.023669	2.36392	1.61616	65.0795
1693	-0.0246773	2.36262	1.60779	65.0994
1694	-0.0244643	2.36133	1.60258	65.1191
1695	-0.0249638	2.36003	1.59833	65.1387
1696	-0.0254368	2.35871	1.59803	65.1583
1697	-0.0242463	2.35743	1.5999	65.1779
1698	-0.0249254	2.35613	1.59908	65.1975
1699	-0.0252954	2.35483	1.60034	65.2172
1700	-0.0258514	2.35351	1.59881	65.2368
1701	-0.0263873	2.35218	1.59731	65.2563
1702	-0.0265279	2.35085	1.59796	65.2759
1703	-0.0274783	2.34949	1.60016	65.2955
1704	-0.027534	2.34814	1.60003	65.3151
1705	-0.0277067	2.34678	1.59619	65.3346
1706	-0.0268806	2.34544	1.59148	65.354
1707	-0.0276708	2.34408	1.58973	65.3733
1708	-0.0280687	2.34272	1.58764	65.3926
1709	-0.0281718	2.34135	1.58921	65.4119
1710	-0.0275477	2.34	1.58739	65.4311
1711	-0.0275631	2.33866	1.58797	65.4504
1712	-0.0266951	2.33733	1.58592	65.4696
1713	-0.0265049	2.33601	1.58599	65.4888
1714	-0.0264884	2.33469	1.58744	65.5081
1715	-0.0263083	2.33337	1.5879	65.5273
1716	-0.0269337	2.33204	1.58457	65.5465
1717	-0.0265816	2.33072	1.5854	65.5656
1718	-0.027049	2.32939	1.58627	65.5848
1719	-0.0274559	2.32805	1.58658	65.604
1720	-0.0268762	2.32673	1.58336	65.6231
1721	-0.0264298	2.32542	1.58278	65.6422
1722	-0.0260607	2.32412	1.58439	65.6613
1723	-0.0268983	2.32279	1.5836	65.6804
1724	-0.0268317	2.32148	1.58157	65.6994
1725	-0.0275867	2.32014	1.58229	65.7185
1726	-0.0276267	2.3188	1.5846	65.7376
1727	-0.0273443	2.31748	1.58704	65.7568
1728	-0.0276989	2.31614	1.58893	65.7759
1729	-0.0278863	2.3148	1.59066	65.7952
1730	-0.0266382	2.31349	1.58853	65.8144
1731	-0.0258725	2.3122	1.58682	65.8335
1732	-0.0269366	2.31089	1.58798	65.8526
1733	-0.026854	2.30958	1.58646	65.8717
1734	-0.0262575	2.30828	1.58572	65.8908
1735	-0.0260678	2.30699	1.58528	65.9099
1736	-0.0248743	2.30573	1.5854	65.9289
1737	-0.0239561	2.3045	1.58659	65.948
1738	-0.0234899	2.30327	1.58193	65.967
1739	-0.0226128	2.30207	1.58314	65.986
1740	-0.0226481	2.30086	1.58319	66.005
1741	-0.0222817	2.29967	1.58277	66.024
1742	-0.0218676	2.29849	1.58432	66.043
1743	-0.0213958	2.29732	1.58366	66.062
1744	-0.0215593	2.29614	1.58477	66.081
1745	-0.0217677	2.29496	1.58567	66.1
1746	-0.0215874	2.29379	1.58633	66.119
1747	-0.0215753	2.29262	1.58486	66.138
1748	-0.0214926	2.29145	1.58379	66.157
1749	-0.0214977	2.29028	1.58393	66.1759
1750	-0.0214733	2.28911	1.58552	66.1949
1751	-0.0218551	2.28794	1.58714	66.2139
1752	-0.0218439	2.28677	1.58772	66.233
1753	-0.0215642	2.2856	1.58857	66.252
1754	-0.020262	2.28447	1.59026	66.2711
1755	-0.0192695	2.28336	1.58964	66.2902
1756	-0.0183758	2.28227	1.58978	66.3092
1757	-0.0189343	2.28117	1.58935	66.3283
1758	-0.0183554	2.28008	1.58979	66.3473
1759	-0.0186746	2.27899	1.59119	66.3664
1760	-0.0197334	2.27787	1.5931	66.3855
1761	-0.0195936	2.27676	1.5911	66.4046
1762	-0.0191006	2.27566	1.59349	66.4237
1763	-0.0189568	2.27456	1.59525	66.4428
1764	-0.0185056	2.27348	1.59505	66.462
1765	-0.0192567	2.27238	1.59675	66.4812
1766	-0.0194217	2.27127	1.59591	66.5003
1767	-0.0181196	2.2702	1.59346	66.5194
1768	-0.0183149	2.26912	1.59464	66.5385
1769	-0.018435	2.26804	1.59403	66.5576
1770	-0.0182553	2.26697	1.5939	66.5767
1771	-0.0192754	2.26587	1.59563	66.5958
1772	-0.0194867	2.26477	1.59777	66.615
1773	-0.019496	2.26367	1.59949	66.6342
1774	-0.0194662	2.26257	1.60121	66.6534
1775	-0.0195158	2.26147	1.60125	66.6726
1776	-0.0196016	2.26037	1.60086	66.6918
1777	-0.0190975	2.25928	1.60258	66.7111
1778	-0.018625	2.25821	1.60154	66.7303
1779	-0.0183986	2.25714	1.60385	66.7496
1780	-0.0183922	2.25607	1.60336	66.7688
1781	-0.0190217	2.25498	1.60363	66.7881
1782	-0.0195603	2.25389	1.60472	66.8073
1783	-0.0193351	2.2528	1.60588	66.8266
1784	-0.0187985	2.25172	1.60444	66.8459
1785	-0.0198439	2.25063	1.60612	66.8652
1786	-0.0195643	2.24953	1.60343	66.8844
1787	-0.0188313	2.24846	1.59699	66.9035
1788	-0.0188189	2.24739	1.59404	66.9224
1789	-0.0178555	2.24634	1.59095	66.9413
1790	-0.017904	2.24529	1.58811	66.9602
1791	-0.0192084	2.24421	1.58948	66.979
1792	-0.0191676	2.24313	1.58931	66.9979
1793	-0.0190141	2.24206	1.58946	67.0167
1794	-0.0194437	2.24097	1.59033	67.0356
1795	-0.0185563	2.23991	1.59179	67.0545
1796	-0.0180181	2.23886	1.59349	67.0734
1797	-0.0183063	2.23781	1.59546	67.0924
1798	-0.0178367	2.23677	1.59732	67.1114
1799	-0.0182842	2.23571	1.59682	67.1304
1800	-0.0196394	2.23463	1.59664	67.1494
1801	-0.0212211	2.23351	1.59674	67.1684
1802	-0.0221778	2.23237	1.59865	67.1874
1803	-0.0227982	2.23122	1.59716	67.2064
1804	-0.0232596	2.23005	1.59706	67.2253
1805	-0.0237137	2.22888	1.59904	67.2444
1806	-0.0247326	2.22768	1.60027	67.2634
1807	-0.0242641	2.22649	1.60127	67.2825
1808	-0.023703	2.22532	1.60286	67.3015
1809	-0.0237775	2.22415	1.6033	67.3206
1810	-0.0236084	2.22298	1.60219	67.3397
1811	-0.0230124	2.22182	1.60439	67.3588
1812	-0.0238458	2.22065	1.60723	67.378
1813	-0.0235476	2.21949	1.60365	67.397
1814	-0.0235328	2.21832	1.60175	67.4161
1815	-0.0232552	2.21717	1.60098	67.4351
1816	-0.0235178	2.21601	1.6012	67.4541
1817	-0.022651	2.21487	1.60031	67.4731
1818	-0.0205672	2.21377	1.60326	67.4921
1819	-0.0192555	2.21272	1.60316	67.5111
1820	-0.0186497	2.21167	1.60087	67.5301
1821	-0.0178333	2.21065	1.60264	67.5491
1822	-0.0181178	2.20962	1.60346	67.5681
1823	-0.0184561	2.20858	1.60487	67.5872
1824	-0.017971	2.20755	1.60544	67.6063
1825	-0.0188923	2.20651	1.60517	67.6253
1826	-0.018983	2.20546	1.60539	67.6444
1827	-0.0196322	2.2044	1.60818	67.6635
1828	-0.0205711	2.20331	1.60992	67.6826
1829	-0.0213327	2.20221	1.61128	67.7018
1830	-0.0214505	2.20111	1.61226	67.721
1831	-0.0211466	2.20002	1.61392	67.7402
1832	-0.02073	2.19893	1.61556	67.7594
1833	-0.021107	2.19784	1.61551	67.7787
1834	-0.0214602	2.19674	1.61799	67.798
1835	-0.0214454	2.19564	1.61969	67.8173
1836	-0.0202291	2.19457	1.62346	67.8367
1837	-0.0195212	2.19352	1.62614	67.8562
1838	-0.0177796	2.19251	1.63032	67.8758
1839	-0.0180373	2.1915	1.63093	67.8954
1840	-0.0185161	2.19047	1.63162	67.9149
1841	-0.0191784	2.18943	1.63349	67.9346
1842	-0.0188007	2.1884	1.63211	67.9541
1843	-0.0192199	2.18736	1.63005	67.9737
1844	-0.0194673	2.18631	1.62879	67.9932
1845	-0.0210388	2.18523	1.62995	68.0127
1846	-0.0215409	2.18414	1.63135	68.0322
1847	-0.0219284	2.18304	1.63301	68.0518
1848	-0.0226196	2.18192	1.63415	68.0714
1849	-0.0232887	2.18079	1.63553	68.091
1850	-0.0231976	2.17966	1.63202	68.1106
1851	-0.0220786	2.17856	1.63464	68.1302
1852	-0.0221346	2.17746	1.63321	68.1497
1853	-0.0231484	2.17633	1.63428	68.1693
1854	-0.0225261	2.17523	1.63444	68.1889
1855	-0.0226411	2.17411	1.63303	68.2084
1856	-0.0232493	2.17299	1.62928	68.2278
1857	-0.0240774	2.17185	1.62916	68.2473
1858	-0.024127	2.1707	1.62877	68.2667
1859	-0.0245539	2.16955	1.62956	68.2861
1860	-0.0248496	2.16839	1.63125	68.3056
1861	-0.0256215	2.16722	1.63056	68.325
1862	-0.0248537	2.16606	1.63073	68.3445
1863	-0.0249323	2.1649	1.632	68.3639
1864	-0.0238753	2.16377	1.63408	68.3834
1865	-0.0239022	2.16264	1.63367	68.4029
1866	-0.0239493	2.1615	1.63448	68.4224
1867	-0.0233873	2.16038	1.63554	68.442
1868	-0.0235317	2.15926	1.63727	68.4615
1869	-0.0234273	2.15814	1.63775	68.4811
1870	-0.0230596	2.15703	1.63969	68.5007
1871	-0.0238607	2.15591	1.64158	68.5203
1872	-0.0249911	2.15475	1.64484	68.54
1873	-0.0248944	2.1536	1.64436	68.5597
1874	-0.0248578	2.15246	1.64214	68.5794
1875	-0.0237213	2.15134	1.64212	68.599
1876	-0.0230571	2.15023	1.64161	68.6186
1877	-0.0226233	2.14914	1.63657	68.6381
1878	-0.0223592	2.14805	1.63531	68.6576
1879	-0.0225745	2.14696	1.63469	68.677
1880	-0.0222314	2.14587	1.63594	68.6965
1881	-0.0229148	2.14478	1.63387	68.7159
1882	-0.0233485	2.14367	1.63205	68.7352
1883	-0.0220615	2.14259	1.63169	68.7546
1884	-0.0215304	2.14153	1.6333	68.774
1885	-0.0222294	2.14045	1.63419	68.7934
1886	-0.0223914	2.13937	1.634	68.8127
1887	-0.0225495	2.13828	1.63071	68.8321
1888	-0.0223751	2.1372	1.63165	68.8514
1889	-0.0221728	2.13613	1.62868	68.8706
1890	-0.0229869	2.13503	1.62746	68.8898
1891	-0.0221489	2.13396	1.62698	68.909
1892	-0.021601	2.1329	1.62657	68.9282
1893	-0.0219334	2.13183	1.62483	68.9473
1894	-0.0223775	2.13076	1.62199	68.9664
1895	-0.024271	2.12964	1.6249	68.9855
1896	-0.0253709	2.1285	1.62516	69.0047
1897	-0.0262756	2.12733	1.62376	69.0238
1898	-0.0282027	2.12612	1.62758	69.0429
1899	-0.0290724	2.1249	1.63021	69.0622
1900	-0.0299104	2.12365	1.63141	69.0814
1901	-0.0283156	2.12245	1.63485	69.1007
1902	-0.0280339	2.12125	1.63293	69.12
1903	-0.0269267	2.12007	1.63076	69.1392
1904	-0.0264096	2.11891	1.63093	69.1584
1905	-0.0279181	2.11772	1.63437	69.1777
1906	-0.0283734	2.11651	1.63623	69.1971
1907	-0.0281388	2.11531	1.63363	69.2163
1908	-0.0290169	2.1141	1.63311	69.2356
1909	-0.0305345	2.11284	1.63412	69.2548
1910	-0.0310679	2.11158	1.63365	69.2741
1911	-0.0310266	2.11032	1.63356	69.2933
1912	-0.0308929	2.10906	1.63069	69.3125
1913	-0.0313496	2.1078	1.63144	69.3317
1914	-0.0299048	2.10656	1.63445	69.3509
1915	-0.0297441	2.10533	1.63609	69.3702
1916	-0.0296665	2.10411	1.63766	69.3895
1917	-0.0289774	2.1029	1.63885	69.4088
1918	-0.0284473	2.1017	1.64022	69.4282
1919	-0.0284312	2.1005	1.64127	69.4476
1920	-0.0288872	2.0993	1.64165	69.4669
1921	-0.0288705	2.0981	1.64112	69.4863
1922	-0.0295602	2.09688	1.64178	69.5057
1923	-0.0291518	2.09567	1.64203	69.525
1924	-0.0280687	2.09448	1.64165	69.5444
1925	-0.0280448	2.0933	1.64147	69.5637
1926	-0.0280287	2.09212	1.63895	69.583
1927	-0.0280367	2.09094	1.63365	69.6022
1928	-0.0292183	2.08973	1.6332	69.6213
1929	-0.0295275	2.08852	1.63373	69.6405
1930	-0.0303037	2.08729	1.63252	69.6596
1931	-0.0290846	2.08609	1.63428	69.6787
1932	-0.0285662	2.0849	1.63583	69.6979
1933	-0.0293588	2.08369	1.63556	69.7171
1934	-0.0295323	2.08248	1.63542	69.7362
1935	-0.028708	2.08129	1.63714	69.7554
1936	-0.028254	2.08011	1.63814	69.7747
1937	-0.027254	2.07896	1.63848	69.7939
1938	-0.0262535	2.07783	1.63953	69.8131
1939	-0.0258416	2.0767	1.63632	69.8323
1940	-0.0269926	2.07556	1.63558	69.8514
1941	-0.0276289	2.0744	1.63581	69.8705
1942	-0.0280757	2.07323	1.63732	69.8897
1943	-0.0281306	2.07206	1.63895	69.9089
1944	-0.0290164	2.07086	1.63887	69.9281
1945	-0.0299036	2.06966	1.64031	69.9473
1946	-0.0303339	2.06844	1.64263	69.9665
1947	-0.0306203	2.06721	1.6429	69.9858
1948	-0.0302121	2.066	1.64288	70.0051
1949	-0.0311719	2.06476	1.64266	70.0243
1950	-0.0317017	2.06352	1.64153	70.0435
1951	-0.0329614	2.06224	1.64038	70.0627
1952	-0.0332395	2.06096	1.63925	70.0819
1953	-0.0320914	2.05971	1.63915	70.101
1954	-0.031337	2.05847	1.63921	70.1201
1955	-0.0303071	2.05726	1.64139	70.1393
1956	-0.0310657	2.05604	1.63768	70.1584
1957	-0.0309001	2.05481	1.63833	70.1775
1958	-0.0305531	2.0536	1.63511	70.1966
1959	-0.0303663	2.05239	1.63545	70.2156
1960	-0.0306077	2.05117	1.63704	70.2347
1961	-0.0309726	2.04995	1.63778	70.2537
1962	-0.0314703	2.04872	1.63527	70.2727
1963	-0.0320691	2.04748	1.63708	70.2918
1964	-0.0320463	2.04623	1.63818	70.3109
1965	-0.0329384	2.04497	1.64055	70.33
1966	-0.0320894	2.04373	1.64046	70.3491
1967	-0.0322758	2.04248	1.63647	70.3681
1968	-0.0334041	2.04121	1.63593	70.3871
1969	-0.0337346	2.03993	1.63712	70.4061
1970	-0.0351025	2.03862	1.63761	70.4251
1971	-0.0355153	2.03731	1.63612	70.4441
1972	-0.0358888	2.03598	1.63702	70.4631
1973	-0.0355992	2.03467	1.63927	70.4822
1974	-0.0352207	2.03336	1.63936	70.5012
1975	-0.0347328	2.03206	1.63863	70.5202
1976	-0.0352654	2.03076	1.63878	70.5392
1977	-0.0350567	2.02946	1.63974	70.5583
1978	-0.0353425	2.02815	1.63933	70.5773
