#	<x>	stDevX	<E>	stDevE
0	2.19854	0	7.26121	0
1	1.82447	2.01151	7.11663	7.18892
2	2.08063	2.87728	6.87759	10.0199
3	2.1594	3.578	6.38199	11.9674
4	1.96719	4.09209	6.35881	13.5985
5	1.82885	4.49415	6.59353	15.1269
6	1.57235	4.77001	6.26821	16.3969
7	1.24101	4.9186	6.23157	17.5577
8	0.87585	4.94921	5.79051	18.5042
9	0.463755	4.86361	6.34047	19.5662
10	0.216156	4.72278	5.71324	20.392
11	0.286502	4.6197	4.97594	20.9803
12	0.290098	4.53126	4.57779	21.4475
13	0.310889	4.45947	3.77924	21.702
14	0.319488	4.39899	3.14338	21.8039
15	0.312047	4.34433	2.92706	21.8671
16	0.143497	4.25664	2.83884	21.9238
17	0.100292	4.16686	2.72572	21.9674
18	0.120034	4.0888	2.55534	21.9852
19	0.109142	4.01459	2.7998	22.0684
20	0.125188	3.9494	2.93039	22.1876
21	0.0630483	3.87611	3.25837	22.3808
22	0.130114	3.82137	3.55313	22.6361
23	0.198171	3.78405	3.87161	22.9541
24	0.258419	3.76146	3.61076	23.2175
25	0.329139	3.75467	3.73443	23.503
26	0.360279	3.75525	3.67832	23.7754
27	0.374271	3.75957	3.51369	24.0151
28	0.313583	3.75376	3.55308	24.2607
29	0.268145	3.74099	3.53777	24.5022
30	0.226926	3.7223	2.98461	24.6445
31	0.240139	3.70737	2.88997	24.7719
32	0.27475	3.69964	2.87908	24.8991
33	0.274591	3.6929	2.87716	25.0276
34	0.213134	3.67685	2.97918	25.1745
35	0.206318	3.66081	2.82314	25.2964
36	0.17254	3.64037	2.84125	25.4226
37	0.124907	3.61346	2.72207	25.5308
38	0.111296	3.58566	2.7101	25.6384
39	0.113835	3.55949	2.68278	25.7431
40	0.13902	3.53836	2.53711	25.8265
41	0.158901	3.52125	2.62552	25.9251
42	0.193439	3.5102	2.70393	26.0366
43	0.218986	3.50366	2.7366	26.1539
44	0.255721	3.5031	2.75939	26.2751
45	0.238036	3.50038	2.71254	26.3899
46	0.181619	3.48997	2.6754	26.4999
47	0.120604	3.47143	2.74053	26.6198
48	0.108186	3.45187	2.67974	26.7313
49	0.118893	3.43453	2.39377	26.8033
50	0.120083	3.41803	2.31781	26.8659
51	0.124568	3.40276	2.34909	26.9341
52	0.127666	3.3885	2.29046	26.9953
53	0.117493	3.37341	2.1329	27.0365
54	0.0881686	3.35496	2.14207	27.0804
55	0.0889761	3.3372	2.20668	27.1342
56	0.102171	3.32174	2.24585	27.1943
57	0.0802755	3.30394	2.32245	27.2653
58	0.0760789	3.28612	2.33954	27.3392
59	0.0460149	3.26498	2.43547	27.4261
60	0.046204	3.24443	2.49956	27.5216
61	0.0558989	3.22563	2.55661	27.6244
62	0.0546013	3.20717	2.61863	27.7352
63	0.0606857	3.18994	2.63242	27.8476
64	0.0546956	3.17243	2.70925	27.9694
65	0.065835	3.15672	2.70619	28.0905
66	0.069342	3.14184	2.52268	28.1892
67	0.0354842	3.12327	2.50372	28.2857
68	0.0449189	3.10626	2.41987	28.3722
69	0.0783184	3.09361	2.33265	28.4485
70	0.0502644	3.07798	2.41855	28.5354
71	0.0742827	3.06553	2.3401	28.6132
72	0.0847741	3.05461	2.36773	28.6945
73	0.0719481	3.04249	2.32079	28.7706
74	0.0901413	3.03275	2.33512	28.8486
75	0.0809563	3.02223	2.33733	28.9271
76	0.103403	3.01451	2.24261	28.995
77	0.116404	3.00847	2.16688	29.0547
78	0.103926	3.00123	2.1351	29.1113
79	0.0903755	2.99269	2.08786	29.1631
80	0.0802018	2.98325	2.05339	29.2115
81	0.0839356	2.97444	1.98939	29.2534
82	0.119649	2.96974	2.03239	29.3005
83	0.12316	2.96559	2.02483	29.3473
84	0.0880583	2.95779	2.01002	29.393
85	0.0839131	2.94975	2.04031	29.4424
86	0.0894403	2.94248	1.9927	29.487
87	0.0812303	2.93451	1.9423	29.5268
88	0.0858537	2.92722	1.928	29.5656
89	0.0955856	2.92111	1.91361	29.6033
90	0.122076	2.91793	1.92637	29.6429
91	0.152076	2.91797	2.00432	29.6909
92	0.141682	2.91702	2.06842	29.7459
93	0.120799	2.91402	2.1428	29.8088
94	0.128787	2.91195	2.21267	29.879
95	0.112804	2.90836	2.28543	29.9567
96	0.119387	2.90555	2.32023	30.0379
97	0.13108	2.90401	2.345	30.1215
98	0.140257	2.90348	2.3833	30.2088
99	0.140036	2.90301	2.35299	30.2931
100	0.122613	2.90089	2.32994	30.3749
101	0.0933573	2.89597	2.36813	30.4605
102	0.0347182	2.88542	2.528	30.5616
103	0.0244663	2.87404	2.48574	30.6583
104	0.0315865	2.86352	2.49787	30.756
105	0.0125438	2.85132	2.5561	30.859
106	-0.0149181	2.83666	2.62645	30.9686
107	-0.0469205	2.81913	2.72107	31.0868
108	-0.0724919	2.79937	2.79579	31.2118
109	-0.0734749	2.77976	2.82869	31.3394
110	-0.0568797	2.76195	2.86549	31.4699
111	-0.04131	2.74582	2.88595	31.6019
112	-0.0568665	2.72843	2.91399	31.7359
113	-0.0434058	2.71249	2.932	31.871
114	-0.00974822	2.69987	2.99463	32.0114
115	0.00920363	2.68916	3.0202	32.1536
116	0.0293384	2.68045	2.98768	32.2921
117	0.0204343	2.67104	3.00022	32.4311
118	0.013704	2.66114	2.94758	32.5648
119	0.0146517	2.65145	2.89566	32.6932
120	0.041624	2.64433	2.94464	32.8256
121	0.0568715	2.63869	2.90881	32.9541
122	0.0638353	2.63376	2.91944	33.0832
123	0.0586871	2.62846	2.92595	33.2123
124	0.0485623	2.62233	2.79121	33.3289
125	0.052709	2.61667	2.80264	33.4461
126	0.0469437	2.61057	2.78066	33.561
127	0.0397834	2.60394	2.77217	33.6748
128	0.0323164	2.59674	2.80407	33.7909
129	0.0376664	2.5901	2.78888	33.9054
130	0.0429655	2.58401	2.77571	34.0183
131	0.0533663	2.57891	2.75525	34.1291
132	0.0617269	2.5746	2.77003	34.2408
133	0.0711343	2.57117	2.75063	34.3505
134	0.0904297	2.56946	2.71992	34.4572
135	0.104838	2.56902	2.71544	34.5632
136	0.116336	2.5696	2.69191	34.6669
137	0.115544	2.57014	2.61032	34.7634
138	0.131436	2.57205	2.57517	34.8567
139	0.130796	2.57393	2.56697	34.9491
140	0.12459	2.57531	2.58756	35.0429
141	0.109166	2.57542	2.62889	35.14
142	0.103077	2.57505	2.62008	35.2362
143	0.0946635	2.57402	2.58487	35.3291
144	0.101013	2.57355	2.56668	35.4203
145	0.0996462	2.573	2.53824	35.509
146	0.0944594	2.57206	2.54448	35.598
147	0.0968764	2.57135	2.53609	35.6861
148	0.0908771	2.57018	2.55958	35.776
149	0.0851793	2.56859	2.5641	35.866
150	0.0827517	2.56684	2.55679	35.9552
151	0.080649	2.56496	2.56027	36.0445
152	0.0776479	2.56288	2.55431	36.1331
153	0.089551	2.56179	2.5908	36.2245
154	0.094248	2.56111	2.62164	36.3181
155	0.100738	2.56098	2.64924	36.4137
156	0.0958131	2.56049	2.61284	36.5061
157	0.0821282	2.55894	2.59186	36.5967
158	0.0768142	2.557	2.54456	36.6833
159	0.0906138	2.55619	2.5309	36.7687
160	0.0904498	2.55539	2.46964	36.8491
161	0.100462	2.55541	2.46861	36.9292
162	0.114014	2.55651	2.48196	37.0103
163	0.125158	2.5585	2.4035	37.0851
164	0.136973	2.56141	2.38757	37.1585
165	0.140866	2.56463	2.31846	37.2265
166	0.121659	2.56637	2.27612	37.2912
167	0.111248	2.56733	2.27164	37.3554
168	0.105814	2.56788	2.28706	37.4208
169	0.0958753	2.5677	2.31308	37.4881
170	0.0912792	2.56718	2.33057	37.5567
171	0.093365	2.56685	2.33799	37.6257
172	0.116617	2.5683	2.34706	37.6954
173	0.127619	2.5706	2.34984	37.7652
174	0.127009	2.57286	2.34477	37.8345
175	0.121527	2.57472	2.35622	37.9046
176	0.121177	2.57656	2.34536	37.9737
177	0.11586	2.57801	2.32042	38.041
178	0.113493	2.5793	2.33243	38.109
179	0.102482	2.57978	2.35394	38.1786
180	0.0917316	2.57949	2.35872	38.2484
181	0.0894574	2.57904	2.32682	38.3157
182	0.0916563	2.57878	2.28764	38.3801
183	0.0971377	2.57895	2.2807	38.4439
184	0.10202	2.57948	2.23113	38.504
185	0.102402	2.58007	2.20344	38.5621
186	0.103828	2.58077	2.15864	38.6168
187	0.0920603	2.58063	2.11556	38.6684
188	0.0810149	2.57971	2.11238	38.7198
189	0.0737478	2.57828	2.13772	38.773
190	0.0754818	2.57701	2.13864	38.8262
191	0.0830756	2.5763	2.14138	38.8796
192	0.0699738	2.57468	2.13868	38.9329
193	0.0650395	2.57272	2.10708	38.9838
194	0.0568843	2.57022	2.10819	39.0348
195	0.0505638	2.56729	2.12573	39.0871
196	0.0409974	2.56371	2.12962	39.1396
197	0.0285899	2.55929	2.15619	39.194
198	0.0255877	2.55469	2.16384	39.2489
199	0.0224027	2.54991	2.14788	39.3026
200	0.0199138	2.54499	2.12488	39.3547
201	0.0101637	2.53943	2.13946	39.4078
202	0.0033237	2.53343	2.1133	39.4591
203	-0.00181327	2.52712	2.10316	39.5096
204	-0.00769856	2.52044	2.10266	39.5601
205	-0.00263592	2.51416	2.10787	39.611
206	0.00629198	2.50855	2.10322	39.6615
207	0.0134816	2.50347	2.12136	39.7132
208	0.0144542	2.4985	2.11552	39.7645
209	0.024234	2.49424	2.11504	39.8158
210	0.0290866	2.49035	2.07689	39.8644
211	0.0338984	2.48682	2.0695	39.9125
212	0.0382546	2.48362	2.04967	39.9593
213	0.0317514	2.48	2.00725	40.0031
214	0.0280709	2.47616	2.00719	40.047
215	0.0171059	2.47161	1.99527	40.0901
216	0.00681482	2.4664	2.01912	40.1348
217	0.00247088	2.46093	2.01165	40.179
218	0.00448309	2.45563	2.01135	40.2232
219	0.00613311	2.45048	1.96527	40.2643
220	0.00370308	2.44521	1.95957	40.305
221	0.0042737	2.44	1.95944	40.3457
222	0.00927647	2.43517	1.95855	40.3864
223	0.0137886	2.43067	1.96547	40.4276
224	0.0155431	2.42632	1.95957	40.4684
225	0.0166682	2.42208	1.96606	40.5097
226	0.0205782	2.41813	1.9671	40.551
227	0.0235984	2.4144	1.99335	40.5941
228	0.0326678	2.4113	2.01334	40.6385
229	0.0350825	2.40838	2.01021	40.6827
230	0.0389066	2.40574	2.00347	40.7265
231	0.0375419	2.40303	2.00047	40.7701
232	0.0385199	2.40041	1.97628	40.8121
233	0.0446047	2.39821	1.97817	40.8542
234	0.0524243	2.39653	1.96549	40.8955
235	0.0490991	2.39466	1.95079	40.9358
236	0.0418741	2.39234	1.94225	40.9756
237	0.0440344	2.39018	1.95	41.016
238	0.0434478	2.388	1.94465	41.056
239	0.0483515	2.38615	1.94756	41.0961
240	0.0581513	2.38496	1.94382	41.1361
241	0.0667777	2.38433	1.95324	41.1767
242	0.0764366	2.38433	1.96761	41.2182
243	0.0752561	2.38427	1.95743	41.259
244	0.0748796	2.38419	1.97074	41.3007
245	0.0659157	2.38356	1.99391	41.3439
246	0.0585986	2.38247	2.00004	41.3875
247	0.0587104	2.3814	1.98659	41.4302
248	0.0604509	2.38045	2.00824	41.4743
249	0.0641955	2.37976	2.02442	41.5193
250	0.0666373	2.37923	2.01004	41.5635
251	0.0597579	2.37828	2.01915	41.6082
252	0.0624249	2.37751	2.04245	41.6544
253	0.0542171	2.37624	2.05608	41.7014
254	0.0494599	2.37469	2.06619	41.749
255	0.0529887	2.37337	2.08241	41.7976
256	0.056108	2.37226	2.07996	41.846
257	0.0532211	2.37098	2.07555	41.8941
258	0.0444361	2.36917	2.09903	41.9437
259	0.045806	2.36746	2.09557	41.9929
260	0.0494725	2.366	2.06623	42.0404
261	0.0536892	2.36481	2.06977	42.088
262	0.0475341	2.36325	2.07463	42.1359
263	0.0401569	2.36125	2.07354	42.1837
264	0.0324585	2.3588	2.09708	42.2329
265	0.0258505	2.35596	2.08221	42.2812
266	0.0213451	2.35287	2.07752	42.3291
267	0.0251468	2.35002	2.08188	42.3773
268	0.0246838	2.34717	2.08184	42.4255
269	0.0271014	2.34448	2.09646	42.4745
270	0.0287834	2.34191	2.10735	42.5241
271	0.0351747	2.33975	2.12651	42.5748
272	0.0324485	2.33743	2.14746	42.6268
273	0.0359975	2.33535	2.12365	42.6773
274	0.0429617	2.3337	2.12723	42.728
275	0.0478125	2.33236	2.14748	42.7798
276	0.041821	2.33067	2.15248	42.8319
277	0.0348853	2.32858	2.17248	42.8851
278	0.0355326	2.32654	2.19456	42.9396
279	0.0337729	2.32441	2.21515	42.9953
280	0.0365273	2.32246	2.2221	43.0513
281	0.0336334	2.32035	2.2262	43.1075
282	0.0320404	2.31817	2.23311	43.1641
283	0.0340118	2.31611	2.24358	43.2212
284	0.0295642	2.31381	2.21466	43.2765
285	0.0253238	2.31127	2.21977	43.3321
286	0.0182131	2.30832	2.22422	43.3879
287	0.0164041	2.30529	2.21134	43.4428
288	0.0140265	2.30214	2.17659	43.4957
289	0.0116211	2.29886	2.14279	43.5465
290	0.00965972	2.29548	2.07756	43.5934
291	0.0129939	2.29232	2.07914	43.6404
292	0.0160951	2.28936	2.073	43.6871
293	0.0133311	2.28625	2.05765	43.7327
294	0.0142565	2.28322	2.04502	43.7777
295	0.0130374	2.28013	2.03135	43.8218
296	0.0159307	2.27722	2.01892	43.8652
297	0.0185522	2.27448	1.99566	43.9072
298	0.0166075	2.27165	2.00187	43.9495
299	0.0174148	2.26887	1.98718	43.991
300	0.0167458	2.26608	1.98591	44.0323
301	0.0146638	2.26318	1.98071	44.0734
302	0.011212	2.2601	1.98554	44.1147
303	0.00992486	2.25696	2.00066	44.1569
304	0.0164912	2.25421	2.02684	44.2006
305	0.0214677	2.25176	2.05226	44.2457
306	0.0253528	2.24954	2.06394	44.2914
307	0.0267484	2.24742	2.08552	44.3383
308	0.0306058	2.24553	2.10892	44.3865
309	0.0313837	2.2437	2.1108	44.4348
310	0.0396681	2.24235	2.13917	44.4846
311	0.041105	2.24109	2.12946	44.5339
312	0.0394764	2.23974	2.12422	44.5828
313	0.0412658	2.23851	2.09383	44.6299
314	0.0451226	2.2375	2.08521	44.6766
315	0.0584663	2.23726	2.09489	44.7237
316	0.0642538	2.23734	2.07303	44.7696
317	0.0652674	2.23748	2.06281	44.8148
318	0.0669534	2.23773	2.05844	44.8598
319	0.0697688	2.23813	2.04203	44.9039
320	0.0600757	2.238	2.05073	44.9484
321	0.0547782	2.23758	2.05018	44.9928
322	0.0521148	2.23702	2.03153	45.0362
323	0.0490023	2.2363	2.01134	45.0784
324	0.0530577	2.2358	2.01671	45.1209
325	0.0586352	2.23562	2.02812	45.164
326	0.062112	2.23564	2.04159	45.2079
327	0.0706203	2.23614	2.06404	45.2529
328	0.0655705	2.23636	2.07569	45.2986
329	0.068995	2.23677	2.08505	45.3447
330	0.0801702	2.2378	2.11391	45.3924
331	0.0834297	2.23901	2.11724	45.4402
332	0.08685	2.2404	2.07593	45.4857
333	0.0859384	2.24175	2.05619	45.5301
334	0.0814719	2.24286	2.06897	45.5752
335	0.0752398	2.24363	2.09238	45.6215
336	0.0668365	2.24394	2.10568	45.6685
337	0.0638467	2.2441	2.11048	45.7157
338	0.0622914	2.24417	2.1211	45.7634
339	0.0620043	2.24424	2.12525	45.8114
340	0.0640327	2.24442	2.12668	45.8594
341	0.0630001	2.24454	2.13379	45.9077
342	0.0638198	2.24472	2.14365	45.9565
343	0.060799	2.24474	2.15861	46.006
344	0.0550643	2.24445	2.17035	46.0562
345	0.0503413	2.24392	2.17311	46.1064
346	0.0501104	2.24338	2.17495	46.1567
347	0.0519378	2.24294	2.18765	46.2077
348	0.0578374	2.24283	2.19285	46.2588
349	0.0508142	2.24234	2.21537	46.3111
350	0.0496385	2.2418	2.2338	46.3644
351	0.0510736	2.24134	2.2502	46.4184
352	0.0502442	2.24084	2.26477	46.4732
353	0.0522483	2.24046	2.26885	46.5281
354	0.0560262	2.24028	2.28349	46.5837
355	0.0636025	2.24051	2.28803	46.6395
356	0.0738392	2.24128	2.30531	46.6962
357	0.0808271	2.24242	2.31386	46.7532
358	0.0855062	2.24381	2.33081	46.8111
359	0.0864635	2.24525	2.33507	46.8691
360	0.0917869	2.24697	2.34749	46.9277
361	0.0978757	2.24901	2.3576	46.9868
362	0.10552	2.25145	2.36215	47.046
363	0.110687	2.25416	2.37471	47.1058
364	0.106755	2.25666	2.36558	47.1651
365	0.0970472	2.25865	2.35794	47.2238
366	0.0893734	2.26023	2.36012	47.2827
367	0.082733	2.26148	2.36411	47.3416
368	0.0804175	2.2626	2.34373	47.3994
369	0.0828239	2.26385	2.34699	47.4574
370	0.0831729	2.26511	2.34375	47.5151
371	0.083445	2.2664	2.33367	47.5722
372	0.0830036	2.26766	2.31888	47.6284
373	0.0871445	2.26913	2.32407	47.6849
374	0.09053	2.27078	2.31096	47.7406
375	0.0952053	2.27267	2.30405	47.7959
376	0.0965025	2.27463	2.3032	47.8511
377	0.100352	2.27678	2.25363	47.9037
378	0.104419	2.27914	2.26681	47.9569
379	0.107387	2.28165	2.26482	48.01
380	0.10571	2.28407	2.24741	48.0621
381	0.105726	2.28648	2.2118	48.1123
382	0.108128	2.28902	2.19921	48.1619
383	0.11252	2.29178	2.17746	48.2102
384	0.109471	2.29438	2.17292	48.2584
385	0.104557	2.29673	2.18497	48.307
386	0.102626	2.29898	2.18438	48.3556
387	0.100887	2.30114	2.18068	48.404
388	0.0989151	2.3032	2.17719	48.4522
389	0.099249	2.30527	2.16936	48.4999
390	0.0991611	2.30733	2.15092	48.5466
391	0.0966249	2.30927	2.14495	48.593
392	0.0928572	2.31102	2.1451	48.6394
393	0.0864766	2.31244	2.14967	48.6859
394	0.0896908	2.31403	2.13024	48.7315
395	0.0934297	2.3158	2.13796	48.7774
396	0.0945078	2.31763	2.14338	48.8235
397	0.0919588	2.31932	2.14849	48.8698
398	0.0946838	2.32116	2.16606	48.917
399	0.0952761	2.32302	2.1698	48.9643
400	0.0959406	2.32491	2.17943	49.0121
401	0.103836	2.3272	2.19066	49.0604
402	0.109926	2.32979	2.20778	49.1094
403	0.115718	2.33266	2.21446	49.1588
404	0.116501	2.33556	2.22531	49.2087
405	0.109614	2.33813	2.24536	49.2595
406	0.10759	2.34059	2.25478	49.3107
407	0.10539	2.34293	2.26951	49.3626
408	0.102054	2.34512	2.27458	49.4147
409	0.105258	2.34745	2.27582	49.4668
410	0.102328	2.34964	2.28742	49.5194
411	0.10173	2.3518	2.2978	49.5725
412	0.0996153	2.35386	2.30997	49.6261
413	0.0951742	2.35569	2.31815	49.6801
414	0.0896324	2.35725	2.32783	49.7345
415	0.0839569	2.35854	2.33634	49.7892
416	0.080653	2.35966	2.32479	49.8433
417	0.0768426	2.36059	2.33653	49.898
418	0.0722842	2.36131	2.33768	49.9526
419	0.0654713	2.3617	2.35273	50.0079
420	0.0607365	2.36185	2.35556	50.0633
421	0.061337	2.36204	2.35702	50.1187
422	0.0643127	2.36238	2.35076	50.1737
423	0.0569198	2.36236	2.36062	50.2292
424	0.0554681	2.36227	2.36169	50.2846
425	0.0589294	2.36235	2.36219	50.34
426	0.0596113	2.36247	2.35509	50.395
427	0.0578665	2.36251	2.34727	50.4495
428	0.0598467	2.36265	2.3579	50.5046
429	0.0575648	2.36268	2.33623	50.5585
430	0.0544637	2.36257	2.3225	50.6117
431	0.0519302	2.36233	2.30385	50.6639
432	0.0539879	2.3622	2.28702	50.7153
433	0.0547273	2.36211	2.28216	50.7664
434	0.0522102	2.3619	2.27697	50.8172
435	0.0463088	2.36141	2.28133	50.8681
436	0.0389575	2.36057	2.28519	50.9192
437	0.0373015	2.35966	2.27754	50.9699
438	0.0380655	2.35879	2.2658	51.0199
439	0.0376029	2.35791	2.27605	51.0705
440	0.0367815	2.35699	2.28536	51.1214
441	0.0315628	2.35583	2.28742	51.1723
442	0.0275996	2.35448	2.28635	51.2231
443	0.0266327	2.3531	2.27064	51.2732
444	0.0216289	2.35148	2.27564	51.3234
445	0.0145751	2.34954	2.29737	51.3747
446	0.00778836	2.34729	2.32323	51.4271
447	0.0012875	2.34473	2.34014	51.4802
448	0.00313781	2.34227	2.33547	51.5331
449	0.0049111	2.3399	2.33357	51.5858
450	0.00873861	2.33773	2.32273	51.6379
451	0.0112617	2.33567	2.31815	51.6898
452	0.0143362	2.33377	2.31055	51.7413
453	0.0138186	2.33185	2.30991	51.7927
454	0.0165446	2.33007	2.30835	51.844
455	0.0154084	2.32824	2.31025	51.8953
456	0.0147499	2.32639	2.31299	51.9467
457	0.0178341	2.32468	2.32116	51.9984
458	0.018977	2.32304	2.31152	52.0496
459	0.0147922	2.32121	2.29736	52.1002
460	0.0074746	2.31904	2.29401	52.1505
461	0.00421654	2.31673	2.27899	52.2
462	0.00296197	2.31437	2.27256	52.2493
463	0.00802549	2.31226	2.2763	52.2986
464	0.0111431	2.31029	2.2861	52.3484
465	0.00678849	2.30813	2.29803	52.3986
466	0.00803811	2.30603	2.29591	52.4487
467	0.00676052	2.30389	2.30312	52.4991
468	0.00603526	2.30171	2.30754	52.5497
469	0.00792092	2.29963	2.3167	52.6006
470	0.0077591	2.29755	2.31817	52.6516
471	0.00644019	2.29542	2.31593	52.7024
472	0.00673258	2.2933	2.30896	52.7528
473	0.00568021	2.29115	2.30216	52.8029
474	-4.05799e-05	2.28874	2.30908	52.8532
475	-0.00403698	2.28615	2.31329	52.9037
476	-0.00595599	2.28349	2.31118	52.9541
477	-0.00563554	2.28085	2.30912	53.0043
478	-0.00370182	2.2783	2.31048	53.0545
479	-0.00349923	2.27577	2.30252	53.1043
480	-0.00479525	2.27319	2.297	53.1538
481	-0.00939517	2.27041	2.30145	53.2035
482	-0.0102455	2.2676	2.30601	53.2533
483	-0.00689924	2.26495	2.31482	53.3035
484	-0.002096	2.26252	2.32318	53.354
485	-0.00394947	2.26002	2.32439	53.4045
486	-0.00678855	2.25739	2.32781	53.4551
487	-0.00645294	2.25479	2.31672	53.5052
488	-0.00379976	2.25232	2.2962	53.5543
489	-0.0036457	2.24986	2.28729	53.603
490	-0.00319353	2.24743	2.26925	53.6508
491	-0.00293937	2.24501	2.23518	53.697
492	-0.00202461	2.24265	2.23193	53.7431
493	0.000409371	2.2404	2.23331	53.7891
494	0.00453455	2.23834	2.24182	53.8355
495	0.00644538	2.23638	2.24241	53.8819
496	0.00935372	2.23455	2.22464	53.9275
497	0.0138877	2.23294	2.21526	53.9726
498	0.0141765	2.23134	2.22393	54.0181
499	0.0126861	2.22967	2.23631	54.064
500	0.0116075	2.22797	2.24037	54.1102
501	0.0137197	2.22637	2.24998	54.1567
502	0.0176624	2.22494	2.2625	54.2037
503	0.0178781	2.22353	2.25577	54.2504
504	0.0179725	2.22214	2.25913	54.2972
505	0.0154391	2.22063	2.25943	54.344
506	0.0155052	2.21913	2.26156	54.3908
507	0.0144018	2.21759	2.26958	54.4379
508	0.0175603	2.21619	2.28069	54.4855
509	0.0209986	2.21495	2.2831	54.5332
510	0.0255106	2.21391	2.2794	54.5806
511	0.0309857	2.21312	2.27306	54.6278
512	0.0353744	2.21253	2.27757	54.6751
513	0.0356715	2.21195	2.28025	54.7224
514	0.0375846	2.21146	2.28665	54.77
515	0.0355447	2.21088	2.29109	54.8178
516	0.0312775	2.21012	2.29635	54.8658
517	0.0327886	2.20943	2.29666	54.9137
518	0.0356761	2.20887	2.29686	54.9616
519	0.0426164	2.20862	2.29546	55.0094
520	0.0435496	2.20841	2.28538	55.0567
521	0.0439154	2.20822	2.27652	55.1036
522	0.0419137	2.20794	2.25513	55.1495
523	0.0408352	2.20762	2.24575	55.195
524	0.0382096	2.20718	2.25355	55.2407
525	0.0372735	2.20671	2.25861	55.2867
526	0.0359532	2.20619	2.26712	55.333
527	0.0338812	2.20557	2.27674	55.3796
528	0.032397	2.2049	2.2785	55.4263
529	0.0308626	2.20416	2.27971	55.4731
530	0.0288541	2.20334	2.25471	55.5186
531	0.0267218	2.20243	2.25951	55.5644
532	0.027	2.20153	2.26394	55.6103
533	0.0310575	2.20082	2.27013	55.6565
534	0.0331476	2.2002	2.27127	55.7026
535	0.035055	2.19966	2.28232	55.7492
536	0.0307749	2.19894	2.28909	55.7961
537	0.0287295	2.19814	2.27367	55.8422
538	0.0275405	2.19729	2.26649	55.8881
539	0.0255654	2.19635	2.25529	55.9333
540	0.023165	2.19532	2.25489	55.9786
541	0.0223602	2.19426	2.24869	56.0235
542	0.0203763	2.19311	2.25792	56.0688
543	0.0179881	2.19187	2.2605	56.1142
544	0.0136374	2.19045	2.26492	56.1597
545	0.0105904	2.1889	2.27289	56.2055
546	0.00898197	2.18728	2.27736	56.2515
547	0.00797798	2.18563	2.27808	56.2975
548	0.00679889	2.18393	2.27209	56.3431
549	0.00358857	2.1821	2.28051	56.3891
550	0.000678227	2.18015	2.28711	56.4354
551	-0.00364661	2.17803	2.29367	56.4819
552	-0.000591651	2.17604	2.29836	56.5285
553	0.00375903	2.17423	2.30305	56.5753
554	0.00154524	2.17234	2.3043	56.6222
555	-0.000748986	2.17036	2.30259	56.6689
556	-0.000968328	2.16837	2.29164	56.7151
557	0.000233102	2.16644	2.28493	56.761
558	0.0027975	2.16463	2.28362	56.8068
559	0.00611312	2.16295	2.29735	56.8531
560	0.00731532	2.16134	2.30576	56.8998
561	0.00441368	2.1596	2.3093	56.9465
562	0.00387405	2.15785	2.30518	56.9931
563	0.00543097	2.15617	2.28066	57.0386
564	0.00675363	2.15455	2.26964	57.0836
565	0.00914694	2.15303	2.26398	57.1283
566	0.0107593	2.15159	2.26841	57.1732
567	0.0114517	2.15017	2.27448	57.2183
568	0.0114212	2.14877	2.27918	57.2635
569	0.00933618	2.14727	2.28959	57.3092
570	0.00593785	2.14565	2.29028	57.3548
571	0.00373827	2.14393	2.29098	57.4004
572	0.00344321	2.1422	2.29616	57.4463
573	0.00450197	2.14053	2.28864	57.4917
574	0.00705529	2.13896	2.25821	57.5359
575	0.00663529	2.13738	2.24607	57.5795
576	0.00251449	2.13564	2.24099	57.6229
577	0.00083421	2.13383	2.22557	57.6656
578	-0.000963628	2.13195	2.21752	57.708
579	-0.00365699	2.12996	2.21846	57.7503
580	-0.00551657	2.1279	2.21306	57.7924
581	-0.0066962	2.1258	2.2149	57.8345
582	-0.00613816	2.12372	2.20583	57.8763
583	-0.00432135	2.12173	2.18711	57.9172
584	-0.000967032	2.11988	2.18523	57.9581
585	0.0026876	2.11818	2.18864	57.999
586	0.00423841	2.11656	2.18873	58.0399
587	0.00662025	2.11503	2.17846	58.0804
588	0.00745676	2.11355	2.18552	58.1211
589	0.00769162	2.11207	2.18452	58.1618
590	0.00707624	2.11058	2.19053	58.2027
591	0.00722515	2.1091	2.20045	58.244
592	0.00744143	2.10762	2.20462	58.2854
593	0.00998853	2.10626	2.21444	58.3271
594	0.0130835	2.10503	2.22265	58.3692
595	0.0133199	2.10381	2.22756	58.4115
596	0.0134262	2.1026	2.22143	58.4535
597	0.0157572	2.10149	2.2238	58.4955
598	0.0165084	2.10041	2.22469	58.5376
599	0.0177189	2.09939	2.22484	58.5796
600	0.0166418	2.09832	2.21728	58.6213
601	0.0157131	2.09722	2.20602	58.6625
602	0.0159761	2.09613	2.18882	58.703
603	0.0127465	2.09492	2.17619	58.7429
604	0.013662	2.09374	2.16278	58.7823
605	0.0144352	2.0926	2.13609	58.8206
606	0.014329	2.09146	2.12759	58.8585
607	0.0134358	2.09029	2.12574	58.8963
608	0.0175859	2.08929	2.13149	58.9343
609	0.0194592	2.08836	2.12878	58.9721
610	0.017804	2.08738	2.12575	59.0099
611	0.0195874	2.08647	2.12816	59.0477
612	0.0178915	2.08549	2.13223	59.0856
613	0.0175054	2.0845	2.13262	59.1236
614	0.0185406	2.08355	2.13579	59.1616
615	0.0196686	2.08265	2.13952	59.1998
616	0.0178856	2.08169	2.14142	59.238
617	0.0188318	2.08076	2.1442	59.2763
618	0.0236435	2.08003	2.1552	59.315
619	0.024303	2.07933	2.16615	59.3542
620	0.0241272	2.07863	2.16716	59.3934
621	0.0259395	2.078	2.15481	59.432
622	0.0258168	2.07737	2.15418	59.4706
623	0.0270625	2.07679	2.15567	59.5092
624	0.0271574	2.07621	2.15835	59.5479
625	0.0281772	2.07568	2.16274	59.5868
626	0.0317934	2.0753	2.17008	59.6259
627	0.0323924	2.07494	2.17941	59.6654
628	0.0327843	2.0746	2.18994	59.7053
629	0.0353049	2.07436	2.1933	59.7453
630	0.0326953	2.07402	2.17921	59.7847
631	0.0329309	2.07369	2.16838	59.8236
632	0.0318822	2.07332	2.16018	59.8622
633	0.0303795	2.07289	2.16882	59.9011
634	0.0315458	2.07251	2.17116	59.9401
635	0.0337348	2.07222	2.17309	59.9792
636	0.0359362	2.07202	2.17678	60.0183
637	0.0409117	2.07201	2.17873	60.0575
638	0.0401139	2.07198	2.17895	60.0967
639	0.0432636	2.07207	2.18968	60.1363
640	0.0492685	2.0724	2.20325	60.1764
641	0.0491883	2.07273	2.21	60.2167
642	0.0501855	2.0731	2.21258	60.2572
643	0.0472199	2.07335	2.2223	60.2979
644	0.0503678	2.07373	2.22883	60.3389
645	0.0505088	2.07411	2.22002	60.3796
646	0.0493092	2.07444	2.22061	60.4202
647	0.0512671	2.07486	2.21361	60.4605
648	0.051623	2.07529	2.20769	60.5006
649	0.0562772	2.0759	2.21397	60.5409
650	0.0564557	2.07652	2.21803	60.5813
651	0.0552345	2.07709	2.20618	60.6212
652	0.0589151	2.0778	2.2055	60.6611
653	0.059241	2.07853	2.20666	60.701
654	0.0598265	2.07928	2.20403	60.7408
655	0.0576669	2.07995	2.20312	60.7805
656	0.0553938	2.08053	2.20937	60.8204
657	0.0559517	2.08113	2.21228	60.8604
658	0.0575067	2.08179	2.20848	60.9003
659	0.0560996	2.08239	2.21004	60.9401
660	0.0548829	2.08295	2.21293	60.9801
661	0.0547182	2.08351	2.21016	61.0199
662	0.0556918	2.0841	2.20014	61.0594
663	0.0581452	2.08479	2.20247	61.0988
664	0.0594391	2.08552	2.18953	61.1378
665	0.0609294	2.08632	2.18898	61.1767
666	0.0587823	2.08703	2.19433	61.2158
667	0.0569774	2.08767	2.19935	61.2551
668	0.0559944	2.08828	2.2033	61.2944
669	0.05523	2.08885	2.20487	61.3339
670	0.0558384	2.08945	2.20841	61.3734
671	0.056247	2.09007	2.20357	61.4127
672	0.0544992	2.09062	2.20169	61.452
673	0.052912	2.0911	2.19427	61.4909
674	0.054639	2.09166	2.19861	61.53
675	0.0602618	2.09243	2.20964	61.5694
676	0.0596321	2.09318	2.21395	61.609
677	0.0600082	2.09394	2.21538	61.6487
678	0.0546476	2.09449	2.21845	61.6884
679	0.0501841	2.09488	2.22048	61.7282
680	0.049423	2.09523	2.21189	61.7676
681	0.0485568	2.09556	2.20033	61.8066
682	0.0492084	2.09591	2.19056	61.8451
683	0.0487585	2.09624	2.15748	61.8824
684	0.0454457	2.09644	2.15916	61.9197
685	0.0436183	2.09658	2.16685	61.9573
686	0.0450985	2.09678	2.17423	61.9951
687	0.0454928	2.09699	2.17719	62.0331
688	0.0499682	2.09737	2.19121	62.0715
689	0.0526927	2.09786	2.19705	62.1102
690	0.0590062	2.09858	2.21557	62.1495
691	0.065758	2.09957	2.23286	62.1895
692	0.0669487	2.1006	2.23882	62.2296
693	0.069833	2.10173	2.24294	62.2699
694	0.0727917	2.10298	2.25253	62.3106
695	0.0724701	2.10422	2.25454	62.3512
696	0.0731156	2.10548	2.25099	62.3918
697	0.0723693	2.10671	2.24761	62.4321
698	0.0737679	2.10799	2.24242	62.4723
699	0.075024	2.10932	2.24665	62.5126
700	0.0752704	2.11066	2.25329	62.5531
701	0.0788142	2.11213	2.25226	62.5935
702	0.0778597	2.11356	2.25039	62.6338
703	0.0742882	2.11486	2.24598	62.674
704	0.0691799	2.11597	2.25255	62.7144
705	0.0701879	2.11711	2.25111	62.7547
706	0.0706895	2.11827	2.24344	62.7946
707	0.0721044	2.11948	2.23481	62.8343
708	0.0692767	2.12059	2.2362	62.8739
709	0.0709307	2.12176	2.22186	62.913
710	0.0731329	2.12301	2.22898	62.9524
711	0.0750442	2.12433	2.23866	62.992
712	0.0789304	2.1258	2.24745	63.032
713	0.0824873	2.12739	2.24316	63.0718
714	0.0852778	2.12909	2.24433	63.1116
715	0.0859691	2.13082	2.24696	63.1515
716	0.081808	2.13239	2.248	63.1914
717	0.0839639	2.13404	2.2501	63.2314
718	0.0856615	2.13575	2.23379	63.2707
719	0.0882304	2.13755	2.23698	63.3101
720	0.0876222	2.13933	2.24452	63.3498
721	0.0859045	2.14105	2.24989	63.3896
722	0.0873595	2.14281	2.25537	63.4297
723	0.0875496	2.14459	2.25331	63.4696
724	0.0876461	2.14636	2.24708	63.5093
725	0.0854071	2.14805	2.2468	63.5489
726	0.0829494	2.14965	2.24646	63.5885
727	0.0803534	2.15115	2.25308	63.6283
728	0.0773979	2.15254	2.25935	63.6683
729	0.0768495	2.15391	2.25888	63.7083
730	0.0758823	2.15525	2.25591	63.7482
731	0.0726317	2.15646	2.25967	63.7881
732	0.073866	2.15771	2.26109	63.8281
733	0.071249	2.15887	2.25704	63.8679
734	0.0685089	2.15993	2.25652	63.9077
735	0.0688417	2.161	2.25754	63.9475
736	0.0699582	2.16211	2.25197	63.9871
737	0.068202	2.16316	2.25877	64.0268
738	0.0678744	2.16419	2.25404	64.0664
739	0.0657799	2.16515	2.25644	64.1061
740	0.0650731	2.16608	2.25973	64.1458
741	0.0649688	2.167	2.2568	64.1854
742	0.0659673	2.16796	2.25867	64.2251
743	0.0669971	2.16896	2.26185	64.2648
744	0.0678774	2.16999	2.26247	64.3046
745	0.0690357	2.17107	2.26169	64.3443
746	0.0695144	2.17216	2.26297	64.384
747	0.0682077	2.1732	2.25825	64.4235
748	0.067051	2.1742	2.25046	64.4627
749	0.0652797	2.17513	2.24298	64.5017
750	0.0642541	2.17603	2.24519	64.5406
751	0.0654195	2.17697	2.25018	64.5798
752	0.0622338	2.17779	2.25127	64.6189
753	0.0610301	2.17857	2.25733	64.6582
754	0.0631285	2.17942	2.25591	64.6975
755	0.0652154	2.18035	2.26283	64.737
756	0.0657969	2.1813	2.26484	64.7766
757	0.0644784	2.18221	2.26673	64.8162
758	0.0644648	2.18311	2.27013	64.8558
759	0.0661399	2.18407	2.26734	64.8954
760	0.0655988	2.18501	2.25631	64.9345
761	0.0652115	2.18594	2.25254	64.9735
762	0.0631478	2.1868	2.24405	65.0122
763	0.058402	2.18748	2.24795	65.0509
764	0.0581135	2.18815	2.2491	65.0897
765	0.0553079	2.18872	2.25329	65.1287
766	0.0571314	2.18936	2.26129	65.1678
767	0.0554829	2.18993	2.26562	65.2072
768	0.0562036	2.19054	2.25462	65.246
769	0.0573461	2.19118	2.25275	65.2849
770	0.0571361	2.19182	2.25654	65.3238
771	0.0596825	2.19254	2.25612	65.3626
772	0.0617187	2.19335	2.25483	65.4015
773	0.0621046	2.19416	2.22648	65.4392
774	0.064458	2.19506	2.20865	65.4763
775	0.0641682	2.19595	2.19897	65.5131
776	0.0657704	2.1969	2.19451	65.5496
777	0.0694249	2.19797	2.20106	65.5864
778	0.0683897	2.19901	2.20573	65.6233
779	0.0691967	2.20008	2.20955	65.6604
780	0.0693085	2.20115	2.21651	65.6976
781	0.067785	2.20217	2.21781	65.7349
782	0.0701761	2.20327	2.22528	65.7725
783	0.0711133	2.2044	2.22959	65.8101
784	0.0703033	2.20551	2.2325	65.8479
785	0.0685247	2.20655	2.23547	65.8857
786	0.0674185	2.20755	2.22764	65.9233
787	0.0664276	2.20852	2.22655	65.9607
788	0.0657503	2.20946	2.22458	65.9981
789	0.0670196	2.21044	2.22548	66.0355
790	0.0650443	2.21136	2.22352	66.0728
791	0.0626795	2.21219	2.2299	66.1103
792	0.0624853	2.21301	2.23496	66.148
793	0.0618496	2.21382	2.23722	66.1858
794	0.061247	2.21459	2.23889	66.2235
795	0.0623599	2.21541	2.2408	66.2613
796	0.0631172	2.21626	2.23484	66.2989
797	0.0630655	2.2171	2.23816	66.3366
798	0.0604341	2.21785	2.24236	66.3744
799	0.058006	2.21852	2.24367	66.4122
800	0.0552043	2.21908	2.24627	66.4501
801	0.0558965	2.21968	2.24202	66.4879
802	0.0558293	2.22026	2.23906	66.5255
803	0.0564881	2.22087	2.24474	66.5633
804	0.0574231	2.22152	2.24862	66.6012
805	0.058063	2.22219	2.25279	66.6392
806	0.0592788	2.2229	2.25207	66.6772
807	0.0618511	2.2237	2.2559	66.7152
808	0.0604698	2.22445	2.25463	66.7533
809	0.0603369	2.22519	2.25546	66.7913
810	0.0612477	2.22597	2.25269	66.8292
811	0.0626697	2.2268	2.25318	66.8671
812	0.064968	2.22771	2.25481	66.9051
813	0.0664382	2.22867	2.24915	66.9428
814	0.0673523	2.22966	2.23445	66.98
815	0.0684539	2.23069	2.22305	67.0168
816	0.0696319	2.23176	2.21298	67.0532
817	0.0700051	2.23285	2.20754	67.0893
818	0.0719875	2.234	2.2118	67.1257
819	0.0727012	2.23518	2.19504	67.1614
820	0.0731973	2.23637	2.18337	67.1967
821	0.0733641	2.23757	2.18297	67.2319
822	0.0731731	2.23876	2.18189	67.2671
823	0.0721855	2.23991	2.18249	67.3023
824	0.0740335	2.24113	2.18163	67.3375
825	0.073243	2.24232	2.18003	67.3726
826	0.0731291	2.24351	2.17163	67.4073
827	0.0708472	2.24462	2.17194	67.4421
828	0.0695904	2.24568	2.17542	67.477
829	0.0700124	2.24676	2.17416	67.5118
830	0.0674068	2.24774	2.17844	67.5467
831	0.0651574	2.24865	2.17787	67.5816
832	0.0617624	2.24944	2.18236	67.6167
833	0.0594771	2.25015	2.18406	67.6518
834	0.0570181	2.25078	2.18552	67.6869
835	0.0556754	2.25136	2.19052	67.7221
836	0.054906	2.25191	2.19175	67.7574
837	0.0539152	2.25243	2.19922	67.793
838	0.0552294	2.253	2.19717	67.8284
839	0.0549541	2.25355	2.17774	67.8632
840	0.053159	2.25404	2.17071	67.8977
841	0.0517092	2.25449	2.17137	67.9322
842	0.0538532	2.25501	2.17487	67.9668
843	0.0543761	2.25554	2.1793	68.0015
844	0.0577119	2.25619	2.18733	68.0365
845	0.0573507	2.25683	2.1863	68.0715
846	0.0562659	2.25743	2.18639	68.1064
847	0.05409	2.25796	2.1846	68.1412
848	0.0525868	2.25843	2.18692	68.1762
849	0.051641	2.25888	2.1883	68.2111
850	0.0510257	2.2593	2.18818	68.246
851	0.0508294	2.25971	2.19209	68.2811
852	0.0506203	2.26012	2.19256	68.3161
853	0.0522514	2.26059	2.2002	68.3514
854	0.0525743	2.26106	2.20693	68.3869
855	0.0504688	2.26147	2.21355	68.4226
856	0.0511702	2.2619	2.22183	68.4586
857	0.0508841	2.26232	2.22316	68.4946
858	0.0507378	2.26273	2.22489	68.5306
859	0.048	2.26305	2.23049	68.5668
860	0.0461263	2.26331	2.23573	68.6032
861	0.0452897	2.26354	2.23731	68.6396
862	0.0432346	2.2637	2.2346	68.6758
863	0.0397426	2.26374	2.23204	68.712
864	0.0378779	2.26372	2.23141	68.7482
865	0.0357874	2.26363	2.21514	68.7837
866	0.0337599	2.26347	2.21469	68.8193
867	0.0328806	2.26329	2.2123	68.8547
868	0.0304653	2.26302	2.20765	68.89
869	0.0268859	2.26263	2.21644	68.9255
870	0.0255271	2.2622	2.21235	68.9609
871	0.0238226	2.26171	2.20343	68.996
872	0.0238947	2.26122	2.19745	69.0308
873	0.0238426	2.26073	2.19636	69.0656
874	0.0241639	2.26026	2.1936	69.1003
875	0.0229658	2.25975	2.19035	69.1349
876	0.0184823	2.25908	2.19571	69.1696
877	0.0165543	2.25836	2.20098	69.2045
878	0.0154945	2.25759	2.19565	69.2391
879	0.0139238	2.25678	2.19334	69.2737
880	0.012166	2.25591	2.191	69.3082
881	0.0113203	2.25502	2.19462	69.3428
882	0.0129333	2.25417	2.19452	69.3774
883	0.0126743	2.25333	2.196	69.412
884	0.01329	2.2525	2.18368	69.4462
885	0.0131085	2.25167	2.18582	69.4804
886	0.0125171	2.25082	2.18548	69.5146
887	0.0123421	2.24997	2.18212	69.5487
888	0.0115423	2.24909	2.18246	69.5828
889	0.0114557	2.24821	2.17636	69.6166
890	0.0121517	2.24736	2.17817	69.6505
891	0.0148107	2.2466	2.17275	69.6842
892	0.0136362	2.2458	2.1659	69.7177
893	0.0126219	2.24496	2.16462	69.7511
894	0.0121719	2.24412	2.169	69.7846
895	0.0110054	2.24323	2.1731	69.8183
896	0.0124684	2.2424	2.17488	69.852
897	0.0139485	2.24162	2.1756	69.8857
898	0.0143013	2.24085	2.17577	69.9193
899	0.0168565	2.24017	2.17381	69.9529
900	0.0174246	2.2395	2.16651	69.9863
901	0.0167331	2.23882	2.16857	70.0197
902	0.0149622	2.23808	2.17054	70.0532
903	0.0130823	2.23728	2.17487	70.0867
904	0.0127886	2.23647	2.17635	70.1203
905	0.0125451	2.23565	2.17261	70.1538
906	0.0125749	2.23484	2.17068	70.1872
907	0.0121942	2.23401	2.17204	70.2206
908	0.0100514	2.23312	2.17017	70.254
909	0.00884588	2.23218	2.173	70.2874
910	0.00954048	2.23128	2.17609	70.3209
911	0.00972471	2.23038	2.1711	70.3543
912	0.00939899	2.22947	2.16993	70.3875
913	0.0087038	2.22854	2.17017	70.4208
914	0.00871794	2.22761	2.17186	70.4541
915	0.00648113	2.22661	2.17217	70.4874
916	0.00450547	2.22554	2.17239	70.5207
917	0.00660797	2.22455	2.17173	70.554
918	0.00651957	2.22355	2.17623	70.5874
919	0.00663491	2.22257	2.17941	70.6209
920	0.00509288	2.22153	2.18213	70.6544
921	0.00600033	2.22052	2.1777	70.6878
922	0.00593696	2.21951	2.17382	70.7211
923	0.00810379	2.21858	2.17742	70.7544
924	0.00788707	2.21764	2.17165	70.7876
925	0.00844966	2.21672	2.1668	70.8205
926	0.00908619	2.21583	2.16529	70.8535
927	0.00958716	2.21495	2.16692	70.8864
928	0.00940222	2.21407	2.16682	70.9193
929	0.00943993	2.21319	2.167	70.9523
930	0.00965663	2.21231	2.1709	70.9853
931	0.00810405	2.21139	2.17624	71.0185
932	0.00701175	2.21044	2.17365	71.0516
933	0.00876162	2.20954	2.17437	71.0847
934	0.00947682	2.20867	2.17554	71.1178
935	0.0108737	2.20785	2.17236	71.1508
936	0.013309	2.20711	2.16999	71.1837
937	0.0157651	2.20644	2.17142	71.2167
938	0.019935	2.20592	2.17904	71.2499
939	0.022365	2.20548	2.17917	71.283
940	0.0236372	2.20508	2.18086	71.3162
941	0.0248733	2.20472	2.17669	71.3493
942	0.0266796	2.20442	2.18338	71.3826
943	0.0271536	2.20413	2.18636	71.4159
944	0.0261905	2.20382	2.18994	71.4494
945	0.0259975	2.2035	2.19507	71.483
946	0.0267052	2.20321	2.19842	71.5166
947	0.0263557	2.2029	2.1948	71.5502
948	0.0262312	2.20259	2.19755	71.5838
949	0.0254822	2.20226	2.20073	71.6175
950	0.0249543	2.20191	2.20253	71.6513
951	0.0239285	2.20153	2.20172	71.685
952	0.0241707	2.20116	2.19712	71.7186
953	0.024592	2.2008	2.19471	71.752
954	0.0248663	2.20046	2.19902	71.7856
955	0.0247324	2.2001	2.19658	71.8191
956	0.0241508	2.19974	2.19877	71.8527
957	0.0254131	2.19941	2.20233	71.8863
958	0.0244876	2.19905	2.20461	71.92
959	0.0260359	2.19875	2.20783	71.9538
960	0.0286943	2.19853	2.21276	71.9877
961	0.0308265	2.19838	2.21857	72.0218
962	0.0326881	2.1983	2.21845	72.0559
963	0.0324047	2.1982	2.21925	72.09
964	0.0302207	2.19803	2.2162	72.124
965	0.0290392	2.19783	2.21507	72.1579
966	0.0295955	2.19765	2.21276	72.1918
967	0.0299969	2.19748	2.21148	72.2256
968	0.0333689	2.19741	2.20891	72.2592
969	0.0326707	2.19733	2.2047	72.2928
970	0.029915	2.19716	2.20474	72.3263
971	0.0276959	2.19692	2.20178	72.3597
972	0.0263488	2.19663	2.20112	72.3931
973	0.0259401	2.19634	2.19902	72.4264
974	0.0270842	2.19608	2.1993	72.4597
975	0.0282894	2.19586	2.19912	72.4929
976	0.0284971	2.19565	2.20299	72.5263
977	0.0305666	2.1955	2.19985	72.5595
978	0.02934	2.19532	2.18712	72.5924
979	0.0278094	2.19509	2.18436	72.6251
980	0.0291319	2.1949	2.17869	72.6577
981	0.0291111	2.19471	2.17881	72.6902
982	0.0320387	2.19462	2.18463	72.7229
983	0.034338	2.1946	2.19174	72.7558
984	0.0337747	2.19456	2.19706	72.7889
985	0.0327898	2.19449	2.20378	72.8221
986	0.0348436	2.19449	2.2094	72.8555
987	0.0345078	2.19448	2.20537	72.8888
988	0.0351656	2.19449	2.20932	72.9222
989	0.0325735	2.19441	2.1984	72.9553
990	0.030496	2.19428	2.18864	72.988
991	0.0279564	2.19406	2.19352	73.0208
992	0.0263707	2.19379	2.19401	73.0537
993	0.0258305	2.19351	2.18602	73.0862
994	0.0262648	2.19324	2.18991	73.1189
995	0.0270532	2.193	2.19276	73.1517
996	0.0257638	2.19271	2.19663	73.1846
997	0.025921	2.19243	2.18963	73.2172
998	0.0266661	2.19218	2.19087	73.2499
999	0.026885	2.19194	2.18941	73.2825
1000	0.026681	2.19168	2.18539	73.3149
1001	0.0279314	2.19147	2.18305	73.3473
1002	0.027945	2.19126	2.18524	73.3797
1003	0.026782	2.19102	2.18517	73.4122
1004	0.0252972	2.19073	2.18604	73.4446
1005	0.0255991	2.19044	2.18475	73.477
1006	0.0251055	2.19015	2.18298	73.5093
1007	0.0230359	2.18979	2.18705	73.5417
1008	0.0231627	2.18943	2.18613	73.574
1009	0.0223972	2.18905	2.18561	73.6064
1010	0.0213801	2.18864	2.18714	73.6388
1011	0.0215059	2.18824	2.18639	73.6711
1012	0.0216154	2.18784	2.18465	73.7034
1013	0.0226531	2.18747	2.18431	73.7356
1014	0.0231355	2.18712	2.18899	73.768
1015	0.0217043	2.18673	2.19398	73.8005
1016	0.0210863	2.18631	2.19983	73.8332
1017	0.0200288	2.18587	2.20422	73.866
1018	0.0198247	2.18542	2.19254	73.8985
1019	0.0215355	2.18502	2.19624	73.931
1020	0.0215887	2.18463	2.19395	73.9634
1021	0.021047	2.18422	2.19877	73.996
1022	0.0196053	2.18376	2.20145	74.0287
1023	0.0216848	2.18337	2.19953	74.0613
1024	0.0209531	2.18296	2.19811	74.0938
1025	0.0192875	2.1825	2.19278	74.1261
1026	0.0185815	2.18202	2.19537	74.1585
1027	0.0163877	2.18147	2.1978	74.191
1028	0.0155572	2.1809	2.19374	74.2233
1029	0.0152114	2.18031	2.18617	74.2554
1030	0.0152804	2.17973	2.18063	74.2873
1031	0.0154259	2.17916	2.18021	74.3192
1032	0.013549	2.17852	2.18349	74.3511
1033	0.0139812	2.1779	2.17638	74.3829
1034	0.013539	2.17727	2.17039	74.4144
1035	0.0137732	2.17665	2.17469	74.446
1036	0.0136073	2.17603	2.17795	74.4778
1037	0.0142629	2.17542	2.17632	74.5094
1038	0.014206	2.17481	2.17609	74.5411
1039	0.0142756	2.17421	2.17481	74.5727
1040	0.0109271	2.17351	2.17925	74.6044
1041	0.0098036	2.17277	2.17397	74.6359
1042	0.0099736	2.17204	2.16336	74.6671
1043	0.00880319	2.17127	2.16595	74.6984
1044	0.00802055	2.17048	2.15652	74.7294
1045	0.00727095	2.16967	2.14632	74.76
1046	0.00612519	2.16882	2.14094	74.7905
1047	0.00551704	2.16796	2.13737	74.8208
1048	0.00391179	2.16705	2.13456	74.851
1049	0.00217165	2.16608	2.13913	74.8814
1050	0.00425552	2.16518	2.14457	74.9119
1051	0.00428672	2.16429	2.14699	74.9425
1052	0.00303063	2.16335	2.1414	74.9729
1053	0.00404884	2.16245	2.14392	75.0034
1054	0.00333582	2.16153	2.14631	75.0339
1055	0.00381059	2.16062	2.14709	75.0644
1056	0.0041644	2.15973	2.14553	75.0949
1057	0.00387335	2.15883	2.14484	75.1254
1058	0.00481305	2.15796	2.14193	75.1557
1059	0.00642323	2.15714	2.14472	75.1861
1060	0.00724304	2.15635	2.14658	75.2166
1061	0.0103987	2.15565	2.14737	75.2471
1062	0.0102955	2.15495	2.14121	75.2773
1063	0.00970671	2.15424	2.13966	75.3075
1064	0.00995228	2.15353	2.13736	75.3377
1065	0.0108877	2.15286	2.1351	75.3677
1066	0.0116464	2.1522	2.13374	75.3977
1067	0.012284	2.15157	2.13521	75.4278
1068	0.0123709	2.15095	2.13033	75.4576
1069	0.0126109	2.15033	2.12963	75.4875
1070	0.0145478	2.14977	2.12843	75.5173
1071	0.0142475	2.1492	2.13017	75.5471
1072	0.0131768	2.1486	2.12673	75.5768
1073	0.0130561	2.148	2.12406	75.6064
1074	0.0119362	2.14737	2.11866	75.6359
1075	0.0123386	2.14675	2.11401	75.6652
1076	0.012301	2.14612	2.10886	75.6943
1077	0.0104784	2.14545	2.1105	75.7235
1078	0.010904	2.14479	2.10861	75.7526
1079	0.011216	2.14414	2.11101	75.7817
1080	0.012195	2.14352	2.11518	75.811
1081	0.0136142	2.14294	2.11802	75.8404
1082	0.0151162	2.14241	2.1186	75.8697
1083	0.0125157	2.1418	2.12628	75.8993
1084	0.0125674	2.1412	2.12227	75.9287
1085	0.0125463	2.14059	2.11905	75.9581
1086	0.0142725	2.14004	2.11312	75.9872
1087	0.0174889	2.13959	2.11461	76.0164
1088	0.0198868	2.13921	2.11295	76.0455
1089	0.0213664	2.13888	2.11368	76.0747
1090	0.0200886	2.1385	2.11195	76.1037
1091	0.0186212	2.13809	2.11412	76.1329
1092	0.0155394	2.13758	2.10853	76.1618
1093	0.0140909	2.13703	2.10153	76.1905
1094	0.0137664	2.13647	2.09984	76.2192
1095	0.0128743	2.13589	2.10139	76.2479
1096	0.0141769	2.13534	2.10497	76.2767
1097	0.014047	2.13479	2.10805	76.3056
1098	0.0131082	2.13422	2.1087	76.3344
1099	0.0142243	2.13368	2.11182	76.3634
1100	0.0133017	2.13311	2.11558	76.3925
1101	0.014969	2.13259	2.11707	76.4216
1102	0.0157101	2.1321	2.11773	76.4507
1103	0.0172386	2.13165	2.11973	76.4799
1104	0.0171478	2.1312	2.11833	76.509
1105	0.0159417	2.13072	2.1209	76.5382
1106	0.0167098	2.13026	2.12309	76.5674
1107	0.0161916	2.12979	2.12714	76.5968
1108	0.0156933	2.1293	2.12993	76.6262
1109	0.0154584	2.1288	2.13304	76.6557
1110	0.0163275	2.12834	2.13643	76.6853
1111	0.0177846	2.12791	2.14378	76.7151
1112	0.0174478	2.12748	2.14911	76.745
1113	0.0154747	2.12699	2.14884	76.775
1114	0.0128589	2.12642	2.15256	76.805
1115	0.0121312	2.12583	2.15556	76.8351
1116	0.0110721	2.12521	2.15691	76.8652
1117	0.011072	2.12459	2.15798	76.8954
1118	0.0102392	2.12395	2.15753	76.9255
1119	0.0111657	2.12334	2.15625	76.9556
1120	0.010844	2.12271	2.15603	76.9857
1121	0.0105429	2.12208	2.15411	77.0157
1122	0.0107536	2.12146	2.15709	77.0457
1123	0.0112131	2.12085	2.16219	77.0759
1124	0.0119677	2.12027	2.16395	77.1062
1125	0.0112366	2.11966	2.1657	77.1365
1126	0.0119319	2.11908	2.16388	77.1667
1127	0.0116608	2.11848	2.16676	77.197
1128	0.010628	2.11786	2.16958	77.2274
1129	0.0106908	2.11724	2.17235	77.2579
1130	0.0113964	2.11665	2.1729	77.2883
1131	0.011549	2.11606	2.1712	77.3187
1132	0.013322	2.11552	2.17093	77.3491
1133	0.0123552	2.11495	2.17338	77.3795
1134	0.0109137	2.11435	2.1749	77.41
1135	0.00976007	2.1137	2.17393	77.4404
1136	0.00813474	2.11302	2.17757	77.4709
1137	0.00768594	2.11232	2.17821	77.5014
1138	0.00780443	2.11162	2.1722	77.5318
1139	0.0118741	2.11105	2.17448	77.5621
1140	0.014956	2.11057	2.17687	77.5926
1141	0.0161878	2.11012	2.17882	77.6231
1142	0.0173956	2.10971	2.17909	77.6536
1143	0.0186021	2.10934	2.17815	77.684
1144	0.0208213	2.10904	2.18135	77.7146
1145	0.0204301	2.10872	2.18182	77.7451
1146	0.0209024	2.10842	2.17993	77.7756
1147	0.020607	2.10811	2.1793	77.806
1148	0.0210904	2.10781	2.17988	77.8365
1149	0.0196692	2.10748	2.18029	77.8669
1150	0.0186497	2.10711	2.18301	77.8974
1151	0.0180588	2.10673	2.1799	77.9278
1152	0.0166495	2.10631	2.18148	77.9583
1153	0.0156427	2.10585	2.18421	77.9888
1154	0.0141735	2.10536	2.18773	78.0194
1155	0.0139745	2.10486	2.18702	78.05
1156	0.0133544	2.10434	2.18795	78.0806
1157	0.0117049	2.10378	2.18628	78.1111
1158	0.0121797	2.10323	2.18384	78.1415
1159	0.0133295	2.10272	2.17476	78.1717
1160	0.0118701	2.10216	2.16729	78.2016
1161	0.0110821	2.10158	2.17013	78.2316
1162	0.0116454	2.10102	2.17009	78.2616
1163	0.0123644	2.10048	2.17409	78.2917
1164	0.0127402	2.09995	2.17808	78.3219
1165	0.0134792	2.09945	2.17611	78.3521
1166	0.0144172	2.09897	2.17511	78.3822
1167	0.0159008	2.09854	2.17848	78.4124
1168	0.0158285	2.0981	2.17998	78.4426
1169	0.0159657	2.09767	2.16536	78.4724
1170	0.0159142	2.09724	2.15903	78.5019
1171	0.0159678	2.09681	2.15548	78.5314
1172	0.0157881	2.09638	2.15185	78.5607
1173	0.0159308	2.09595	2.14976	78.59
1174	0.0155853	2.09552	2.14966	78.6193
1175	0.016085	2.0951	2.15259	78.6486
1176	0.0166802	2.09469	2.15417	78.678
1177	0.0176332	2.09432	2.15989	78.7075
1178	0.0189267	2.09398	2.16096	78.7371
1179	0.0216979	2.09373	2.16082	78.7666
1180	0.0226452	2.0935	2.1566	78.796
1181	0.0221242	2.09326	2.15279	78.8253
1182	0.0225148	2.09303	2.15067	78.8545
1183	0.0245164	2.09286	2.15042	78.8837
1184	0.0249262	2.0927	2.14974	78.9129
1185	0.025126	2.09254	2.14748	78.9419
1186	0.0251103	2.09239	2.1447	78.9709
1187	0.0266755	2.09229	2.14781	79
1188	0.0274916	2.0922	2.14901	79.0291
1189	0.0252448	2.09206	2.1535	79.0583
1190	0.0236199	2.09186	2.15688	79.0876
1191	0.0231694	2.09166	2.16066	79.117
1192	0.0223073	2.09143	2.16053	79.1464
1193	0.021731	2.09118	2.15034	79.1755
1194	0.0207994	2.09091	2.1465	79.2045
1195	0.0185163	2.09057	2.14936	79.2335
1196	0.0168178	2.09018	2.14907	79.2625
1197	0.016412	2.08978	2.14927	79.2915
1198	0.015965	2.08937	2.14613	79.3204
1199	0.0140113	2.08891	2.14986	79.3494
1200	0.0120152	2.08839	2.15473	79.3786
1201	0.00975893	2.0878	2.15832	79.4078
1202	0.00863465	2.08718	2.15864	79.437
1203	0.0084996	2.08656	2.16043	79.4663
1204	0.0106854	2.086	2.1599	79.4955
1205	0.0118844	2.08548	2.15983	79.5248
1206	0.01352	2.085	2.16488	79.5541
1207	0.0118326	2.08448	2.16753	79.5836
1208	0.0107683	2.08393	2.16957	79.613
1209	0.0096801	2.08335	2.16337	79.6423
1210	0.00804209	2.08272	2.16442	79.6716
1211	0.0058972	2.08203	2.16755	79.701
1212	0.00445619	2.0813	2.16639	79.7304
1213	0.00280212	2.08052	2.1664	79.7597
1214	0.00344158	2.07977	2.16145	79.7889
1215	0.00372398	2.07902	2.15433	79.8178
1216	0.00519191	2.07831	2.15089	79.8467
1217	0.00612953	2.07764	2.14385	79.8753
1218	0.0075312	2.077	2.14327	79.904
1219	0.008622	2.0764	2.14603	79.9327
1220	0.00889128	2.0758	2.14572	79.9613
1221	0.0117072	2.07529	2.15468	79.9902
1222	0.0129356	2.07481	2.14953	80.019
1223	0.0106476	2.07427	2.15339	80.0479
1224	0.0099447	2.0737	2.15846	80.0768
1225	0.00890466	2.07311	2.15327	80.1057
1226	0.0101644	2.07256	2.15618	80.1346
1227	0.00795333	2.07194	2.16071	80.1636
1228	0.0080611	2.07133	2.16053	80.1926
1229	0.00667139	2.07068	2.16093	80.2216
1230	0.00636019	2.07002	2.15605	80.2505
1231	0.00676223	2.06937	2.15316	80.2793
1232	0.00748275	2.06875	2.15462	80.3081
1233	0.00710196	2.06811	2.148	80.3367
1234	0.00852155	2.06752	2.14024	80.365
1235	0.00872712	2.06693	2.13268	80.3932
1236	0.00959208	2.06637	2.11735	80.4209
1237	0.00883029	2.06578	2.11051	80.4484
1238	0.00899224	2.06521	2.10641	80.4758
1239	0.00920018	2.06463	2.10276	80.503
1240	0.00930469	2.06407	2.09931	80.5302
1241	0.00973804	2.06351	2.09575	80.5572
1242	0.0117093	2.06302	2.09358	80.5842
1243	0.0129335	2.06255	2.09515	80.6112
1244	0.0139209	2.06212	2.0967	80.6382
1245	0.0139827	2.06169	2.09757	80.6653
1246	0.014451	2.06127	2.09741	80.6924
1247	0.0146041	2.06086	2.09952	80.7195
1248	0.0149779	2.06046	2.09806	80.7465
1249	0.0144871	2.06004	2.09815	80.7735
1250	0.0160139	2.05967	2.10255	80.8007
1251	0.0182914	2.05937	2.10674	80.828
1252	0.0198213	2.05911	2.11021	80.8553
1253	0.0213224	2.05889	2.10933	80.8826
1254	0.0227237	2.05871	2.11144	80.91
1255	0.0240174	2.05857	2.11325	80.9374
1256	0.0228632	2.05839	2.11849	80.965
1257	0.0222971	2.05821	2.12334	80.9927
1258	0.0239317	2.05806	2.12898	81.0205
1259	0.0244817	2.05794	2.12528	81.0482
1260	0.0259489	2.05785	2.12133	81.0758
1261	0.0276363	2.05781	2.12467	81.1035
1262	0.0283838	2.0578	2.12238	81.1311
1263	0.0284878	2.05779	2.1228	81.1587
1264	0.0280822	2.05776	2.12158	81.1863
1265	0.0279533	2.05774	2.12528	81.2139
1266	0.0300173	2.05777	2.12909	81.2417
1267	0.0294481	2.05778	2.13045	81.2695
1268	0.0302405	2.05782	2.13085	81.2973
1269	0.0315671	2.0579	2.12786	81.325
1270	0.0330381	2.05801	2.13194	81.3528
1271	0.034172	2.05816	2.13409	81.3806
1272	0.0346204	2.05832	2.13472	81.4085
1273	0.0355644	2.05851	2.13529	81.4364
1274	0.0366007	2.05873	2.13393	81.4642
1275	0.0375125	2.05897	2.13666	81.4921
1276	0.0379075	2.05923	2.13562	81.5199
1277	0.0382885	2.05949	2.13892	81.5479
1278	0.0386154	2.05977	2.14079	81.5758
1279	0.0393543	2.06006	2.1389	81.6038
1280	0.0390739	2.06035	2.13745	81.6316
1281	0.0387036	2.06063	2.13383	81.6594
1282	0.0400173	2.06094	2.13504	81.6871
1283	0.0409446	2.06128	2.13526	81.7149
1284	0.0421418	2.06166	2.13295	81.7426
1285	0.043371	2.06207	2.13252	81.7703
1286	0.0444669	2.0625	2.12993	81.7979
1287	0.0446919	2.06295	2.13481	81.8256
1288	0.0441579	2.06338	2.13776	81.8534
1289	0.0446323	2.06382	2.14227	81.8813
1290	0.0445497	2.06426	2.14318	81.9093
1291	0.0437572	2.06468	2.14442	81.9372
1292	0.0434235	2.06509	2.14566	81.9652
1293	0.0400927	2.06541	2.15114	81.9933
1294	0.039263	2.0657	2.14608	82.0213
1295	0.0395595	2.066	2.14491	82.0492
1296	0.0380904	2.06626	2.14701	82.0772
1297	0.0351426	2.06644	2.1535	82.1054
1298	0.0343038	2.0666	2.15548	82.1336
1299	0.0348698	2.06677	2.1595	82.1619
1300	0.0356431	2.06697	2.16337	82.1903
1301	0.0379718	2.06722	2.16649	82.2187
1302	0.0384158	2.0675	2.1674	82.2472
1303	0.038285	2.06776	2.16605	82.2757
1304	0.037627	2.06801	2.1651	82.3041
1305	0.0368689	2.06824	2.15902	82.3323
1306	0.0375277	2.06849	2.15432	82.3604
1307	0.0394834	2.06879	2.15472	82.3885
1308	0.0412251	2.06914	2.15455	82.4166
1309	0.0421811	2.06951	2.15356	82.4446
1310	0.0432239	2.06992	2.15293	82.4726
1311	0.0451597	2.07038	2.15602	82.5007
1312	0.0448618	2.07083	2.15835	82.5288
1313	0.0451877	2.07128	2.15881	82.557
1314	0.0467499	2.07179	2.16318	82.5852
1315	0.0483577	2.07233	2.16885	82.6136
1316	0.0487607	2.07289	2.16985	82.6421
1317	0.0486971	2.07344	2.16685	82.6704
1318	0.0489196	2.074	2.1657	82.6987
1319	0.0494564	2.07458	2.16207	82.7269
1320	0.0485913	2.07513	2.15796	82.7549
1321	0.0491207	2.0757	2.15831	82.783
1322	0.0493272	2.07627	2.15389	82.8109
1323	0.0511696	2.07689	2.15599	82.8389
1324	0.0522763	2.07754	2.15715	82.8669
1325	0.0508044	2.07816	2.16197	82.895
1326	0.0493855	2.07873	2.16437	82.9232
1327	0.0463985	2.07922	2.17423	82.9516
1328	0.0478042	2.07975	2.17641	82.9801
1329	0.048813	2.0803	2.18092	83.0087
1330	0.0491855	2.08087	2.18545	83.0374
1331	0.0498557	2.08146	2.18903	83.0662
1332	0.049569	2.08203	2.18706	83.095
1333	0.0483583	2.08258	2.18768	83.1237
1334	0.0476639	2.0831	2.18681	83.1524
1335	0.0468867	2.0836	2.18902	83.1812
1336	0.0452524	2.08406	2.1914	83.21
1337	0.0440225	2.08449	2.19284	83.2389
1338	0.0448254	2.08493	2.18526	83.2675
1339	0.0442667	2.08536	2.18188	83.296
1340	0.043363	2.08577	2.17827	83.3244
1341	0.0422035	2.08615	2.17827	83.3528
1342	0.0413179	2.0865	2.17427	83.3811
1343	0.0423565	2.08688	2.17705	83.4095
1344	0.0421126	2.08725	2.17939	83.4379
1345	0.0415749	2.08761	2.17295	83.4661
1346	0.0417236	2.08797	2.1704	83.4943
1347	0.0414364	2.08832	2.16941	83.5224
1348	0.0420156	2.08869	2.16478	83.5504
1349	0.0419603	2.08906	2.16444	83.5783
1350	0.0419066	2.08943	2.16498	83.6063
1351	0.0415143	2.08978	2.1703	83.6344
1352	0.0405862	2.09012	2.17523	83.6626
1353	0.0389806	2.0904	2.1792	83.691
1354	0.0397818	2.09071	2.18118	83.7193
1355	0.0390708	2.091	2.18109	83.7477
1356	0.0383876	2.09127	2.18467	83.7761
1357	0.0390001	2.09156	2.18614	83.8046
1358	0.0383013	2.09183	2.18246	83.833
1359	0.0390413	2.09212	2.18336	83.8613
1360	0.0394422	2.09242	2.17861	83.8896
1361	0.0395309	2.09272	2.17959	83.9178
1362	0.0387917	2.09301	2.17326	83.9459
1363	0.0380051	2.09327	2.17399	83.974
1364	0.0383224	2.09354	2.17465	84.0021
1365	0.0361567	2.09375	2.1784	84.0303
1366	0.0358402	2.09396	2.17899	84.0585
1367	0.0368657	2.09419	2.17935	84.0867
1368	0.0375685	2.09444	2.1797	84.1149
1369	0.0366744	2.09466	2.18103	84.1431
1370	0.0369403	2.0949	2.17886	84.1712
1371	0.0378259	2.09516	2.17556	84.1993
1372	0.0397938	2.09547	2.17952	84.2275
1373	0.0401241	2.09579	2.17997	84.2556
1374	0.041638	2.09615	2.18401	84.2839
1375	0.0428748	2.09654	2.18528	84.3121
1376	0.0446613	2.09698	2.18767	84.3405
1377	0.0452846	2.09744	2.1879	84.3688
1378	0.0442687	2.09787	2.18521	84.3971
1379	0.0430014	2.09827	2.18603	84.4253
1380	0.0427096	2.09866	2.18452	84.4535
1381	0.0435084	2.09907	2.18355	84.4817
1382	0.0451105	2.09953	2.18301	84.5099
1383	0.0457312	2.1	2.1804	84.5379
1384	0.0456992	2.10047	2.18188	84.566
1385	0.0446065	2.10091	2.1703	84.5938
1386	0.0436505	2.10132	2.16259	84.6214
1387	0.0439808	2.10175	2.16341	84.649
1388	0.0431487	2.10215	2.16693	84.6766
1389	0.0430228	2.10255	2.16226	84.7042
1390	0.0426729	2.10293	2.15757	84.7316
1391	0.0415895	2.10329	2.15527	84.7589
1392	0.0412633	2.10364	2.15267	84.7862
1393	0.0403606	2.10397	2.1543	84.8134
1394	0.0384827	2.10425	2.15821	84.8408
1395	0.0381846	2.10451	2.15982	84.8682
1396	0.0405951	2.10485	2.15745	84.8956
1397	0.0414096	2.1052	2.14777	84.9227
1398	0.0424616	2.10559	2.14319	84.9496
1399	0.0439323	2.10601	2.14507	84.9766
1400	0.0439568	2.10643	2.13857	85.0034
1401	0.0418165	2.1068	2.14186	85.0303
1402	0.0417193	2.10716	2.14149	85.0571
1403	0.0408861	2.1075	2.14108	85.084
1404	0.0401566	2.10782	2.13243	85.1106
1405	0.03888	2.10811	2.13173	85.1372
1406	0.0385509	2.10839	2.12932	85.1637
1407	0.0392066	2.10868	2.12898	85.1902
1408	0.0373606	2.10893	2.13044	85.2167
1409	0.0367953	2.10916	2.13147	85.2432
1410	0.0373328	2.10941	2.13221	85.2698
1411	0.0361138	2.10962	2.13206	85.2963
1412	0.0347319	2.1098	2.13631	85.323
1413	0.0340461	2.10996	2.14025	85.3497
1414	0.0336597	2.11011	2.14114	85.3765
1415	0.0334327	2.11025	2.14127	85.4032
1416	0.0339185	2.11041	2.14322	85.43
1417	0.0346841	2.11059	2.14447	85.4568
1418	0.0343389	2.11075	2.14495	85.4837
1419	0.0336489	2.1109	2.14774	85.5106
1420	0.0347252	2.11108	2.14842	85.5375
1421	0.0354705	2.11128	2.15111	85.5644
1422	0.0352444	2.11147	2.15082	85.5914
1423	0.034798	2.11165	2.15238	85.6183
1424	0.0353197	2.11185	2.15209	85.6453
1425	0.0348009	2.11203	2.15219	85.6723
1426	0.0343474	2.1122	2.1516	85.6992
1427	0.035209	2.11239	2.15375	85.7262
1428	0.0353109	2.11259	2.1543	85.7532
1429	0.0349171	2.11277	2.15432	85.7802
1430	0.0364143	2.113	2.14992	85.807
1431	0.0371755	2.11324	2.14501	85.8337
1432	0.0371536	2.11348	2.14353	85.8604
1433	0.0362921	2.11371	2.14403	85.8871
1434	0.0375567	2.11396	2.14291	85.9137
1435	0.038675	2.11425	2.14166	85.9403
1436	0.0364511	2.11447	2.143	85.9669
1437	0.0351818	2.11466	2.14613	85.9936
1438	0.0353603	2.11486	2.14961	86.0204
1439	0.0347729	2.11504	2.15104	86.0472
1440	0.0349198	2.11523	2.14874	86.074
1441	0.0355752	2.11543	2.14917	86.1007
1442	0.0346929	2.11561	2.14819	86.1274
1443	0.0335448	2.11576	2.15113	86.1542
1444	0.0310674	2.11585	2.15962	86.1812
1445	0.0289119	2.11588	2.16607	86.2084
1446	0.0264609	2.11584	2.17138	86.2357
1447	0.0241661	2.11575	2.17795	86.2631
1448	0.0239151	2.11565	2.17395	86.2905
1449	0.0230125	2.11552	2.17836	86.3179
1450	0.0217936	2.11536	2.18217	86.3455
1451	0.0221756	2.11522	2.18478	86.373
1452	0.023149	2.1151	2.18687	86.4007
1453	0.0246775	2.11502	2.19006	86.4284
1454	0.0262785	2.11498	2.19402	86.4562
1455	0.0281371	2.11499	2.19588	86.4841
1456	0.0286872	2.11502	2.19574	86.5119
1457	0.0297891	2.11507	2.1953	86.5397
1458	0.0297258	2.11512	2.19595	86.5676
1459	0.0297858	2.11518	2.1977	86.5954
1460	0.0313908	2.11528	2.20037	86.6234
1461	0.0328463	2.11541	2.20146	86.6513
1462	0.033463	2.11557	2.20053	86.6792
1463	0.0330422	2.11571	2.2035	86.7072
1464	0.0314378	2.11581	2.20184	86.7351
1465	0.0295182	2.11586	2.19744	86.7629
1466	0.0287792	2.11589	2.19792	86.7907
1467	0.027982	2.1159	2.19947	86.8186
1468	0.0269254	2.11588	2.20159	86.8465
1469	0.0259829	2.11584	2.20127	86.8743
1470	0.0274674	2.11583	2.20387	86.9023
1471	0.0283795	2.11585	2.20309	86.9302
1472	0.0286848	2.11588	2.20455	86.9581
1473	0.0287795	2.11592	2.20631	86.9861
1474	0.0289961	2.11595	2.20719	87.014
1475	0.0273795	2.11595	2.20971	87.0421
1476	0.0269109	2.11593	2.21107	87.0701
1477	0.0260608	2.1159	2.21045	87.0982
1478	0.0264465	2.11587	2.21159	87.1262
1479	0.0275238	2.11587	2.2102	87.1542
1480	0.0265052	2.11584	2.21389	87.1823
1481	0.0274963	2.11584	2.21223	87.2104
1482	0.0278051	2.11585	2.20617	87.2383
1483	0.0274993	2.11585	2.19878	87.266
1484	0.0279174	2.11587	2.19568	87.2935
1485	0.0260195	2.11583	2.19922	87.3212
1486	0.025002	2.11577	2.20006	87.3489
1487	0.022833	2.11565	2.2017	87.3766
1488	0.0207496	2.11547	2.2045	87.4044
1489	0.019027	2.11526	2.20544	87.4322
1490	0.0181695	2.11502	2.20587	87.46
1491	0.0171886	2.11476	2.20377	87.4878
1492	0.0164442	2.11447	2.20908	87.5156
1493	0.0167907	2.1142	2.21353	87.5436
1494	0.0165864	2.11392	2.21291	87.5715
1495	0.0167128	2.11365	2.2083	87.5994
1496	0.016136	2.11336	2.20774	87.6272
1497	0.0167047	2.11309	2.20246	87.6548
1498	0.0169853	2.11282	2.20211	87.6825
1499	0.0174825	2.11257	2.19937	87.71
1500	0.0178358	2.11232	2.19484	87.7374
1501	0.0166926	2.11205	2.19534	87.7649
1502	0.0145558	2.11172	2.19539	87.7923
1503	0.0136543	2.11138	2.19334	87.8197
1504	0.0131814	2.11101	2.19226	87.847
1505	0.0111496	2.1106	2.19261	87.8743
1506	0.00960719	2.11015	2.19112	87.9016
1507	0.00859615	2.10967	2.18986	87.9289
1508	0.0088786	2.1092	2.18517	87.956
1509	0.0102647	2.10877	2.1815	87.983
1510	0.0110831	2.10835	2.17906	88.0099
1511	0.0112659	2.10795	2.17344	88.0367
1512	0.0121246	2.10756	2.17169	88.0634
1513	0.0131646	2.1072	2.16433	88.09
1514	0.0127488	2.10684	2.15899	88.1164
1515	0.0109958	2.10642	2.15686	88.1427
1516	0.012128	2.10604	2.1552	88.169
1517	0.0122803	2.10566	2.15451	88.1952
1518	0.0147401	2.10535	2.14672	88.2213
1519	0.0161686	2.10507	2.14474	88.2473
1520	0.016039	2.10479	2.14316	88.2732
1521	0.0155501	2.1045	2.14448	88.2992
1522	0.0159922	2.10422	2.14585	88.3252
1523	0.0163416	2.10395	2.14721	88.3512
1524	0.0160265	2.10367	2.1487	88.3772
1525	0.0168599	2.10341	2.15154	88.4033
1526	0.0155591	2.10312	2.15112	88.4294
1527	0.0140677	2.10279	2.15157	88.4555
1528	0.0143103	2.10247	2.15486	88.4817
1529	0.014493	2.10215	2.15896	88.508
1530	0.0146858	2.10184	2.16089	88.5343
1531	0.0149515	2.10154	2.15587	88.5605
1532	0.0152697	2.10124	2.15229	88.5866
1533	0.0152484	2.10095	2.15078	88.6126
1534	0.0171862	2.1007	2.15184	88.6387
1535	0.0187102	2.1005	2.15188	88.6647
1536	0.0189371	2.10029	2.15178	88.6908
1537	0.0171912	2.10005	2.15362	88.7168
1538	0.0166898	2.09979	2.15494	88.7429
1539	0.0154924	2.09951	2.15745	88.7691
1540	0.0162943	2.09924	2.15295	88.7951
1541	0.0166024	2.09898	2.15067	88.8211
1542	0.0164545	2.09872	2.14624	88.847
1543	0.0164819	2.09846	2.14835	88.8729
1544	0.015254	2.09817	2.14816	88.8987
1545	0.0133269	2.09783	2.15302	88.9248
1546	0.0127875	2.09748	2.15402	88.9508
1547	0.0140218	2.09716	2.15581	88.9768
1548	0.0149127	2.09686	2.15571	89.0029
1549	0.0141395	2.09654	2.15053	89.0288
1550	0.012947	2.0962	2.14607	89.0546
1551	0.0133418	2.09586	2.14039	89.0802
1552	0.0141426	2.09554	2.14035	89.1058
1553	0.0148689	2.09525	2.13886	89.1314
1554	0.015857	2.09498	2.14183	89.1571
1555	0.0151525	2.09469	2.14599	89.1828
1556	0.0148571	2.09439	2.15011	89.2087
1557	0.0141305	2.09408	2.15176	89.2346
1558	0.0154083	2.0938	2.15424	89.2605
1559	0.0155474	2.09352	2.15663	89.2865
1560	0.0153619	2.09324	2.15918	89.3125
1561	0.0150298	2.09295	2.15843	89.3386
1562	0.0155862	2.09267	2.15937	89.3646
1563	0.0144017	2.09237	2.16129	89.3907
1564	0.0132211	2.09203	2.16445	89.4168
1565	0.0134215	2.09171	2.16643	89.443
1566	0.0138624	2.09139	2.16728	89.4692
1567	0.0150569	2.0911	2.16713	89.4954
1568	0.0162429	2.09085	2.17157	89.5217
1569	0.0162366	2.09059	2.17305	89.548
1570	0.0158029	2.09032	2.17515	89.5744
1571	0.0167469	2.09008	2.17826	89.6009
1572	0.0169833	2.08985	2.18166	89.6274
1573	0.0169329	2.08961	2.18053	89.6539
1574	0.0187594	2.08942	2.18592	89.6805
1575	0.0212445	2.08929	2.19307	89.7073
1576	0.0221625	2.08919	2.19569	89.7341
1577	0.0231364	2.08911	2.19649	89.761
1578	0.0229257	2.08902	2.19704	89.7878
1579	0.0224821	2.08893	2.19575	89.8147
1580	0.0228321	2.08884	2.19476	89.8414
1581	0.0236728	2.08878	2.1913	89.8681
1582	0.0225882	2.08868	2.19352	89.8949
1583	0.0220605	2.08858	2.19296	89.9216
1584	0.0227057	2.08849	2.19415	89.9483
1585	0.0231013	2.08841	2.19531	89.9751
1586	0.0229542	2.08833	2.19602	90.0019
1587	0.0232713	2.08826	2.19612	90.0286
1588	0.0225	2.08817	2.19607	90.0554
1589	0.0220826	2.08806	2.1886	90.082
1590	0.0224	2.08797	2.18972	90.1086
1591	0.021851	2.08786	2.19417	90.1352
1592	0.0216764	2.08775	2.19673	90.162
1593	0.0233403	2.08768	2.20193	90.1888
1594	0.0238458	2.08762	2.20436	90.2158
1595	0.0242487	2.08757	2.20769	90.2428
1596	0.0234076	2.08751	2.2119	90.2699
1597	0.0226637	2.08742	2.21576	90.297
1598	0.0218457	2.08731	2.21925	90.3243
1599	0.0217721	2.08721	2.22332	90.3516
1600	0.0225454	2.08712	2.224	90.379
1601	0.0232422	2.08705	2.22237	90.4063
1602	0.0237594	2.08699	2.22395	90.4337
1603	0.0246948	2.08696	2.22608	90.4611
1604	0.024797	2.08692	2.22649	90.4884
1605	0.0229374	2.08685	2.23051	90.5159
1606	0.0237328	2.08679	2.22856	90.5433
1607	0.0245461	2.08675	2.22344	90.5706
1608	0.0250288	2.08673	2.22299	90.5979
1609	0.0247042	2.0867	2.22418	90.6252
1610	0.0239847	2.08665	2.22103	90.6524
1611	0.0244371	2.08661	2.21693	90.6795
1612	0.0253901	2.08659	2.21609	90.7066
1613	0.0250945	2.08657	2.20943	90.7335
1614	0.0252946	2.08656	2.20648	90.7603
1615	0.0234644	2.08649	2.2081	90.7871
1616	0.0223781	2.08641	2.20802	90.8139
1617	0.0220044	2.08631	2.20804	90.8408
1618	0.0217547	2.0862	2.20654	90.8675
1619	0.0218349	2.0861	2.20755	90.8943
1620	0.0220181	2.08601	2.20829	90.9212
1621	0.0226105	2.08592	2.20699	90.9479
1622	0.0234002	2.08586	2.20843	90.9747
1623	0.0228798	2.08579	2.20956	91.0015
1624	0.0216681	2.08568	2.20938	91.0283
1625	0.0209335	2.08556	2.21073	91.0552
1626	0.0202863	2.08542	2.21321	91.082
1627	0.0196116	2.08527	2.21375	91.1089
1628	0.0189694	2.0851	2.21136	91.1358
1629	0.0187664	2.08493	2.2105	91.1625
1630	0.0194264	2.08477	2.20885	91.1893
1631	0.0201933	2.08463	2.20872	91.216
1632	0.020372	2.0845	2.21023	91.2428
1633	0.02087	2.08437	2.21249	91.2696
1634	0.0206569	2.08425	2.21458	91.2965
1635	0.0208354	2.08413	2.21552	91.3233
1636	0.0206717	2.084	2.2103	91.3501
1637	0.0208855	2.08388	2.20596	91.3767
1638	0.02129	2.08377	2.20418	91.4032
1639	0.0220175	2.08368	2.2028	91.4298
1640	0.022931	2.08361	2.1969	91.4561
1641	0.0227518	2.08354	2.19536	91.4825
1642	0.0221545	2.08345	2.19147	91.5087
1643	0.0218681	2.08336	2.18856	91.5348
1644	0.0228271	2.08329	2.19115	91.561
1645	0.0232398	2.08323	2.19322	91.5873
1646	0.0232452	2.08317	2.19256	91.6135
1647	0.0230006	2.0831	2.19311	91.6397
1648	0.0228132	2.08303	2.19556	91.666
1649	0.0225695	2.08296	2.19589	91.6923
1650	0.0217713	2.08286	2.19415	91.7185
1651	0.022154	2.08278	2.19725	91.7448
1652	0.0229798	2.08271	2.19783	91.7711
1653	0.0236219	2.08266	2.19839	91.7974
1654	0.0238687	2.08262	2.19681	91.8237
1655	0.0253826	2.08261	2.20065	91.85
1656	0.0238888	2.08257	2.20274	91.8764
1657	0.0238652	2.08253	2.2015	91.9027
1658	0.0231153	2.08247	2.19701	91.929
1659	0.0230531	2.08241	2.19209	91.9551
1660	0.022526	2.08234	2.1935	91.9812
1661	0.0226511	2.08227	2.19392	92.0074
1662	0.0235438	2.08222	2.18764	92.0334
1663	0.0230032	2.08216	2.18183	92.0592
1664	0.022233	2.08208	2.18104	92.085
1665	0.0214384	2.08198	2.18336	92.1108
1666	0.0209001	2.08186	2.18555	92.1367
1667	0.0203209	2.08174	2.18556	92.1626
1668	0.0198469	2.0816	2.18637	92.1885
1669	0.0199798	2.08146	2.1888	92.2145
1670	0.0212915	2.08136	2.19412	92.2406
1671	0.0213219	2.08126	2.19753	92.2667
1672	0.0214532	2.08116	2.1967	92.2928
1673	0.022254	2.08109	2.19604	92.3189
1674	0.0223314	2.08101	2.1989	92.3451
1675	0.0223795	2.08094	2.19931	92.3713
1676	0.0226741	2.08087	2.19776	92.3974
1677	0.0231017	2.08082	2.20025	92.4236
1678	0.024678	2.0808	2.20072	92.4498
1679	0.0245241	2.08078	2.20054	92.4759
1680	0.0250137	2.08077	2.20035	92.5021
1681	0.0249093	2.08076	2.2022	92.5283
1682	0.0250576	2.08075	2.20286	92.5545
1683	0.023934	2.08072	2.20019	92.5806
1684	0.0235566	2.08067	2.19632	92.6066
1685	0.0215592	2.08058	2.19719	92.6327
1686	0.0211411	2.08048	2.19432	92.6587
1687	0.0216542	2.08039	2.19	92.6845
1688	0.0218478	2.0803	2.18503	92.7102
1689	0.0228481	2.08025	2.18248	92.7359
1690	0.0224877	2.08018	2.17965	92.7615
1691	0.0223006	2.0801	2.17911	92.787
1692	0.0223748	2.08003	2.17853	92.8126
1693	0.021726	2.07995	2.17941	92.8381
1694	0.0216338	2.07986	2.18064	92.8637
1695	0.0218926	2.07978	2.17935	92.8892
1696	0.0210689	2.07968	2.17342	92.9146
1697	0.0213624	2.07958	2.17273	92.94
1698	0.0225321	2.07952	2.16379	92.9651
1699	0.0225271	2.07945	2.16135	92.9902
1700	0.0230968	2.0794	2.15774	93.0152
1701	0.0222469	2.07933	2.15362	93.0401
1702	0.0228106	2.07927	2.15417	93.0649
1703	0.0236609	2.07924	2.15535	93.0898
1704	0.0231791	2.07919	2.15776	93.1148
1705	0.0244203	2.07917	2.16093	93.1398
1706	0.0244469	2.07915	2.16346	93.1649
1707	0.0239085	2.07912	2.16711	93.1901
1708	0.0235389	2.07908	2.1651	93.2152
1709	0.0226196	2.07902	2.16503	93.2403
1710	0.0230125	2.07897	2.16644	93.2654
1711	0.0219172	2.07889	2.168	93.2905
1712	0.0216024	2.07881	2.1703	93.3158
1713	0.0228963	2.07876	2.17014	93.3409
1714	0.0241506	2.07873	2.16899	93.3661
1715	0.0247772	2.07873	2.17014	93.3913
1716	0.0239768	2.0787	2.16768	93.4164
1717	0.0249959	2.0787	2.16622	93.4415
1718	0.0242922	2.07868	2.16618	93.4665
1719	0.0240211	2.07865	2.16881	93.4917
1720	0.0241735	2.07863	2.16887	93.5168
1721	0.0237959	2.0786	2.16816	93.5419
1722	0.0249346	2.0786	2.1648	93.5669
1723	0.0264428	2.07864	2.16079	93.5918
1724	0.0277251	2.0787	2.15641	93.6166
1725	0.0268117	2.07874	2.15545	93.6413
1726	0.0269339	2.07879	2.15629	93.6661
1727	0.0268849	2.07884	2.15474	93.6908
1728	0.0261107	2.07886	2.15739	93.7156
1729	0.02626	2.07889	2.15816	93.7404
1730	0.0279157	2.07896	2.16194	93.7653
1731	0.028555	2.07905	2.16373	93.7902
1732	0.0287965	2.07914	2.16347	93.8151
1733	0.0296585	2.07925	2.16347	93.84
1734	0.0296367	2.07937	2.16314	93.8649
1735	0.0303195	2.0795	2.16659	93.8899
1736	0.0310594	2.07964	2.1678	93.9148
1737	0.0311443	2.07979	2.16587	93.9398
1738	0.0306739	2.07993	2.15856	93.9645
1739	0.0310579	2.08008	2.15081	93.9891
1740	0.0319126	2.08024	2.14682	94.0135
1741	0.0314821	2.0804	2.1495	94.038
1742	0.0308531	2.08054	2.15154	94.0626
1743	0.0312044	2.08069	2.15155	94.0872
1744	0.0307553	2.08083	2.15188	94.1117
1745	0.030857	2.08098	2.15343	94.1363
1746	0.0316337	2.08114	2.15627	94.1609
1747	0.0339826	2.08135	2.16371	94.1857
1748	0.0355575	2.08161	2.16537	94.2106
1749	0.036987	2.0819	2.16655	94.2355
1750	0.0363173	2.08217	2.16655	94.2603
1751	0.0371635	2.08247	2.16702	94.2852
1752	0.0371316	2.08276	2.16927	94.3101
1753	0.0357826	2.08302	2.17336	94.3351
1754	0.035448	2.08327	2.17379	94.3601
1755	0.0344762	2.0835	2.17579	94.3852
1756	0.0343853	2.08373	2.17421	94.4102
1757	0.0341465	2.08395	2.17282	94.4352
1758	0.0333103	2.08415	2.1725	94.4601
1759	0.0330921	2.08435	2.17144	94.485
1760	0.0319147	2.08452	2.16982	94.5099
1761	0.0310404	2.08467	2.17123	94.5348
1762	0.0316073	2.08483	2.17131	94.5597
1763	0.0310243	2.08498	2.16679	94.5845
1764	0.0290949	2.08508	2.17076	94.6094
1765	0.0284775	2.08517	2.17292	94.6343
1766	0.0283058	2.08525	2.17061	94.6591
1767	0.0280211	2.08533	2.17236	94.684
1768	0.0278575	2.0854	2.17527	94.709
1769	0.0274478	2.08546	2.17672	94.734
1770	0.0265295	2.0855	2.17969	94.759
1771	0.0273377	2.08556	2.18081	94.7841
1772	0.0276	2.08563	2.1817	94.8092
1773	0.0282374	2.08571	2.18028	94.8342
1774	0.0277993	2.08579	2.17715	94.8591
1775	0.0268979	2.08584	2.17876	94.8841
1776	0.0277419	2.08591	2.18081	94.9092
1777	0.0290444	2.08601	2.18532	94.9343
1778	0.0300728	2.08614	2.18518	94.9594
1779	0.0308975	2.08628	2.18664	94.9846
1780	0.0306291	2.08642	2.18649	95.0097
1781	0.0312581	2.08658	2.18599	95.0348
1782	0.0319349	2.08675	2.18183	95.0599
1783	0.0312088	2.08691	2.18213	95.0849
1784	0.0299678	2.08703	2.18036	95.1098
1785	0.0291075	2.08713	2.17901	95.1348
1786	0.0288775	2.08723	2.17953	95.1597
1787	0.0285049	2.08732	2.17935	95.1846
1788	0.0286522	2.08742	2.17711	95.2095
1789	0.0286069	2.08751	2.17443	95.2343
1790	0.029353	2.08762	2.17253	95.259
1791	0.029674	2.08774	2.17283	95.2838
1792	0.0280596	2.08782	2.17319	95.3085
1793	0.0268176	2.08787	2.17237	95.3333
1794	0.0273537	2.08794	2.17376	95.358
1795	0.0262716	2.08798	2.17579	95.3828
1796	0.0264294	2.08802	2.17389	95.4075
1797	0.0262223	2.08806	2.17594	95.4323
1798	0.0268585	2.08811	2.17764	95.4571
1799	0.0276888	2.08818	2.18069	95.482
1800	0.0281125	2.08826	2.18409	95.507
1801	0.0297557	2.08839	2.18527	95.532
1802	0.0292166	2.08849	2.18646	95.5569
1803	0.0291981	2.0886	2.18697	95.5819
1804	0.029649	2.08872	2.1876	95.607
1805	0.0287507	2.08882	2.18872	95.632
1806	0.0283811	2.08891	2.18871	95.657
1807	0.0280063	2.08899	2.18805	95.682
1808	0.0272591	2.08906	2.18776	95.707
1809	0.0274552	2.08912	2.18956	95.732
1810	0.0283479	2.08921	2.19205	95.7571
1811	0.0305733	2.08936	2.19843	95.7823
1812	0.0325034	2.08954	2.20175	95.8076
1813	0.0337771	2.08976	2.20559	95.833
1814	0.033989	2.08998	2.20768	95.8584
1815	0.0334864	2.09019	2.21097	95.8839
1816	0.0335748	2.0904	2.21238	95.9094
1817	0.0332899	2.09061	2.21177	95.9349
1818	0.0323401	2.09079	2.21241	95.9604
1819	0.0323704	2.09098	2.21024	95.9858
1820	0.031331	2.09114	2.20658	96.0112
1821	0.029468	2.09125	2.2104	96.0366
1822	0.0281711	2.09134	2.20978	96.062
1823	0.0278226	2.09142	2.21052	96.0875
1824	0.0282525	2.09151	2.21013	96.1129
1825	0.0276532	2.09158	2.20787	96.1382
1826	0.027891	2.09166	2.20941	96.1636
1827	0.0284169	2.09176	2.20587	96.1889
1828	0.0300361	2.09189	2.20645	96.2142
1829	0.0309743	2.09204	2.20866	96.2395
1830	0.0314191	2.0922	2.21028	96.2649
1831	0.0312364	2.09236	2.21156	96.2903
1832	0.0321746	2.09254	2.21168	96.3157
1833	0.0315675	2.09271	2.21219	96.3411
1834	0.0311725	2.09286	2.21518	96.3665
1835	0.0316399	2.09303	2.21694	96.392
1836	0.0321093	2.09321	2.21824	96.4175
1837	0.0305782	2.09336	2.22285	96.4431
1838	0.0302068	2.09349	2.22566	96.4688
1839	0.0298639	2.09362	2.22872	96.4945
1840	0.0282492	2.09371	2.22901	96.5203
1841	0.0272781	2.09378	2.23125	96.5461
1842	0.0268485	2.09383	2.23154	96.5719
1843	0.0264667	2.09388	2.23353	96.5977
1844	0.0261038	2.09392	2.23407	96.6235
1845	0.0259539	2.09396	2.23241	96.6493
1846	0.0247448	2.09397	2.23398	96.6751
1847	0.0243695	2.09397	2.23262	96.7009
1848	0.0231801	2.09394	2.2318	96.7266
1849	0.0219824	2.09389	2.23492	96.7524
1850	0.0205045	2.0938	2.23604	96.7783
1851	0.0187299	2.09367	2.24044	96.8042
1852	0.0173313	2.09351	2.24369	96.8302
1853	0.0156645	2.09331	2.24604	96.8563
1854	0.0146655	2.09308	2.24855	96.8824
1855	0.0144968	2.09285	2.24507	96.9084
1856	0.0142604	2.09262	2.24632	96.9344
1857	0.0146928	2.0924	2.24845	96.9605
1858	0.0147908	2.09218	2.24961	96.9866
1859	0.0144141	2.09195	2.24958	97.0126
1860	0.0151016	2.09174	2.2487	97.0387
1861	0.0153588	2.09154	2.24791	97.0647
1862	0.0160247	2.09135	2.24688	97.0907
1863	0.016026	2.09116	2.24922	97.1168
1864	0.0149957	2.09094	2.25279	97.1429
1865	0.01474	2.09072	2.25291	97.169
1866	0.0155435	2.09052	2.25151	97.1951
1867	0.0167387	2.09035	2.25242	97.2212
1868	0.0182358	2.09021	2.25147	97.2473
1869	0.0195499	2.09011	2.24949	97.2733
1870	0.0194799	2.09	2.24734	97.2992
1871	0.0193511	2.08989	2.24863	97.3252
1872	0.0192541	2.08978	2.25048	97.3512
1873	0.0188295	2.08965	2.2482	97.3772
1874	0.0190089	2.08953	2.24943	97.4032
1875	0.0195618	2.08943	2.24718	97.4291
1876	0.0197332	2.08933	2.24786	97.455
1877	0.0193719	2.08922	2.24777	97.4809
1878	0.0199985	2.08912	2.24742	97.5068
1879	0.0194557	2.08902	2.24531	97.5327
1880	0.0197394	2.08892	2.24488	97.5585
1881	0.0202924	2.08883	2.23898	97.5842
1882	0.0194438	2.08872	2.242	97.61
1883	0.0199013	2.08863	2.24512	97.6358
1884	0.0204415	2.08855	2.24647	97.6616
1885	0.0199595	2.08845	2.24092	97.6873
1886	0.0191854	2.08834	2.24094	97.713
1887	0.0175291	2.08819	2.23825	97.7387
1888	0.0174103	2.08804	2.23509	97.7642
1889	0.0159128	2.08785	2.23656	97.7898
1890	0.0139248	2.08762	2.23898	97.8154
1891	0.0124594	2.08736	2.23953	97.8411
1892	0.0116072	2.08707	2.23476	97.8666
1893	0.012672	2.08681	2.23567	97.8921
1894	0.0136658	2.08657	2.23225	97.9175
1895	0.013619	2.08634	2.22774	97.9429
1896	0.0130993	2.08609	2.22877	97.9682
1897	0.0117761	2.08581	2.23372	97.9937
1898	0.0116271	2.08553	2.2368	98.0192
1899	0.0118087	2.08525	2.23746	98.0448
1900	0.0124663	2.08499	2.24097	98.0704
1901	0.0110318	2.08469	2.24484	98.0961
1902	0.0102496	2.08438	2.24728	98.1218
1903	0.00999992	2.08406	2.24377	98.1474
1904	0.0102094	2.08375	2.23931	98.173
1905	0.0105771	2.08344	2.23544	98.1984
1906	0.0123552	2.08318	2.23244	98.2238
1907	0.013625	2.08295	2.23326	98.2492
1908	0.0137941	2.08272	2.2303	98.2745
1909	0.0148817	2.08251	2.2277	98.2997
1910	0.0154326	2.08232	2.23018	98.325
1911	0.0157517	2.08214	2.23077	98.3503
1912	0.0155125	2.08195	2.23126	98.3756
1913	0.0159896	2.08177	2.22963	98.4009
1914	0.0173915	2.08162	2.2304	98.4262
1915	0.0181412	2.08149	2.2295	98.4514
1916	0.0200778	2.08141	2.23298	98.4767
1917	0.0206585	2.08134	2.23349	98.5021
1918	0.02068	2.08127	2.23059	98.5273
1919	0.0206597	2.0812	2.23155	98.5526
1920	0.0196846	2.08111	2.23414	98.5779
1921	0.0187527	2.08099	2.23453	98.6032
1922	0.0177132	2.08086	2.23555	98.6286
1923	0.0187875	2.08074	2.23712	98.6539
1924	0.0196322	2.08065	2.23388	98.6792
1925	0.0193388	2.08055	2.23698	98.7046
1926	0.0202518	2.08047	2.23668	98.7299
1927	0.0204658	2.0804	2.23617	98.7552
1928	0.0207373	2.08033	2.23801	98.7806
1929	0.022091	2.0803	2.23606	98.8059
1930	0.0234038	2.08029	2.23777	98.8312
1931	0.0243885	2.08031	2.2303	98.8564
1932	0.0240377	2.08032	2.22703	98.8815
1933	0.0247557	2.08034	2.22861	98.9066
1934	0.0265081	2.08041	2.22852	98.9317
1935	0.0271276	2.08049	2.22494	98.9567
1936	0.0275342	2.08057	2.21977	98.9816
1937	0.0282559	2.08068	2.22192	99.0065
1938	0.0284632	2.08079	2.21905	99.0314
1939	0.028281	2.08089	2.21941	99.0562
1940	0.0287164	2.08101	2.21781	99.081
1941	0.0275853	2.0811	2.21503	99.1058
1942	0.0261912	2.08116	2.21418	99.1305
1943	0.0249793	2.08119	2.21649	99.1553
1944	0.0249214	2.08122	2.21881	99.1801
1945	0.0260447	2.08128	2.22064	99.205
1946	0.0270518	2.08136	2.22027	99.2298
1947	0.0285696	2.08147	2.22153	99.2547
1948	0.0283727	2.08158	2.22163	99.2795
1949	0.0283309	2.08169	2.22143	99.3044
1950	0.0285807	2.0818	2.22092	99.3292
1951	0.027927	2.0819	2.22145	99.354
1952	0.0280005	2.082	2.2242	99.3789
1953	0.027096	2.08208	2.22711	99.4039
1954	0.0268591	2.08215	2.22712	99.4288
1955	0.0264948	2.08222	2.23033	99.4538
1956	0.027236	2.0823	2.2313	99.4788
1957	0.0269236	2.08238	2.22916	99.5038
1958	0.0269934	2.08246	2.22489	99.5287
1959	0.0258729	2.08251	2.22559	99.5536
1960	0.0248478	2.08254	2.22336	99.5784
1961	0.0245448	2.08257	2.22449	99.6032
1962	0.0242328	2.08258	2.22411	99.6281
1963	0.0241793	2.0826	2.22191	99.6528
1964	0.0238408	2.08261	2.2185	99.6775
1965	0.0239347	2.08262	2.21715	99.7022
1966	0.0230908	2.08261	2.21684	99.7268
1967	0.0234076	2.08261	2.2139	99.7514
1968	0.0242925	2.08262	2.21047	99.7758
1969	0.0241407	2.08264	2.21007	99.8003
1970	0.0243308	2.08266	2.20934	99.8248
1971	0.0242507	2.08268	2.21135	99.8492
1972	0.0246327	2.08271	2.21294	99.8738
1973	0.0239141	2.08272	2.21323	99.8983
1974	0.0245292	2.08274	2.21272	99.9228
1975	0.024802	2.08277	2.21021	99.9472
1976	0.0250857	2.08281	2.21019	99.9716
1977	0.0244579	2.08283	2.21082	99.9961
1978	0.0244238	2.08286	2.20782	100.02
