#	<x>	stDevX	<E>	stDevE
0	2.81288	0	6.59185	0
1	1.90291	2.35789	5.52559	6.05872
2	2.11719	3.22109	6.19923	8.63456
3	2.32624	3.96606	6.91211	10.9244
4	2.07506	4.49371	6.59794	12.7307
5	1.8884	4.89053	6.45054	14.2651
6	1.67669	5.1787	6.59987	15.7037
7	1.29267	5.32194	6.60206	17.0251
8	0.849805	5.3243	6.73479	18.2949
9	0.276718	5.16557	7.63817	19.7556
10	-0.121343	4.9151	7.58449	21.1116
11	-0.133412	4.68855	6.78644	22.1725
12	-0.0368361	4.51052	6.32598	23.0627
13	0.140327	4.3955	5.67731	23.7519
14	0.264203	4.32323	5.83263	24.4602
15	0.180263	4.23892	5.92757	25.1711
16	0.0470108	4.13147	6.18607	25.923
17	0.00208366	4.02251	5.50528	26.4973
18	0.0112084	3.92379	5.24805	27.0024
19	0.0850089	3.84827	4.83026	27.4079
20	0.133109	3.78858	4.56981	27.7541
21	0.152768	3.73749	4.41474	28.0664
22	0.263071	3.71277	4.7253	28.4415
23	0.36226	3.71043	4.76211	28.8206
24	0.488219	3.73429	4.58812	29.1619
25	0.606396	3.78132	4.85804	29.5528
26	0.657766	3.83761	4.56872	29.8846
27	0.728647	3.90626	4.4819	30.198
28	0.677592	3.96441	4.34665	30.4848
29	0.615844	4.01064	4.06113	30.7193
30	0.586551	4.05125	4.08693	30.9586
31	0.603865	4.0946	4.03092	31.1883
32	0.658385	4.14691	4.09562	31.4292
33	0.673062	4.20107	4.14066	31.6774
34	0.616184	4.24506	4.27228	31.9468
35	0.618323	4.28901	4.31848	32.2225
36	0.621084	4.333	4.1388	32.4675
37	0.597832	4.37287	4.17826	32.718
38	0.60204	4.4131	4.17166	32.9664
39	0.626378	4.45681	4.04882	33.1945
40	0.592005	4.49482	3.83115	33.3885
41	0.61171	4.53557	3.63941	33.5532
42	0.647745	4.58142	3.50851	33.699
43	0.678274	4.63137	3.57776	33.8561
44	0.720024	4.68694	3.71186	34.0336
45	0.662484	4.73347	3.64555	34.2015
46	0.57537	4.76698	3.67562	34.3742
47	0.503261	4.79001	3.89378	34.578
48	0.492693	4.81157	3.98657	34.7945
49	0.466804	4.82955	3.97953	35.0091
50	0.436765	4.84348	4.00826	35.2268
51	0.43294	4.85707	3.95399	35.4362
52	0.397609	4.86601	4.0067	35.6519
53	0.351242	4.86896	3.87391	35.8488
54	0.304539	4.86601	3.89498	36.0479
55	0.293064	4.86198	3.8005	36.2339
56	0.2778	4.85638	3.83155	36.4234
57	0.233597	4.84548	3.77055	36.6044
58	0.246771	4.83681	3.69253	36.7749
59	0.231723	4.82669	3.5977	36.9329
60	0.216186	4.81508	3.52164	37.0812
61	0.162332	4.79718	3.51905	37.2292
62	0.132617	4.77615	3.42869	37.3659
63	0.126657	4.75499	3.43881	37.504
64	0.093189	4.73032	3.48524	37.6479
65	0.0697804	4.70343	3.58885	37.8044
66	0.0672811	4.67689	3.57809	37.9594
67	0.0502794	4.64894	3.49832	38.1045
68	0.0711891	4.62414	3.4076	38.2387
69	0.0831973	4.60134	3.27238	38.3569
70	0.0811907	4.57886	3.18166	38.4647
71	0.0612989	4.55458	3.15787	38.57
72	0.0750024	4.53243	3.20922	38.6816
73	0.0893514	4.51244	3.18086	38.7902
74	0.0951227	4.49357	3.14965	38.8955
75	0.0944308	4.47507	3.03686	38.9883
76	0.115749	4.4594	2.91096	39.0672
77	0.127669	4.44546	2.79706	39.1339
78	0.114055	4.43035	2.65701	39.1857
79	0.0912926	4.41307	2.53037	39.2242
80	0.0854614	4.39552	2.53189	39.264
81	0.107755	4.3808	2.54338	39.306
82	0.151582	4.37119	2.6199	39.3572
83	0.155492	4.36227	2.65628	39.4132
84	0.156753	4.35375	2.66766	39.4711
85	0.166045	4.34646	2.62693	39.5252
86	0.164585	4.33924	2.53215	39.57
87	0.178467	4.33372	2.48193	39.6102
88	0.185663	4.32915	2.36828	39.6392
89	0.197466	4.326	2.292	39.6611
90	0.228972	4.32631	2.2095	39.6754
91	0.234723	4.32733	2.12184	39.6815
92	0.217701	4.32671	2.19036	39.6959
93	0.206957	4.32511	2.10481	39.7024
94	0.196846	4.32262	2.00287	39.6995
95	0.187914	4.31936	1.90646	39.6879
96	0.196798	4.31715	1.91739	39.6786
97	0.206361	4.31604	1.92887	39.6716
98	0.20499	4.31491	1.943	39.6671
99	0.218497	4.31524	2.01656	39.6709
100	0.200037	4.31384	1.992	39.6733
101	0.137755	4.30643	2.20672	39.6977
102	0.088254	4.29433	2.34377	39.7362
103	0.0442905	4.27816	2.43475	39.7842
104	0.029229	4.26077	2.34264	39.8236
105	-0.00356503	4.24047	2.46491	39.8754
106	-0.0335245	4.21757	2.55409	39.9361
107	-0.066518	4.19182	2.67029	40.0083
108	-0.0892967	4.16421	2.73087	40.0864
109	-0.0787821	4.13793	2.79017	40.1703
110	-0.0632456	4.11345	2.72029	40.2476
111	-0.0599012	4.08957	2.62448	40.3161
112	-0.0415402	4.06771	2.68197	40.3901
113	-0.000644474	4.04993	2.73718	40.4693
114	0.0304378	4.03526	2.76317	40.5511
115	0.0573037	4.02328	2.74739	40.6314
116	0.0848694	4.01401	2.75427	40.7125
117	0.10225	4.00649	2.76458	40.7945
118	0.109317	3.99974	2.71119	40.8717
119	0.122798	3.99434	2.65321	40.9436
120	0.141323	3.99073	2.7029	41.0202
121	0.144953	3.98755	2.73264	41.0995
122	0.146649	3.98461	2.7515	41.1806
123	0.14094	3.98125	2.76822	41.2631
124	0.140449	3.97793	2.75725	41.3447
125	0.142082	3.97485	2.7006	41.4213
126	0.125245	3.97036	2.64337	41.4928
127	0.127742	3.96619	2.61282	41.5617
128	0.119477	3.96139	2.67283	41.636
129	0.115381	3.95632	2.68063	41.711
130	0.111623	3.95103	2.71044	41.7886
131	0.126342	3.9471	2.77245	41.8717
132	0.124315	3.94309	2.79224	41.9564
133	0.130209	3.93966	2.75905	42.0381
134	0.150476	3.93806	2.79613	42.1231
135	0.171838	3.93834	2.7951	42.2079
136	0.181955	3.93953	2.76752	42.2903
137	0.212629	3.94337	2.73319	42.3697
138	0.226199	3.94838	2.67464	42.4442
139	0.224859	3.95329	2.61561	42.5137
140	0.200754	3.9562	2.67315	42.5881
141	0.198712	3.95896	2.67301	42.6624
142	0.18768	3.96083	2.66562	42.7362
143	0.181426	3.96222	2.66492	42.8099
144	0.181724	3.96366	2.61864	42.8797
145	0.182688	3.96523	2.62141	42.9499
146	0.179968	3.9666	2.55896	43.0149
147	0.181803	3.96816	2.59946	43.0832
148	0.172629	3.96901	2.60322	43.152
149	0.171647	3.96982	2.61785	43.2219
150	0.168512	3.9704	2.61058	43.2912
151	0.160795	3.97041	2.63799	43.3628
152	0.171643	3.97133	2.69494	43.4389
153	0.185996	3.97344	2.72553	43.5175
154	0.206117	3.97719	2.7207	43.5957
155	0.219678	3.98203	2.72001	43.6737
156	0.220892	3.98698	2.7252	43.7521
157	0.206866	3.99083	2.76281	43.8334
158	0.207749	3.99477	2.75087	43.9137
159	0.225376	4.0001	2.77192	43.9955
160	0.244716	4.00697	2.79099	44.0788
161	0.254736	4.01461	2.76306	44.1598
162	0.277787	4.02404	2.82159	44.2453
163	0.295749	4.03485	2.85128	44.333
164	0.300099	4.04598	2.86334	44.4215
165	0.306275	4.05754	2.84847	44.5088
166	0.309739	4.06935	2.80056	44.5922
167	0.308256	4.081	2.72758	44.6699
168	0.312673	4.09296	2.76675	44.7505
169	0.304041	4.10423	2.75454	44.8301
170	0.304333	4.11549	2.74552	44.9089
171	0.318	4.12775	2.72224	44.9859
172	0.331123	4.14098	2.65346	45.0576
173	0.318355	4.15319	2.63504	45.1279
174	0.305704	4.16442	2.62164	45.1972
175	0.294858	4.17481	2.59694	45.2645
176	0.285699	4.18448	2.55513	45.3287
177	0.287614	4.19427	2.55867	45.3931
178	0.304312	4.20528	2.60734	45.4612
179	0.302238	4.21612	2.59124	45.5281
180	0.301019	4.22683	2.61301	45.5965
181	0.298786	4.23735	2.63952	45.6669
182	0.299317	4.24789	2.66394	45.739
183	0.310521	4.25922	2.70001	45.8138
184	0.309646	4.27046	2.67811	45.8868
185	0.305976	4.28141	2.67055	45.9592
186	0.295682	4.29157	2.63233	46.0288
187	0.284954	4.30093	2.61644	46.0972
188	0.275955	4.30962	2.64631	46.1677
189	0.275746	4.31827	2.64169	46.2379
190	0.280662	4.32727	2.66657	46.3098
191	0.271451	4.33558	2.66364	46.3814
192	0.274201	4.34408	2.64839	46.4518
193	0.269893	4.35225	2.64184	46.5217
194	0.265372	4.36009	2.66382	46.5932
195	0.25727	4.36734	2.63718	46.6627
196	0.249688	4.37405	2.65001	46.733
197	0.234827	4.37969	2.68861	46.8061
198	0.233673	4.38525	2.68651	46.8789
199	0.236709	4.39102	2.65727	46.9495
200	0.227105	4.39612	2.67376	47.0213
201	0.219003	4.40065	2.67437	47.0931
202	0.214236	4.40485	2.69298	47.166
203	0.208785	4.40868	2.6993	47.2394
204	0.202603	4.41208	2.69525	47.3124
205	0.20528	4.41568	2.64541	47.3818
206	0.205328	4.41929	2.60229	47.4482
207	0.204803	4.42287	2.56029	47.5117
208	0.213134	4.42703	2.52952	47.573
209	0.216995	4.43147	2.455	47.6291
210	0.220638	4.43616	2.40844	47.6821
211	0.218636	4.44072	2.39514	47.7341
212	0.215155	4.44504	2.40571	47.7869
213	0.217143	4.4495	2.40276	47.8395
214	0.221024	4.45422	2.36839	47.8898
215	0.217961	4.45874	2.33651	47.938
216	0.218389	4.4633	2.31754	47.9849
217	0.218928	4.46789	2.32973	48.0326
218	0.225621	4.47294	2.31028	48.0791
219	0.220919	4.47767	2.26203	48.1224
220	0.225915	4.48273	2.20691	48.162
221	0.228165	4.48795	2.19335	48.2007
222	0.238997	4.49389	2.20305	48.2402
223	0.237635	4.49973	2.19217	48.2791
224	0.234726	4.50538	2.15101	48.3152
225	0.239039	4.51131	2.13994	48.3507
226	0.244678	4.51761	2.11734	48.3848
227	0.251954	4.52439	2.12247	48.4193
228	0.258733	4.5316	2.10647	48.4528
229	0.26634	4.53931	2.11564	48.487
230	0.27385	4.54749	2.1267	48.522
231	0.27708	4.55588	2.11717	48.5565
232	0.277057	4.56424	2.0987	48.5898
233	0.284498	4.57308	2.09497	48.623
234	0.295212	4.5826	2.10998	48.6572
235	0.288182	4.59164	2.10781	48.6914
236	0.279913	4.60013	2.11348	48.726
237	0.270082	4.60796	2.09944	48.7598
238	0.263684	4.61537	2.05633	48.7908
239	0.268004	4.62305	2.02869	48.8202
240	0.27815	4.63137	2.00245	48.8479
241	0.288789	4.64036	2.04877	48.8787
242	0.291277	4.64949	2.04486	48.9094
243	0.290757	4.65856	2.04014	48.9398
244	0.284569	4.66723	2.04371	48.9705
245	0.277795	4.67545	2.03153	49.0006
246	0.281044	4.68386	2.02136	49.03
247	0.286621	4.69261	2.02654	49.0599
248	0.28979	4.70154	1.99474	49.0878
249	0.285469	4.71019	1.96747	49.1142
250	0.284556	4.71876	1.98353	49.1416
251	0.292382	4.7278	1.98773	49.1693
252	0.291968	4.73681	1.93938	49.1941
253	0.287291	4.7455	1.93649	49.2188
254	0.285707	4.75408	1.95185	49.2446
255	0.286084	4.76267	1.93979	49.2697
256	0.281631	4.77096	1.90242	49.2926
257	0.286475	4.77954	1.89479	49.3151
258	0.288586	4.78824	1.8909	49.3374
259	0.291279	4.79709	1.9047	49.3607
260	0.29594	4.80621	1.91322	49.3846
261	0.294272	4.81521	1.91161	49.4085
262	0.286837	4.82373	1.91057	49.4324
263	0.281127	4.83189	1.91419	49.4567
264	0.278173	4.83986	1.92258	49.4815
265	0.270845	4.84736	1.92949	49.5068
266	0.278505	4.85532	1.96199	49.5342
267	0.276723	4.86316	1.97682	49.5626
268	0.277693	4.87105	1.98359	49.5915
269	0.268782	4.87838	1.99247	49.6209
270	0.269697	4.88576	1.9647	49.6487
271	0.271506	4.89323	1.98052	49.6776
272	0.261982	4.90012	2.0076	49.7081
273	0.254913	4.90658	2.00158	49.7384
274	0.248976	4.91267	2.0097	49.7692
275	0.238467	4.91812	2.03917	49.8018
276	0.22735	4.9229	2.0616	49.8358
277	0.219112	4.92719	2.08893	49.8714
278	0.215364	4.93125	2.10126	49.9079
279	0.216832	4.93541	2.09539	49.944
280	0.214669	4.93943	2.09674	49.9802
281	0.215123	4.94349	2.07673	50.0153
282	0.207949	4.94711	2.08653	50.051
283	0.203387	4.95048	2.08439	50.0866
284	0.196381	4.95343	2.07337	50.1215
285	0.18934	4.95596	2.07752	50.1568
286	0.183698	4.95818	2.08217	50.1923
287	0.179636	4.96016	2.07815	50.2276
288	0.182713	4.96233	2.04495	50.261
289	0.176926	4.96417	2.04566	50.2945
290	0.181639	4.96629	2.01366	50.3262
291	0.184569	4.96859	2.0059	50.3574
292	0.181179	4.9707	2.00449	50.3886
293	0.174683	4.97244	2.00966	50.4201
294	0.174963	4.9742	2.00546	50.4515
295	0.173349	4.97588	1.96412	50.4804
296	0.174983	4.97766	1.94396	50.5083
297	0.174063	4.9794	1.93939	50.5359
298	0.183434	4.98168	1.95137	50.5643
299	0.18517	4.98407	1.93887	50.5919
300	0.180642	4.98621	1.93297	50.6193
301	0.174857	4.98802	1.9122	50.6456
302	0.17622	4.98991	1.90462	50.6715
303	0.181396	4.99211	1.90752	50.6976
304	0.191082	4.99487	1.93433	50.7252
305	0.202401	4.99828	1.97263	50.7551
306	0.209339	5.00209	1.99553	50.7864
307	0.214736	5.00621	2.00672	50.8183
308	0.216321	5.01041	2.02275	50.8512
309	0.219343	5.01479	2.02682	50.8843
310	0.22386	5.01942	2.02473	50.9173
311	0.221323	5.0239	1.99842	50.9488
312	0.221164	5.02838	1.98682	50.9798
313	0.222165	5.03291	1.94187	51.0082
314	0.227635	5.03774	1.9455	51.0369
315	0.227882	5.04259	1.8876	51.0623
316	0.228099	5.04745	1.88074	51.0874
317	0.22901	5.05235	1.85266	51.111
318	0.228283	5.05721	1.81623	51.1326
319	0.218151	5.06151	1.77466	51.152
320	0.213799	5.06556	1.75995	51.1706
321	0.218192	5.06985	1.75036	51.1887
322	0.227089	5.07463	1.78415	51.2088
323	0.227639	5.07945	1.77155	51.2282
324	0.227166	5.08423	1.76437	51.2473
325	0.227712	5.08905	1.76267	51.2663
326	0.232086	5.0941	1.77319	51.286
327	0.233677	5.09923	1.78409	51.3064
328	0.229659	5.10414	1.79314	51.3273
329	0.237236	5.10947	1.81957	51.3497
330	0.242244	5.11506	1.83738	51.3732
331	0.240668	5.12056	1.85746	51.3978
332	0.241931	5.12613	1.87679	51.4235
333	0.239157	5.13154	1.89374	51.4501
334	0.236512	5.1368	1.89734	51.477
335	0.235808	5.14202	1.89124	51.5036
336	0.234994	5.14719	1.88604	51.5299
337	0.237387	5.15249	1.89923	51.557
338	0.240532	5.15795	1.90455	51.5845
339	0.243505	5.16357	1.90948	51.6122
340	0.242333	5.16912	1.92296	51.6406
341	0.239485	5.17451	1.93037	51.6695
342	0.233324	5.17956	1.93438	51.6987
343	0.225415	5.18418	1.93924	51.7281
344	0.216238	5.18831	1.95074	51.7582
345	0.211693	5.19219	1.96779	51.7892
346	0.209032	5.19593	1.98755	51.8213
347	0.211041	5.19978	2.0074	51.8544
348	0.207275	5.20343	2.02427	51.8885
349	0.20682	5.20705	2.03805	51.9233
350	0.206775	5.21067	2.04108	51.9583
351	0.204261	5.21415	2.05661	51.9941
352	0.206787	5.21778	2.07469	52.0309
353	0.209231	5.22153	2.08097	52.068
354	0.213413	5.2255	2.08236	52.1052
355	0.219669	5.2298	2.08998	52.1428
356	0.223357	5.2343	2.10254	52.181
357	0.223854	5.23882	2.11602	52.22
358	0.221586	5.24321	2.12672	52.2595
359	0.230879	5.2481	2.15882	52.3007
360	0.242184	5.25357	2.20452	52.3442
361	0.254649	5.2597	2.21871	52.3886
362	0.26189	5.26619	2.22482	52.4332
363	0.263974	5.27279	2.23382	52.4782
364	0.255153	5.27892	2.24974	52.5241
365	0.250234	5.28479	2.25548	52.5702
366	0.244474	5.29035	2.27665	52.6174
367	0.239855	5.29566	2.29443	52.6655
368	0.242445	5.3011	2.2909	52.7134
369	0.244453	5.30664	2.28666	52.761
370	0.246236	5.31227	2.27092	52.8078
371	0.248454	5.31801	2.26194	52.8541
372	0.255146	5.32409	2.24888	52.8996
373	0.259527	5.33039	2.23337	52.9444
374	0.262047	5.33681	2.24641	52.9898
375	0.261412	5.34319	2.25496	53.0356
376	0.264149	5.34971	2.24262	53.0808
377	0.266538	5.35633	2.2511	53.1263
378	0.271256	5.3632	2.26257	53.1724
379	0.274134	5.3702	2.25778	53.2183
380	0.27047	5.377	2.23372	53.2629
381	0.272931	5.38393	2.23318	53.3074
382	0.277595	5.39108	2.22152	53.3513
383	0.279794	5.39833	2.19949	53.3941
384	0.282062	5.40569	2.18887	53.4363
385	0.280205	5.41294	2.19347	53.4787
386	0.275735	5.41996	2.19117	53.521
387	0.271758	5.42677	2.18077	53.5627
388	0.268058	5.43338	2.17734	53.6042
389	0.26505	5.43983	2.18873	53.6463
390	0.259575	5.446	2.2068	53.6893
391	0.25534	5.45195	2.21286	53.7326
392	0.249675	5.4576	2.21272	53.7758
393	0.254224	5.46348	2.22378	53.8196
394	0.257623	5.46953	2.22574	53.8635
395	0.254695	5.47542	2.22792	53.9074
396	0.251264	5.48113	2.22517	53.9512
397	0.253484	5.48695	2.23726	53.9955
398	0.253618	5.49276	2.24746	54.0404
399	0.251242	5.49846	2.24323	54.085
400	0.2512	5.50414	2.21594	54.1282
401	0.24949	5.50974	2.21678	54.1714
402	0.251658	5.51543	2.20936	54.2142
403	0.251779	5.52113	2.2158	54.2574
404	0.248067	5.52664	2.22493	54.3009
405	0.246894	5.53208	2.21928	54.3442
406	0.247621	5.53756	2.20639	54.3868
407	0.246323	5.54297	2.20775	54.4294
408	0.246441	5.54837	2.21076	54.4722
409	0.243475	5.55363	2.22431	54.5156
410	0.246905	5.55905	2.24382	54.5599
411	0.25067	5.56465	2.26903	54.6055
412	0.253901	5.5704	2.28309	54.6517
413	0.252127	5.57606	2.28525	54.698
414	0.250029	5.58162	2.26856	54.7435
415	0.244682	5.5869	2.28003	54.7894
416	0.242642	5.59208	2.27536	54.8351
417	0.237025	5.59699	2.27323	54.8807
418	0.227286	5.60141	2.25875	54.9256
419	0.221349	5.60554	2.28032	54.9714
420	0.222329	5.60972	2.28962	55.0177
421	0.224641	5.61401	2.30042	55.0645
422	0.221539	5.61814	2.31257	55.1118
423	0.220604	5.62223	2.30648	55.1588
424	0.220821	5.62632	2.31599	55.2063
425	0.223388	5.63054	2.29435	55.2526
426	0.223027	5.63474	2.30345	55.2994
427	0.221952	5.63889	2.3101	55.3464
428	0.220911	5.64298	2.30897	55.3934
429	0.217087	5.64689	2.27613	55.4387
430	0.210822	5.65049	2.23944	55.4823
431	0.209501	5.65403	2.24736	55.5262
432	0.21197	5.65769	2.23786	55.5696
433	0.213561	5.66142	2.21609	55.6119
434	0.210716	5.66501	2.21186	55.654
435	0.204947	5.66833	2.2166	55.6964
436	0.204983	5.67165	2.21014	55.7383
437	0.199655	5.67472	2.2254	55.781
438	0.19706	5.67766	2.2295	55.8239
439	0.197062	5.6806	2.24222	55.8673
440	0.196302	5.68351	2.23607	55.9105
441	0.195644	5.68639	2.23403	55.9535
442	0.197133	5.68934	2.23426	55.9965
443	0.194754	5.69217	2.22597	56.039
444	0.190126	5.69479	2.21029	56.0808
445	0.18578	5.6972	2.2009	56.1222
446	0.183453	5.69951	2.20458	56.1637
447	0.179331	5.70162	2.21611	56.2057
448	0.184646	5.70399	2.23549	56.2486
449	0.186739	5.70645	2.23666	56.2915
450	0.188744	5.70902	2.23052	56.3341
451	0.189264	5.7116	2.24111	56.3772
452	0.189212	5.71419	2.23922	56.4201
453	0.195047	5.71705	2.23577	56.4629
454	0.195304	5.71993	2.22784	56.5053
455	0.19412	5.72274	2.22651	56.5476
456	0.197253	5.72571	2.24155	56.5906
457	0.199815	5.7288	2.24889	56.6339
458	0.201487	5.73196	2.2652	56.6779
459	0.201354	5.73512	2.25408	56.7214
460	0.197919	5.73812	2.24954	56.7646
461	0.194993	5.74098	2.25659	56.8082
462	0.19293	5.74375	2.24014	56.8509
463	0.18717	5.74625	2.24487	56.8938
464	0.183813	5.74859	2.26012	56.9375
465	0.180133	5.75077	2.27712	56.9818
466	0.182385	5.75305	2.29117	57.0268
467	0.178808	5.75517	2.29445	57.072
468	0.177397	5.75723	2.26331	57.1156
469	0.178967	5.75936	2.27063	57.1596
470	0.179587	5.76152	2.27747	57.2038
471	0.174899	5.76347	2.29345	57.2488
472	0.17256	5.76531	2.29292	57.2937
473	0.173257	5.76719	2.29162	57.3385
474	0.170437	5.76894	2.30029	57.3836
475	0.168993	5.77063	2.29771	57.4287
476	0.166654	5.77221	2.29217	57.4734
477	0.165114	5.77373	2.29809	57.5184
478	0.169365	5.77544	2.30608	57.5637
479	0.171384	5.77725	2.31591	57.6094
480	0.168187	5.77892	2.32755	57.6556
481	0.168611	5.7806	2.34189	57.7025
482	0.168422	5.78228	2.34797	57.7496
483	0.173283	5.78419	2.35441	57.7969
484	0.170556	5.78597	2.34303	57.8437
485	0.167169	5.7876	2.33279	57.89
486	0.164455	5.78911	2.3336	57.9363
487	0.161762	5.79051	2.32459	57.9821
488	0.160787	5.79186	2.31742	58.0276
489	0.160709	5.79321	2.30506	58.0725
490	0.160204	5.79454	2.2875	58.1166
491	0.159353	5.79584	2.28474	58.1606
492	0.159777	5.79716	2.28842	58.2046
493	0.166353	5.79878	2.29735	58.2491
494	0.171237	5.80062	2.30054	58.2936
495	0.176201	5.80268	2.30712	58.3384
496	0.180883	5.80496	2.31621	58.3836
497	0.179107	5.80716	2.32914	58.4293
498	0.179002	5.80935	2.34233	58.4756
499	0.179596	5.81158	2.35514	58.5225
500	0.176702	5.81367	2.35885	58.5694
501	0.17702	5.81578	2.35624	58.6162
502	0.179631	5.81801	2.35958	58.6632
503	0.180313	5.82027	2.36996	58.7105
504	0.179691	5.82251	2.36581	58.7577
505	0.180964	5.8248	2.3685	58.8049
506	0.180884	5.82709	2.36584	58.8519
507	0.177545	5.82923	2.35262	58.8984
508	0.177103	5.83135	2.32401	58.9435
509	0.176543	5.83346	2.29912	58.9875
510	0.177958	5.83562	2.28941	59.0311
511	0.180204	5.83789	2.2824	59.0743
512	0.18115	5.8402	2.29056	59.1178
513	0.177101	5.84233	2.30152	59.1618
514	0.171607	5.84422	2.3183	59.2065
515	0.166294	5.84588	2.3264	59.2515
516	0.166425	5.84754	2.32278	59.2964
517	0.171797	5.84945	2.32947	59.3415
518	0.175507	5.85152	2.33678	59.3868
519	0.177799	5.85369	2.33959	59.4323
520	0.17782	5.85586	2.35096	59.4783
521	0.175614	5.85794	2.3485	59.5241
522	0.173408	5.85992	2.32848	59.569
523	0.169273	5.86173	2.34349	59.6145
524	0.165164	5.86335	2.34398	59.66
525	0.164133	5.86494	2.32884	59.7048
526	0.164227	5.86653	2.32818	59.7496
527	0.166832	5.86823	2.31243	59.7936
528	0.167799	5.86998	2.29665	59.8369
529	0.167844	5.87174	2.26209	59.8787
530	0.164876	5.87337	2.27037	59.9209
531	0.162379	5.87489	2.28017	59.9634
532	0.161632	5.87638	2.29367	60.0065
533	0.16034	5.87782	2.29885	60.0498
534	0.162746	5.87936	2.30259	60.0932
535	0.156991	5.88066	2.29681	60.1363
536	0.149523	5.88164	2.28642	60.179
537	0.145652	5.88245	2.26934	60.2209
538	0.142038	5.88311	2.24767	60.2618
539	0.138882	5.88365	2.25899	60.3032
540	0.138264	5.88415	2.2487	60.3441
541	0.138822	5.88469	2.24803	60.385
542	0.134307	5.88504	2.25765	60.4263
543	0.127891	5.88511	2.27414	60.4682
544	0.12408	5.88503	2.28034	60.5104
545	0.121404	5.88484	2.27727	60.5525
546	0.119051	5.88456	2.28717	60.5949
547	0.115878	5.88414	2.29015	60.6374
548	0.113048	5.88361	2.29748	60.6802
549	0.113898	5.88312	2.3015	60.7232
550	0.110661	5.8825	2.30411	60.7662
551	0.109556	5.88184	2.3073	60.8094
552	0.112547	5.88131	2.3139	60.8528
553	0.111788	5.88075	2.30736	60.8959
554	0.109191	5.88009	2.31721	60.9394
555	0.109242	5.87944	2.31469	60.9827
556	0.109391	5.8788	2.31974	61.0262
557	0.10962	5.87817	2.32135	61.0698
558	0.110192	5.87758	2.32616	61.1136
559	0.108123	5.8769	2.33407	61.1576
560	0.104724	5.87609	2.33654	61.2017
561	0.102048	5.87517	2.33566	61.2458
562	0.10144	5.87423	2.31025	61.2888
563	0.100576	5.87326	2.3074	61.3316
564	0.103077	5.8724	2.31601	61.3747
565	0.105807	5.87167	2.32363	61.4182
566	0.107758	5.87102	2.32354	61.4616
567	0.105084	5.87026	2.32712	61.5051
568	0.101763	5.86937	2.33262	61.5488
569	0.0955001	5.86823	2.3381	61.5927
570	0.0957794	5.8671	2.33913	61.6367
571	0.0959644	5.86599	2.34145	61.6807
572	0.0970785	5.86493	2.32118	61.7238
573	0.0981798	5.86392	2.31647	61.7667
574	0.0985667	5.86293	2.31136	61.8094
575	0.0970251	5.86189	2.29875	61.8515
576	0.0959932	5.86081	2.29199	61.8933
577	0.0944683	5.85967	2.28987	61.935
578	0.0891823	5.85832	2.26924	61.9758
579	0.0826249	5.85671	2.28933	62.0174
580	0.0775447	5.85489	2.30502	62.0597
581	0.0751456	5.85298	2.30769	62.102
582	0.0735094	5.851	2.28544	62.1434
583	0.072928	5.84902	2.28397	62.1847
584	0.0703891	5.84693	2.28591	62.226
585	0.0689308	5.84479	2.29091	62.2676
586	0.0677253	5.84262	2.30421	62.3096
587	0.066364	5.84039	2.29848	62.3514
588	0.0639493	5.83807	2.30251	62.3933
589	0.0647899	5.83579	2.30624	62.4354
590	0.0638275	5.83349	2.29411	62.4769
591	0.0645293	5.83121	2.28153	62.5179
592	0.066459	5.82903	2.28895	62.5592
593	0.0689084	5.82696	2.29405	62.6006
594	0.0714761	5.82499	2.29697	62.6422
595	0.0711654	5.82303	2.30385	62.684
596	0.0714161	5.82107	2.31426	62.7262
597	0.0712797	5.81913	2.30565	62.768
598	0.0718207	5.81721	2.30943	62.81
599	0.0704168	5.81524	2.30248	62.8516
600	0.0684233	5.81319	2.29493	62.8929
601	0.0679889	5.81114	2.28676	62.9339
602	0.0636634	5.80892	2.28876	62.9749
603	0.0622967	5.80665	2.2834	63.0157
604	0.0631348	5.80442	2.26253	63.0556
605	0.063553	5.80222	2.23764	63.0944
606	0.062267	5.79997	2.23109	63.133
607	0.0622727	5.79773	2.2347	63.1717
608	0.0632821	5.79554	2.22757	63.2101
609	0.0616106	5.79328	2.23094	63.2486
610	0.0634859	5.79112	2.2258	63.2869
611	0.0658698	5.78905	2.22834	63.3252
612	0.0644321	5.78693	2.21589	63.3631
613	0.0641554	5.78482	2.22104	63.4011
614	0.0650771	5.78274	2.22883	63.4394
615	0.0633642	5.7806	2.23119	63.4778
616	0.0645716	5.77852	2.23751	63.5164
617	0.0696479	5.77665	2.23459	63.5549
618	0.0728527	5.77492	2.20696	63.5923
619	0.074106	5.77324	2.2005	63.6294
620	0.0765835	5.77167	2.20791	63.6667
621	0.074732	5.77003	2.20887	63.7041
622	0.0751923	5.76841	2.2051	63.7413
623	0.0730893	5.76672	2.20717	63.7786
624	0.0739652	5.76507	2.19894	63.8155
625	0.0738058	5.76342	2.19929	63.8524
626	0.0727974	5.76173	2.2062	63.8896
627	0.072833	5.76005	2.19991	63.9265
628	0.0733629	5.7584	2.20624	63.9637
629	0.0701259	5.75663	2.21346	64.0011
630	0.0668174	5.75473	2.2103	64.0383
631	0.0638416	5.75272	2.20478	64.0754
632	0.0652223	5.75077	2.20224	64.1123
633	0.0664431	5.74888	2.19476	64.1489
634	0.0715994	5.7472	2.20585	64.1859
635	0.0752092	5.74566	2.21207	64.2231
636	0.0816862	5.74439	2.2321	64.2612
637	0.0856665	5.74329	2.24275	64.2996
638	0.0892438	5.74232	2.24803	64.3382
639	0.0899505	5.7414	2.25396	64.377
640	0.0874969	5.74038	2.26877	64.4164
641	0.0876939	5.73937	2.28045	64.4562
642	0.0845986	5.73825	2.29355	64.4965
643	0.088386	5.73728	2.29993	64.5371
644	0.0900425	5.73638	2.30442	64.5778
645	0.0887546	5.73543	2.31099	64.6187
646	0.0908618	5.73457	2.3189	64.6599
647	0.0902377	5.7337	2.31568	64.701
648	0.0955438	5.73303	2.33266	64.7427
649	0.0952779	5.73236	2.33816	64.7846
650	0.0928624	5.7316	2.35109	64.8269
651	0.0922218	5.73082	2.34996	64.8693
652	0.0936919	5.7301	2.3574	64.9118
653	0.0904205	5.72926	2.36372	64.9546
654	0.0885947	5.72835	2.36654	64.9975
655	0.0854348	5.72732	2.37677	65.0407
656	0.0871256	5.72636	2.38691	65.0843
657	0.0885764	5.72546	2.39453	65.1282
658	0.0864702	5.72449	2.40025	65.1723
659	0.088194	5.72359	2.40809	65.2166
660	0.0896053	5.72275	2.40642	65.2609
661	0.0905036	5.72195	2.40015	65.3049
662	0.0940316	5.72128	2.39773	65.3487
663	0.0948721	5.72066	2.39639	65.3925
664	0.09578	5.72008	2.40173	65.4364
665	0.0963594	5.71952	2.40438	65.4805
666	0.0976337	5.71901	2.41472	65.5249
667	0.0992272	5.71857	2.41291	65.5692
668	0.101241	5.71821	2.41472	65.6135
669	0.10129	5.71786	2.40338	65.6574
670	0.105347	5.71767	2.40982	65.7015
671	0.106437	5.71752	2.40106	65.7452
672	0.106082	5.71737	2.3956	65.7887
673	0.107777	5.71728	2.39736	65.8322
674	0.111894	5.71735	2.40085	65.8758
675	0.110998	5.71739	2.40025	65.9194
676	0.109817	5.71739	2.37878	65.9621
677	0.104157	5.71718	2.38335	66.005
678	0.100704	5.71683	2.3905	66.0481
679	0.099724	5.71646	2.39192	66.0913
680	0.100852	5.71613	2.38193	66.134
681	0.103983	5.71592	2.37342	66.1764
682	0.107299	5.71584	2.35109	66.2179
683	0.107089	5.71576	2.35508	66.2595
684	0.108641	5.71574	2.34642	66.3008
685	0.109419	5.71575	2.33035	66.3414
686	0.109158	5.71576	2.32327	66.3818
687	0.11181	5.71587	2.33155	66.4224
688	0.113154	5.71603	2.33128	66.463
689	0.118621	5.71641	2.34069	66.504
690	0.125184	5.71704	2.3577	66.5455
691	0.1298	5.71784	2.36984	66.5875
692	0.131746	5.71872	2.37644	66.6297
693	0.134934	5.71972	2.38566	66.6723
694	0.135771	5.72076	2.39204	66.715
695	0.136654	5.72183	2.40177	66.7581
696	0.136083	5.72288	2.40027	66.8011
697	0.137443	5.72398	2.3985	66.8441
698	0.138051	5.72511	2.40032	66.887
699	0.138902	5.72627	2.40871	66.9303
700	0.141184	5.72752	2.41151	66.9736
701	0.142359	5.72882	2.41154	67.0169
702	0.141421	5.73008	2.41725	67.0604
703	0.138478	5.73123	2.42038	67.104
704	0.13823	5.73237	2.427	67.1478
705	0.139572	5.73356	2.41718	67.1912
706	0.137614	5.73468	2.41208	67.2344
707	0.132739	5.73562	2.4226	67.2779
708	0.1331	5.73658	2.4119	67.321
709	0.133556	5.73755	2.42327	67.3645
710	0.134779	5.73857	2.4331	67.4084
711	0.132763	5.73952	2.44139	67.4526
712	0.130717	5.74039	2.43712	67.4965
713	0.131293	5.74128	2.44041	67.5406
714	0.131099	5.74217	2.43066	67.5842
715	0.129174	5.74299	2.43374	67.628
716	0.129783	5.74383	2.43575	67.6717
717	0.131321	5.74473	2.44315	67.7158
718	0.131153	5.74563	2.44679	67.7599
719	0.129126	5.74645	2.45122	67.8042
720	0.126519	5.74718	2.45692	67.8487
721	0.125935	5.74789	2.46021	67.8932
722	0.128766	5.7487	2.4724	67.9382
723	0.130603	5.74959	2.48269	67.9836
724	0.132901	5.75056	2.49294	68.0292
725	0.1309	5.75146	2.49867	68.0751
726	0.128858	5.75228	2.49505	68.1208
727	0.126987	5.75304	2.49003	68.1663
728	0.126454	5.75378	2.47027	68.211
729	0.128484	5.75459	2.45577	68.2552
730	0.129921	5.75546	2.44588	68.2989
731	0.134747	5.75651	2.43727	68.3424
732	0.134893	5.75757	2.41716	68.385
733	0.135571	5.75865	2.39178	68.4267
734	0.13853	5.75984	2.38225	68.468
735	0.138648	5.76104	2.35968	68.5085
736	0.136244	5.76215	2.35563	68.5487
737	0.136871	5.76329	2.35445	68.5889
738	0.138335	5.76448	2.35705	68.6292
739	0.140499	5.76575	2.35363	68.6694
740	0.140092	5.76701	2.3517	68.7094
741	0.13812	5.76819	2.34519	68.7492
742	0.139373	5.76942	2.34065	68.7888
743	0.140288	5.77069	2.34414	68.8285
744	0.141069	5.77198	2.34449	68.8682
745	0.139578	5.77323	2.34786	68.908
746	0.139746	5.77448	2.3535	68.948
747	0.137295	5.77564	2.36093	68.9882
748	0.134993	5.77671	2.3697	69.0287
749	0.132826	5.77771	2.37953	69.0696
750	0.133398	5.77874	2.38571	69.1106
751	0.134253	5.77979	2.38841	69.1518
752	0.135655	5.7809	2.39308	69.193
753	0.137063	5.78205	2.39641	69.2344
754	0.137413	5.78323	2.39166	69.2756
755	0.137182	5.78439	2.40254	69.3171
756	0.13523	5.78549	2.40866	69.3589
757	0.13447	5.78655	2.39872	69.4002
758	0.134676	5.78763	2.3962	69.4415
759	0.135947	5.78876	2.39322	69.4826
760	0.135747	5.78987	2.40229	69.524
761	0.133383	5.79091	2.40742	69.5656
762	0.131879	5.79189	2.41357	69.6074
763	0.132484	5.79289	2.40992	69.649
764	0.132533	5.7939	2.41039	69.6906
765	0.133058	5.79492	2.4127	69.7323
766	0.133812	5.79598	2.41659	69.7741
767	0.135526	5.79709	2.4167	69.8158
768	0.137277	5.79828	2.42166	69.8578
769	0.134336	5.79935	2.42369	69.8997
770	0.132915	5.80038	2.4339	69.942
771	0.131626	5.80136	2.4433	69.9847
772	0.132812	5.80239	2.44805	70.0274
773	0.133224	5.80343	2.45097	70.0703
774	0.134172	5.8045	2.45956	70.1134
775	0.135175	5.80562	2.4571	70.1564
776	0.13297	5.80665	2.45607	70.1994
777	0.131276	5.80763	2.45698	70.2423
778	0.132599	5.80865	2.46422	70.2855
779	0.132478	5.80967	2.46889	70.3289
780	0.131423	5.81065	2.4726	70.3723
781	0.130474	5.8116	2.47933	70.416
782	0.128158	5.81247	2.48258	70.4597
783	0.124815	5.81323	2.47776	70.5032
784	0.124864	5.81398	2.46835	70.5464
785	0.126021	5.81478	2.46827	70.5896
786	0.127334	5.81562	2.47248	70.6328
787	0.129437	5.81654	2.4767	70.6762
788	0.131526	5.81754	2.48431	70.7199
789	0.131272	5.81853	2.47656	70.7632
790	0.131857	5.81954	2.48527	70.8068
791	0.133441	5.82061	2.48952	70.8506
792	0.135283	5.82174	2.49198	70.8944
793	0.136734	5.82293	2.49648	70.9383
794	0.137386	5.82414	2.49955	70.9824
795	0.136771	5.82533	2.48974	71.026
796	0.135347	5.82647	2.47712	71.0692
797	0.132876	5.82753	2.47554	71.1123
798	0.128529	5.82843	2.47567	71.1553
799	0.12594	5.82924	2.46656	71.1981
800	0.124295	5.82999	2.46805	71.2408
801	0.124712	5.83076	2.47572	71.2838
802	0.125367	5.83155	2.48174	71.327
803	0.124874	5.83233	2.48216	71.3701
804	0.124784	5.83311	2.47962	71.4132
805	0.126858	5.83396	2.48271	71.4563
806	0.123265	5.83468	2.49481	71.4999
807	0.121777	5.83536	2.49295	71.5433
808	0.122496	5.83606	2.48819	71.5866
809	0.124823	5.83684	2.47975	71.6295
810	0.127264	5.83771	2.47112	71.6721
811	0.128896	5.83864	2.45314	71.714
812	0.131361	5.83966	2.45328	71.756
813	0.133505	5.84075	2.43779	71.7973
814	0.134524	5.84188	2.43951	71.8387
815	0.135366	5.84304	2.44074	71.8801
816	0.136755	5.84425	2.44287	71.9216
817	0.137675	5.84549	2.44567	71.9631
818	0.13752	5.84673	2.4421	72.0045
819	0.137501	5.84797	2.44575	72.046
820	0.136043	5.84915	2.44793	72.0875
821	0.135077	5.85031	2.43685	72.1287
822	0.137233	5.85154	2.43149	72.1696
823	0.139188	5.85283	2.42438	72.2103
824	0.140117	5.85417	2.41458	72.2505
825	0.140499	5.85551	2.39646	72.2902
826	0.141384	5.85689	2.38942	72.3296
827	0.1407	5.85824	2.38301	72.3687
828	0.13829	5.85951	2.38426	72.4078
829	0.135035	5.86067	2.37783	72.4467
830	0.13322	5.86176	2.38568	72.4859
831	0.132059	5.86282	2.39306	72.5253
832	0.127599	5.86372	2.40192	72.565
833	0.1254	5.86455	2.40723	72.6048
834	0.124862	5.86536	2.40684	72.6446
835	0.123298	5.86612	2.41322	72.6846
836	0.123104	5.86687	2.40454	72.7243
837	0.12043	5.86753	2.40122	72.7639
838	0.117863	5.8681	2.39483	72.8032
839	0.117133	5.86865	2.38216	72.842
840	0.118669	5.86925	2.38248	72.8808
841	0.120231	5.86991	2.38562	72.9198
842	0.123456	5.87068	2.38626	72.9587
843	0.121632	5.87139	2.37043	72.9971
844	0.120455	5.87206	2.36961	73.0354
845	0.121368	5.87277	2.36555	73.0735
846	0.122441	5.87351	2.35804	73.1114
847	0.12295	5.87427	2.35307	73.1491
848	0.122459	5.87501	2.35497	73.1868
849	0.123385	5.87579	2.35422	73.2245
850	0.124129	5.87659	2.35812	73.2623
851	0.125561	5.87744	2.35477	73.3
852	0.124586	5.87827	2.34015	73.3371
853	0.1236	5.87905	2.33814	73.3742
854	0.122158	5.87979	2.33722	73.4112
855	0.119719	5.88045	2.34483	73.4485
856	0.118518	5.88107	2.35244	73.486
857	0.116977	5.88164	2.34869	73.5233
858	0.116893	5.8822	2.34374	73.5605
859	0.114938	5.8827	2.33928	73.5975
860	0.113008	5.88314	2.31701	73.6337
861	0.110799	5.8835	2.3111	73.6697
862	0.110338	5.88385	2.30076	73.7053
863	0.110529	5.88421	2.29697	73.7408
864	0.1086	5.8845	2.29474	73.7762
865	0.10807	5.88477	2.30012	73.8117
866	0.107315	5.88503	2.3048	73.8474
867	0.107202	5.88527	2.30849	73.8832
868	0.107085	5.88552	2.30819	73.919
869	0.10639	5.88575	2.30555	73.9547
870	0.106855	5.88599	2.30278	73.9903
871	0.105978	5.8862	2.30696	74.026
872	0.105354	5.8864	2.31039	74.0617
873	0.103423	5.88653	2.31344	74.0976
874	0.0976403	5.88647	2.3298	74.134
875	0.0944596	5.8863	2.33378	74.1706
876	0.0915947	5.88604	2.33371	74.2071
877	0.0880496	5.88566	2.34326	74.2439
878	0.0844552	5.88516	2.35672	74.2811
879	0.0809361	5.88455	2.35971	74.3185
880	0.08124	5.88395	2.36305	74.3559
881	0.0823767	5.88339	2.3701	74.3935
882	0.0818108	5.88281	2.34094	74.4302
883	0.0810902	5.88221	2.33931	74.4667
884	0.0811326	5.88162	2.3364	74.5032
885	0.0807981	5.88101	2.32049	74.5391
886	0.0786662	5.88034	2.31368	74.5748
887	0.0779781	5.87965	2.31605	74.6105
888	0.0789423	5.87899	2.31981	74.6463
889	0.0800777	5.87837	2.3186	74.6821
890	0.0778934	5.87768	2.32168	74.718
891	0.0782396	5.87701	2.32672	74.754
892	0.0797055	5.87639	2.32821	74.79
893	0.0783779	5.87573	2.32931	74.8261
894	0.0787711	5.87508	2.32791	74.8621
895	0.0788214	5.87443	2.32478	74.898
896	0.0788961	5.87379	2.32662	74.9339
897	0.0801145	5.8732	2.32489	74.9698
898	0.0806096	5.87262	2.32493	75.0056
899	0.0818925	5.87209	2.32143	75.0413
900	0.0801284	5.8715	2.32356	75.077
901	0.0802265	5.87092	2.32354	75.1128
902	0.0811071	5.87037	2.32072	75.1484
903	0.0816828	5.86984	2.32626	75.1842
904	0.0820657	5.86933	2.33098	75.2202
905	0.0827016	5.86884	2.33258	75.2561
906	0.0818352	5.86832	2.3325	75.2921
907	0.0817063	5.8678	2.32154	75.3277
908	0.0831777	5.86733	2.32452	75.3633
909	0.0829486	5.86686	2.31503	75.3986
910	0.0822668	5.86637	2.30657	75.4337
911	0.0811061	5.86584	2.30993	75.4688
912	0.0819672	5.86534	2.31183	75.504
913	0.0799756	5.86478	2.31103	75.5391
914	0.0800899	5.86422	2.30763	75.5741
915	0.0803622	5.86368	2.30837	75.6091
916	0.0820042	5.86319	2.3085	75.6441
917	0.0800164	5.86264	2.30833	75.6791
918	0.0783103	5.86203	2.31301	75.7142
919	0.0782956	5.86143	2.30738	75.7491
920	0.0772177	5.86079	2.29328	75.7836
921	0.0774656	5.86017	2.28698	75.8178
922	0.0761349	5.8595	2.27972	75.8517
923	0.0741968	5.85877	2.27234	75.8854
924	0.0741346	5.85804	2.26467	75.9189
925	0.0723101	5.85726	2.25506	75.952
926	0.0725237	5.85648	2.24403	75.9847
927	0.072496	5.85571	2.24098	76.0173
928	0.0746561	5.855	2.22378	76.0494
929	0.0768813	5.85438	2.22978	76.0816
930	0.0784443	5.85381	2.23742	76.114
931	0.0792969	5.85327	2.23868	76.1465
932	0.0793821	5.85273	2.2403	76.1791
933	0.0794897	5.8522	2.2218	76.211
934	0.0810308	5.85172	2.20706	76.2424
935	0.0833089	5.85132	2.21046	76.2739
936	0.0860047	5.85101	2.21179	76.3055
937	0.0886737	5.85078	2.20534	76.3368
938	0.0914517	5.85065	2.20725	76.3682
939	0.0932044	5.85058	2.20794	76.3996
940	0.0935648	5.85052	2.20714	76.4309
941	0.0943775	5.85049	2.2106	76.4624
942	0.094768	5.85048	2.21325	76.4939
943	0.0962697	5.85051	2.20488	76.5251
944	0.0966784	5.85056	2.20069	76.5562
945	0.0990975	5.8507	2.19233	76.587
946	0.101793	5.85091	2.19537	76.6179
947	0.101872	5.85114	2.19527	76.6488
948	0.101427	5.85135	2.19347	76.6796
949	0.102358	5.85159	2.19624	76.7105
950	0.101946	5.85182	2.19607	76.7414
951	0.102011	5.85205	2.20116	76.7724
952	0.101899	5.85228	2.18916	76.803
953	0.101354	5.8525	2.18882	76.8337
954	0.0994108	5.85265	2.18304	76.8641
955	0.0991023	5.8528	2.17858	76.8943
956	0.0996214	5.85296	2.17246	76.9244
957	0.100421	5.85315	2.1741	76.9544
958	0.101113	5.85337	2.17169	76.9844
959	0.101381	5.85359	2.1718	77.0144
960	0.103801	5.85389	2.17572	77.0446
961	0.10738	5.85431	2.17672	77.0747
962	0.106981	5.85472	2.17958	77.1049
963	0.106579	5.85512	2.18096	77.1351
964	0.107192	5.85554	2.17998	77.1653
965	0.106405	5.85593	2.18286	77.1956
966	0.106519	5.85633	2.18354	77.2259
967	0.107414	5.85676	2.17465	77.2559
968	0.104437	5.85709	2.17536	77.2859
969	0.103539	5.85739	2.16986	77.3158
970	0.103693	5.85771	2.16688	77.3455
971	0.102832	5.85799	2.16522	77.3752
972	0.102848	5.85828	2.16567	77.4048
973	0.10214	5.85855	2.16473	77.4344
974	0.102306	5.85882	2.158	77.4638
975	0.10272	5.85911	2.14811	77.4929
976	0.103772	5.85943	2.13316	77.5215
977	0.103751	5.85975	2.12151	77.5497
978	0.102729	5.86004	2.12862	77.5781
979	0.10292	5.86034	2.13058	77.6066
980	0.106434	5.86075	2.14269	77.6354
981	0.108861	5.86124	2.15473	77.6647
982	0.110562	5.86179	2.16422	77.6942
983	0.108499	5.86227	2.17265	77.724
984	0.106009	5.86267	2.17983	77.7539
985	0.104453	5.86303	2.17989	77.7839
986	0.104273	5.86337	2.17622	77.8138
987	0.102176	5.86366	2.17648	77.8437
988	0.100661	5.8639	2.17185	77.8734
989	0.0992438	5.86409	2.17498	77.9031
990	0.0982541	5.86425	2.17512	77.9329
991	0.0973628	5.86439	2.17101	77.9626
992	0.0975386	5.86453	2.16725	77.9921
993	0.0984758	5.86471	2.17222	78.0218
994	0.0983511	5.86488	2.17938	78.0516
995	0.0997287	5.86509	2.18772	78.0818
996	0.0999035	5.86532	2.18225	78.1117
997	0.0989155	5.86551	2.17609	78.1415
998	0.0990451	5.86571	2.17849	78.1713
999	0.0991051	5.86591	2.1823	78.2012
1000	0.0990601	5.86611	2.17859	78.231
1001	0.0978241	5.86628	2.17466	78.2606
1002	0.0974731	5.86643	2.17623	78.2903
1003	0.0981626	5.86661	2.17494	78.32
1004	0.0990179	5.86681	2.17953	78.3498
1005	0.0993808	5.86703	2.18103	78.3796
1006	0.0998649	5.86727	2.178	78.4093
1007	0.0995957	5.86749	2.17697	78.439
1008	0.0994672	5.86772	2.17502	78.4686
1009	0.0982318	5.8679	2.17228	78.4981
1010	0.0970788	5.86806	2.17732	78.5277
1011	0.0964039	5.86819	2.17188	78.5572
1012	0.0949653	5.86828	2.17135	78.5866
1013	0.0956386	5.86839	2.17011	78.616
1014	0.0924871	5.8684	2.1782	78.6457
1015	0.090802	5.86836	2.18239	78.6754
1016	0.091723	5.86835	2.17683	78.705
1017	0.0935329	5.8684	2.17513	78.7345
1018	0.0942209	5.86847	2.17823	78.7641
1019	0.0927465	5.8685	2.18188	78.7938
1020	0.0923127	5.86852	2.17817	78.8234
1021	0.0930438	5.86856	2.17511	78.8528
1022	0.0928421	5.86859	2.16794	78.8821
1023	0.0909892	5.86857	2.17285	78.9115
1024	0.0924707	5.8686	2.18147	78.9411
1025	0.0910392	5.86858	2.18714	78.9709
1026	0.0895039	5.86852	2.19467	79.0009
1027	0.0888489	5.86844	2.1995	79.0311
1028	0.0886722	5.86835	2.20479	79.0614
1029	0.0886605	5.86826	2.20596	79.0918
1030	0.0875944	5.86815	2.2062	79.1221
1031	0.0885567	5.86806	2.20747	79.1525
1032	0.0898773	5.86802	2.21103	79.183
1033	0.0900836	5.86798	2.21529	79.2136
1034	0.0901612	5.86795	2.22168	79.2444
1035	0.089401	5.8679	2.22334	79.2752
1036	0.0893749	5.86784	2.22374	79.306
1037	0.0894487	5.86779	2.22589	79.3369
1038	0.0855049	5.86762	2.23347	79.368
1039	0.0836328	5.8674	2.2313	79.399
1040	0.084332	5.86719	2.22577	79.4299
1041	0.083138	5.86695	2.22579	79.4607
1042	0.0827617	5.8667	2.2211	79.4914
1043	0.0814519	5.86642	2.22796	79.5223
1044	0.0801012	5.86609	2.23355	79.5533
1045	0.0788152	5.86572	2.24076	79.5845
1046	0.077313	5.86531	2.2452	79.6159
1047	0.0754041	5.86484	2.25328	79.6475
1048	0.0742318	5.86434	2.25783	79.6793
1049	0.072775	5.86379	2.25492	79.7109
1050	0.0719138	5.86322	2.25123	79.7424
1051	0.0737004	5.86271	2.24907	79.7739
1052	0.0753342	5.86225	2.25239	79.8054
1053	0.0746725	5.86177	2.2552	79.837
1054	0.0752769	5.86131	2.25564	79.8686
1055	0.0760439	5.86088	2.25718	79.9002
1056	0.077665	5.86049	2.26357	79.9321
1057	0.0786137	5.86014	2.26663	79.964
1058	0.0783188	5.85978	2.27003	79.996
1059	0.0812817	5.85952	2.27047	80.028
1060	0.0826678	5.85929	2.2677	80.0598
1061	0.0816903	5.85904	2.26652	80.0917
1062	0.083435	5.85885	2.26414	80.1235
1063	0.0834314	5.85865	2.26516	80.1553
1064	0.0834903	5.85846	2.26717	80.1871
1065	0.0832863	5.85826	2.27325	80.2191
1066	0.0823661	5.85804	2.26038	80.2507
1067	0.0828008	5.85783	2.26149	80.2823
1068	0.0843769	5.85767	2.25812	80.3138
1069	0.0860387	5.85757	2.25287	80.3452
1070	0.0855703	5.85745	2.24422	80.3762
1071	0.0854929	5.85733	2.24633	80.4073
1072	0.0846665	5.85718	2.24803	80.4385
1073	0.0851919	5.85706	2.24208	80.4695
1074	0.0845392	5.85691	2.24236	80.5004
1075	0.082046	5.85669	2.24688	80.5315
1076	0.0818374	5.85647	2.24685	80.5626
1077	0.0799083	5.85619	2.2472	80.5936
1078	0.0803393	5.85592	2.246	80.6247
1079	0.0812677	5.85568	2.25088	80.6558
1080	0.0814767	5.85545	2.24452	80.6868
1081	0.0797168	5.85517	2.24036	80.7176
1082	0.0793421	5.85488	2.22154	80.7478
1083	0.0801151	5.85461	2.22087	80.778
1084	0.0826173	5.85442	2.22276	80.8083
1085	0.0859284	5.85434	2.219	80.8384
1086	0.0854042	5.85423	2.21713	80.8685
1087	0.0870497	5.85418	2.20713	80.8982
1088	0.0880612	5.85416	2.19631	80.9276
1089	0.0874726	5.85413	2.17589	80.9564
1090	0.0858299	5.85405	2.18194	80.9853
1091	0.0839408	5.85391	2.18629	81.0144
1092	0.0823002	5.85372	2.18994	81.0436
1093	0.0814104	5.8535	2.18898	81.0727
1094	0.0819614	5.85331	2.19531	81.1021
1095	0.0816739	5.85311	2.20341	81.1316
1096	0.0808158	5.85288	2.21029	81.1614
1097	0.0814361	5.85267	2.21464	81.1912
1098	0.0829227	5.85251	2.21618	81.2211
1099	0.086787	5.85247	2.22468	81.2513
1100	0.0874868	5.85245	2.22948	81.2816
1101	0.0886413	5.85246	2.23486	81.312
1102	0.0876536	5.85245	2.238	81.3425
1103	0.0850683	5.85236	2.24602	81.3733
1104	0.0852312	5.85228	2.24915	81.4041
1105	0.085609	5.85221	2.24864	81.4349
1106	0.0857391	5.85214	2.25191	81.4658
1107	0.085928	5.85208	2.25798	81.4969
1108	0.0865108	5.85204	2.26482	81.5281
1109	0.0876623	5.85204	2.26675	81.5595
1110	0.0861867	5.85199	2.2725	81.5909
1111	0.0845646	5.8519	2.27303	81.6224
1112	0.0813943	5.85171	2.28369	81.6542
1113	0.0794874	5.85146	2.28967	81.6861
1114	0.0776094	5.85116	2.29638	81.7182
1115	0.0770781	5.85085	2.29898	81.7504
1116	0.0756878	5.8505	2.2951	81.7825
1117	0.075397	5.85014	2.30101	81.8148
1118	0.074557	5.84975	2.30728	81.8472
1119	0.0739409	5.84935	2.31507	81.8798
1120	0.0733777	5.84893	2.31936	81.9125
1121	0.0738313	5.84853	2.32518	81.9455
1122	0.0732956	5.84812	2.32966	81.9785
1123	0.0725712	5.84768	2.33218	82.0116
1124	0.0727333	5.84725	2.33363	82.0447
1125	0.0728237	5.84683	2.33224	82.0778
1126	0.0725911	5.84639	2.33579	82.1109
1127	0.0728908	5.84597	2.33853	82.1441
1128	0.0734483	5.84557	2.34138	82.1774
1129	0.0730116	5.84516	2.33515	82.2105
1130	0.0754017	5.84482	2.33451	82.2436
1131	0.0774215	5.84454	2.34184	82.2769
1132	0.0774188	5.84426	2.34226	82.3101
1133	0.0775374	5.84398	2.3409	82.3434
1134	0.0776792	5.84372	2.34363	82.3766
1135	0.0788748	5.84349	2.34294	82.4099
1136	0.0817117	5.84334	2.34748	82.4433
1137	0.0840112	5.84326	2.35469	82.4768
1138	0.0857885	5.84324	2.35643	82.5104
1139	0.0869172	5.84325	2.35626	82.544
1140	0.0881218	5.8433	2.35485	82.5776
1141	0.0886208	5.84337	2.35985	82.6112
1142	0.0897462	5.84347	2.35909	82.6449
1143	0.0886088	5.84353	2.35293	82.6783
1144	0.0893498	5.84362	2.34764	82.7116
1145	0.0888915	5.8437	2.34708	82.7448
1146	0.0881501	5.84375	2.34442	82.778
1147	0.0858988	5.84374	2.33955	82.8109
1148	0.0845299	5.8437	2.33148	82.8437
1149	0.0824608	5.84359	2.33712	82.8766
1150	0.0799552	5.84341	2.34406	82.9097
1151	0.0789928	5.8432	2.34743	82.9428
1152	0.0762791	5.84291	2.34487	82.9759
1153	0.0761295	5.84262	2.34224	83.0089
1154	0.0755124	5.84231	2.34813	83.0421
1155	0.0750453	5.842	2.33941	83.0749
1156	0.0739937	5.84165	2.3422	83.1079
1157	0.0724083	5.84125	2.34892	83.141
1158	0.0704566	5.8408	2.35579	83.1744
1159	0.0690357	5.84031	2.3595	83.2078
1160	0.0706996	5.83987	2.36153	83.2412
1161	0.0717185	5.83947	2.35896	83.2746
1162	0.0722823	5.83908	2.36066	83.308
1163	0.072324	5.83869	2.36321	83.3415
1164	0.072006	5.83829	2.36666	83.3751
1165	0.0716037	5.83789	2.36774	83.4086
1166	0.0695345	5.83742	2.36548	83.4421
1167	0.0697803	5.83696	2.36527	83.4756
1168	0.0693881	5.8365	2.36395	83.5091
1169	0.0699278	5.83605	2.36929	83.5426
1170	0.0717197	5.83565	2.37011	83.5762
1171	0.0717724	5.83526	2.36782	83.6097
1172	0.0712315	5.83485	2.35979	83.643
1173	0.0705608	5.83443	2.35808	83.6762
1174	0.0689681	5.83396	2.36264	83.7095
1175	0.068191	5.83347	2.36492	83.7428
1176	0.0672243	5.83295	2.36624	83.7762
1177	0.0669814	5.83243	2.36546	83.8096
1178	0.0669041	5.8319	2.36479	83.8429
1179	0.0665178	5.83137	2.37031	83.8764
1180	0.0662083	5.83083	2.36949	83.9098
1181	0.0682317	5.83035	2.37391	83.9434
1182	0.0678427	5.82986	2.3753	83.9769
1183	0.0683622	5.82938	2.37783	84.0106
1184	0.0688057	5.82892	2.38066	84.0443
1185	0.0692656	5.82848	2.38171	84.078
1186	0.0672304	5.82797	2.38503	84.1118
1187	0.0633563	5.82736	2.39575	84.1459
1188	0.0617046	5.8267	2.39722	84.18
1189	0.0591888	5.82597	2.40131	84.2143
1190	0.0583322	5.82521	2.39705	84.2483
1191	0.0574225	5.82443	2.39474	84.2824
1192	0.0562789	5.82362	2.39488	84.3164
1193	0.0550024	5.82278	2.39691	84.3504
1194	0.0543017	5.82191	2.39533	84.3844
1195	0.0531426	5.82101	2.39434	84.4184
1196	0.0526268	5.82011	2.39541	84.4523
1197	0.0521761	5.81918	2.39751	84.4863
1198	0.0521894	5.81827	2.39997	84.5204
1199	0.0510241	5.81732	2.40239	84.5545
1200	0.0501981	5.81634	2.40178	84.5886
1201	0.0516	5.81541	2.40179	84.6227
1202	0.0534358	5.81454	2.40319	84.6568
1203	0.0555894	5.81373	2.40882	84.6911
1204	0.0563213	5.81294	2.41249	84.7254
1205	0.0561972	5.81215	2.41043	84.7597
1206	0.0581442	5.81141	2.41473	84.7941
1207	0.0588265	5.8107	2.41668	84.8285
1208	0.0571317	5.80994	2.41666	84.8629
1209	0.0557952	5.80914	2.41999	84.8974
1210	0.0539373	5.8083	2.41117	84.9317
1211	0.0523951	5.80741	2.41093	84.9659
1212	0.0516074	5.8065	2.4152	85.0002
1213	0.0512908	5.80558	2.41824	85.0346
1214	0.0520027	5.80468	2.41892	85.069
1215	0.0536691	5.80383	2.4084	85.1031
1216	0.0535218	5.80298	2.40812	85.1371
1217	0.0529287	5.80212	2.40987	85.1712
1218	0.0543232	5.8013	2.41217	85.2054
1219	0.0565421	5.80054	2.40305	85.2392
1220	0.0574515	5.79981	2.39944	85.273
1221	0.0567256	5.79906	2.39685	85.3067
1222	0.0556867	5.79828	2.4002	85.3404
1223	0.0551411	5.79749	2.40016	85.3741
1224	0.0549375	5.79669	2.40608	85.408
1225	0.0530055	5.79584	2.41003	85.442
1226	0.0521283	5.79497	2.4083	85.4759
1227	0.0512098	5.79407	2.41101	85.5099
1228	0.0520363	5.7932	2.40885	85.5439
1229	0.0533108	5.79237	2.41196	85.5778
1230	0.0539256	5.79155	2.41696	85.612
1231	0.0542299	5.79075	2.42182	85.6462
1232	0.0534733	5.78992	2.42862	85.6806
1233	0.0558608	5.78917	2.43745	85.7153
1234	0.0557909	5.78841	2.44127	85.7501
1235	0.0560226	5.78767	2.44448	85.7849
1236	0.0548258	5.78689	2.44638	85.8198
1237	0.0543464	5.78609	2.44708	85.8547
1238	0.0537561	5.78529	2.44534	85.8895
1239	0.0548465	5.78451	2.44694	85.9243
1240	0.0556068	5.78376	2.45052	85.9593
1241	0.0562466	5.78303	2.44615	85.9941
1242	0.0561533	5.7823	2.44691	86.0289
1243	0.0558114	5.78156	2.44475	86.0636
1244	0.0554356	5.78081	2.44606	86.0983
1245	0.0561976	5.78008	2.44965	86.1332
1246	0.0563155	5.77936	2.44786	86.168
1247	0.0556223	5.77862	2.44908	86.2028
1248	0.0572272	5.77792	2.4483	86.2375
1249	0.0582762	5.77726	2.44977	86.2723
1250	0.0596106	5.77664	2.4502	86.3071
1251	0.0612072	5.77606	2.45502	86.342
1252	0.0636584	5.77556	2.46347	86.3771
1253	0.0645494	5.77508	2.46744	86.4124
1254	0.0649698	5.77461	2.4699	86.4476
1255	0.0662019	5.77418	2.47593	86.4831
1256	0.0660494	5.77375	2.47722	86.5186
1257	0.0685248	5.77339	2.47772	86.554
1258	0.0704315	5.77308	2.48069	86.5895
1259	0.0718686	5.77281	2.48044	86.6251
1260	0.0729611	5.77258	2.47773	86.6605
1261	0.0714291	5.7723	2.47878	86.6959
1262	0.0697385	5.77198	2.481	86.7314
1263	0.0714077	5.77171	2.485	86.767
1264	0.0698914	5.77139	2.4883	86.8026
1265	0.0707758	5.7711	2.48646	86.8382
1266	0.0710195	5.77082	2.48179	86.8737
1267	0.0733258	5.7706	2.48275	86.9091
1268	0.0736051	5.7704	2.47683	86.9444
1269	0.0733423	5.77018	2.46716	86.9794
1270	0.0720882	5.76994	2.46451	87.0143
1271	0.0716668	5.76968	2.45501	87.0489
1272	0.071055	5.7694	2.45219	87.0835
1273	0.0717028	5.76915	2.45563	87.1181
1274	0.0721924	5.76891	2.46157	87.1528
1275	0.0724494	5.76868	2.46365	87.1877
1276	0.072318	5.76844	2.46768	87.2226
1277	0.0702339	5.76815	2.46765	87.2575
1278	0.069345	5.76784	2.46143	87.2922
1279	0.0692961	5.76752	2.45281	87.3266
1280	0.0695287	5.76721	2.4519	87.361
1281	0.06928	5.7669	2.45071	87.3954
1282	0.0691956	5.76658	2.45065	87.4298
1283	0.0691047	5.76627	2.44868	87.464
1284	0.0694843	5.76596	2.4385	87.498
1285	0.0693978	5.76566	2.43457	87.5319
1286	0.0703248	5.76538	2.43165	87.5657
1287	0.0700493	5.76509	2.43244	87.5994
1288	0.0689104	5.76477	2.43448	87.6333
1289	0.0686436	5.76445	2.43738	87.6671
1290	0.0664858	5.76407	2.43887	87.7011
1291	0.0656406	5.76367	2.44056	87.735
1292	0.0654428	5.76326	2.4386	87.7689
1293	0.0656596	5.76286	2.4398	87.8028
1294	0.0628281	5.76238	2.44825	87.8369
1295	0.0607958	5.76184	2.45102	87.8711
1296	0.060674	5.76131	2.44208	87.905
1297	0.0609506	5.76078	2.43454	87.9388
1298	0.0608442	5.76025	2.43199	87.9724
1299	0.0610742	5.75973	2.42766	88.0059
1300	0.0616466	5.75923	2.42789	88.0393
1301	0.062722	5.75876	2.42681	88.0728
1302	0.0635109	5.75831	2.4285	88.1063
1303	0.0642315	5.75788	2.42851	88.1397
1304	0.0651979	5.75748	2.42855	88.1732
1305	0.0658625	5.7571	2.42799	88.2066
1306	0.0665645	5.75673	2.42996	88.2401
1307	0.0676215	5.7564	2.43202	88.2736
1308	0.0677482	5.75608	2.43268	88.3071
1309	0.0672894	5.75574	2.43077	88.3405
1310	0.0677171	5.75542	2.43256	88.374
1311	0.0690656	5.75513	2.43717	88.4076
1312	0.0715235	5.75491	2.44089	88.4413
1313	0.0712742	5.75469	2.43889	88.4749
1314	0.0718934	5.75449	2.43733	88.5085
1315	0.0721048	5.75429	2.43221	88.5419
1316	0.0716365	5.75408	2.4197	88.575
1317	0.0703221	5.75383	2.40959	88.6077
1318	0.0693108	5.75356	2.40475	88.6403
1319	0.0682718	5.75326	2.39733	88.6727
1320	0.0689507	5.75298	2.38934	88.7049
1321	0.0690515	5.7527	2.3916	88.7371
1322	0.0673899	5.75238	2.39136	88.7693
1323	0.0667864	5.75205	2.3932	88.8016
1324	0.0649951	5.75166	2.39323	88.8338
1325	0.0658616	5.7513	2.39183	88.866
1326	0.0661638	5.75095	2.39371	88.8982
1327	0.0654772	5.75058	2.39597	88.9305
1328	0.0661555	5.75024	2.40146	88.9629
1329	0.0667089	5.7499	2.40163	88.9953
1330	0.0653618	5.74954	2.40177	89.0277
1331	0.0646236	5.74915	2.40142	89.0601
1332	0.0627649	5.74871	2.40469	89.0925
1333	0.0609595	5.74823	2.40918	89.1251
1334	0.0604547	5.74773	2.40334	89.1575
1335	0.0603947	5.74723	2.39646	89.1897
1336	0.0603495	5.74673	2.39438	89.2218
1337	0.0603426	5.74624	2.38661	89.2537
1338	0.0596159	5.74572	2.38515	89.2855
1339	0.0588104	5.74518	2.3829	89.3173
1340	0.0594691	5.74467	2.38005	89.349
1341	0.0599558	5.74416	2.37735	89.3806
1342	0.0605736	5.74368	2.36992	89.412
1343	0.0615462	5.74322	2.36794	89.4433
1344	0.0627881	5.7428	2.36435	89.4745
1345	0.0641741	5.74241	2.36717	89.5058
1346	0.0632499	5.74201	2.36727	89.5371
1347	0.0633329	5.7416	2.36165	89.5682
1348	0.0628435	5.74119	2.35897	89.5992
1349	0.0610753	5.74072	2.36181	89.6303
1350	0.0593769	5.74021	2.36498	89.6615
1351	0.0590144	5.7397	2.36734	89.6927
1352	0.0584491	5.73916	2.36873	89.7239
1353	0.057171	5.7386	2.37218	89.7552
1354	0.0561374	5.73801	2.37798	89.7867
1355	0.0552303	5.73739	2.37878	89.8182
1356	0.0550757	5.73677	2.38225	89.8498
1357	0.0567994	5.7362	2.38948	89.8815
1358	0.0574004	5.73565	2.3901	89.9133
1359	0.055426	5.73505	2.38985	89.945
1360	0.0532894	5.73438	2.39566	89.9769
1361	0.052349	5.7337	2.39934	90.0089
1362	0.0525133	5.73302	2.39986	90.0409
1363	0.0518398	5.73232	2.40053	90.0729
1364	0.0528071	5.73165	2.40292	90.1049
1365	0.0532664	5.73099	2.40237	90.1369
1366	0.0527146	5.73032	2.40061	90.1689
1367	0.0526774	5.72966	2.39732	90.2007
1368	0.0522321	5.72897	2.39801	90.2326
1369	0.0514399	5.72827	2.39681	90.2644
1370	0.0510396	5.72756	2.40037	90.2963
1371	0.053165	5.72691	2.40249	90.3283
1372	0.0547222	5.7263	2.41016	90.3604
1373	0.056686	5.72575	2.41552	90.3927
1374	0.0568311	5.7252	2.4191	90.425
1375	0.0556457	5.72462	2.42182	90.4575
1376	0.0548618	5.72402	2.42111	90.4899
1377	0.0532203	5.72338	2.42406	90.5223
1378	0.0525116	5.72272	2.42884	90.5549
1379	0.0540012	5.7221	2.4328	90.5876
1380	0.0546798	5.7215	2.43354	90.6203
1381	0.0570044	5.72096	2.43464	90.653
1382	0.057465	5.72044	2.43532	90.6857
1383	0.0573283	5.71992	2.4368	90.7184
1384	0.0583863	5.71942	2.44044	90.7512
1385	0.0581402	5.71892	2.44296	90.7841
1386	0.0579712	5.71842	2.4452	90.817
1387	0.0581759	5.71792	2.44639	90.85
1388	0.0604177	5.71748	2.45077	90.883
1389	0.0623066	5.7171	2.45276	90.9161
1390	0.0631089	5.71673	2.45839	90.9493
1391	0.0615404	5.71633	2.46396	90.9827
1392	0.0592908	5.71587	2.47182	91.0163
1393	0.0588238	5.71539	2.47048	91.0498
1394	0.0586369	5.71492	2.47226	91.0833
1395	0.060175	5.71448	2.47481	91.1169
1396	0.0616782	5.71409	2.47403	91.1505
1397	0.0610208	5.71367	2.4716	91.184
1398	0.0602989	5.71324	2.47107	91.2175
1399	0.0589922	5.71278	2.46903	91.2509
1400	0.0577833	5.71229	2.46297	91.2841
1401	0.0585175	5.71181	2.45985	91.3172
1402	0.0594955	5.71137	2.45911	91.3503
1403	0.0615047	5.71097	2.45848	91.3834
1404	0.0641212	5.71065	2.4457	91.4161
1405	0.0649732	5.71036	2.43572	91.4486
1406	0.0658567	5.71008	2.43282	91.4809
1407	0.0678104	5.70986	2.4368	91.5134
1408	0.0684667	5.70966	2.43563	91.5458
1409	0.068548	5.70946	2.43601	91.5782
1410	0.0683178	5.70926	2.43834	91.6107
1411	0.0664812	5.70901	2.44062	91.6432
1412	0.0650431	5.70872	2.43866	91.6756
1413	0.0636878	5.70839	2.44345	91.7082
1414	0.0640828	5.70808	2.44874	91.7408
1415	0.0654499	5.7078	2.45317	91.7736
1416	0.0656818	5.70753	2.45549	91.8065
1417	0.0669783	5.7073	2.45908	91.8394
1418	0.0677934	5.70709	2.45443	91.8722
1419	0.0683937	5.7069	2.45616	91.905
1420	0.06692	5.70666	2.46118	91.938
1421	0.0661516	5.70641	2.46447	91.971
1422	0.0652611	5.70614	2.46293	92.004
1423	0.0654917	5.70587	2.4616	92.0369
1424	0.0656584	5.70561	2.46325	92.0698
1425	0.0657859	5.70535	2.46608	92.1028
1426	0.0649719	5.70507	2.46824	92.1359
1427	0.0661116	5.70482	2.47144	92.169
1428	0.0672479	5.70461	2.47545	92.2023
1429	0.067481	5.7044	2.47769	92.2355
1430	0.0667021	5.70417	2.48291	92.2689
1431	0.0676104	5.70396	2.4882	92.3025
1432	0.0697191	5.70381	2.49339	92.3361
1433	0.0692753	5.70366	2.48928	92.3697
1434	0.0685913	5.70348	2.49249	92.4033
1435	0.0682403	5.70329	2.49713	92.437
1436	0.0686741	5.70312	2.49937	92.4708
1437	0.0688453	5.70296	2.50126	92.5046
1438	0.0698241	5.70281	2.50066	92.5383
1439	0.0694465	5.70266	2.49581	92.572
1440	0.0678698	5.70247	2.49642	92.6056
1441	0.0671555	5.70227	2.49985	92.6393
1442	0.0645886	5.70199	2.50681	92.6732
1443	0.062002	5.70165	2.51596	92.7073
1444	0.0594895	5.70124	2.52205	92.7416
1445	0.0583088	5.7008	2.52619	92.7759
1446	0.0575818	5.70035	2.53244	92.8104
1447	0.0570725	5.69988	2.53737	92.8451
1448	0.0565435	5.6994	2.54301	92.8798
1449	0.0570623	5.69893	2.53989	92.9145
1450	0.0579989	5.69849	2.5413	92.9492
1451	0.0571017	5.69803	2.5437	92.9839
1452	0.0572592	5.69757	2.54228	93.0186
1453	0.0577302	5.69713	2.53927	93.0532
1454	0.0580443	5.69669	2.54012	93.0878
1455	0.0576304	5.69624	2.54236	93.1225
1456	0.0581661	5.69581	2.54539	93.1572
1457	0.0577651	5.69537	2.54875	93.192
1458	0.0582369	5.69495	2.55054	93.2268
1459	0.0592369	5.69455	2.5515	93.2617
1460	0.0595307	5.69416	2.55437	93.2966
1461	0.060502	5.69379	2.5604	93.3316
1462	0.0596804	5.69341	2.56384	93.3668
1463	0.0581701	5.69298	2.56991	93.402
1464	0.0557374	5.6925	2.57897	93.4375
1465	0.0551148	5.692	2.58187	93.4731
1466	0.0536641	5.69146	2.58691	93.5087
1467	0.0535199	5.69092	2.58637	93.5444
1468	0.0518496	5.69033	2.58998	93.5801
1469	0.0508653	5.68972	2.5934	93.6159
1470	0.0499468	5.68909	2.59732	93.6518
1471	0.0498481	5.68846	2.59418	93.6876
1472	0.048888	5.6878	2.59244	93.7234
1473	0.0505522	5.68719	2.59117	93.7591
1474	0.0499828	5.68657	2.59326	93.7948
1475	0.0513557	5.68598	2.59563	93.8306
1476	0.0525822	5.68542	2.59232	93.8663
1477	0.0533899	5.68489	2.58827	93.9018
1478	0.0548445	5.68439	2.59225	93.9375
1479	0.0556918	5.68392	2.59372	93.9731
1480	0.0556566	5.68345	2.59685	94.0089
1481	0.0559839	5.68298	2.59686	94.0446
1482	0.0560182	5.68252	2.59517	94.0803
1483	0.0557913	5.68206	2.59539	94.116
1484	0.0548059	5.68157	2.59852	94.1517
1485	0.0524318	5.68102	2.60096	94.1875
1486	0.0495954	5.68039	2.60775	94.2234
1487	0.0465477	5.67969	2.61514	94.2596
1488	0.0439386	5.67892	2.61914	94.2958
1489	0.0413996	5.67809	2.62764	94.3322
1490	0.0411541	5.67725	2.63109	94.3687
1491	0.0406759	5.6764	2.63338	94.4052
1492	0.0405322	5.67555	2.63036	94.4417
1493	0.0397433	5.67468	2.63297	94.4782
1494	0.0403536	5.67383	2.62655	94.5145
1495	0.0422245	5.67302	2.62383	94.5508
1496	0.0423733	5.67223	2.62334	94.587
1497	0.0422255	5.67142	2.62289	94.6232
1498	0.0416948	5.67061	2.62116	94.6593
1499	0.0408656	5.66977	2.61853	94.6954
1500	0.0396587	5.66891	2.61872	94.7314
1501	0.0395191	5.66804	2.61239	94.7673
1502	0.0379958	5.66714	2.61201	94.8031
1503	0.0367332	5.6662	2.60749	94.8388
1504	0.0345656	5.66521	2.60691	94.8745
1505	0.0329767	5.66418	2.61074	94.9103
1506	0.0328008	5.66315	2.61278	94.9461
1507	0.032478	5.66211	2.60513	94.9817
1508	0.0324612	5.66107	2.60572	95.0173
1509	0.0333896	5.66005	2.60763	95.0529
1510	0.0340807	5.65906	2.60922	95.0886
1511	0.0332423	5.65804	2.60895	95.1242
1512	0.0333657	5.65703	2.6073	95.1598
1513	0.0345619	5.65605	2.60736	95.1954
1514	0.035118	5.65509	2.60593	95.2309
1515	0.0354865	5.65413	2.59854	95.2662
1516	0.0358385	5.65319	2.5962	95.3015
1517	0.0365344	5.65227	2.59661	95.3367
1518	0.0375798	5.65137	2.59875	95.372
1519	0.0390483	5.65051	2.60311	95.4074
1520	0.0389018	5.64965	2.60666	95.4429
1521	0.0373711	5.64876	2.6121	95.4785
1522	0.0379251	5.64788	2.61476	95.5141
1523	0.036655	5.64696	2.61631	95.5498
1524	0.0349326	5.64601	2.61244	95.5854
1525	0.0335837	5.64502	2.61361	95.6209
1526	0.0332692	5.64402	2.61052	95.6564
1527	0.0320335	5.64299	2.6112	95.6919
1528	0.0321363	5.64197	2.61224	95.7274
1529	0.0317716	5.64094	2.61347	95.763
1530	0.0313202	5.6399	2.61698	95.7986
1531	0.0312414	5.63886	2.62062	95.8342
1532	0.0311381	5.63781	2.62446	95.87
1533	0.0307702	5.63676	2.62445	95.9058
1534	0.0296272	5.63568	2.62513	95.9415
1535	0.0269266	5.63454	2.62635	95.9773
1536	0.0242289	5.63332	2.63467	96.0133
1537	0.0254526	5.63214	2.64005	96.0494
1538	0.0267788	5.63099	2.6459	96.0856
1539	0.0270012	5.62985	2.64863	96.1219
1540	0.0270426	5.62872	2.64824	96.1582
1541	0.0256684	5.62755	2.64863	96.1944
1542	0.0232581	5.62631	2.65332	96.2308
1543	0.0212348	5.62503	2.65598	96.2672
1544	0.0198429	5.62372	2.65122	96.3035
1545	0.0186372	5.62237	2.65133	96.3398
1546	0.0170443	5.62099	2.65512	96.3761
1547	0.0143242	5.61954	2.66382	96.4127
1548	0.0131888	5.61806	2.66914	96.4494
1549	0.0131479	5.61659	2.66773	96.486
1550	0.0125388	5.61509	2.66649	96.5226
1551	0.0134445	5.61363	2.66985	96.5593
1552	0.0139473	5.61217	2.67032	96.596
1553	0.0141052	5.61073	2.67097	96.6326
1554	0.014329	5.60929	2.66801	96.6692
1555	0.0136485	5.60783	2.6689	96.7058
1556	0.0130605	5.60636	2.66744	96.7423
1557	0.0135637	5.60491	2.66354	96.7788
1558	0.0138475	5.60346	2.66255	96.8152
1559	0.013347	5.602	2.65638	96.8514
1560	0.0117348	5.60051	2.65397	96.8875
1561	0.00997072	5.59897	2.66167	96.9238
1562	0.010004	5.59743	2.66538	96.9603
1563	0.0108794	5.59592	2.67011	96.9968
1564	0.0127489	5.59445	2.67683	97.0334
1565	0.0136972	5.59301	2.67605	97.0701
1566	0.0139345	5.59158	2.67205	97.1066
1567	0.0138997	5.59015	2.67018	97.1431
1568	0.0146122	5.58874	2.67282	97.1796
1569	0.0157654	5.58736	2.67352	97.2161
1570	0.0164527	5.58599	2.6647	97.2524
1571	0.015658	5.58461	2.6612	97.2885
1572	0.0155824	5.58323	2.65235	97.3245
1573	0.0153464	5.58185	2.65223	97.3604
1574	0.0154242	5.58046	2.65017	97.3963
1575	0.0161014	5.5791	2.64614	97.432
1576	0.0160147	5.57773	2.64601	97.4678
1577	0.0156859	5.57636	2.64461	97.5035
1578	0.015812	5.57499	2.64256	97.5391
1579	0.0148886	5.57361	2.64604	97.5748
1580	0.0136388	5.57219	2.64954	97.6105
1581	0.0132316	5.57076	2.64658	97.6462
1582	0.0129902	5.56933	2.64816	97.6819
1583	0.0130309	5.5679	2.64259	97.7175
1584	0.0113232	5.56643	2.64766	97.7532
1585	0.0109507	5.56495	2.64918	97.7889
1586	0.0103944	5.56346	2.65052	97.8246
1587	0.0115606	5.56199	2.65068	97.8603
1588	0.0121055	5.56055	2.65131	97.896
1589	0.0116583	5.55909	2.65452	97.9318
1590	0.012576	5.55766	2.65737	97.9676
1591	0.0132022	5.55625	2.6568	98.0034
1592	0.0138636	5.55485	2.65504	98.0392
1593	0.0140014	5.55346	2.65928	98.075
1594	0.0139737	5.55207	2.66347	98.111
1595	0.0144712	5.55069	2.66909	98.147
1596	0.0152478	5.54934	2.67472	98.1832
1597	0.0157928	5.548	2.67403	98.2194
1598	0.0163913	5.54667	2.6733	98.2555
1599	0.0169279	5.54536	2.67489	98.2917
1600	0.0173107	5.54407	2.67592	98.3279
1601	0.0168382	5.54276	2.67277	98.3639
1602	0.0147961	5.5414	2.67598	98.4001
1603	0.0153817	5.54006	2.67596	98.4362
1604	0.016337	5.53874	2.67634	98.4724
1605	0.0163198	5.53742	2.6752	98.5085
1606	0.0162884	5.53611	2.67182	98.5444
1607	0.0164712	5.5348	2.67027	98.5804
1608	0.0175751	5.53351	2.66352	98.6162
1609	0.0187055	5.53226	2.65544	98.6517
1610	0.0191436	5.53102	2.64922	98.6871
1611	0.0194513	5.52979	2.64831	98.7224
1612	0.017762	5.52852	2.64891	98.7578
1613	0.0167874	5.52723	2.65025	98.7931
1614	0.0168579	5.52594	2.64848	98.8285
1615	0.0162235	5.52463	2.64886	98.8638
1616	0.0155071	5.52331	2.65395	98.8992
1617	0.0159098	5.522	2.65526	98.9346
1618	0.0164768	5.5207	2.65542	98.9701
1619	0.0171172	5.51943	2.65426	99.0055
1620	0.0164499	5.51813	2.65856	99.0409
1621	0.0159714	5.51683	2.6598	99.0764
1622	0.0156564	5.51552	2.66204	99.112
1623	0.0160548	5.51422	2.6627	99.1475
1624	0.0150541	5.5129	2.66294	99.1831
1625	0.0143275	5.51156	2.66234	99.2186
1626	0.0137885	5.51021	2.66025	99.2541
1627	0.0142984	5.50887	2.66201	99.2896
1628	0.0150488	5.50755	2.66614	99.3251
1629	0.0159737	5.50626	2.66935	99.3608
1630	0.0163477	5.50498	2.67187	99.3965
1631	0.0170492	5.50371	2.67571	99.4322
1632	0.0175172	5.50246	2.67977	99.4681
1633	0.0180108	5.50122	2.68325	99.504
1634	0.018635	5.5	2.68666	99.54
1635	0.0199059	5.49881	2.68996	99.5761
1636	0.0205789	5.49764	2.69283	99.6123
1637	0.0217638	5.4965	2.69458	99.6484
1638	0.0215785	5.49536	2.69319	99.6845
1639	0.0224765	5.49424	2.69229	99.7206
1640	0.0208872	5.49308	2.69131	99.7567
1641	0.0192085	5.49189	2.69194	99.7927
1642	0.0184492	5.49067	2.6892	99.8287
1643	0.0181731	5.48945	2.68921	99.8646
1644	0.0177339	5.48822	2.68691	99.9005
1645	0.016838	5.48697	2.68495	99.9364
1646	0.0164315	5.48571	2.67794	99.972
1647	0.0158851	5.48443	2.67997	100.008
1648	0.0165673	5.48318	2.68076	100.043
1649	0.0178633	5.48196	2.679	100.079
1650	0.0185483	5.48076	2.67774	100.115
1651	0.0188517	5.47956	2.67644	100.15
1652	0.0196325	5.47839	2.67276	100.186
1653	0.0184217	5.47718	2.66529	100.221
1654	0.0186019	5.47599	2.6631	100.256
1655	0.0174914	5.47476	2.66012	100.291
1656	0.0174928	5.47354	2.65882	100.326
1657	0.0166491	5.4723	2.6585	100.361
1658	0.0165456	5.47106	2.65627	100.396
1659	0.0173904	5.46984	2.65391	100.431
1660	0.0169472	5.46861	2.65194	100.466
1661	0.0164277	5.46737	2.65164	100.501
1662	0.0162622	5.46612	2.65059	100.535
1663	0.0163682	5.46488	2.6531	100.57
1664	0.0155705	5.46362	2.65289	100.605
1665	0.0155233	5.46236	2.65409	100.64
1666	0.0158765	5.46112	2.65536	100.675
1667	0.0163304	5.45988	2.65901	100.71
1668	0.0165213	5.45865	2.65627	100.744
1669	0.0157867	5.4574	2.65712	100.779
1670	0.0146377	5.45613	2.6601	100.814
1671	0.0138603	5.45483	2.66472	100.849
1672	0.0133423	5.45353	2.66896	100.884
1673	0.0132617	5.45223	2.66819	100.919
1674	0.0134343	5.45093	2.66414	100.954
1675	0.0148912	5.44967	2.66206	100.989
1676	0.0149176	5.44841	2.65972	101.024
1677	0.015281	5.44716	2.66322	101.059
1678	0.0144866	5.44589	2.66373	101.094
1679	0.0140768	5.44461	2.66579	101.129
1680	0.0131635	5.44331	2.67005	101.164
1681	0.0129566	5.44201	2.67549	101.199
1682	0.0120532	5.44069	2.67702	101.234
1683	0.0113802	5.43935	2.67942	101.27
1684	0.0112917	5.43801	2.67797	101.305
1685	0.0114618	5.43668	2.67833	101.34
1686	0.0130629	5.43539	2.67751	101.375
1687	0.0127053	5.43409	2.67495	101.41
1688	0.0124977	5.43279	2.67365	101.445
1689	0.0120131	5.43147	2.66983	101.48
1690	0.0115096	5.43015	2.66692	101.515
1691	0.0103773	5.42879	2.66715	101.55
1692	0.0101345	5.42744	2.66777	101.585
1693	0.00936753	5.42606	2.67034	101.619
1694	0.00973351	5.4247	2.67018	101.654
1695	0.0100552	5.42335	2.6629	101.689
1696	0.0105114	5.422	2.66167	101.724
1697	0.00966514	5.42064	2.66139	101.758
1698	0.0090436	5.41927	2.6583	101.793
1699	0.0094087	5.4179	2.65388	101.827
1700	0.010918	5.41657	2.65824	101.862
1701	0.0116275	5.41527	2.66072	101.896
1702	0.0116153	5.41396	2.66079	101.931
1703	0.0112752	5.41264	2.65777	101.965
1704	0.0122947	5.41135	2.65683	102
1705	0.0125758	5.41007	2.65483	102.034
1706	0.0113819	5.40876	2.6547	102.069
1707	0.0119856	5.40747	2.65503	102.103
1708	0.0111157	5.40616	2.65713	102.137
1709	0.0106535	5.40484	2.65814	102.172
1710	0.0114239	5.40353	2.65627	102.206
1711	0.0111207	5.40223	2.65514	102.24
1712	0.0113484	5.40092	2.65153	102.275
1713	0.0110735	5.39962	2.64582	102.309
1714	0.0103319	5.39829	2.6407	102.343
1715	0.0106405	5.39698	2.63524	102.376
1716	0.0110788	5.39567	2.63526	102.41
1717	0.00998257	5.39434	2.63904	102.444
1718	0.00818583	5.39297	2.64296	102.478
1719	0.00845801	5.39161	2.64156	102.512
1720	0.00935613	5.39027	2.63908	102.546
1721	0.00982925	5.38894	2.6383	102.579
1722	0.0089482	5.38759	2.63995	102.613
1723	0.00909521	5.38625	2.63724	102.647
1724	0.00945548	5.38492	2.63566	102.681
1725	0.00879171	5.38357	2.63715	102.714
1726	0.00984926	5.38225	2.63739	102.748
1727	0.0121933	5.38099	2.64138	102.782
1728	0.013462	5.37975	2.6452	102.816
1729	0.0143247	5.37854	2.64601	102.85
1730	0.0140317	5.37733	2.64772	102.884
1731	0.0141294	5.37612	2.65114	102.918
1732	0.015298	5.37493	2.65623	102.952
1733	0.0160888	5.37377	2.65649	102.986
1734	0.0166752	5.37262	2.6527	103.02
1735	0.0158357	5.37146	2.65292	103.054
1736	0.0160427	5.3703	2.65167	103.088
1737	0.0161967	5.36914	2.65004	103.122
1738	0.0172893	5.36801	2.64813	103.156
1739	0.0182811	5.36691	2.65133	103.19
1740	0.0174749	5.36579	2.65185	103.223
1741	0.0165404	5.36464	2.65306	103.257
1742	0.0165511	5.3635	2.65145	103.291
1743	0.0190004	5.36242	2.65415	103.325
1744	0.0205968	5.36137	2.65396	103.359
1745	0.0203686	5.36033	2.65523	103.393
1746	0.0204991	5.35928	2.65333	103.427
1747	0.0194683	5.35822	2.64893	103.461
1748	0.0190961	5.35714	2.64864	103.494
1749	0.0177257	5.35604	2.65186	103.528
1750	0.0172465	5.35492	2.64899	103.562
1751	0.015502	5.35376	2.65079	103.596
1752	0.0156324	5.35261	2.65056	103.63
1753	0.0153785	5.35145	2.64978	103.663
1754	0.0138142	5.35026	2.65195	103.697
1755	0.0129232	5.34904	2.65007	103.731
1756	0.0112566	5.34779	2.64224	103.764
1757	0.00918669	5.34649	2.64719	103.798
1758	0.0086057	5.34517	2.64721	103.831
1759	0.00957771	5.34388	2.64785	103.865
1760	0.00757977	5.34255	2.6487	103.899
1761	0.00634424	5.34118	2.64829	103.932
1762	0.00643942	5.33982	2.64785	103.966
1763	0.00638742	5.33846	2.64561	103.999
1764	0.00633894	5.3371	2.64379	104.033
1765	0.00632895	5.33574	2.6445	104.066
1766	0.00660245	5.33439	2.64538	104.1
1767	0.00781045	5.33307	2.64362	104.133
1768	0.0084168	5.33176	2.64162	104.167
1769	0.0091476	5.33047	2.64322	104.2
1770	0.00813859	5.32916	2.6419	104.233
1771	0.00785922	5.32784	2.6431	104.267
1772	0.00885077	5.32655	2.64529	104.3
1773	0.0102995	5.3253	2.64722	104.334
1774	0.0107724	5.32405	2.64692	104.367
1775	0.0109354	5.32281	2.64213	104.4
1776	0.0112812	5.32158	2.63798	104.434
1777	0.0114927	5.32036	2.63461	104.467
1778	0.0125849	5.31917	2.63259	104.5
1779	0.0121547	5.31796	2.63122	104.533
1780	0.0105455	5.31672	2.63412	104.566
1781	0.0103535	5.31547	2.63365	104.599
1782	0.0100047	5.31422	2.63598	104.632
1783	0.0103119	5.31297	2.63778	104.665
1784	0.0116393	5.31176	2.63863	104.698
1785	0.0119245	5.31056	2.64045	104.731
1786	0.0134359	5.30939	2.64271	104.765
1787	0.0149142	5.30826	2.64354	104.798
1788	0.0139001	5.3071	2.64404	104.831
1789	0.0128295	5.30592	2.64488	104.864
1790	0.0121845	5.30473	2.64726	104.897
1791	0.0112644	5.30352	2.64969	104.931
1792	0.0108236	5.3023	2.65173	104.964
1793	0.0106931	5.30107	2.64821	104.997
1794	0.0111407	5.29986	2.6461	105.031
1795	0.0110953	5.29864	2.64859	105.064
1796	0.0117236	5.29745	2.65002	105.097
1797	0.0125832	5.29627	2.64999	105.13
1798	0.0118614	5.29508	2.64813	105.164
1799	0.0111103	5.29387	2.65251	105.197
1800	0.0116305	5.29268	2.65477	105.23
1801	0.0106633	5.29146	2.65664	105.264
1802	0.010424	5.29024	2.65155	105.297
1803	0.0103285	5.28902	2.64844	105.33
1804	0.0104396	5.2878	2.64829	105.363
1805	0.0103333	5.28658	2.64731	105.396
1806	0.0105965	5.28536	2.64892	105.429
1807	0.0117749	5.28418	2.65114	105.463
1808	0.0135788	5.28304	2.65335	105.496
1809	0.0147071	5.28193	2.65708	105.529
1810	0.0158823	5.28084	2.66057	105.563
1811	0.0147996	5.27973	2.66217	105.596
1812	0.0152625	5.27863	2.66098	105.629
1813	0.0167543	5.27757	2.66121	105.663
1814	0.0166311	5.27651	2.65889	105.696
1815	0.0175464	5.27547	2.65572	105.729
1816	0.0173377	5.27443	2.65113	105.762
1817	0.0158845	5.27335	2.64871	105.795
1818	0.014317	5.27223	2.64525	105.828
1819	0.0138105	5.27111	2.64484	105.861
1820	0.0136402	5.26998	2.64404	105.894
1821	0.0146881	5.26888	2.64162	105.927
1822	0.015297	5.2678	2.63806	105.96
1823	0.0164632	5.26674	2.63716	105.992
1824	0.0169927	5.26569	2.63894	106.025
1825	0.0180632	5.26467	2.64151	106.058
1826	0.0183993	5.26366	2.64038	106.091
1827	0.0194206	5.26268	2.63965	106.123
1828	0.0190561	5.26169	2.63897	106.156
1829	0.0175146	5.26066	2.64159	106.189
1830	0.01613	5.2596	2.64636	106.222
1831	0.0158488	5.25853	2.64903	106.254
1832	0.0151817	5.25746	2.64685	106.287
1833	0.0145631	5.25636	2.64775	106.32
1834	0.0131581	5.25524	2.65184	106.353
1835	0.0121573	5.25409	2.65561	106.386
1836	0.0102627	5.2529	2.65459	106.419
1837	0.00915913	5.25169	2.65347	106.452
1838	0.00832059	5.25045	2.65208	106.485
1839	0.00784776	5.24921	2.65231	106.518
1840	0.00840197	5.24798	2.65281	106.551
1841	0.00742336	5.24673	2.65456	106.584
1842	0.00647218	5.24546	2.65682	106.617
1843	0.00583946	5.24417	2.65334	106.649
1844	0.00579584	5.24289	2.65152	106.682
1845	0.00479233	5.24158	2.65539	106.715
1846	0.00416388	5.24026	2.65688	106.748
1847	0.0039852	5.23893	2.65896	106.781
1848	0.00363293	5.2376	2.66023	106.814
1849	0.0033832	5.23626	2.66378	106.847
1850	0.00255861	5.23491	2.66051	106.88
1851	0.00233685	5.23355	2.66163	106.913
1852	0.00230326	5.23219	2.66196	106.946
1853	0.00236693	5.23084	2.6614	106.979
1854	0.00286454	5.22949	2.66035	107.012
1855	0.00364643	5.22817	2.66242	107.045
1856	0.00449229	5.22687	2.66553	107.078
1857	0.0058356	5.2256	2.66846	107.111
1858	0.00662923	5.22435	2.67059	107.144
1859	0.00665678	5.2231	2.66943	107.177
1860	0.0056653	5.22182	2.6707	107.21
1861	0.00594046	5.22056	2.67197	107.243
1862	0.00656885	5.21931	2.67485	107.277
1863	0.0073403	5.21808	2.67931	107.31
1864	0.00903661	5.21689	2.68367	107.343
1865	0.0104203	5.21574	2.68416	107.377
1866	0.0114314	5.21461	2.68539	107.41
1867	0.0112201	5.21347	2.68505	107.443
1868	0.0108659	5.21233	2.68375	107.477
1869	0.0105932	5.21118	2.67956	107.51
1870	0.0102129	5.21002	2.67681	107.543
1871	0.0111878	5.20889	2.67436	107.576
1872	0.0124	5.20779	2.6738	107.609
1873	0.0116077	5.20667	2.6733	107.642
1874	0.0103711	5.20552	2.66834	107.675
1875	0.0091897	5.20434	2.66665	107.708
1876	0.00799202	5.20314	2.6652	107.741
1877	0.00817842	5.20195	2.66343	107.774
1878	0.0088137	5.20077	2.66143	107.806
1879	0.0092153	5.19959	2.66253	107.839
1880	0.01076	5.19846	2.66249	107.872
1881	0.0104786	5.19732	2.66	107.904
1882	0.010428	5.19618	2.65771	107.937
1883	0.00930683	5.19502	2.65913	107.97
1884	0.0082412	5.19383	2.65925	108.002
1885	0.00792427	5.19264	2.66106	108.035
1886	0.00667884	5.19142	2.66235	108.068
1887	0.00522021	5.19016	2.66345	108.1
1888	0.00411505	5.18888	2.66309	108.133
1889	0.00472379	5.18762	2.66163	108.166
1890	0.00657363	5.1864	2.66563	108.198
1891	0.00832094	5.18522	2.6677	108.231
1892	0.00944532	5.18407	2.66562	108.264
1893	0.0104456	5.18294	2.66606	108.296
1894	0.0121254	5.18185	2.66876	108.329
1895	0.0145386	5.18082	2.6724	108.362
1896	0.0146002	5.17979	2.67412	108.395
1897	0.0137149	5.17874	2.6754	108.428
1898	0.0122575	5.17766	2.67924	108.46
1899	0.0115613	5.17656	2.67936	108.493
1900	0.0118427	5.17547	2.67969	108.526
1901	0.0121285	5.17439	2.6797	108.559
1902	0.0135851	5.17334	2.68397	108.592
1903	0.014391	5.17231	2.68664	108.625
1904	0.0148652	5.1713	2.68562	108.658
1905	0.0154702	5.1703	2.68732	108.691
1906	0.0155629	5.1693	2.68953	108.724
1907	0.0163781	5.16832	2.69332	108.758
1908	0.0172688	5.16736	2.6979	108.791
1909	0.0168739	5.16639	2.69826	108.824
1910	0.0168526	5.16543	2.69759	108.857
1911	0.0165669	5.16446	2.69724	108.891
1912	0.0175225	5.16351	2.6951	108.924
1913	0.0183968	5.16258	2.69358	108.957
1914	0.0180122	5.16164	2.69632	108.99
1915	0.0179306	5.16071	2.6941	109.023
1916	0.016929	5.15975	2.69499	109.056
1917	0.0165271	5.15878	2.69806	109.089
1918	0.0164132	5.15781	2.69888	109.122
1919	0.016597	5.15685	2.69516	109.156
1920	0.0162353	5.15588	2.69666	109.189
1921	0.0153461	5.15489	2.69676	109.222
1922	0.0149624	5.15389	2.69888	109.255
1923	0.0155366	5.1529	2.69807	109.288
1924	0.0155386	5.15192	2.70049	109.321
1925	0.0163437	5.15095	2.70297	109.354
1926	0.0178472	5.15002	2.70638	109.388
1927	0.019156	5.14913	2.70732	109.421
1928	0.0189655	5.14822	2.7061	109.454
1929	0.0186371	5.14731	2.70278	109.487
1930	0.0194744	5.14642	2.69551	109.52
1931	0.0202496	5.14555	2.69241	109.553
1932	0.0196327	5.14467	2.69528	109.586
1933	0.0186657	5.14376	2.69994	109.619
1934	0.0182999	5.14285	2.70114	109.652
1935	0.0173651	5.14192	2.70403	109.685
1936	0.0166464	5.14097	2.70374	109.719
1937	0.0153158	5.13999	2.69732	109.752
1938	0.0146381	5.139	2.69863	109.785
1939	0.0129993	5.13797	2.69946	109.818
1940	0.0120482	5.13692	2.69935	109.851
1941	0.0130854	5.1359	2.70068	109.884
1942	0.0132898	5.13488	2.69971	109.916
1943	0.0131674	5.13385	2.70171	109.949
1944	0.0123079	5.13281	2.70348	109.983
1945	0.0119807	5.13177	2.70413	110.016
1946	0.0123618	5.13073	2.7019	110.049
1947	0.0116887	5.12968	2.70043	110.081
1948	0.0117509	5.12863	2.69969	110.114
1949	0.0115251	5.12758	2.69675	110.147
1950	0.0106011	5.1265	2.69457	110.18
1951	0.0101609	5.12542	2.69349	110.213
1952	0.010685	5.12435	2.69422	110.245
1953	0.0108953	5.12328	2.69347	110.278
1954	0.0116625	5.12224	2.69366	110.311
1955	0.0111727	5.12118	2.69456	110.344
1956	0.00948243	5.12009	2.6995	110.376
1957	0.00860908	5.11898	2.6986	110.409
1958	0.00793798	5.11785	2.69894	110.442
1959	0.00739313	5.11671	2.69703	110.475
1960	0.00712996	5.11557	2.70017	110.508
1961	0.00689943	5.11442	2.70163	110.54
1962	0.0065335	5.11327	2.70093	110.573
1963	0.00634868	5.11211	2.69914	110.606
1964	0.00630372	5.11095	2.69995	110.639
1965	0.00630312	5.10979	2.69916	110.671
1966	0.00676922	5.10865	2.702	110.704
1967	0.00654359	5.1075	2.69716	110.737
1968	0.00667532	5.10635	2.69362	110.769
1969	0.00646551	5.1052	2.69532	110.802
1970	0.00643222	5.10405	2.69651	110.835
1971	0.00581219	5.10289	2.697	110.867
1972	0.00631747	5.10174	2.69565	110.9
1973	0.00593995	5.10058	2.69402	110.932
1974	0.00590947	5.09942	2.69197	110.965
1975	0.00673582	5.09828	2.69467	110.997
1976	0.00612691	5.09713	2.69628	111.03
1977	0.00581766	5.09598	2.69516	111.063
1978	0.00551805	5.09481	2.68934	111.095
