#	<x>	stDevX	<E>	stDevE
0	1.00018	0	-2.32547	0
1	1.08109	1.04064	-0.143266	1.23437
2	0.839181	1.37672	1.05755	0.66524
3	1.12134	1.75015	2.24023	0.358987
4	1.26099	2.12111	2.84033	1.46775
5	0.973218	2.33893	2.71087	2.37778
6	0.857052	2.49605	2.52602	3.11654
7	0.578155	2.55024	2.31146	3.70992
8	0.27816	2.51082	2.53774	4.32293
9	-0.0356966	2.3861	2.93386	5.0068
10	-0.0511525	2.27181	2.74796	5.58783
11	0.206978	2.24135	3.0386	6.21201
12	0.318376	2.24577	2.85338	6.74947
13	0.358909	2.26294	2.80782	7.24641
14	0.321891	2.2721	2.67704	7.68639
15	0.212583	2.25632	2.80859	8.13876
16	0.0358571	2.20167	3.03446	8.62522
17	-0.0169604	2.13947	2.79692	9.03741
18	-0.0553782	2.07326	2.6715	9.40651
19	0.00855896	2.02544	2.66249	9.76134
20	-0.0103842	1.97689	2.48442	10.0671
21	-0.0523425	1.92273	2.54553	10.377
22	-0.0476278	1.8727	2.57182	10.6839
23	-0.0269853	1.82961	2.58705	10.9858
24	0.0191362	1.79795	2.54363	11.2717
25	0.102106	1.78408	2.58996	11.5597
26	0.141348	1.77872	2.52523	11.8289
27	0.187357	1.78264	2.59166	12.1047
28	0.165833	1.78301	2.49902	12.3577
29	0.156006	1.78209	2.50914	12.6077
30	0.130403	1.77713	2.42322	12.8377
31	0.11089	1.76934	2.4561	13.0694
32	0.154042	1.76959	2.49388	13.3037
33	0.12714	1.76565	2.46225	13.5286
34	0.128548	1.76241	2.35878	13.7327
35	0.13312	1.76035	2.3306	13.9291
36	0.132279	1.75852	2.36746	14.1288
37	0.149871	1.75985	2.35302	14.3234
38	0.151189	1.76164	2.38993	14.5213
39	0.131764	1.76063	2.33567	14.708
40	0.170932	1.76593	2.31079	14.8885
41	0.159162	1.76957	2.32886	15.0696
42	0.154525	1.77266	2.21121	15.2308
43	0.148228	1.77496	2.08966	15.3723
44	0.204828	1.78577	2.13413	15.519
45	0.18797	1.79411	2.16755	15.6693
46	0.159305	1.79832	2.07939	15.8054
47	0.159593	1.80269	2.02005	15.932
48	0.153709	1.80632	1.99224	16.0537
49	0.160148	1.81096	1.94496	16.1679
50	0.141816	1.81314	1.91475	16.2773
51	0.125392	1.81319	1.85461	16.3779
52	0.116963	1.81225	1.90225	16.4844
53	0.121837	1.81213	1.87283	16.5865
54	0.144679	1.81522	1.76638	16.6738
55	0.147911	1.81883	1.66351	16.7473
56	0.171564	1.82561	1.6634	16.8208
57	0.188115	1.83457	1.64258	16.8915
58	0.169593	1.84112	1.65495	16.9639
59	0.165779	1.8472	1.66859	17.038
60	0.148554	1.85111	1.69139	17.1148
61	0.141522	1.8542	1.61819	17.1824
62	0.109328	1.85333	1.5762	17.2447
63	0.0967954	1.85103	1.49804	17.2974
64	0.0726826	1.8459	1.55041	17.3567
65	0.074388	1.84117	1.55648	17.4169
66	0.0677421	1.8358	1.56346	17.478
67	0.0675477	1.83059	1.51812	17.5337
68	0.0670907	1.82549	1.47586	17.5844
69	0.0722081	1.82116	1.45145	17.6324
70	0.0790036	1.81778	1.44984	17.6805
71	0.0899445	1.81582	1.41211	17.7243
72	0.0921313	1.81422	1.39308	17.7661
73	0.129006	1.81699	1.44662	17.8143
74	0.131117	1.82004	1.44173	17.8621
75	0.0954132	1.81906	1.51993	17.919
76	0.0675828	1.81502	1.55851	17.9802
77	0.0782385	1.8123	1.57525	18.0433
78	0.0749989	1.80932	1.5418	18.1026
79	0.0627243	1.80509	1.54336	18.162
80	0.045057	1.79903	1.55101	18.2222
81	0.0382579	1.79236	1.544	18.2816
82	0.0488385	1.78699	1.52966	18.3394
83	0.0666899	1.78369	1.54776	18.3991
84	0.0658307	1.78039	1.57442	18.4616
85	0.0503556	1.77553	1.60394	18.5272
86	0.0691754	1.77279	1.63557	18.596
87	0.0658069	1.76978	1.63291	18.6643
88	0.0721324	1.76752	1.62841	18.732
89	0.073204	1.76546	1.62153	18.7988
90	0.0697897	1.76312	1.62529	18.8658
91	0.0844593	1.76237	1.63132	18.9333
92	0.0906129	1.76232	1.63439	19.0009
93	0.077224	1.76094	1.65336	19.0703
94	0.0585378	1.75772	1.64995	19.1391
95	0.0646759	1.75521	1.62046	19.2047
96	0.0605667	1.75235	1.61657	19.2698
97	0.0712755	1.75064	1.62538	19.3356
98	0.0867389	1.75054	1.60929	19.3996
99	0.0876059	1.75057	1.56944	19.4595
100	0.0797414	1.74987	1.60169	19.5225
101	0.0879623	1.75002	1.6134	19.5865
102	0.07517	1.74896	1.61185	19.6502
103	0.0259475	1.74315	1.7578	19.7279
104	0.00959674	1.73584	1.79076	19.8086
105	0.00832416	1.72851	1.80552	19.8904
106	-0.00233213	1.72027	1.79729	19.971
107	-0.00313999	1.71206	1.79764	20.0514
108	-0.0266678	1.70172	1.84655	20.1361
109	-0.0383024	1.6904	1.86389	20.2221
110	-0.0315894	1.67986	1.85662	20.3071
111	-0.0281753	1.66976	1.85052	20.3911
112	-0.0259669	1.65999	1.84056	20.4739
113	-0.0318271	1.64979	1.86389	20.5585
114	-0.0244225	1.64039	1.88662	20.6448
115	0.00537752	1.63387	1.94337	20.7361
116	0.0159529	1.6284	1.95919	20.8284
117	0.0221211	1.62357	1.95688	20.9201
118	0.0227153	1.61887	1.95914	21.0116
119	0.0330553	1.61517	1.95862	21.1027
120	0.0330277	1.61153	1.96962	21.1943
121	0.0455926	1.60907	1.9878	21.2872
122	0.0403797	1.6062	1.97369	21.3785
123	0.0347795	1.60287	1.92038	21.4646
124	0.031434	1.5993	1.85657	21.5446
125	0.0408192	1.59662	1.86265	21.6249
126	0.0464285	1.59447	1.88668	21.707
127	0.0509096	1.59276	1.87465	21.7878
128	0.049732	1.59099	1.84524	21.8657
129	0.0404834	1.58844	1.84369	21.9432
130	0.0448289	1.58631	1.84999	22.0209
131	0.052753	1.58491	1.86526	22.0997
132	0.0554975	1.58378	1.87096	22.1787
133	0.0546785	1.58261	1.88507	22.2587
134	0.0592894	1.58187	1.85874	22.3361
135	0.0704167	1.5821	1.87255	22.4144
136	0.0664367	1.58201	1.8765	22.4928
137	0.0749203	1.58267	1.88541	22.5717
138	0.0678832	1.58274	1.88213	22.65
139	0.0780868	1.5837	1.8726	22.7272
140	0.0736694	1.58429	1.83685	22.8012
141	0.0772761	1.58521	1.82803	22.8742
142	0.0720751	1.5857	1.84194	22.9481
143	0.0691204	1.58596	1.85874	23.0232
144	0.0623453	1.58568	1.84287	23.0968
145	0.0601184	1.58524	1.84012	23.1699
146	0.0531566	1.58424	1.82922	23.2418
147	0.0531347	1.58327	1.78813	23.3102
148	0.0495292	1.58203	1.75701	23.3758
149	0.0474566	1.58065	1.74843	23.4406
150	0.0538034	1.5798	1.73903	23.5044
151	0.0548777	1.57907	1.73495	23.5677
152	0.0522817	1.57815	1.71979	23.6297
153	0.0476663	1.57688	1.71768	23.6913
154	0.0575355	1.57642	1.72353	23.7532
155	0.067615	1.57679	1.73831	23.8162
156	0.0715587	1.57748	1.73589	23.8788
157	0.0639641	1.57759	1.71946	23.94
158	0.0571319	1.57717	1.7213	24.0011
159	0.0500018	1.5762	1.73125	24.0629
160	0.0547385	1.57563	1.74439	24.1256
161	0.0553371	1.57513	1.75244	24.1887
162	0.055886	1.57468	1.76013	24.2523
163	0.0598357	1.57456	1.74012	24.3142
164	0.0665312	1.57497	1.73806	24.3757
165	0.0746705	1.57603	1.73249	24.4367
166	0.0693723	1.57668	1.74252	24.4983
167	0.058782	1.57654	1.76247	24.5613
168	0.0532483	1.57598	1.77025	24.6247
169	0.050714	1.57524	1.7695	24.688
170	0.0437869	1.57399	1.75941	24.7502
171	0.0420615	1.57263	1.74157	24.811
172	0.0433565	1.5714	1.70705	24.869
173	0.0615496	1.57155	1.74669	24.9299
174	0.0688693	1.57227	1.73674	24.9899
175	0.067042	1.57287	1.7152	25.0481
176	0.0653392	1.57334	1.72451	25.1069
177	0.0734094	1.57442	1.73239	25.1662
178	0.082164	1.57617	1.74327	25.2261
179	0.0869854	1.57828	1.75776	25.287
180	0.0948325	1.58096	1.76256	25.3481
181	0.0870937	1.58308	1.75645	25.4086
182	0.0921203	1.58556	1.74399	25.468
183	0.0980876	1.58848	1.73541	25.5267
184	0.0993091	1.59149	1.70394	25.5829
185	0.101487	1.59465	1.69019	25.638
186	0.0924942	1.59715	1.66977	25.6915
187	0.0860029	1.59917	1.62916	25.742
188	0.0781691	1.60063	1.62376	25.7919
189	0.0729343	1.60171	1.61588	25.8413
190	0.0655794	1.60227	1.59304	25.8888
191	0.0681062	1.60301	1.5659	25.9344
192	0.0779691	1.60447	1.58891	25.9816
193	0.0759346	1.60579	1.59724	26.0292
194	0.0825584	1.60759	1.6133	26.078
195	0.0781756	1.60907	1.62654	26.1276
196	0.0757311	1.61039	1.62846	26.1773
197	0.0696212	1.61127	1.61421	26.2258
198	0.0646551	1.61181	1.61374	26.2743
199	0.0650412	1.61238	1.60005	26.3217
200	0.0624927	1.61278	1.60797	26.3696
201	0.0663275	1.61346	1.61368	26.4179
202	0.0578529	1.61355	1.6212	26.4665
203	0.0588653	1.61372	1.62878	26.5157
204	0.0529685	1.61349	1.62406	26.5644
205	0.0505187	1.6131	1.63284	26.6136
206	0.0534002	1.61292	1.61357	26.6615
207	0.053683	1.61277	1.58914	26.7075
208	0.0547501	1.61271	1.57993	26.7529
209	0.0582743	1.61289	1.56184	26.7969
210	0.0615676	1.61331	1.55211	26.8403
211	0.0591418	1.61357	1.52631	26.8818
212	0.0573217	1.61372	1.51111	26.9222
213	0.0596369	1.61403	1.48821	26.961
214	0.0541421	1.61397	1.4578	26.9977
215	0.0513553	1.61373	1.43447	27.0328
216	0.0450209	1.61308	1.41975	27.0669
217	0.045339	1.61246	1.41102	27.1004
218	0.040214	1.6115	1.40027	27.1331
219	0.0416832	1.61065	1.36809	27.1637
220	0.0419041	1.60983	1.34759	27.1929
221	0.0479625	1.60943	1.34527	27.222
222	0.0567033	1.60962	1.34497	27.251
223	0.0564973	1.60981	1.3532	27.2806
224	0.069214	1.61085	1.37406	27.3116
225	0.0766583	1.61238	1.38534	27.3433
226	0.0756398	1.61385	1.38867	27.3752
227	0.0798016	1.6156	1.39363	27.4075
228	0.0742612	1.61698	1.39729	27.44
229	0.0690989	1.61802	1.39813	27.4725
230	0.0641291	1.61874	1.40242	27.5053
231	0.0600984	1.6192	1.4136	27.5388
232	0.0624669	1.61982	1.42152	27.5729
233	0.0623573	1.62044	1.423	27.6069
234	0.0600041	1.62091	1.4134	27.6404
235	0.0614914	1.62148	1.4138	27.6739
236	0.0677415	1.62246	1.42175	27.7078
237	0.0572583	1.62277	1.43868	27.7429
238	0.055636	1.62297	1.43553	27.7777
239	0.0529674	1.62302	1.43131	27.8122
240	0.0599118	1.62351	1.4312	27.8467
241	0.0701282	1.62467	1.43229	27.8812
242	0.0793306	1.62641	1.4261	27.9153
243	0.0840671	1.62846	1.40952	27.9483
244	0.0896349	1.63086	1.39359	27.9803
245	0.090605	1.63332	1.38905	28.012
246	0.0884443	1.63564	1.38478	28.0434
247	0.0853732	1.63776	1.38143	28.0746
248	0.0929191	1.64036	1.3879	28.1061
249	0.0933313	1.64298	1.37293	28.1368
250	0.093309	1.6456	1.36822	28.1671
251	0.0879278	1.64787	1.3721	28.1976
252	0.0847321	1.64994	1.36505	28.2277
253	0.085537	1.65206	1.3457	28.2566
254	0.0812753	1.65391	1.34511	28.2854
255	0.0782291	1.65557	1.34461	28.3142
256	0.0783472	1.65723	1.34276	28.3429
257	0.0818772	1.65912	1.33991	28.3713
258	0.079204	1.66084	1.34355	28.4001
259	0.0783992	1.6625	1.33067	28.428
260	0.0701075	1.66366	1.34045	28.4565
261	0.0738038	1.66505	1.33894	28.4849
262	0.0730001	1.66638	1.32935	28.5127
263	0.0736691	1.66776	1.33354	28.5408
264	0.0698234	1.6689	1.33501	28.5689
265	0.0707279	1.6701	1.32025	28.5962
266	0.0714735	1.67135	1.33017	28.624
267	0.0701986	1.67252	1.3395	28.6525
268	0.0776327	1.67415	1.34442	28.6812
269	0.0802332	1.67593	1.33134	28.7091
270	0.0817666	1.6778	1.34044	28.7375
271	0.0811529	1.67964	1.31834	28.7646
272	0.086846	1.68182	1.31862	28.7918
273	0.0914288	1.68427	1.30663	28.8182
274	0.0942319	1.68689	1.3028	28.8443
275	0.0994354	1.68982	1.31236	28.8711
276	0.10099	1.69283	1.31989	28.8983
277	0.0925428	1.69533	1.32081	28.9255
278	0.0857264	1.69743	1.3136	28.9523
279	0.084136	1.69942	1.30865	28.9788
280	0.0857231	1.70151	1.30402	29.005
281	0.0852377	1.70357	1.30809	29.0315
282	0.0921932	1.70604	1.32511	29.059
283	0.0960007	1.70873	1.33371	29.087
284	0.0924044	1.7112	1.34278	29.1155
285	0.0923249	1.71367	1.33051	29.1432
286	0.091856	1.71611	1.32916	29.1709
287	0.0879692	1.71831	1.32522	29.1984
288	0.0881757	1.72052	1.32167	29.2256
289	0.0909319	1.72289	1.32992	29.2533
290	0.0899365	1.7252	1.33514	29.2813
291	0.0874441	1.72737	1.32732	29.3088
292	0.0855077	1.72941	1.31966	29.3359
293	0.0830461	1.73131	1.32306	29.3632
294	0.0760444	1.73281	1.33445	29.3911
295	0.0754136	1.73426	1.33659	29.4191
296	0.0782536	1.73588	1.32473	29.4465
297	0.0759488	1.73737	1.31546	29.4733
298	0.0814304	1.73917	1.32104	29.5004
299	0.0819656	1.74101	1.30875	29.5267
300	0.0872631	1.74314	1.31359	29.5534
301	0.0920592	1.74555	1.29958	29.5793
302	0.0852026	1.74757	1.29964	29.6051
303	0.081373	1.74936	1.3094	29.6315
304	0.0793295	1.75103	1.30658	29.6578
305	0.0815961	1.75284	1.30139	29.6837
306	0.0864521	1.75491	1.30887	29.71
307	0.0944857	1.75745	1.3232	29.7372
308	0.0971695	1.76013	1.31568	29.7639
309	0.0961537	1.76275	1.317	29.7907
310	0.0925015	1.76516	1.32132	29.8177
311	0.0910511	1.76748	1.32805	29.8451
312	0.098691	1.77024	1.34841	29.8737
313	0.0996437	1.77304	1.35144	29.9024
314	0.0959287	1.77563	1.34878	29.9309
315	0.0935133	1.77808	1.35363	29.9597
316	0.0924153	1.78046	1.33802	29.9876
317	0.0934335	1.7829	1.34793	30.016
318	0.0962026	1.78549	1.33808	30.0439
319	0.0968974	1.78812	1.34392	30.072
320	0.100269	1.79092	1.34397	30.1002
321	0.108522	1.79419	1.35324	30.1289
322	0.102641	1.79712	1.35645	30.1577
323	0.0975388	1.79976	1.35966	30.1867
324	0.0952289	1.80228	1.34984	30.2151
325	0.0932636	1.80467	1.35493	30.2438
326	0.0952314	1.80718	1.35173	30.2723
327	0.0973532	1.8098	1.35835	30.3011
328	0.0981806	1.81246	1.36467	30.3303
329	0.104939	1.81549	1.37389	30.36
330	0.100777	1.81828	1.38264	30.3901
331	0.101343	1.8211	1.38716	30.4205
332	0.108556	1.82431	1.3946	30.4512
333	0.108635	1.82753	1.40177	30.4823
334	0.108464	1.83072	1.39332	30.5129
335	0.106294	1.83379	1.37698	30.5426
336	0.104174	1.83674	1.36758	30.5718
337	0.109494	1.83998	1.37167	30.6012
338	0.104978	1.84297	1.38167	30.6311
339	0.104857	1.84594	1.38144	30.6609
340	0.104954	1.84891	1.38698	30.6911
341	0.110069	1.85216	1.39521	30.7216
342	0.110625	1.85543	1.37881	30.7513
343	0.108241	1.85857	1.37943	30.781
344	0.109503	1.86177	1.37659	30.8104
345	0.105988	1.86477	1.37527	30.8399
346	0.0988424	1.86739	1.38483	30.8697
347	0.0983972	1.86998	1.38375	30.8996
348	0.0959015	1.87243	1.39324	30.9299
349	0.0982183	1.87501	1.4007	30.9605
350	0.0980563	1.87757	1.40085	30.9912
351	0.0971669	1.88008	1.38836	31.0212
352	0.0968584	1.88257	1.39107	31.0512
353	0.102379	1.88535	1.38237	31.0808
354	0.106804	1.88836	1.37989	31.1103
355	0.109859	1.89153	1.37551	31.1395
356	0.109928	1.89469	1.37542	31.1687
357	0.113268	1.89803	1.38452	31.1983
358	0.114126	1.90141	1.38136	31.2277
359	0.114251	1.90478	1.3843	31.2573
360	0.11541	1.90822	1.38152	31.2867
361	0.11602	1.91168	1.38116	31.3161
362	0.11632	1.91515	1.3877	31.3458
363	0.119075	1.91875	1.39303	31.3757
364	0.122439	1.92253	1.39569	31.4058
365	0.120637	1.92621	1.3933	31.4357
366	0.121788	1.92994	1.40132	31.466
367	0.123563	1.93375	1.40244	31.4964
368	0.122654	1.93751	1.40469	31.5268
369	0.119884	1.94112	1.39868	31.5569
370	0.115326	1.94449	1.40468	31.5873
371	0.119872	1.94809	1.40715	31.6178
372	0.117938	1.95158	1.41282	31.6485
373	0.117474	1.95505	1.42237	31.6797
374	0.111017	1.95817	1.43527	31.7116
375	0.111414	1.96131	1.42695	31.743
376	0.111249	1.96444	1.43326	31.7747
377	0.117395	1.96787	1.44646	31.8071
378	0.120389	1.97146	1.45422	31.8398
379	0.121569	1.9751	1.45975	31.8728
380	0.126707	1.97899	1.45145	31.9053
381	0.131581	1.98313	1.44371	31.9374
382	0.134948	1.98743	1.43699	31.9691
383	0.131029	1.99153	1.43128	32.0005
384	0.126501	1.99539	1.41598	32.0311
385	0.129246	1.99938	1.41761	32.0617
386	0.128435	2.00332	1.41048	32.092
387	0.12677	2.00717	1.41009	32.1222
388	0.12898	2.01113	1.40869	32.1523
389	0.128964	2.01507	1.40844	32.1824
390	0.125169	2.01882	1.40577	32.2124
391	0.118014	2.02221	1.40497	32.2422
392	0.119874	2.02568	1.41002	32.2723
393	0.122159	2.02926	1.41194	32.3025
394	0.121672	2.03281	1.40838	32.3324
395	0.119259	2.03623	1.41175	32.3626
396	0.117555	2.03957	1.40091	32.3921
397	0.118428	2.04294	1.40088	32.4216
398	0.11752	2.04626	1.39771	32.4509
399	0.114035	2.0494	1.40034	32.4804
400	0.113834	2.05253	1.40299	32.5099
401	0.112546	2.05559	1.40313	32.5395
402	0.109185	2.05847	1.41017	32.5693
403	0.10642	2.06122	1.41067	32.5992
404	0.111417	2.06421	1.42545	32.6298
405	0.114915	2.06736	1.42769	32.6604
406	0.119439	2.07074	1.43569	32.6915
407	0.117105	2.074	1.4384	32.7226
408	0.118235	2.07731	1.42614	32.7531
409	0.116692	2.08054	1.43325	32.7839
410	0.114723	2.08366	1.43601	32.8149
411	0.110542	2.08658	1.43772	32.8459
412	0.109755	2.08945	1.43955	32.8769
413	0.110748	2.09237	1.44117	32.908
414	0.113721	2.09543	1.44083	32.9391
415	0.113119	2.09845	1.441	32.9701
416	0.109648	2.1013	1.43824	33.001
417	0.108855	2.10411	1.4463	33.0323
418	0.108896	2.10692	1.44975	33.0637
419	0.108881	2.10972	1.44575	33.0948
420	0.110081	2.11258	1.44427	33.1259
421	0.105643	2.11522	1.44873	33.1572
422	0.105441	2.11784	1.45103	33.1885
423	0.103476	2.12037	1.45161	33.2199
424	0.10091	2.12277	1.45589	33.2514
425	0.100028	2.12512	1.45993	33.2831
426	0.101843	2.12756	1.45788	33.3146
427	0.101036	2.12996	1.45892	33.3462
428	0.0989329	2.13225	1.45781	33.3777
429	0.0952157	2.13436	1.45537	33.4091
430	0.0937666	2.1364	1.45412	33.4404
431	0.0949283	2.13849	1.45778	33.4718
432	0.0958844	2.14063	1.4617	33.5034
433	0.094352	2.14269	1.46275	33.535
434	0.0939927	2.14474	1.45703	33.5663
435	0.095935	2.14687	1.45762	33.5976
436	0.0981526	2.14911	1.45876	33.6289
437	0.102336	2.15154	1.46453	33.6605
438	0.0972391	2.15373	1.45784	33.6917
439	0.0910627	2.15563	1.46695	33.7233
440	0.0898246	2.15746	1.46137	33.7547
441	0.0892099	2.15926	1.4612	33.786
442	0.0896128	2.16108	1.45925	33.8172
443	0.090773	2.16295	1.45949	33.8483
444	0.0912793	2.16485	1.45117	33.8791
445	0.0888983	2.16663	1.43816	33.9092
446	0.0901092	2.16847	1.42678	33.9387
447	0.0871751	2.17017	1.42571	33.9682
448	0.0876316	2.17189	1.43161	33.9979
449	0.0875368	2.1736	1.43428	34.0277
450	0.0881788	2.17534	1.4338	34.0575
451	0.0858225	2.17697	1.43223	34.0872
452	0.0841118	2.17852	1.43735	34.1171
453	0.0855766	2.18014	1.44229	34.1472
454	0.0848637	2.18172	1.45032	34.1777
455	0.0827077	2.1832	1.45568	34.2083
456	0.0801066	2.18456	1.45374	34.2389
457	0.0767172	2.18576	1.45838	34.2696
458	0.075829	2.18692	1.46099	34.3005
459	0.0781643	2.18818	1.46566	34.3315
460	0.0818297	2.18962	1.47739	34.3631
461	0.0839842	2.19116	1.47866	34.3947
462	0.0857484	2.19278	1.47636	34.4261
463	0.0814659	2.19419	1.47582	34.4575
464	0.0815451	2.19562	1.47104	34.4887
465	0.0834416	2.19713	1.47462	34.52
466	0.0831803	2.19862	1.46672	34.5509
467	0.0811524	2.20002	1.46345	34.5816
468	0.0771193	2.20124	1.4602	34.6122
469	0.076921	2.20245	1.45505	34.6424
470	0.0720782	2.20343	1.46475	34.6731
471	0.0716017	2.20439	1.47152	34.7041
472	0.0747475	2.2055	1.47339	34.7352
473	0.0739417	2.20657	1.46215	34.7657
474	0.0730143	2.2076	1.45341	34.7958
475	0.0700426	2.20849	1.45288	34.8258
476	0.0715743	2.20945	1.44839	34.8556
477	0.0712338	2.2104	1.4373	34.8849
478	0.0706798	2.21132	1.44015	34.9142
479	0.0698204	2.2122	1.43971	34.9436
480	0.0711994	2.21315	1.44085	34.9729
481	0.0737717	2.21421	1.44774	35.0026
482	0.0741572	2.2153	1.44354	35.032
483	0.0703527	2.21621	1.44337	35.0614
484	0.0661445	2.21693	1.44645	35.091
485	0.0649683	2.21759	1.44107	35.1202
486	0.0664065	2.21833	1.43671	35.1492
487	0.0672237	2.2191	1.43548	35.1782
488	0.0683791	2.21992	1.43489	35.2071
489	0.0647676	2.22058	1.44	35.2362
490	0.0656674	2.22128	1.43481	35.2651
491	0.0672996	2.22206	1.41793	35.2932
492	0.067126	2.22283	1.41373	35.321
493	0.0685506	2.22367	1.41519	35.3489
494	0.0678406	2.22447	1.4139	35.3768
495	0.0672163	2.22524	1.41959	35.4048
496	0.0698461	2.22614	1.42667	35.4332
497	0.0723614	2.22715	1.43497	35.4619
498	0.0744467	2.22825	1.43685	35.4907
499	0.0756514	2.2294	1.43862	35.5195
500	0.0764207	2.23059	1.43122	35.548
501	0.0777258	2.23184	1.43605	35.5767
502	0.0751375	2.23297	1.44468	35.6057
503	0.0727567	2.234	1.43828	35.6345
504	0.0717535	2.23498	1.43981	35.6632
505	0.0720243	2.23597	1.43869	35.692
506	0.0694081	2.23685	1.43206	35.7203
507	0.069109	2.23771	1.43073	35.7487
508	0.0680132	2.23853	1.42907	35.7769
509	0.0682429	2.23936	1.42713	35.805
510	0.0673567	2.24015	1.42662	35.833
511	0.0712882	2.24111	1.43049	35.8613
512	0.0714328	2.24208	1.42209	35.8891
513	0.07141	2.24305	1.4181	35.9167
514	0.0732428	2.2441	1.41798	35.9443
515	0.0753707	2.24524	1.41901	35.9719
516	0.0758735	2.24641	1.42163	35.9997
517	0.074673	2.24752	1.42147	36.0274
518	0.0744024	2.24862	1.41829	36.0549
519	0.0723157	2.24963	1.41899	36.0825
520	0.0746119	2.25074	1.409	36.1095
521	0.0774189	2.25197	1.40492	36.1364
522	0.0776966	2.25322	1.40008	36.1631
523	0.0777743	2.25446	1.39805	36.1897
524	0.077191	2.25569	1.39552	36.2161
525	0.0759728	2.25685	1.39536	36.2425
526	0.074015	2.25794	1.3943	36.2688
527	0.0724784	2.25895	1.39312	36.2951
528	0.0702346	2.25987	1.39644	36.3215
529	0.0695063	2.26076	1.38694	36.3475
530	0.0660413	2.2615	1.39295	36.3737
531	0.0653111	2.2622	1.39587	36.4
532	0.0627985	2.2628	1.4019	36.4266
533	0.0612303	2.26333	1.4035	36.4532
534	0.0625481	2.26392	1.40357	36.4798
535	0.0622548	2.2645	1.4076	36.5066
536	0.0643989	2.26517	1.4132	36.5336
537	0.0649404	2.26587	1.41151	36.5605
538	0.0631979	2.26649	1.41252	36.5874
539	0.0626213	2.26708	1.41031	36.6142
540	0.0614014	2.26763	1.41072	36.641
541	0.0590148	2.26807	1.40807	36.6677
542	0.058744	2.2685	1.40098	36.694
543	0.05715	2.26887	1.39371	36.72
544	0.0566165	2.26921	1.3899	36.7459
545	0.0569495	2.26957	1.38984	36.7717
546	0.0541059	2.26981	1.38517	36.7973
547	0.0526333	2.26999	1.37791	36.8226
548	0.0523139	2.27016	1.36533	36.8473
549	0.0533514	2.27037	1.3547	36.8716
550	0.0569752	2.27074	1.35188	36.8957
551	0.0554951	2.27104	1.35299	36.9198
552	0.0536715	2.27127	1.35381	36.944
553	0.0541233	2.27152	1.35292	36.9682
554	0.0529371	2.27172	1.35773	36.9925
555	0.0528507	2.27192	1.35609	37.0167
556	0.0541919	2.27218	1.35484	37.0409
557	0.0543026	2.27245	1.35025	37.0648
558	0.0533902	2.27267	1.35043	37.0888
559	0.0548887	2.27296	1.35126	37.1128
560	0.0530057	2.27318	1.35111	37.1367
561	0.0534773	2.27341	1.34726	37.1605
562	0.0547938	2.2737	1.34925	37.1844
563	0.0533305	2.27393	1.34274	37.208
564	0.0536763	2.27418	1.34345	37.2315
565	0.0497497	2.27426	1.34726	37.2553
566	0.0472365	2.27424	1.3502	37.2791
567	0.0472915	2.27422	1.34941	37.3029
568	0.0463071	2.27417	1.33707	37.3262
569	0.0442131	2.27402	1.34165	37.3496
570	0.0452229	2.27393	1.33784	37.3729
571	0.0456345	2.27385	1.3362	37.3961
572	0.046747	2.27382	1.33651	37.4193
573	0.0463274	2.27377	1.34173	37.4427
574	0.0437931	2.27362	1.33967	37.466
575	0.0413784	2.27337	1.34441	37.4895
576	0.0431735	2.2732	1.34789	37.5131
577	0.04248	2.273	1.34666	37.5367
578	0.0421147	2.27279	1.34262	37.56
579	0.0417787	2.27257	1.34024	37.5833
580	0.0393936	2.27225	1.34258	37.6067
581	0.0373525	2.27185	1.34249	37.63
582	0.0364595	2.27141	1.3429	37.6533
583	0.0349388	2.27091	1.3447	37.6767
584	0.0326026	2.27032	1.34728	37.7002
585	0.0304591	2.26964	1.35148	37.7239
586	0.0307645	2.26898	1.35214	37.7475
587	0.0309312	2.26833	1.34	37.7707
588	0.0324627	2.26774	1.346	37.7941
589	0.0339369	2.26722	1.35007	37.8176
590	0.0323371	2.26663	1.35328	37.8413
591	0.0345212	2.26614	1.35413	37.865
592	0.0333724	2.2656	1.35655	37.8888
593	0.034902	2.26512	1.35775	37.9126
594	0.035322	2.26467	1.3539	37.9362
595	0.037351	2.2643	1.35867	37.96
596	0.0376205	2.26394	1.35801	37.9838
597	0.0386266	2.26363	1.35858	38.0076
598	0.0394709	2.26336	1.35678	38.0313
599	0.0409976	2.26314	1.35882	38.0551
600	0.0423729	2.26299	1.35539	38.0787
601	0.0431646	2.26287	1.35761	38.1024
602	0.0415537	2.26269	1.35968	38.1262
603	0.0424002	2.26254	1.36117	38.15
604	0.042143	2.26239	1.35811	38.1737
605	0.0406731	2.26217	1.35531	38.1972
606	0.0414517	2.26199	1.35106	38.2206
607	0.0395625	2.26174	1.3521	38.244
608	0.0386328	2.26145	1.35457	38.2675
609	0.0349373	2.26101	1.35927	38.2911
610	0.0336631	2.26052	1.36346	38.315
611	0.0316013	2.25995	1.36069	38.3387
612	0.0331217	2.25945	1.36219	38.3624
613	0.0340443	2.25898	1.35952	38.386
614	0.0317567	2.25843	1.36202	38.4097
615	0.0328068	2.25792	1.36526	38.4335
616	0.0301337	2.2573	1.36615	38.4574
617	0.0289103	2.25664	1.36972	38.4814
618	0.0286752	2.25597	1.36129	38.505
619	0.029125	2.25532	1.3592	38.5285
620	0.0287638	2.25466	1.35609	38.5519
621	0.0322331	2.25415	1.35854	38.5754
622	0.0375696	2.25384	1.36835	38.5992
623	0.0374608	2.25354	1.37051	38.6232
624	0.0373128	2.25323	1.37165	38.6471
625	0.0382321	2.25296	1.36737	38.6709
626	0.0372097	2.25265	1.367	38.6947
627	0.0382588	2.25238	1.36827	38.7184
628	0.0396853	2.25217	1.36765	38.7422
629	0.0396589	2.25197	1.36756	38.7659
630	0.0417972	2.25185	1.37063	38.7898
631	0.0408284	2.25169	1.3691	38.8135
632	0.0421237	2.25159	1.36872	38.8373
633	0.0438159	2.25155	1.37296	38.8612
634	0.0420141	2.25145	1.37366	38.8851
635	0.0431368	2.25139	1.37429	38.909
636	0.0411733	2.25125	1.37302	38.9328
637	0.0413328	2.25113	1.36235	38.9562
638	0.0428744	2.25106	1.35814	38.9795
639	0.0443067	2.25106	1.35865	39.0027
640	0.0455241	2.2511	1.35874	39.026
641	0.0465637	2.25118	1.35722	39.0491
642	0.0453834	2.25122	1.3601	39.0724
643	0.0462528	2.2513	1.36017	39.0957
644	0.049273	2.2515	1.3648	39.1191
645	0.0463666	2.25158	1.36781	39.1426
646	0.0474417	2.2517	1.3684	39.1662
647	0.0457748	2.25176	1.37205	39.1898
648	0.0476563	2.2519	1.37485	39.2136
649	0.0476469	2.25204	1.37336	39.2373
650	0.0467672	2.25214	1.37534	39.2611
651	0.0459617	2.25222	1.37656	39.2849
652	0.0438008	2.25221	1.37862	39.3087
653	0.0455618	2.25227	1.38035	39.3326
654	0.0439161	2.25226	1.3799	39.3565
655	0.0439007	2.25226	1.37964	39.3804
656	0.0451203	2.25231	1.3783	39.4042
657	0.0463709	2.25241	1.38314	39.4281
658	0.0463577	2.2525	1.38174	39.452
659	0.0434727	2.25249	1.38679	39.4761
660	0.0395629	2.25232	1.38812	39.5003
661	0.0372215	2.25207	1.38985	39.5244
662	0.037478	2.25183	1.39172	39.5487
663	0.0375955	2.25159	1.39132	39.5729
664	0.0361211	2.2513	1.39316	39.5971
665	0.0380667	2.25109	1.39407	39.6214
666	0.0387419	2.2509	1.39229	39.6456
667	0.0384978	2.25071	1.38786	39.6696
668	0.040157	2.25058	1.38053	39.6934
669	0.0391541	2.25041	1.37435	39.7168
670	0.038086	2.25021	1.37606	39.7404
671	0.0353383	2.2499	1.3778	39.7639
672	0.0347893	2.24957	1.38035	39.7876
673	0.0341892	2.24921	1.37979	39.8112
674	0.0360498	2.24894	1.38415	39.835
675	0.0362749	2.24867	1.38347	39.8587
676	0.0363893	2.24841	1.38662	39.8826
677	0.0362791	2.24814	1.38997	39.9065
678	0.035649	2.24786	1.39195	39.9306
679	0.037046	2.24763	1.39413	39.9547
680	0.0384804	2.24745	1.39605	39.9788
681	0.037674	2.24725	1.39675	40.003
682	0.0368286	2.24701	1.39767	40.0272
683	0.0323857	2.24661	1.40309	40.0516
684	0.029267	2.24609	1.40652	40.0761
685	0.0280762	2.24552	1.40668	40.1005
686	0.027229	2.24493	1.40625	40.125
687	0.0298685	2.24444	1.41381	40.1497
688	0.0292951	2.24393	1.41818	40.1746
689	0.0297529	2.24343	1.41581	40.1994
690	0.0279341	2.24287	1.41805	40.2242
691	0.0283899	2.24233	1.41563	40.249
692	0.0284617	2.2418	1.41353	40.2736
693	0.0317264	2.24139	1.41916	40.2985
694	0.0334514	2.24104	1.42363	40.3235
695	0.0366423	2.24082	1.42683	40.3486
696	0.0389471	2.24069	1.42955	40.3738
697	0.0377797	2.24052	1.42511	40.3988
698	0.0381778	2.24036	1.42159	40.4237
699	0.0371654	2.24017	1.41498	40.4483
700	0.0358332	2.23992	1.41596	40.4729
701	0.0366291	2.23971	1.41603	40.4975
702	0.0353284	2.23945	1.41347	40.522
703	0.0364029	2.23923	1.41739	40.5466
704	0.0368304	2.23903	1.41805	40.5713
705	0.0361528	2.23881	1.41305	40.5957
706	0.0350703	2.23854	1.40982	40.62
707	0.0337661	2.23823	1.40584	40.6442
708	0.03215	2.23786	1.40445	40.6682
709	0.0329392	2.23752	1.40067	40.6922
710	0.0323494	2.23716	1.40047	40.7161
711	0.033725	2.23686	1.40073	40.74
712	0.032443	2.23651	1.39546	40.7636
713	0.0304161	2.23608	1.39553	40.7873
714	0.0319377	2.23571	1.39822	40.8111
715	0.0323258	2.23536	1.39991	40.8349
716	0.0352592	2.23512	1.39997	40.8587
717	0.0385017	2.235	1.39103	40.8821
718	0.0408553	2.23497	1.39185	40.9056
719	0.0416984	2.23497	1.39556	40.9292
720	0.0418967	2.23498	1.39813	40.9529
721	0.0418798	2.23499	1.4004	40.9766
722	0.0425225	2.23503	1.39766	41.0003
723	0.0438466	2.23511	1.40181	41.024
724	0.0430087	2.23517	1.40155	41.0478
725	0.0411501	2.23516	1.39978	41.0715
726	0.0398174	2.2351	1.39968	41.0951
727	0.0398333	2.23504	1.40283	41.1189
728	0.0404845	2.23501	1.4017	41.1426
729	0.0407968	2.23499	1.40045	41.1662
730	0.039025	2.2349	1.40194	41.1899
731	0.0386737	2.23481	1.40137	41.2136
732	0.03852	2.23471	1.40675	41.2374
733	0.038286	2.2346	1.40933	41.2614
734	0.0373814	2.23446	1.40914	41.2853
735	0.036788	2.2343	1.40554	41.309
736	0.0355736	2.23409	1.39953	41.3325
737	0.0369339	2.23394	1.39032	41.3557
738	0.0352231	2.23372	1.38813	41.3788
739	0.0335626	2.23345	1.38923	41.4019
740	0.0343504	2.2332	1.38965	41.425
741	0.0359035	2.23302	1.38472	41.4479
742	0.03526	2.23281	1.38191	41.4707
743	0.0370369	2.23267	1.38228	41.4935
744	0.036519	2.23251	1.38119	41.5162
745	0.0376841	2.23239	1.37849	41.5389
746	0.036421	2.23223	1.37576	41.5614
747	0.0368044	2.23208	1.37518	41.5839
748	0.0372708	2.23196	1.36947	41.6062
749	0.037768	2.23185	1.36473	41.6283
750	0.0374513	2.23173	1.36315	41.6503
751	0.0368682	2.23159	1.36223	41.6723
752	0.035311	2.2314	1.36414	41.6943
753	0.0353875	2.2312	1.36456	41.7163
754	0.0336219	2.23095	1.3597	41.7382
755	0.0335215	2.2307	1.35699	41.7599
756	0.0340194	2.23046	1.35849	41.7817
757	0.0330084	2.23019	1.35736	41.8035
758	0.0326322	2.2299	1.35402	41.8251
759	0.0330297	2.22964	1.35207	41.8466
760	0.0344761	2.22942	1.35432	41.8682
761	0.0356491	2.22925	1.35753	41.8899
762	0.0347853	2.22905	1.35826	41.9116
763	0.0321219	2.22875	1.35877	41.9333
764	0.0327624	2.22848	1.35867	41.955
765	0.0319505	2.22818	1.35832	41.9767
766	0.0305844	2.22783	1.34425	41.9979
767	0.0305727	2.22749	1.33466	42.0187
768	0.027035	2.22702	1.33172	42.0394
769	0.0277379	2.22657	1.3346	42.0602
770	0.0254963	2.22604	1.33575	42.081
771	0.025538	2.22552	1.33245	42.1017
772	0.0253233	2.225	1.33124	42.1224
773	0.0248301	2.22445	1.33058	42.143
774	0.0260881	2.22395	1.32786	42.1635
775	0.0264838	2.22347	1.32741	42.184
776	0.0272865	2.22302	1.3285	42.2045
777	0.0272827	2.22257	1.32611	42.2249
778	0.0272967	2.22212	1.31874	42.245
779	0.0292997	2.22175	1.31414	42.265
780	0.0299978	2.2214	1.31097	42.2848
781	0.0297219	2.22104	1.31204	42.3047
782	0.029298	2.22067	1.31244	42.3246
783	0.0280444	2.22026	1.31266	42.3445
784	0.0308557	2.21995	1.31513	42.3645
785	0.0313509	2.21965	1.3178	42.3845
786	0.0292845	2.21929	1.32101	42.4047
787	0.028982	2.21891	1.32307	42.4249
788	0.0289601	2.21854	1.32259	42.4451
789	0.0286802	2.21816	1.32267	42.4653
790	0.0277451	2.21774	1.32413	42.4855
791	0.0267957	2.21729	1.32128	42.5056
792	0.0266076	2.21684	1.32384	42.5258
793	0.0248443	2.21633	1.3272	42.5462
794	0.0270155	2.21589	1.32593	42.5664
795	0.0281856	2.2155	1.32609	42.5867
796	0.0264111	2.21505	1.32398	42.6069
797	0.0268365	2.21461	1.32841	42.6272
798	0.0258966	2.21414	1.33238	42.6476
799	0.0249362	2.21364	1.33012	42.668
800	0.0246295	2.21313	1.32116	42.688
801	0.0230139	2.21256	1.32342	42.7082
802	0.0235772	2.21202	1.32663	42.7284
803	0.0212822	2.21139	1.32705	42.7486
804	0.0181677	2.21066	1.33239	42.769
805	0.0158221	2.20985	1.33199	42.7894
806	0.0158561	2.20904	1.33476	42.8099
807	0.0157357	2.20822	1.33912	42.8305
808	0.0157604	2.20742	1.33638	42.851
809	0.016027	2.20662	1.33729	42.8715
810	0.0172089	2.20586	1.33649	42.892
811	0.0171528	2.20511	1.33816	42.9126
812	0.018653	2.2044	1.34129	42.9332
813	0.016924	2.20364	1.33743	42.9537
814	0.0176674	2.20291	1.33969	42.9743
815	0.0189916	2.20223	1.34282	42.9949
816	0.019973	2.20158	1.3447	43.0157
817	0.0221363	2.20101	1.34005	43.0362
818	0.0236967	2.20049	1.3349	43.0566
819	0.023849	2.19999	1.33123	43.0768
820	0.0247477	2.19951	1.32564	43.0968
821	0.0262003	2.19909	1.32587	43.1169
822	0.0267018	2.19868	1.32713	43.1369
823	0.0287721	2.19835	1.33251	43.1572
824	0.027766	2.19799	1.33374	43.1775
825	0.0269998	2.1976	1.33416	43.1977
826	0.0275564	2.19723	1.3354	43.218
827	0.0264242	2.19682	1.3338	43.2383
828	0.0252529	2.19637	1.33143	43.2585
829	0.0267078	2.19598	1.33576	43.2788
830	0.0260456	2.19556	1.339	43.2992
831	0.0255353	2.19513	1.33557	43.3194
832	0.0235518	2.19462	1.3289	43.3395
833	0.0230647	2.19411	1.33018	43.3595
834	0.0245241	2.19364	1.33468	43.3798
835	0.0257105	2.19322	1.33772	43.4001
836	0.0253996	2.19279	1.33625	43.4203
837	0.0270528	2.19242	1.33866	43.4407
838	0.0286116	2.1921	1.34196	43.4611
839	0.0296103	2.19182	1.34194	43.4815
840	0.0311033	2.19159	1.34346	43.502
841	0.0328049	2.19142	1.34467	43.5225
842	0.0318572	2.19121	1.34364	43.543
843	0.0332438	2.19106	1.34343	43.5634
844	0.0346331	2.19096	1.34003	43.5837
845	0.0327306	2.19079	1.33997	43.604
846	0.0323529	2.1906	1.34066	43.6244
847	0.0338347	2.19048	1.34367	43.6448
848	0.0355661	2.19041	1.34441	43.6652
849	0.0382721	2.19043	1.3451	43.6857
850	0.0371826	2.19042	1.34686	43.7062
851	0.0372969	2.19041	1.34664	43.7266
852	0.040715	2.19052	1.35466	43.7474
853	0.0413102	2.19065	1.35626	43.7682
854	0.0411461	2.19078	1.35925	43.7891
855	0.0407797	2.19089	1.36044	43.81
856	0.0405245	2.191	1.35861	43.8308
857	0.0401899	2.1911	1.35502	43.8515
858	0.0419789	2.19125	1.3575	43.8723
859	0.0426351	2.19143	1.35806	43.8931
860	0.0406003	2.19155	1.36103	43.914
861	0.0401633	2.19164	1.35824	43.9348
862	0.0402541	2.19174	1.35384	43.9554
863	0.040334	2.19185	1.35309	43.976
864	0.0396057	2.19193	1.35496	43.9967
865	0.0380592	2.19196	1.35751	44.0174
866	0.0384092	2.192	1.35808	44.0381
867	0.0380923	2.19203	1.35485	44.0587
868	0.0360811	2.19199	1.35296	44.0793
869	0.0353142	2.19193	1.35208	44.0998
870	0.034739	2.19185	1.34783	44.1201
871	0.0352494	2.19178	1.34711	44.1404
872	0.034011	2.19168	1.34376	44.1606
873	0.0341294	2.19158	1.34217	44.1808
874	0.0336736	2.19147	1.34253	44.2009
875	0.0332024	2.19134	1.34047	44.221
876	0.0338213	2.19123	1.33739	44.2409
877	0.0329021	2.1911	1.3382	44.2609
878	0.0321506	2.19093	1.34	44.2809
879	0.0301976	2.19071	1.34312	44.301
880	0.0288272	2.19044	1.34278	44.3211
881	0.028036	2.19014	1.34003	44.3411
882	0.0272499	2.18982	1.34027	44.3611
883	0.0279831	2.18952	1.33747	44.381
884	0.0295947	2.18928	1.33786	44.4008
885	0.0302531	2.18906	1.32921	44.4204
886	0.0310454	2.18887	1.32074	44.4397
887	0.0314853	2.18869	1.3166	44.4589
888	0.0324733	2.18855	1.31645	44.478
889	0.0313332	2.18837	1.31815	44.4972
890	0.0324518	2.18823	1.30684	44.516
891	0.033047	2.18811	1.30303	44.5347
892	0.0341693	2.18803	1.29715	44.5532
893	0.034593	2.18796	1.29368	44.5715
894	0.0355271	2.18793	1.29047	44.5898
895	0.0359427	2.18791	1.29099	44.608
896	0.0358278	2.18789	1.28868	44.6262
897	0.0362879	2.18788	1.28292	44.6441
898	0.0354213	2.18785	1.28312	44.6621
899	0.0362829	2.18784	1.28538	44.6801
900	0.0371967	2.18786	1.28683	44.6982
901	0.0348924	2.18781	1.28931	44.7163
902	0.0354515	2.18778	1.28903	44.7345
903	0.036623	2.18779	1.28946	44.7526
904	0.0359008	2.18778	1.29066	44.7708
905	0.0361112	2.18777	1.29148	44.789
906	0.035189	2.18773	1.29113	44.8072
907	0.0363356	2.18773	1.29237	44.8254
908	0.0364649	2.18774	1.292	44.8436
909	0.0355301	2.18772	1.29181	44.8617
910	0.0361295	2.18771	1.29561	44.88
911	0.0363411	2.18772	1.29323	44.8983
912	0.0369528	2.18774	1.28931	44.9163
913	0.0378254	2.1878	1.2869	44.9343
914	0.0379729	2.18786	1.28239	44.9522
915	0.0372368	2.18789	1.28439	44.9701
916	0.0372895	2.18793	1.28777	44.9881
917	0.0365736	2.18795	1.28677	45.006
918	0.0354017	2.18793	1.29043	45.0241
919	0.0346997	2.18788	1.29132	45.0422
920	0.0355016	2.18786	1.28998	45.0603
921	0.0341811	2.1878	1.29338	45.0784
922	0.0348597	2.18777	1.29333	45.0966
923	0.035887	2.18776	1.29173	45.1147
924	0.0358956	2.18776	1.28812	45.1326
925	0.0365955	2.18778	1.28153	45.1504
926	0.0341404	2.18772	1.27408	45.1679
927	0.0353001	2.1877	1.26031	45.1849
928	0.0353345	2.18769	1.25599	45.2018
929	0.0359478	2.18769	1.25001	45.2185
930	0.0357732	2.18769	1.24338	45.2349
931	0.0367227	2.18772	1.24436	45.2514
932	0.0369865	2.18775	1.24553	45.2679
933	0.0371684	2.1878	1.24535	45.2844
934	0.0361692	2.18781	1.24378	45.3009
935	0.0380692	2.18789	1.24562	45.3174
936	0.0413658	2.18807	1.25156	45.3341
937	0.0440498	2.18835	1.25719	45.351
938	0.0455577	2.18867	1.25534	45.3678
939	0.0459579	2.189	1.25341	45.3846
940	0.0454682	2.18932	1.24791	45.4011
941	0.0464609	2.18967	1.24809	45.4177
942	0.0463421	2.19002	1.2497	45.4343
943	0.0476884	2.19041	1.25067	45.4509
944	0.0497087	2.19087	1.2553	45.4677
945	0.0529016	2.19143	1.25727	45.4846
946	0.0543411	2.19204	1.26007	45.5015
947	0.05522	2.19268	1.25668	45.5183
948	0.0556734	2.19333	1.25375	45.535
949	0.0564206	2.19401	1.25188	45.5517
950	0.0569679	2.1947	1.24459	45.5681
951	0.057684	2.19542	1.23543	45.5842
952	0.0554661	2.19606	1.23869	45.6004
953	0.0534559	2.19664	1.23811	45.6166
954	0.0528393	2.1972	1.23598	45.6327
955	0.051814	2.19773	1.23526	45.6488
956	0.0515222	2.19825	1.2302	45.6647
957	0.052054	2.19878	1.23233	45.6807
958	0.0519222	2.19931	1.23213	45.6966
959	0.0526507	2.19987	1.23165	45.7126
960	0.054828	2.20049	1.22976	45.7285
961	0.0552736	2.20113	1.22827	45.7443
962	0.0549166	2.20175	1.23158	45.7602
963	0.0554549	2.2024	1.2304	45.7761
964	0.054683	2.20302	1.22485	45.7918
965	0.0551474	2.20365	1.22591	45.8076
966	0.0556621	2.2043	1.22466	45.8233
967	0.055781	2.20496	1.22683	45.839
968	0.056927	2.20565	1.22898	45.8549
969	0.0572759	2.20635	1.23212	45.8708
970	0.055901	2.20701	1.23513	45.8868
971	0.0563797	2.20768	1.23595	45.9028
972	0.0578003	2.2084	1.22934	45.9186
973	0.0591505	2.20916	1.23145	45.9345
974	0.0588414	2.20991	1.23134	45.9504
975	0.0573988	2.21062	1.23264	45.9663
976	0.0546268	2.21123	1.23601	45.9823
977	0.0537989	2.21182	1.23162	45.9982
978	0.053671	2.21241	1.23309	46.0141
979	0.0524685	2.21296	1.23712	46.0302
980	0.0524887	2.2135	1.23719	46.0462
981	0.0528766	2.21406	1.23816	46.0623
982	0.0533651	2.21464	1.2398	46.0784
983	0.0532528	2.21521	1.24155	46.0945
984	0.0534359	2.21579	1.24129	46.1107
985	0.0516205	2.21631	1.24028	46.1268
986	0.0520253	2.21684	1.23866	46.1429
987	0.0516794	2.21737	1.24	46.159
988	0.053562	2.21795	1.23223	46.1748
989	0.0546089	2.21856	1.22455	46.1904
990	0.0559263	2.21922	1.21856	46.2058
991	0.0545049	2.21983	1.21278	46.221
992	0.0540076	2.22043	1.20982	46.2361
993	0.0531516	2.221	1.20575	46.2511
994	0.0519048	2.22153	1.20814	46.2662
995	0.0511869	2.22203	1.20907	46.2813
996	0.0505463	2.22252	1.20481	46.2962
997	0.0510402	2.22302	1.20193	46.3111
998	0.0514326	2.22354	1.20284	46.3259
999	0.0506502	2.22403	1.20529	46.3409
1000	0.0502886	2.22451	1.20811	46.3559
1001	0.0498452	2.22497	1.20797	46.3709
1002	0.0507611	2.22546	1.20733	46.3859
1003	0.0502439	2.22594	1.20577	46.4009
1004	0.0516539	2.22646	1.20862	46.4159
1005	0.0521515	2.227	1.21197	46.4311
1006	0.0528078	2.22756	1.2149	46.4463
1007	0.0540659	2.22816	1.21191	46.4614
1008	0.0533527	2.22873	1.21153	46.4766
1009	0.051177	2.22924	1.21693	46.4918
1010	0.0507437	2.22973	1.21812	46.5071
1011	0.0517659	2.23026	1.2214	46.5226
1012	0.0519382	2.23079	1.22171	46.538
1013	0.0518682	2.23132	1.22296	46.5534
1014	0.0521655	2.23186	1.2239	46.5689
1015	0.0514741	2.23237	1.22356	46.5844
1016	0.0516892	2.2329	1.22629	46.5999
1017	0.0521359	2.23343	1.22655	46.6155
1018	0.0527172	2.23399	1.22583	46.631
1019	0.0528432	2.23455	1.22654	46.6466
1020	0.0524934	2.2351	1.22517	46.6621
1021	0.0521931	2.23564	1.22627	46.6776
1022	0.0495363	2.23609	1.22874	46.6932
1023	0.047664	2.23649	1.23365	46.7089
1024	0.0479326	2.2369	1.23602	46.7248
1025	0.0473608	2.23729	1.23621	46.7406
1026	0.0480988	2.2377	1.23706	46.7564
1027	0.0468673	2.23807	1.23693	46.7723
1028	0.0464059	2.23843	1.23973	46.7882
1029	0.0465675	2.23879	1.24247	46.8042
1030	0.047244	2.23918	1.24231	46.8202
1031	0.0478195	2.23958	1.24254	46.8362
1032	0.0481358	2.24	1.24265	46.8521
1033	0.0478681	2.2404	1.24251	46.8681
1034	0.0458613	2.24075	1.24657	46.8842
1035	0.0441216	2.24104	1.24972	46.9004
1036	0.0436092	2.24131	1.25216	46.9167
1037	0.0420743	2.24154	1.25574	46.9331
1038	0.0413793	2.24174	1.25627	46.9495
1039	0.04117	2.24194	1.25699	46.9659
1040	0.0427779	2.24219	1.2595	46.9823
1041	0.042996	2.24245	1.25758	46.9987
1042	0.0432706	2.24271	1.25967	47.0152
1043	0.0426922	2.24296	1.25838	47.0316
1044	0.0426935	2.24321	1.25836	47.0481
1045	0.0430475	2.24347	1.25684	47.0644
1046	0.0424337	2.24371	1.25698	47.0808
1047	0.0399916	2.24387	1.25794	47.0972
1048	0.0391827	2.24401	1.25989	47.1136
1049	0.0376498	2.2441	1.25841	47.13
1050	0.0374848	2.24419	1.25767	47.1464
1051	0.0359924	2.24424	1.25391	47.1627
1052	0.0354586	2.24426	1.25578	47.179
1053	0.0341012	2.24425	1.25834	47.1953
1054	0.0344417	2.24425	1.25874	47.2117
1055	0.0331528	2.2442	1.25915	47.2281
1056	0.0335683	2.24418	1.2577	47.2445
1057	0.0350187	2.24419	1.259	47.2608
1058	0.0343375	2.24419	1.25636	47.2771
1059	0.0352845	2.24421	1.25604	47.2934
1060	0.0357998	2.24425	1.25567	47.3097
1061	0.0340123	2.24424	1.25282	47.3258
1062	0.0336918	2.24422	1.24663	47.3418
1063	0.0341685	2.24421	1.24188	47.3576
1064	0.0340912	2.2442	1.24118	47.3734
1065	0.0331217	2.24417	1.24407	47.3893
1066	0.0334545	2.24414	1.23959	47.405
1067	0.0321576	2.24407	1.23807	47.4207
1068	0.0344754	2.24408	1.24005	47.4365
1069	0.0333335	2.24405	1.23589	47.4521
1070	0.032203	2.24399	1.2347	47.4677
1071	0.0330941	2.24395	1.23424	47.4832
1072	0.0333222	2.24392	1.23286	47.4987
1073	0.0336666	2.2439	1.23344	47.5142
1074	0.0355572	2.24395	1.23555	47.5298
1075	0.0355638	2.24399	1.23442	47.5454
1076	0.0361845	2.24405	1.23011	47.5608
1077	0.0372332	2.24414	1.2284	47.5761
1078	0.0390394	2.24429	1.22335	47.5913
1079	0.0416676	2.24452	1.22244	47.6065
1080	0.0414222	2.24474	1.21762	47.6215
1081	0.0422661	2.24499	1.21679	47.6365
1082	0.04371	2.24528	1.21787	47.6515
1083	0.041888	2.24552	1.21815	47.6665
1084	0.0401391	2.2457	1.219	47.6816
1085	0.0389135	2.24585	1.21996	47.6966
1086	0.0380661	2.24597	1.22087	47.7117
1087	0.0382651	2.2461	1.2206	47.7268
1088	0.03911	2.24625	1.22142	47.7419
1089	0.0395168	2.24642	1.22247	47.757
1090	0.0382057	2.24655	1.2223	47.7721
1091	0.0391687	2.2467	1.22231	47.7872
1092	0.0397714	2.24688	1.2244	47.8024
1093	0.0414988	2.24711	1.22354	47.8176
1094	0.043669	2.2474	1.22355	47.8327
1095	0.0442551	2.24771	1.22297	47.8478
1096	0.0459696	2.24808	1.22298	47.8629
1097	0.0453721	2.24842	1.22481	47.8781
1098	0.0443413	2.24874	1.22525	47.8933
1099	0.0423922	2.24899	1.2291	47.9086
1100	0.0412089	2.24921	1.231	47.9239
1101	0.0404879	2.24941	1.23011	47.9392
1102	0.0403726	2.24961	1.22998	47.9545
1103	0.0411538	2.24983	1.23157	47.9698
1104	0.040819	2.25004	1.23245	47.9852
1105	0.0392179	2.2502	1.23281	48.0006
1106	0.0404283	2.2504	1.23629	48.0161
1107	0.0390359	2.25056	1.23905	48.0316
1108	0.0398834	2.25074	1.24036	48.0472
1109	0.0396267	2.25092	1.24342	48.0629
1110	0.039876	2.2511	1.24633	48.0786
1111	0.039622	2.25128	1.24816	48.0945
1112	0.038774	2.25143	1.24823	48.1103
1113	0.0392025	2.25159	1.24906	48.1261
1114	0.0395344	2.25176	1.24475	48.1418
1115	0.0399679	2.25195	1.24765	48.1576
1116	0.0391078	2.25211	1.2502	48.1734
1117	0.0395567	2.25229	1.2463	48.1891
1118	0.039812	2.25247	1.2461	48.2049
1119	0.0399687	2.25266	1.24508	48.2205
1120	0.0377836	2.25279	1.24724	48.2363
1121	0.0357014	2.25285	1.25107	48.2521
1122	0.0346332	2.25288	1.2482	48.2679
1123	0.0338344	2.25289	1.24939	48.2837
1124	0.0345089	2.25292	1.25104	48.2995
1125	0.034579	2.25295	1.25165	48.3154
1126	0.034137	2.25296	1.25333	48.3313
1127	0.0333435	2.25296	1.25247	48.3471
1128	0.0323249	2.25292	1.25309	48.363
1129	0.0319552	2.25288	1.24893	48.3788
1130	0.0324034	2.25284	1.24568	48.3944
1131	0.0315522	2.25279	1.24262	48.41
1132	0.0317057	2.25273	1.24356	48.4255
1133	0.0320291	2.25269	1.24542	48.4412
1134	0.0312773	2.25263	1.24642	48.4568
1135	0.0299607	2.25253	1.249	48.4726
1136	0.029904	2.25242	1.25128	48.4883
1137	0.030251	2.25233	1.25393	48.5042
1138	0.0306476	2.25225	1.25157	48.52
1139	0.030111	2.25215	1.25227	48.5358
1140	0.0289625	2.25203	1.25483	48.5517
1141	0.0273078	2.25185	1.25709	48.5676
1142	0.0269689	2.25166	1.2556	48.5835
1143	0.0269951	2.25147	1.25183	48.5993
1144	0.027304	2.2513	1.25441	48.6151
1145	0.0275209	2.25113	1.25132	48.6309
1146	0.0288701	2.251	1.25031	48.6466
1147	0.0300614	2.25091	1.24668	48.6622
1148	0.0310201	2.25084	1.2454	48.6778
1149	0.0319679	2.25081	1.2469	48.6934
1150	0.0305862	2.25073	1.24788	48.709
1151	0.030031	2.25064	1.24652	48.7246
1152	0.0292275	2.25053	1.24551	48.7401
1153	0.0296469	2.25042	1.24715	48.7557
1154	0.0301908	2.25034	1.247	48.7713
1155	0.0294122	2.25023	1.24938	48.787
1156	0.0275077	2.25007	1.25253	48.8027
1157	0.0273624	2.2499	1.25188	48.8184
1158	0.0268299	2.24972	1.25094	48.8341
1159	0.0249129	2.24948	1.25443	48.8499
1160	0.0245552	2.24923	1.25587	48.8657
1161	0.0240732	2.24897	1.25627	48.8815
1162	0.0235967	2.2487	1.25656	48.8973
1163	0.0245281	2.24845	1.25846	48.9132
1164	0.023135	2.24816	1.26177	48.9292
1165	0.0232458	2.24788	1.26191	48.9452
1166	0.0234663	2.2476	1.26286	48.9612
1167	0.0213334	2.24727	1.26596	48.9772
1168	0.0208495	2.24691	1.26726	48.9934
1169	0.0199364	2.24654	1.26858	49.0095
1170	0.0197521	2.24616	1.27137	49.0257
1171	0.0197915	2.24578	1.27311	49.042
1172	0.0200865	2.24541	1.26971	49.0582
1173	0.0209127	2.24506	1.26853	49.0743
1174	0.0222287	2.24475	1.27011	49.0905
1175	0.022276	2.24445	1.27088	49.1066
1176	0.0208496	2.2441	1.27109	49.1228
1177	0.0195334	2.24372	1.27288	49.1391
1178	0.0201549	2.24336	1.27398	49.1553
1179	0.0218779	2.24304	1.27505	49.1716
1180	0.0222766	2.24274	1.27495	49.1879
1181	0.0215471	2.24242	1.27674	49.2042
1182	0.021466	2.2421	1.27505	49.2205
1183	0.0224125	2.2418	1.26886	49.2366
1184	0.0232981	2.24153	1.26684	49.2526
1185	0.0234902	2.24127	1.26053	49.2684
1186	0.025422	2.24106	1.2541	49.2841
1187	0.025625	2.24087	1.25129	49.2996
1188	0.0254761	2.24066	1.25188	49.3152
1189	0.0257486	2.24047	1.25042	49.3307
1190	0.026296	2.24029	1.24944	49.3462
1191	0.0244609	2.24006	1.25272	49.3618
1192	0.0249949	2.23984	1.25162	49.3774
1193	0.025061	2.23963	1.25019	49.3929
1194	0.0250352	2.23942	1.24392	49.4082
1195	0.0253465	2.23921	1.2398	49.4234
1196	0.0243077	2.23898	1.24021	49.4386
1197	0.0236188	2.23873	1.23912	49.4537
1198	0.02331	2.23847	1.23786	49.4689
1199	0.0241079	2.23823	1.23532	49.4839
1200	0.0244952	2.23801	1.23504	49.4989
1201	0.0247527	2.23779	1.23571	49.514
1202	0.0232507	2.23753	1.23666	49.5291
1203	0.0227538	2.23726	1.23733	49.5442
1204	0.0227915	2.23699	1.23869	49.5593
1205	0.0216532	2.23669	1.24014	49.5744
1206	0.0236388	2.23644	1.24328	49.5897
1207	0.0236307	2.23619	1.24401	49.6049
1208	0.0230786	2.23593	1.24474	49.6202
1209	0.0223594	2.23565	1.24615	49.6355
1210	0.0220931	2.23536	1.24836	49.6509
1211	0.0235641	2.23512	1.25065	49.6664
1212	0.025434	2.23493	1.25353	49.6819
1213	0.026314	2.23476	1.25477	49.6974
1214	0.025104	2.23456	1.25579	49.713
1215	0.0242412	2.23434	1.25703	49.7286
1216	0.0244149	2.23412	1.25703	49.7442
1217	0.0239651	2.23389	1.25089	49.7596
1218	0.0225834	2.23362	1.25079	49.775
1219	0.0218344	2.23333	1.24801	49.7904
1220	0.0199339	2.23299	1.24902	49.8057
1221	0.0183165	2.2326	1.25122	49.8211
1222	0.0176381	2.23219	1.24984	49.8365
1223	0.0173578	2.23178	1.24845	49.8518
1224	0.018096	2.23138	1.24929	49.8672
1225	0.0191706	2.23102	1.2502	49.8825
1226	0.0192521	2.23066	1.25098	49.8979
1227	0.0179062	2.23027	1.25063	49.9133
1228	0.0184898	2.22989	1.25085	49.9287
1229	0.0197602	2.22954	1.25237	49.9441
1230	0.0191164	2.22918	1.25435	49.9595
1231	0.018279	2.2288	1.25609	49.975
1232	0.0187666	2.22843	1.25379	49.9905
1233	0.018237	2.22805	1.25305	50.0059
1234	0.0191598	2.22769	1.25353	50.0213
1235	0.0180186	2.2273	1.25615	50.0368
1236	0.0168772	2.22688	1.25817	50.0524
1237	0.0156611	2.22643	1.25632	50.0678
1238	0.0164638	2.226	1.25498	50.0833
1239	0.0166423	2.22557	1.25404	50.0987
1240	0.017495	2.22517	1.25544	50.1142
1241	0.0177455	2.22478	1.25595	50.1296
1242	0.0173544	2.22438	1.25825	50.1451
1243	0.0180308	2.224	1.2595	50.1607
1244	0.0174038	2.2236	1.25678	50.1762
1245	0.0162319	2.22316	1.25794	50.1917
1246	0.015967	2.22273	1.25905	50.2072
1247	0.0147902	2.22225	1.25949	50.2227
1248	0.0145104	2.22178	1.25993	50.2383
1249	0.0157233	2.22133	1.26371	50.2539
1250	0.0160055	2.2209	1.26491	50.2696
1251	0.0159684	2.22046	1.26689	50.2853
1252	0.0154773	2.22001	1.26778	50.3011
1253	0.0157334	2.21957	1.26933	50.3169
1254	0.0162139	2.21915	1.27144	50.3327
1255	0.0154707	2.2187	1.27319	50.3486
1256	0.0171004	2.2183	1.27611	50.3645
1257	0.0173102	2.21791	1.27486	50.3805
1258	0.0175841	2.21752	1.27299	50.3963
1259	0.0182047	2.21716	1.27156	50.4122
1260	0.0188168	2.21681	1.26837	50.4279
1261	0.0198224	2.21649	1.26724	50.4436
1262	0.0219763	2.21623	1.26941	50.4593
1263	0.0231895	2.216	1.27046	50.4751
1264	0.0226009	2.21576	1.27191	50.4909
1265	0.0224429	2.21552	1.27101	50.5067
1266	0.0224461	2.21528	1.27101	50.5224
1267	0.0222389	2.21503	1.27214	50.5382
1268	0.0230591	2.2148	1.27268	50.5541
1269	0.0239913	2.2146	1.27376	50.5699
1270	0.0244634	2.21442	1.27473	50.5858
1271	0.0232207	2.2142	1.27596	50.6016
1272	0.0220358	2.21395	1.27708	50.6176
1273	0.0218154	2.21369	1.2782	50.6335
1274	0.0229532	2.21346	1.27762	50.6494
1275	0.0221876	2.21322	1.27686	50.6653
1276	0.0222705	2.21298	1.27358	50.6811
1277	0.0219452	2.21272	1.27441	50.6969
1278	0.023034	2.2125	1.27764	50.7128
1279	0.0237121	2.2123	1.27678	50.7287
1280	0.0241403	2.21211	1.27264	50.7445
1281	0.0246326	2.21194	1.2686	50.7601
1282	0.0249879	2.21177	1.26358	50.7756
1283	0.0251088	2.21161	1.26221	50.7911
1284	0.0245026	2.21144	1.26285	50.8065
1285	0.024251	2.21125	1.26443	50.822
1286	0.0249863	2.21109	1.26175	50.8374
1287	0.0254392	2.21094	1.26205	50.8529
1288	0.0242227	2.21076	1.26346	50.8683
1289	0.0235586	2.21056	1.2612	50.8837
1290	0.023517	2.21036	1.25834	50.899
1291	0.0236201	2.21016	1.25701	50.9143
1292	0.0237547	2.20997	1.25616	50.9296
1293	0.0239339	2.20978	1.25444	50.9448
1294	0.0241851	2.2096	1.25546	50.96
1295	0.0248023	2.20943	1.24905	50.975
1296	0.0249454	2.20927	1.2492	50.99
1297	0.025048	2.20912	1.25026	51.0051
1298	0.0252245	2.20897	1.25216	51.0202
1299	0.0248949	2.20881	1.25348	51.0353
1300	0.0236189	2.20862	1.25696	51.0506
1301	0.0215915	2.20837	1.25983	51.0659
1302	0.0209602	2.2081	1.25953	51.0812
1303	0.0208149	2.20783	1.26072	51.0965
1304	0.0210634	2.20757	1.2629	51.1119
1305	0.019331	2.20726	1.26548	51.1273
1306	0.0177617	2.2069	1.26602	51.1428
1307	0.0164046	2.20652	1.26809	51.1583
1308	0.0157208	2.20611	1.26406	51.1737
1309	0.0170287	2.20574	1.26277	51.189
1310	0.0177639	2.20539	1.2577	51.2043
1311	0.0191585	2.20507	1.25414	51.2194
1312	0.0189588	2.20476	1.24892	51.2343
1313	0.0185796	2.20443	1.24701	51.2492
1314	0.0187138	2.20411	1.24593	51.2641
1315	0.0197904	2.20382	1.24473	51.2789
1316	0.0206725	2.20355	1.23954	51.2936
1317	0.0215661	2.20331	1.23846	51.3083
1318	0.0216392	2.20307	1.2359	51.3229
1319	0.0214447	2.20283	1.2356	51.3374
1320	0.0210782	2.20257	1.23683	51.352
1321	0.0204169	2.2023	1.23864	51.3667
1322	0.0220557	2.20208	1.23906	51.3813
1323	0.0235791	2.20189	1.23981	51.396
1324	0.0238997	2.20172	1.24072	51.4107
1325	0.0242813	2.20156	1.24033	51.4253
1326	0.025595	2.20143	1.24203	51.4401
1327	0.0263576	2.20132	1.24131	51.4547
1328	0.0264408	2.20122	1.24164	51.4694
1329	0.027161	2.20114	1.24152	51.4841
1330	0.0296405	2.20112	1.24044	51.4988
1331	0.0309866	2.20115	1.24118	51.5135
1332	0.0312308	2.20118	1.24283	51.5282
1333	0.0323808	2.20124	1.24474	51.543
1334	0.0321612	2.20129	1.24285	51.5577
1335	0.0313223	2.20133	1.24361	51.5724
1336	0.0309229	2.20135	1.24397	51.5871
1337	0.0313225	2.20138	1.24501	51.6019
1338	0.0303813	2.20139	1.24658	51.6167
1339	0.0310528	2.20142	1.24476	51.6314
1340	0.0314074	2.20146	1.24586	51.6462
1341	0.031366	2.20149	1.24458	51.6609
1342	0.0309937	2.20152	1.24281	51.6756
1343	0.0301526	2.20152	1.23797	51.6901
1344	0.0295194	2.20151	1.23109	51.7045
1345	0.0293339	2.20149	1.22824	51.7188
1346	0.0294616	2.20148	1.2264	51.733
1347	0.0298106	2.20147	1.22127	51.747
1348	0.029166	2.20145	1.22044	51.7611
1349	0.0299542	2.20145	1.21937	51.7751
1350	0.0308287	2.20147	1.22011	51.7891
1351	0.0307179	2.2015	1.22158	51.8032
1352	0.0317989	2.20155	1.22234	51.8173
1353	0.0322298	2.20161	1.22118	51.8313
1354	0.0322182	2.20167	1.22012	51.8454
1355	0.0309752	2.2017	1.2219	51.8594
1356	0.0308403	2.20173	1.21981	51.8734
1357	0.0307179	2.20175	1.22101	51.8875
1358	0.0316888	2.2018	1.22285	51.9015
1359	0.03087	2.20183	1.22359	51.9156
1360	0.0298322	2.20183	1.22515	51.9298
1361	0.0299004	2.20183	1.22675	51.9439
1362	0.0306346	2.20185	1.22903	51.9582
1363	0.0322391	2.20192	1.23032	51.9724
1364	0.0325346	2.20199	1.22875	51.9867
1365	0.0317087	2.20205	1.22798	52.0009
1366	0.0325257	2.20212	1.22796	52.015
1367	0.0314996	2.20217	1.22702	52.0292
1368	0.0333941	2.20227	1.22955	52.0434
1369	0.0349249	2.20241	1.23003	52.0577
1370	0.0348203	2.20254	1.22777	52.0718
1371	0.0346686	2.20268	1.22519	52.0859
1372	0.0345905	2.20281	1.22661	52.1001
1373	0.0341539	2.20293	1.22569	52.1142
1374	0.0323115	2.203	1.22941	52.1284
1375	0.032409	2.20307	1.22757	52.1425
1376	0.0331246	2.20316	1.22676	52.1567
1377	0.0332704	2.20326	1.22525	52.1707
1378	0.0326187	2.20334	1.22451	52.1848
1379	0.0314282	2.20339	1.22366	52.1988
1380	0.0313871	2.20344	1.22469	52.2129
1381	0.0313497	2.20348	1.22633	52.227
1382	0.0318742	2.20354	1.22708	52.2411
1383	0.0335446	2.20365	1.22814	52.2552
1384	0.0339935	2.20377	1.22746	52.2693
1385	0.034838	2.20391	1.22545	52.2834
1386	0.0356036	2.20407	1.22286	52.2974
1387	0.0339578	2.20419	1.22522	52.3114
1388	0.0339393	2.2043	1.22445	52.3255
1389	0.0335827	2.20441	1.22276	52.3394
1390	0.0338961	2.20453	1.22112	52.3534
1391	0.0346974	2.20467	1.21989	52.3672
1392	0.0348298	2.20481	1.21713	52.3811
1393	0.0355612	2.20497	1.21757	52.3949
1394	0.0353449	2.20513	1.21712	52.4087
1395	0.035848	2.2053	1.21911	52.4225
1396	0.0355253	2.20546	1.21903	52.4364
1397	0.0352755	2.20561	1.21951	52.4503
1398	0.0346963	2.20575	1.22138	52.4642
1399	0.0349965	2.2059	1.21982	52.478
1400	0.0352277	2.20605	1.21606	52.4918
1401	0.035808	2.20622	1.21377	52.5055
1402	0.0348737	2.20637	1.20919	52.519
1403	0.0343013	2.2065	1.20459	52.5325
1404	0.0347666	2.20664	1.20222	52.5459
1405	0.0362667	2.20682	1.19559	52.5591
1406	0.0380983	2.20705	1.19366	52.5722
1407	0.0387288	2.2073	1.19007	52.5852
1408	0.0392264	2.20756	1.18371	52.5981
1409	0.0387829	2.20781	1.1837	52.611
1410	0.0385652	2.20806	1.18371	52.6239
1411	0.0370699	2.20826	1.18498	52.6368
1412	0.0361474	2.20844	1.18429	52.6496
1413	0.0362844	2.20863	1.18131	52.6624
1414	0.0364431	2.20882	1.1751	52.6751
1415	0.0372158	2.20902	1.17285	52.6876
1416	0.0379766	2.20925	1.1743	52.7002
1417	0.0371356	2.20946	1.17478	52.7128
1418	0.0368507	2.20966	1.17341	52.7254
1419	0.0373732	2.20987	1.16994	52.7379
1420	0.0372459	2.21009	1.16982	52.7504
1421	0.036888	2.21029	1.16856	52.7628
1422	0.036691	2.21048	1.16952	52.7753
1423	0.0365274	2.21067	1.16935	52.7877
1424	0.0357608	2.21085	1.1666	52.8001
1425	0.034438	2.21098	1.1672	52.8125
1426	0.0341677	2.21111	1.167	52.8249
1427	0.0348392	2.21126	1.16736	52.8373
1428	0.0345052	2.2114	1.16519	52.8496
1429	0.0357877	2.21157	1.16283	52.8619
1430	0.0364131	2.21176	1.16064	52.8741
1431	0.0365242	2.21196	1.16035	52.8863
1432	0.0362941	2.21214	1.16031	52.8985
1433	0.035215	2.2123	1.16071	52.9107
1434	0.0351285	2.21246	1.16347	52.923
1435	0.0346056	2.2126	1.16422	52.9353
1436	0.03536	2.21276	1.16217	52.9475
1437	0.0350396	2.21292	1.16183	52.9597
1438	0.0347337	2.21307	1.1584	52.9719
1439	0.0338948	2.21319	1.15863	52.984
1440	0.0342578	2.21333	1.1585	52.9962
1441	0.0339238	2.21345	1.15996	53.0083
1442	0.032289	2.21353	1.16285	53.0206
1443	0.031706	2.2136	1.16402	53.0328
1444	0.032795	2.2137	1.16308	53.0451
1445	0.0333888	2.21381	1.16276	53.0573
1446	0.0314462	2.21387	1.1622	53.0695
1447	0.0316169	2.21394	1.16015	53.0817
1448	0.0313768	2.214	1.16019	53.0939
1449	0.0324918	2.21409	1.16315	53.1061
1450	0.0326737	2.21419	1.16143	53.1183
1451	0.0321138	2.21427	1.1614	53.1305
1452	0.0302173	2.2143	1.16599	53.1428
1453	0.0293458	2.21431	1.16692	53.1551
1454	0.0284416	2.21429	1.16763	53.1674
1455	0.0272513	2.21424	1.16772	53.1798
1456	0.0256898	2.21416	1.1691	53.1922
1457	0.0244713	2.21404	1.16975	53.2046
1458	0.024247	2.21392	1.16755	53.2169
1459	0.0241361	2.21379	1.16645	53.2292
1460	0.0245559	2.21367	1.16271	53.2414
1461	0.0247634	2.21356	1.16254	53.2536
1462	0.0262393	2.21349	1.16418	53.2658
1463	0.0284695	2.21348	1.16949	53.2782
1464	0.0297261	2.2135	1.17109	53.2906
1465	0.0307992	2.21355	1.16904	53.303
1466	0.0318288	2.21363	1.16932	53.3153
1467	0.03352	2.21375	1.17291	53.3278
1468	0.0337581	2.21388	1.17398	53.3403
1469	0.0343963	2.21402	1.17439	53.3527
1470	0.0364814	2.21422	1.1762	53.3653
1471	0.0376386	2.21445	1.17915	53.3779
1472	0.037558	2.21468	1.18059	53.3905
1473	0.0364329	2.21487	1.18269	53.4032
1474	0.0354693	2.21505	1.18334	53.4159
1475	0.0343167	2.21519	1.18323	53.4286
1476	0.0344715	2.21534	1.18414	53.4413
1477	0.0341358	2.21548	1.18489	53.4541
1478	0.0334025	2.2156	1.18665	53.4669
1479	0.033019	2.21571	1.18866	53.4797
1480	0.0330522	2.21582	1.18936	53.4926
1481	0.0327166	2.21592	1.19122	53.5054
1482	0.0317788	2.216	1.19434	53.5184
1483	0.0304782	2.21604	1.19699	53.5315
1484	0.030572	2.21609	1.1971	53.5445
1485	0.0302501	2.21613	1.19691	53.5575
1486	0.0299972	2.21616	1.19647	53.5705
1487	0.0297225	2.21619	1.1982	53.5836
1488	0.0305646	2.21624	1.19436	53.5966
1489	0.032098	2.21632	1.19742	53.6096
1490	0.0336926	2.21645	1.20041	53.6227
1491	0.0340129	2.21659	1.19907	53.6358
1492	0.0345675	2.21674	1.19829	53.6488
1493	0.0330746	2.21686	1.19727	53.6618
1494	0.033273	2.21698	1.1977	53.6749
1495	0.0322632	2.21707	1.19789	53.6879
1496	0.0312138	2.21714	1.19727	53.7009
1497	0.0303505	2.21718	1.19504	53.7139
1498	0.0302721	2.21722	1.19403	53.7268
1499	0.0303334	2.21727	1.19441	53.7397
1500	0.0292202	2.21728	1.19663	53.7527
1501	0.0286567	2.21728	1.19651	53.7657
1502	0.0291414	2.2173	1.19664	53.7787
1503	0.029858	2.21733	1.19882	53.7917
1504	0.0298343	2.21736	1.20033	53.8048
1505	0.0298341	2.2174	1.20177	53.8179
1506	0.0305566	2.21745	1.20336	53.831
1507	0.0313054	2.21752	1.20334	53.8441
1508	0.0314769	2.21759	1.20361	53.8573
1509	0.031683	2.21768	1.20519	53.8705
1510	0.0321743	2.21777	1.20271	53.8836
1511	0.0319025	2.21786	1.20259	53.8967
1512	0.0306651	2.21791	1.20504	53.9099
1513	0.0307029	2.21797	1.20446	53.923
1514	0.0299585	2.21801	1.20524	53.9362
1515	0.0283369	2.218	1.2086	53.9494
1516	0.0274531	2.21798	1.20977	53.9627
1517	0.026296	2.21792	1.21223	53.976
1518	0.025928	2.21786	1.21137	53.9893
1519	0.0250516	2.21777	1.21141	54.0027
1520	0.0249335	2.21768	1.2111	54.016
1521	0.0252012	2.2176	1.21028	54.0292
1522	0.0248564	2.21751	1.21158	54.0425
1523	0.0252505	2.21743	1.21105	54.0558
1524	0.0246366	2.21733	1.21124	54.0691
1525	0.0234578	2.2172	1.21151	54.0824
1526	0.0244273	2.2171	1.21031	54.0957
1527	0.0241679	2.217	1.20976	54.1089
1528	0.0255806	2.21693	1.20553	54.1221
1529	0.027667	2.21691	1.20857	54.1353
1530	0.0276849	2.21689	1.20928	54.1485
1531	0.0276977	2.21688	1.20732	54.1617
1532	0.0275949	2.21686	1.20757	54.1748
1533	0.0275772	2.21684	1.20589	54.188
1534	0.0269308	2.21681	1.20873	54.2012
1535	0.0269639	2.21677	1.20959	54.2144
1536	0.0257735	2.21671	1.21032	54.2276
1537	0.0243493	2.21661	1.21209	54.2409
1538	0.0245188	2.21651	1.213	54.2542
1539	0.0248902	2.21643	1.21414	54.2675
1540	0.0253712	2.21636	1.21535	54.2809
1541	0.0249882	2.21627	1.21636	54.2942
1542	0.0244489	2.21618	1.21637	54.3076
1543	0.0233904	2.21606	1.21579	54.321
1544	0.0243149	2.21596	1.21753	54.3344
1545	0.024362	2.21586	1.21455	54.3477
1546	0.023274	2.21574	1.216	54.361
1547	0.0213025	2.21556	1.21986	54.3745
1548	0.0211308	2.21538	1.22107	54.3879
1549	0.0201212	2.21518	1.22216	54.4014
1550	0.021092	2.215	1.21929	54.4149
1551	0.0215247	2.21484	1.21858	54.4283
1552	0.021196	2.21466	1.21958	54.4417
1553	0.0207517	2.21447	1.22104	54.4551
1554	0.0195844	2.21426	1.22093	54.4686
1555	0.018671	2.21402	1.22016	54.482
1556	0.0180544	2.21377	1.21987	54.4954
1557	0.0180502	2.21351	1.21688	54.5088
1558	0.0193337	2.21329	1.21307	54.522
1559	0.0196515	2.21308	1.21118	54.5352
1560	0.0193271	2.21286	1.21014	54.5484
1561	0.020291	2.21267	1.20953	54.5615
1562	0.0203105	2.21248	1.20868	54.5746
1563	0.0191832	2.21225	1.21013	54.5878
1564	0.0192427	2.21203	1.21043	54.6009
1565	0.0190915	2.21181	1.2099	54.6141
1566	0.0187706	2.21158	1.2089	54.6272
1567	0.0187561	2.21135	1.20917	54.6403
1568	0.0187996	2.21112	1.20896	54.6534
1569	0.0189239	2.21089	1.20821	54.6665
1570	0.0196198	2.21068	1.20716	54.6795
1571	0.0204629	2.21049	1.20733	54.6926
1572	0.0205812	2.21031	1.20291	54.7055
1573	0.0197224	2.21011	1.20419	54.7185
1574	0.019125	2.20989	1.20564	54.7315
1575	0.019461	2.20968	1.20471	54.7445
1576	0.0196995	2.20947	1.20553	54.7575
1577	0.0210254	2.2093	1.20707	54.7705
1578	0.0220692	2.20916	1.20894	54.7836
1579	0.0218101	2.20901	1.21079	54.7967
1580	0.0229071	2.20888	1.21225	54.8099
1581	0.0230496	2.20877	1.21207	54.823
1582	0.0230484	2.20865	1.21316	54.8362
1583	0.0235555	2.20854	1.21171	54.8494
1584	0.0245417	2.20846	1.21368	54.8625
1585	0.0255169	2.20841	1.21387	54.8757
1586	0.0252949	2.20835	1.21497	54.8889
1587	0.0249797	2.20828	1.2155	54.9021
1588	0.0254973	2.20822	1.21374	54.9153
1589	0.0264458	2.20819	1.21332	54.9285
1590	0.0272426	2.20818	1.21506	54.9417
1591	0.0280841	2.20819	1.21603	54.9549
1592	0.0282806	2.20821	1.21695	54.9681
1593	0.0280944	2.20822	1.21847	54.9814
1594	0.0289476	2.20825	1.21904	54.9947
1595	0.030269	2.20832	1.22129	55.008
1596	0.0309157	2.2084	1.22205	55.0214
1597	0.031112	2.20849	1.22208	55.0347
1598	0.030598	2.20856	1.22324	55.0481
1599	0.0306117	2.20864	1.2256	55.0616
1600	0.0310282	2.20872	1.22789	55.075
1601	0.0309517	2.20881	1.2292	55.0886
1602	0.0305449	2.20888	1.22751	55.102
1603	0.030494	2.20895	1.22557	55.1155
1604	0.0305254	2.20903	1.22391	55.1288
1605	0.0307398	2.20911	1.22366	55.1422
1606	0.0309933	2.20919	1.22401	55.1556
1607	0.0303804	2.20926	1.22473	55.169
1608	0.0299674	2.20932	1.22617	55.1824
1609	0.0302839	2.20939	1.22582	55.1958
1610	0.0305281	2.20947	1.22643	55.2092
1611	0.0304549	2.20954	1.22496	55.2226
1612	0.0318975	2.20965	1.2281	55.2361
1613	0.0327719	2.20978	1.22949	55.2496
1614	0.0332258	2.20992	1.23041	55.2631
1615	0.032733	2.21005	1.23087	55.2766
1616	0.0321971	2.21017	1.23012	55.2901
1617	0.032916	2.21031	1.22911	55.3036
1618	0.0340717	2.21047	1.22941	55.317
1619	0.0338729	2.21063	1.22964	55.3305
1620	0.0331291	2.21077	1.23103	55.344
1621	0.0331169	2.21091	1.23115	55.3575
1622	0.0332081	2.21106	1.23179	55.3711
1623	0.0333145	2.2112	1.23007	55.3845
1624	0.0326232	2.21133	1.23095	55.398
1625	0.0332618	2.21148	1.22984	55.4115
1626	0.0325908	2.2116	1.22992	55.4249
1627	0.0320556	2.21172	1.23054	55.4384
1628	0.0330543	2.21186	1.23161	55.4519
1629	0.0324627	2.21199	1.23043	55.4654
1630	0.0330362	2.21213	1.22884	55.4788
1631	0.0323098	2.21225	1.22941	55.4922
1632	0.0313817	2.21235	1.22652	55.5056
1633	0.0312406	2.21244	1.225	55.5189
1634	0.0306052	2.21252	1.22726	55.5323
1635	0.0294163	2.21257	1.22735	55.5457
1636	0.0300335	2.21264	1.22693	55.559
1637	0.0300062	2.21271	1.22859	55.5724
1638	0.0286382	2.21274	1.23124	55.5859
1639	0.0271665	2.21274	1.23461	55.5994
1640	0.0268623	2.21272	1.23583	55.613
1641	0.0269619	2.21272	1.23719	55.6266
1642	0.0269832	2.21271	1.23888	55.6402
1643	0.0277317	2.21272	1.23915	55.6538
1644	0.0276051	2.21273	1.23969	55.6675
1645	0.0269421	2.21272	1.2382	55.6811
1646	0.025743	2.21268	1.23851	55.6947
1647	0.0255137	2.21264	1.23781	55.7083
1648	0.0263697	2.21262	1.23758	55.7219
1649	0.0270258	2.21261	1.23891	55.7355
1650	0.0275471	2.21262	1.24037	55.7491
1651	0.0272199	2.21262	1.24086	55.7628
1652	0.026739	2.21261	1.24129	55.7765
1653	0.027194	2.21261	1.24011	55.7901
1654	0.0260148	2.21258	1.24009	55.8037
1655	0.0253149	2.21254	1.24101	55.8174
1656	0.0256305	2.2125	1.24224	55.831
1657	0.0254304	2.21246	1.24298	55.8447
1658	0.0248351	2.2124	1.24435	55.8584
1659	0.0247407	2.21234	1.24364	55.8721
1660	0.0250853	2.21229	1.23811	55.8857
1661	0.0253397	2.21224	1.23709	55.8992
1662	0.0262297	2.21222	1.23537	55.9127
1663	0.0272226	2.21223	1.23539	55.9262
1664	0.027487	2.21224	1.23677	55.9397
1665	0.0273653	2.21224	1.23733	55.9532
1666	0.0282703	2.21227	1.23977	55.9668
1667	0.0271672	2.21227	1.24179	55.9804
1668	0.0273813	2.21228	1.24292	55.9941
1669	0.027175	2.21228	1.24353	56.0078
1670	0.0275588	2.2123	1.24278	56.0214
1671	0.0266507	2.21229	1.24251	56.035
1672	0.0267466	2.21228	1.24039	56.0486
1673	0.0283425	2.21231	1.23668	56.0621
1674	0.0289929	2.21236	1.23632	56.0756
1675	0.0284057	2.21239	1.23545	56.089
1676	0.0280382	2.21242	1.23502	56.1024
1677	0.0275105	2.21243	1.23425	56.1159
1678	0.0275849	2.21244	1.23161	56.1292
1679	0.0284989	2.21248	1.23099	56.1425
1680	0.0281876	2.21251	1.2295	56.1558
1681	0.0287544	2.21255	1.2306	56.1691
1682	0.0286508	2.2126	1.23019	56.1824
1683	0.0276062	2.21261	1.2317	56.1958
1684	0.0264313	2.2126	1.23268	56.2091
1685	0.0263847	2.21259	1.23334	56.2225
1686	0.0264761	2.21257	1.23459	56.2359
1687	0.0266697	2.21257	1.23265	56.2492
1688	0.0269863	2.21257	1.23215	56.2625
1689	0.0264866	2.21256	1.23088	56.2758
1690	0.0264345	2.21255	1.22862	56.2891
1691	0.0257925	2.21252	1.2262	56.3022
1692	0.0253983	2.21249	1.22659	56.3154
1693	0.0254619	2.21245	1.22743	56.3286
1694	0.025632	2.21242	1.22731	56.3418
1695	0.0250411	2.21238	1.22878	56.355
1696	0.0242382	2.21231	1.22616	56.3682
1697	0.0246677	2.21226	1.22459	56.3813
1698	0.0245578	2.21221	1.22147	56.3944
1699	0.0255543	2.21218	1.22171	56.4074
1700	0.0260493	2.21216	1.22306	56.4205
1701	0.0256545	2.21213	1.22127	56.4335
1702	0.0244858	2.21207	1.22181	56.4465
1703	0.0232005	2.21199	1.22275	56.4596
1704	0.0224958	2.21188	1.22318	56.4727
1705	0.0226904	2.21178	1.22085	56.4857
1706	0.0224693	2.21168	1.22061	56.4987
1707	0.0225785	2.21158	1.2214	56.5117
1708	0.0229654	2.21149	1.21996	56.5246
1709	0.0237556	2.21142	1.21862	56.5376
1710	0.0235315	2.21134	1.21821	56.5505
1711	0.0231275	2.21125	1.21899	56.5635
1712	0.0230246	2.21116	1.21953	56.5764
1713	0.0229664	2.21107	1.22027	56.5894
1714	0.0235738	2.211	1.21921	56.6023
1715	0.0239735	2.21093	1.21782	56.6152
1716	0.0238281	2.21086	1.21678	56.6281
1717	0.0243214	2.21081	1.21603	56.641
1718	0.02473	2.21076	1.21776	56.6539
1719	0.0252234	2.21073	1.21721	56.6667
1720	0.0249249	2.21068	1.21882	56.6796
1721	0.0254549	2.21066	1.21919	56.6926
1722	0.0251801	2.21062	1.21928	56.7055
1723	0.0251612	2.21059	1.21987	56.7184
1724	0.0253208	2.21055	1.2188	56.7313
1725	0.0249586	2.21052	1.22047	56.7443
1726	0.0242896	2.21046	1.22315	56.7573
1727	0.0241773	2.2104	1.22361	56.7703
1728	0.0233713	2.21033	1.22476	56.7833
1729	0.0235391	2.21025	1.22414	56.7963
1730	0.0234411	2.21018	1.22494	56.8094
1731	0.022659	2.21008	1.22545	56.8224
1732	0.0215288	2.20996	1.22642	56.8355
1733	0.0222363	2.20986	1.22579	56.8485
1734	0.0233765	2.20978	1.22437	56.8615
1735	0.0241217	2.20973	1.22446	56.8745
1736	0.0230871	2.20965	1.22344	56.8875
1737	0.0232569	2.20957	1.22422	56.9005
1738	0.0230144	2.20948	1.22341	56.9135
1739	0.0227506	2.2094	1.22441	56.9265
1740	0.0233203	2.20932	1.22388	56.9395
1741	0.0244727	2.20927	1.2265	56.9525
1742	0.0247527	2.20923	1.22714	56.9656
1743	0.0248898	2.20919	1.22606	56.9786
1744	0.0233641	2.20912	1.22779	56.9917
1745	0.0233112	2.20905	1.22986	57.0048
1746	0.0242028	2.20899	1.23237	57.0179
1747	0.0247798	2.20895	1.23433	57.0312
1748	0.0251986	2.20892	1.23546	57.0444
1749	0.0246319	2.20888	1.23619	57.0576
1750	0.0243852	2.20883	1.23684	57.0709
1751	0.0245646	2.20879	1.23783	57.0842
1752	0.0248084	2.20875	1.23747	57.0975
1753	0.0242925	2.2087	1.23705	57.1107
1754	0.0242341	2.20865	1.23517	57.1239
1755	0.0236975	2.20859	1.23496	57.1371
1756	0.0244941	2.20855	1.23439	57.1503
1757	0.0258546	2.20853	1.23606	57.1636
1758	0.0268488	2.20855	1.23549	57.1768
1759	0.0268109	2.20856	1.2357	57.19
1760	0.0263893	2.20856	1.23646	57.2032
1761	0.0256817	2.20855	1.23727	57.2164
1762	0.0254938	2.20853	1.23588	57.2296
1763	0.0250215	2.2085	1.23613	57.2429
1764	0.023183	2.20842	1.23799	57.2561
1765	0.022187	2.20833	1.23623	57.2693
1766	0.02211	2.20823	1.23764	57.2825
1767	0.0224899	2.20814	1.23773	57.2958
1768	0.0230823	2.20806	1.23663	57.309
1769	0.0226575	2.20798	1.23864	57.3222
1770	0.0223268	2.20788	1.23998	57.3355
1771	0.0222705	2.20779	1.24042	57.3488
1772	0.0217455	2.20768	1.2418	57.3621
1773	0.0220813	2.20759	1.24198	57.3754
1774	0.021415	2.20747	1.24316	57.3888
1775	0.0212096	2.20736	1.24439	57.4022
1776	0.0215773	2.20725	1.24365	57.4155
1777	0.0212408	2.20713	1.24102	57.4288
1778	0.0216693	2.20702	1.24276	57.4421
1779	0.0221473	2.20693	1.24437	57.4555
1780	0.022449	2.20684	1.24537	57.4688
1781	0.0229779	2.20677	1.24647	57.4822
1782	0.023503	2.2067	1.24735	57.4957
1783	0.0240158	2.20665	1.24729	57.5091
1784	0.0240167	2.2066	1.24824	57.5225
1785	0.0236507	2.20655	1.24828	57.5359
1786	0.0233891	2.20648	1.25015	57.5494
1787	0.0232101	2.20641	1.25103	57.5629
1788	0.0225373	2.20633	1.25241	57.5764
1789	0.0234973	2.20627	1.25165	57.5899
1790	0.0240666	2.20622	1.2459	57.6033
1791	0.0237754	2.20617	1.24303	57.6166
1792	0.0231596	2.2061	1.24044	57.6298
1793	0.0231671	2.20603	1.23977	57.643
1794	0.0223606	2.20595	1.24116	57.6563
1795	0.0218986	2.20585	1.2415	57.6695
1796	0.0214634	2.20574	1.2435	57.6828
1797	0.0206005	2.20561	1.24616	57.6961
1798	0.0213811	2.20551	1.24733	57.7095
1799	0.0220741	2.20541	1.24823	57.7229
1800	0.0222846	2.20533	1.24981	57.7363
1801	0.0231601	2.20526	1.25115	57.7498
1802	0.0241206	2.20522	1.25106	57.7632
1803	0.0229504	2.20515	1.25061	57.7766
1804	0.0214323	2.20504	1.25025	57.7901
1805	0.0211244	2.20493	1.2477	57.8034
1806	0.0209051	2.20481	1.24682	57.8168
1807	0.0209811	2.20469	1.24574	57.8301
1808	0.0209453	2.20458	1.24382	57.8433
1809	0.0210078	2.20446	1.24236	57.8565
1810	0.0210481	2.20435	1.24288	57.8698
1811	0.0220311	2.20426	1.24355	57.883
1812	0.0222132	2.20417	1.24247	57.8962
1813	0.0217645	2.20407	1.24426	57.9095
1814	0.021707	2.20398	1.24459	57.9227
1815	0.0211923	2.20387	1.246	57.936
1816	0.0210857	2.20375	1.24549	57.9493
1817	0.0208535	2.20364	1.2438	57.9625
1818	0.0201658	2.2035	1.24219	57.9757
1819	0.0201478	2.20337	1.23905	57.9888
1820	0.0187106	2.20321	1.2422	58.002
1821	0.0186264	2.20304	1.24141	58.0152
1822	0.020262	2.20291	1.24412	58.0284
1823	0.0208473	2.20279	1.24427	58.0417
1824	0.0212926	2.20269	1.24521	58.0549
1825	0.0210173	2.20258	1.24611	58.0682
1826	0.0200351	2.20244	1.24696	58.0814
1827	0.0203968	2.20232	1.24578	58.0947
1828	0.0199127	2.20218	1.2456	58.1079
1829	0.0191615	2.20203	1.24624	58.1212
1830	0.0196675	2.20189	1.24684	58.1345
1831	0.0194908	2.20174	1.24565	58.1477
1832	0.0187068	2.20158	1.24416	58.1609
1833	0.0185487	2.20141	1.24544	58.1741
1834	0.0183744	2.20124	1.24496	58.1873
1835	0.0183756	2.20107	1.24513	58.2005
1836	0.0180819	2.20089	1.24404	58.2137
1837	0.0188139	2.20073	1.24548	58.2269
1838	0.0196984	2.20059	1.24685	58.2402
1839	0.0202054	2.20047	1.24693	58.2534
1840	0.0205215	2.20035	1.24741	58.2667
1841	0.0207231	2.20023	1.24872	58.2799
1842	0.0202201	2.20011	1.25035	58.2932
1843	0.0205046	2.19999	1.24958	58.3065
1844	0.0198326	2.19985	1.2501	58.3198
1845	0.0193067	2.19971	1.25145	58.3332
1846	0.0203352	2.19958	1.2519	58.3465
1847	0.0203235	2.19946	1.25101	58.3598
1848	0.0193847	2.19932	1.25309	58.3732
1849	0.0191044	2.19917	1.25216	58.3865
1850	0.0182189	2.199	1.25328	58.3999
1851	0.0171527	2.1988	1.25505	58.4133
1852	0.0163623	2.19859	1.25657	58.4267
1853	0.0162912	2.19837	1.25465	58.4401
1854	0.0164227	2.19816	1.25519	58.4535
1855	0.0164328	2.19795	1.25635	58.4669
1856	0.0159347	2.19773	1.25696	58.4803
1857	0.0146186	2.19748	1.25924	58.4938
1858	0.0140865	2.19722	1.26023	58.5073
1859	0.0130611	2.19693	1.25999	58.5208
1860	0.012364	2.19662	1.26062	58.5343
1861	0.0117353	2.19631	1.26101	58.5478
1862	0.0109061	2.19597	1.26084	58.5613
1863	0.0105175	2.19562	1.26076	58.5747
1864	0.00934019	2.19525	1.26204	58.5883
1865	0.00821426	2.19485	1.25937	58.6017
1866	0.00716505	2.19443	1.25733	58.6151
1867	0.00713008	2.19401	1.25831	58.6285
1868	0.00792569	2.19361	1.25756	58.6419
1869	0.00826393	2.19321	1.25763	58.6554
1870	0.00875107	2.19283	1.25822	58.6688
1871	0.00915395	2.19245	1.25916	58.6822
1872	0.00888601	2.19207	1.26014	58.6956
1873	0.0085599	2.19169	1.26112	58.7091
1874	0.00882539	2.19131	1.26235	58.7226
1875	0.00807366	2.19091	1.26422	58.7361
1876	0.0081076	2.19051	1.26474	58.7497
1877	0.00818246	2.19012	1.26252	58.7632
1878	0.00752758	2.18971	1.26087	58.7766
1879	0.00783571	2.18931	1.25968	58.79
1880	0.00846915	2.18892	1.25917	58.8035
1881	0.00880155	2.18854	1.25927	58.8169
1882	0.00874053	2.18816	1.25884	58.8302
1883	0.00834801	2.18778	1.25953	58.8436
1884	0.00777611	2.18737	1.25874	58.857
1885	0.00805674	2.18698	1.25865	58.8704
1886	0.00835488	2.18659	1.25932	58.8838
1887	0.00854112	2.18621	1.25767	58.8971
1888	0.00935471	2.18585	1.25667	58.9105
1889	0.00983707	2.1855	1.25582	58.9238
1890	0.00941317	2.18513	1.25571	58.9371
1891	0.00948528	2.18478	1.25526	58.9503
1892	0.00955845	2.18442	1.25491	58.9636
1893	0.00942883	2.18406	1.25591	58.9769
1894	0.00889094	2.18369	1.25575	58.9902
1895	0.0102901	2.18335	1.25775	59.0035
1896	0.0121354	2.18305	1.26137	59.0169
1897	0.0130183	2.18277	1.26105	59.0303
1898	0.0136022	2.18251	1.2613	59.0437
1899	0.0127354	2.18223	1.26181	59.0571
1900	0.0126606	2.18195	1.26281	59.0706
1901	0.0122531	2.18165	1.26279	59.084
1902	0.0105612	2.18132	1.26387	59.0974
1903	0.0102105	2.18098	1.26299	59.1109
1904	0.0103063	2.18065	1.26412	59.1243
1905	0.0112224	2.18033	1.26437	59.1378
1906	0.0112644	2.18002	1.26488	59.1512
1907	0.0114376	2.17971	1.26499	59.1647
1908	0.0117744	2.17941	1.26672	59.1782
1909	0.0106748	2.17908	1.26826	59.1917
1910	0.0107549	2.17876	1.26865	59.2052
1911	0.0118444	2.17846	1.26771	59.2187
1912	0.0126951	2.17818	1.26609	59.2322
1913	0.0125355	2.1779	1.26447	59.2456
1914	0.0125954	2.17762	1.26371	59.259
1915	0.0132977	2.17735	1.26107	59.2724
1916	0.0136069	2.1771	1.26059	59.2857
1917	0.0140431	2.17685	1.26054	59.299
1918	0.0149548	2.17662	1.26152	59.3124
1919	0.0150266	2.1764	1.26138	59.3257
1920	0.0155525	2.17619	1.26225	59.3391
1921	0.0155961	2.17598	1.26279	59.3524
1922	0.0156982	2.17577	1.26244	59.3658
1923	0.0162497	2.17558	1.26116	59.3791
1924	0.0159862	2.17538	1.26165	59.3925
1925	0.0162559	2.17518	1.26304	59.4058
1926	0.0160772	2.17498	1.26303	59.4192
1927	0.0159448	2.17478	1.26313	59.4325
1928	0.0168289	2.1746	1.26473	59.4459
1929	0.0175331	2.17444	1.26376	59.4593
1930	0.017922	2.17428	1.26184	59.4726
1931	0.0184969	2.17414	1.26148	59.4859
1932	0.0174333	2.17398	1.26266	59.4992
1933	0.016549	2.17379	1.26352	59.5126
1934	0.0161522	2.1736	1.26406	59.5259
1935	0.0171666	2.17343	1.26547	59.5393
1936	0.016913	2.17325	1.2666	59.5527
1937	0.0161995	2.17306	1.26809	59.5662
1938	0.0160881	2.17286	1.26838	59.5796
1939	0.0162378	2.17267	1.26838	59.5931
1940	0.0177073	2.17251	1.27152	59.6066
1941	0.0190693	2.17239	1.27177	59.6201
1942	0.0201039	2.17228	1.27401	59.6336
1943	0.020768	2.1722	1.2742	59.6472
1944	0.0203624	2.1721	1.2732	59.6607
1945	0.0202194	2.172	1.27272	59.6742
1946	0.0205602	2.17191	1.2711	59.6877
1947	0.0211767	2.17183	1.26977	59.7012
1948	0.0209306	2.17175	1.26759	59.7146
1949	0.0203423	2.17165	1.26725	59.728
1950	0.0204255	2.17156	1.26574	59.7413
1951	0.0194322	2.17144	1.26449	59.7546
1952	0.0195281	2.17133	1.26271	59.7679
1953	0.0193129	2.17121	1.26172	59.7811
1954	0.0196622	2.1711	1.25897	59.7943
1955	0.0192574	2.17098	1.25731	59.8075
1956	0.0197487	2.17087	1.25808	59.8206
1957	0.0203194	2.17077	1.2581	59.8338
1958	0.0201828	2.17068	1.25874	59.8469
1959	0.0202755	2.17058	1.25952	59.8601
1960	0.0203384	2.17049	1.25759	59.8733
1961	0.0200893	2.17039	1.25867	59.8864
1962	0.0203621	2.17029	1.25963	59.8996
1963	0.0199088	2.17019	1.25795	59.9127
1964	0.0197114	2.17008	1.25728	59.9258
1965	0.0200242	2.16998	1.25612	59.9389
1966	0.0201375	2.16989	1.25625	59.952
1967	0.0200471	2.16979	1.25596	59.9651
1968	0.0199666	2.16969	1.25553	59.9782
1969	0.0192899	2.16957	1.25457	59.9912
1970	0.0197099	2.16946	1.25415	60.0042
1971	0.0202955	2.16937	1.25417	60.0173
1972	0.0196962	2.16926	1.25377	60.0303
1973	0.018882	2.16914	1.25238	60.0433
1974	0.0182157	2.169	1.25118	60.0562
1975	0.0166243	2.16883	1.25236	60.0692
1976	0.0166384	2.16865	1.25382	60.0822
1977	0.016444	2.16847	1.25423	60.0952
1978	0.0156275	2.16828	1.2554	60.1082
