#	<x>	stDevX	<E>	stDevE
0	3.08098	0	5.39561	0
1	2.50199	2.79148	1.5532	3.4744
2	1.47592	3.32759	0.893525	3.69691
3	0.988072	3.48444	0.916371	3.79263
4	0.810976	3.54317	1.44564	4.08174
5	0.624077	3.53374	1.76245	4.45976
6	0.586812	3.52335	1.97459	4.87847
7	0.360847	3.44929	2.27849	5.36422
8	0.156412	3.32689	2.2184	5.79459
9	-0.0794185	3.152	2.7045	6.34284
10	-0.167587	2.97228	1.7903	6.5928
11	0.0421531	2.86922	2.20066	6.9466
12	0.144949	2.8049	2.44558	7.34905
13	0.205119	2.76373	2.43106	7.72886
14	0.189196	2.72405	2.56286	8.1252
15	0.189322	2.68926	2.67629	8.53255
16	0.0221467	2.61929	2.97025	8.99289
17	0.0815833	2.56859	2.6589	9.36373
18	0.0906762	2.5242	2.61321	9.7116
19	0.105516	2.4867	2.61391	10.0485
20	0.179134	2.46795	2.62979	10.3787
21	0.180574	2.45156	2.72124	10.7184
22	0.201239	2.4412	2.61198	11.0263
23	0.231864	2.43839	2.52282	11.3085
24	0.250987	2.44039	2.34539	11.5493
25	0.261483	2.4452	2.36479	11.7888
26	0.233857	2.44543	2.18285	11.9892
27	0.286918	2.45626	2.21186	12.1918
28	0.261443	2.46278	2.22851	12.394
29	0.217211	2.46182	2.20302	12.5884
30	0.198921	2.45828	2.11342	12.764
31	0.204389	2.45639	2.10149	12.9351
32	0.245335	2.46212	2.06307	13.0975
33	0.266574	2.4718	2.04035	13.2541
34	0.210265	2.47231	2.03235	13.4076
35	0.166111	2.46603	1.90306	13.5383
36	0.141916	2.45643	2.00099	13.6837
37	0.0800222	2.43758	2.03395	13.833
38	0.0402495	2.41333	2.02231	13.9788
39	0.0776933	2.39588	2.07501	14.1315
40	0.0561488	2.37588	2.05348	14.2792
41	0.0508691	2.35588	2.05885	14.4263
42	-0.000275557	2.32895	1.81489	14.5351
43	0.00737582	2.30405	1.79892	14.641
44	-0.00295773	2.27846	1.74865	14.7389
45	-0.0261066	2.25031	1.79603	14.8433
46	-0.0548205	2.21885	1.79036	14.9464
47	-0.0571246	2.18796	1.82085	15.0533
48	-0.0599459	2.15751	1.7298	15.1467
49	-0.0394637	2.13075	1.70711	15.2366
50	-0.0142763	2.1082	1.6914	15.324
51	0.00764108	2.08928	1.72314	15.4155
52	0.0204925	2.07265	1.69692	15.5031
53	0.0310064	2.05791	1.73886	15.5961
54	0.0179988	2.04187	1.7776	15.6938
55	-0.000697611	2.0238	1.79062	15.7927
56	0.0022652	2.00659	1.79484	15.8917
57	0.00609227	1.99031	1.82848	15.9946
58	0.00278844	1.97403	1.84357	16.0988
59	0.00648988	1.95862	1.82183	16.1996
60	0.00389757	1.94326	1.81628	16.2991
61	-0.0226995	1.92493	1.77316	16.3927
62	-0.0453517	1.90417	1.67464	16.4735
63	-0.0729784	1.88042	1.6146	16.5466
64	-0.0899823	1.85505	1.64433	16.6232
65	-0.087727	1.83045	1.59766	16.6939
66	-0.080077	1.80724	1.51784	16.7548
67	-0.0940315	1.78278	1.44628	16.8071
68	-0.0712919	1.76148	1.42346	16.8567
69	-0.0532735	1.74272	1.36503	16.8997
70	-0.073524	1.72192	1.3362	16.9394
71	-0.0650847	1.70247	1.20206	16.9637
72	-0.0542039	1.68463	1.21335	16.9898
73	-0.0525139	1.6673	1.21222	17.0161
74	-0.0386423	1.65187	1.21449	17.0431
75	-0.0358529	1.63703	1.21415	17.0705
76	-0.0338839	1.62267	1.2284	17.0998
77	-0.0411206	1.60774	1.25365	17.1323
78	-0.0463114	1.59249	1.27665	17.1677
79	-0.0507507	1.57699	1.25561	17.2009
80	-0.0636557	1.56032	1.2362	17.2322
81	-0.0442439	1.54604	1.27022	17.2676
82	-0.0146169	1.53522	1.33259	17.3099
83	-0.00157004	1.52599	1.33072	17.3521
84	-0.0100296	1.51601	1.3608	17.3977
85	0.00797475	1.50813	1.39471	17.447
86	0.0152614	1.50117	1.32477	17.4888
87	0.0229233	1.49514	1.27497	17.5254
88	0.0206283	1.48899	1.24763	17.5593
89	0.0289721	1.48383	1.24963	17.5936
90	0.0159339	1.4774	1.24561	17.6276
91	0.0322753	1.47279	1.2878	17.6661
92	0.0154545	1.46653	1.31119	17.7072
93	-0.000962644	1.45869	1.35754	17.753
94	0.00565291	1.45165	1.3543	17.7985
95	-0.00480447	1.44366	1.33076	17.8417
96	0.00400177	1.43669	1.336	17.8854
97	0.0111354	1.43053	1.35339	17.9309
98	0.0192542	1.42529	1.34445	17.9754
99	0.00328109	1.41854	1.36652	18.0222
100	0.00142596	1.41171	1.3568	18.068
101	-0.00465155	1.40439	1.34201	18.1123
102	-0.0445826	1.39325	1.42201	18.1645
103	-0.0401516	1.38268	1.41931	18.2163
104	-0.0469605	1.37158	1.41117	18.2673
105	-0.0559495	1.35975	1.43312	18.3202
106	-0.0743955	1.34629	1.46175	18.3759
107	-0.0909989	1.33138	1.49164	18.4343
108	-0.1059	1.31522	1.50085	18.4934
109	-0.0964731	1.30013	1.51361	18.5536
110	-0.0972637	1.28512	1.51971	18.6142
111	-0.0991596	1.27009	1.49158	18.672
112	-0.0968028	1.25545	1.4909	18.7295
113	-0.0839473	1.24215	1.51037	18.7888
114	-0.0626684	1.23097	1.54815	18.8514
115	-0.0613601	1.22002	1.56561	18.9154
116	-0.0528184	1.20998	1.58331	18.9808
117	-0.0489007	1.2004	1.59903	19.0475
118	-0.0533866	1.19052	1.59836	19.1139
119	-0.0574784	1.18036	1.59649	19.1799
120	-0.051444	1.17086	1.56923	19.2432
121	-0.0420506	1.1623	1.55601	19.3051
122	-0.036718	1.15431	1.54479	19.3658
123	-0.0493909	1.14526	1.53711	19.4257
124	-0.0494543	1.13631	1.52343	19.4842
125	-0.0543601	1.127	1.53148	19.5432
126	-0.0562094	1.11762	1.54027	19.6029
127	-0.0625584	1.10777	1.54549	19.6628
128	-0.0693736	1.09742	1.53178	19.7214
129	-0.0670387	1.08737	1.52818	19.7795
130	-0.0581367	1.07818	1.52951	19.8376
131	-0.0612946	1.06881	1.53072	19.8956
132	-0.0477285	1.06069	1.53936	19.9542
133	-0.0425807	1.05309	1.52135	20.0111
134	-0.0516628	1.04478	1.52284	20.068
135	-0.0448136	1.03713	1.51565	20.1241
136	-0.030991	1.03073	1.48158	20.1772
137	-0.0212045	1.02522	1.48591	20.2305
138	-0.00705688	1.02095	1.49638	20.2846
139	-0.00378919	1.01701	1.50993	20.3397
140	-0.00115169	1.01332	1.5265	20.3961
141	-0.0116349	1.0088	1.54731	20.454
142	-0.012117	1.00428	1.5586	20.5128
143	-0.0168102	0.999419	1.52089	20.5682
144	-0.018524	0.994458	1.51617	20.6231
145	-0.016282	0.989727	1.52635	20.6788
146	-0.00753882	0.985759	1.52039	20.7338
147	-0.00576917	0.981973	1.50352	20.7873
148	0.00423745	0.97904	1.50438	20.8407
149	0.00612932	0.976292	1.51755	20.8951
150	0.00866078	0.973778	1.52207	20.9497
151	0.0122938	0.971585	1.52333	21.0043
152	0.0131193	0.969483	1.53646	21.0598
153	0.0129949	0.967394	1.51801	21.1137
154	0.0205087	0.965931	1.51413	21.1671
155	0.0261253	0.964935	1.49044	21.2185
156	0.0255938	0.963913	1.48693	21.2696
157	0.0247209	0.962838	1.45852	21.3183
158	0.0109403	0.960689	1.42182	21.3639
159	0.00369656	0.957993	1.40221	21.408
160	-0.0014852	0.954915	1.38832	21.4509
161	0.00917092	0.9527	1.40129	21.4948
162	0.010677	0.950625	1.40726	21.539
163	0.0243605	0.949636	1.39783	21.5825
164	0.0133388	0.947807	1.39579	21.6257
165	0.0214891	0.946628	1.38499	21.668
166	0.0159152	0.945035	1.3671	21.7089
167	0.00763234	0.942822	1.34769	21.7483
168	0.00844076	0.940692	1.34675	21.7875
169	0.0116105	0.938826	1.34762	21.8268
170	0.00328423	0.936343	1.34814	21.866
171	0.00405749	0.933942	1.35281	21.9056
172	0.00710392	0.931793	1.36001	21.9457
173	0.0296004	0.931364	1.41198	21.9896
174	0.0284768	0.930861	1.41404	22.0336
175	0.0282879	0.930354	1.42572	22.0785
176	0.0288266	0.929898	1.4344	22.1239
177	0.0300525	0.929543	1.44563	22.1701
178	0.032513	0.929381	1.44297	22.2159
179	0.0420019	0.929932	1.44509	22.2619
180	0.0326319	0.929793	1.43343	22.3069
181	0.0237858	0.929008	1.41153	22.3502
182	0.0208526	0.928017	1.38972	22.3919
183	0.0235796	0.927239	1.374	22.4323
184	0.0228851	0.926422	1.39183	22.474
185	0.0258979	0.925835	1.37671	22.5145
186	0.023261	0.925066	1.37228	22.5546
187	0.0266847	0.924557	1.36977	22.5945
188	0.0214671	0.923678	1.38463	22.6354
189	0.0142107	0.922285	1.40599	22.6778
190	0.0165934	0.921078	1.41499	22.7208
191	0.0215216	0.920238	1.43079	22.7648
192	0.0346561	0.920351	1.45479	22.8105
193	0.0324138	0.92031	1.44963	22.8558
194	0.0289478	0.920027	1.45829	22.9016
195	0.0173679	0.918926	1.49387	22.9498
196	0.0154526	0.917701	1.50124	22.9985
197	0.00336556	0.915631	1.51106	23.0477
198	-0.00422252	0.913041	1.50437	23.0964
199	-0.0100615	0.910057	1.51404	23.1457
200	-0.0108666	0.907037	1.51011	23.1946
201	-0.0105208	0.904062	1.50446	23.243
202	-0.0202457	0.900426	1.5156	23.292
203	-0.0152638	0.897161	1.53057	23.3421
204	-0.00608834	0.894557	1.55071	23.3934
205	-0.00607707	0.891971	1.56559	23.4456
206	-0.00315141	0.889606	1.55177	23.4968
207	0.000711138	0.887525	1.52673	23.5461
208	0.00619	0.885836	1.50881	23.5941
209	0.00726169	0.884235	1.5142	23.6424
210	0.00725742	0.882645	1.51242	23.6904
211	0.00780528	0.881106	1.49962	23.7375
212	0.0076054	0.879565	1.48877	23.7838
213	0.0039763	0.877788	1.47502	23.829
214	-0.00307984	0.875544	1.47312	23.874
215	-0.0125066	0.872676	1.48052	23.9194
216	-0.0230041	0.869114	1.47086	23.9641
217	-0.024055	0.865502	1.45217	24.0075
218	-0.0257777	0.861795	1.44252	24.0501
219	-0.0241725	0.858217	1.44308	24.0927
220	-0.0236352	0.854696	1.43233	24.1345
221	-0.0274749	0.850937	1.43661	24.1765
222	-0.0220003	0.847566	1.44412	24.219
223	-0.0242758	0.844062	1.45262	24.262
224	-0.028697	0.840284	1.44831	24.3046
225	-0.0330479	0.836238	1.465	24.3482
226	-0.0357528	0.832034	1.47844	24.3927
227	-0.0383377	0.827682	1.49849	24.4384
228	-0.0425442	0.823076	1.51208	24.4849
229	-0.0495422	0.818033	1.52661	24.5323
230	-0.0529947	0.812789	1.53161	24.5799
231	-0.0505246	0.807733	1.54176	24.6281
232	-0.0499378	0.80274	1.54977	24.6768
233	-0.0481804	0.797888	1.55245	24.7255
234	-0.0390687	0.793652	1.5696	24.7752
235	-0.0415767	0.789276	1.58436	24.8258
236	-0.032592	0.785503	1.60074	24.8773
237	-0.0369415	0.781469	1.61298	24.9296
238	-0.0372261	0.777436	1.61281	24.9817
239	-0.0383687	0.77335	1.62053	25.0342
240	-0.0322424	0.769678	1.62009	25.0866
241	-0.0281911	0.766284	1.6103	25.1382
242	-0.0216274	0.763328	1.63314	25.1912
243	-0.0174288	0.760655	1.64832	25.245
244	-0.0173435	0.758002	1.64576	25.2986
245	-0.0169577	0.755387	1.64223	25.3518
246	-0.0263496	0.752189	1.66038	25.4061
247	-0.0281421	0.748894	1.66714	25.4607
248	-0.0238092	0.745889	1.65427	25.5143
249	-0.0216918	0.743032	1.64994	25.5676
250	-0.0202344	0.740282	1.64372	25.6204
251	-0.021909	0.73744	1.64473	25.6731
252	-0.0196057	0.734757	1.63401	25.725
253	-0.0178111	0.7322	1.61398	25.7756
254	-0.0182543	0.729627	1.61037	25.8259
255	-0.0169474	0.727149	1.6103	25.876
256	-0.0194855	0.724526	1.61331	25.9263
257	-0.015722	0.722149	1.62089	25.9769
258	-0.0151079	0.719822	1.63265	26.0281
259	-0.0135786	0.717601	1.63997	26.0797
260	-0.00873804	0.71569	1.64417	26.1315
261	0.000433789	0.714355	1.65159	26.1836
262	0.00583848	0.71336	1.66599	26.2365
263	0.00737413	0.712466	1.6754	26.2899
264	0.00506527	0.711436	1.67401	26.3431
265	0.00257621	0.710261	1.66807	26.3958
266	0.00339253	0.709141	1.67988	26.4491
267	0.0072825	0.708266	1.6897	26.5029
268	0.016566	0.707962	1.70914	26.5578
269	0.01902	0.70781	1.71911	26.6132
270	0.0142658	0.707372	1.72094	26.6686
271	0.0170148	0.707105	1.72076	26.7238
272	0.0188265	0.706951	1.7107	26.7784
273	0.0237368	0.707096	1.70502	26.8324
274	0.0192713	0.706974	1.70219	26.8863
275	0.0209146	0.706953	1.70364	26.94
276	0.0248182	0.707169	1.66762	26.9916
277	0.0206623	0.707138	1.68095	27.0438
278	0.0191626	0.707019	1.68963	27.0964
279	0.0144055	0.706619	1.7007	27.1496
280	0.0154729	0.706287	1.70299	27.2029
281	0.0149505	0.705927	1.705	27.2561
282	0.0124142	0.705419	1.71355	27.3098
283	0.0163945	0.705152	1.72133	27.3638
284	0.0150427	0.704807	1.722	27.4177
285	0.010212	0.704181	1.73613	27.4724
286	0.00963527	0.703526	1.74083	27.5272
287	0.0056617	0.70264	1.74178	27.582
288	0.00322807	0.701617	1.7372	27.6364
289	-0.000231453	0.700397	1.7367	27.6907
290	0.00107966	0.69926	1.74547	27.7454
291	0.000744094	0.698109	1.74939	27.8002
292	-0.00187615	0.696812	1.73706	27.8542
293	-0.00282024	0.695466	1.73644	27.9081
294	-0.00452024	0.694027	1.73018	27.9614
295	-0.00954917	0.692304	1.70789	28.0134
296	-0.012953	0.690391	1.68051	28.0637
297	-0.0188577	0.688145	1.68116	28.114
298	-0.0180887	0.685953	1.67868	28.164
299	-0.0165861	0.683856	1.68546	28.2143
300	-0.014922	0.681864	1.68695	28.2647
301	-0.00670216	0.680353	1.69135	28.3151
302	-0.00661669	0.678854	1.69333	28.3657
303	-0.00916883	0.677215	1.68742	28.4157
304	-0.00944997	0.675567	1.68256	28.4655
305	-0.0044816	0.674211	1.68517	28.5152
306	-0.00393598	0.672891	1.68914	28.5652
307	0.00149673	0.671886	1.7006	28.6156
308	0.0119331	0.67148	1.72147	28.6672
309	0.0156278	0.671285	1.72782	28.7191
310	0.0167519	0.671157	1.73742	28.7714
311	0.0175281	0.671075	1.74838	28.8242
312	0.0175088	0.670994	1.75418	28.8773
313	0.00930538	0.670452	1.76723	28.931
314	0.00556085	0.669703	1.77597	28.9851
315	0.00830953	0.669113	1.77063	29.0387
316	0.00546182	0.668366	1.77449	29.0926
317	0.00970703	0.667861	1.77708	29.1464
318	0.0159042	0.667706	1.76461	29.1995
319	0.0174297	0.667638	1.76937	29.2527
320	0.0185183	0.667632	1.77241	29.306
321	0.0163338	0.667507	1.77066	29.3592
322	0.0102249	0.667044	1.76823	29.4121
323	0.00660415	0.666383	1.77432	29.4652
324	0.00677279	0.665736	1.77261	29.5182
325	0.00862356	0.665194	1.76525	29.5706
326	0.0122244	0.664854	1.77635	29.6236
327	0.0113389	0.664468	1.77703	29.6765
328	0.0101895	0.664022	1.78296	29.7296
329	0.0154441	0.663867	1.79212	29.7832
330	0.014671	0.663671	1.79469	29.8368
331	0.0158078	0.66354	1.79786	29.8905
332	0.0195316	0.663615	1.79814	29.9441
333	0.0196496	0.663697	1.77367	29.9963
334	0.0184487	0.663715	1.76256	30.0478
335	0.0158371	0.663593	1.75764	30.0989
336	0.0124601	0.663288	1.7588	30.15
337	0.0125417	0.66299	1.75403	30.2008
338	0.0120205	0.662666	1.73682	30.2505
339	0.0162	0.662571	1.73753	30.3002
340	0.0115494	0.662226	1.73753	30.3499
341	0.0153768	0.662091	1.72414	30.3987
342	0.0154166	0.661959	1.72336	30.4474
343	0.0149737	0.661805	1.72632	30.4962
344	0.0130054	0.661547	1.72972	30.545
345	0.0102718	0.661145	1.72657	30.5937
346	0.00945704	0.660701	1.73051	30.6425
347	0.00376307	0.659955	1.74734	30.6921
348	0.00277139	0.65916	1.7589	30.7422
349	0.00276923	0.658368	1.75281	30.7919
350	0.00138791	0.657506	1.74317	30.8411
351	-0.00350053	0.656388	1.74363	30.8902
352	-0.00410215	0.655242	1.72732	30.9383
353	-0.00450431	0.65408	1.72343	30.9862
354	-0.00509971	0.65289	1.71992	31.0338
355	-0.00531813	0.651694	1.7207	31.0814
356	-0.0014166	0.650708	1.73081	31.1294
357	0.000610155	0.649833	1.74162	31.1779
358	0.00732103	0.649316	1.75516	31.2271
359	0.0150299	0.649207	1.77601	31.2773
360	0.0213428	0.649431	1.7828	31.3278
361	0.0229731	0.649742	1.77982	31.378
362	0.0228358	0.650046	1.77934	31.4281
363	0.0273915	0.650589	1.78184	31.4783
364	0.0341497	0.651484	1.7915	31.5289
365	0.0391574	0.65264	1.79527	31.5797
366	0.0403545	0.653856	1.78415	31.6297
367	0.0384624	0.654972	1.77411	31.6792
368	0.037993	0.656061	1.75937	31.7278
369	0.037106	0.657103	1.74298	31.7755
370	0.0327522	0.657917	1.74568	31.8233
371	0.0389131	0.65905	1.74334	31.8709
372	0.0395734	0.660214	1.72736	31.9176
373	0.0391717	0.661356	1.71801	31.9637
374	0.038609	0.662467	1.69936	32.0088
375	0.0401071	0.663654	1.68971	32.0533
376	0.0392515	0.664794	1.67208	32.0969
377	0.0404173	0.665993	1.65502	32.1396
378	0.0437477	0.66736	1.65798	32.1823
379	0.0442378	0.66875	1.65503	32.2248
380	0.0469823	0.670278	1.65243	32.2672
381	0.0510142	0.672009	1.64351	32.309
382	0.0535268	0.673865	1.62857	32.35
383	0.0511202	0.675595	1.62335	32.3907
384	0.0461581	0.677068	1.61252	32.4308
385	0.0464672	0.678555	1.60991	32.4707
386	0.04463	0.679946	1.61059	32.5106
387	0.042462	0.681224	1.60803	32.5503
388	0.0460291	0.682681	1.61104	32.5901
389	0.046214	0.684145	1.61663	32.6302
390	0.0415547	0.68537	1.62522	32.6706
391	0.0340351	0.686215	1.61453	32.7105
392	0.0358775	0.687151	1.61377	32.7502
393	0.03715	0.68815	1.6152	32.79
394	0.0388519	0.689233	1.61846	32.8299
395	0.0422185	0.690483	1.62379	32.8701
396	0.0389552	0.691568	1.62638	32.9103
397	0.039399	0.692673	1.62885	32.9505
398	0.0380054	0.693707	1.62574	32.9906
399	0.0368749	0.694683	1.62313	33.0305
400	0.0362193	0.695625	1.62671	33.0705
401	0.0372142	0.696615	1.63311	33.1108
402	0.0343339	0.69746	1.635	33.1512
403	0.035238	0.69835	1.64175	33.1918
404	0.0391244	0.699431	1.64798	33.2327
405	0.0404234	0.700575	1.6452	33.2734
406	0.0431224	0.70185	1.65059	33.3143
407	0.0403985	0.70299	1.65559	33.3554
408	0.0422128	0.704216	1.64759	33.3961
409	0.0410279	0.705383	1.64664	33.4366
410	0.0396379	0.706479	1.64095	33.4769
411	0.0352118	0.707356	1.64356	33.5172
412	0.038165	0.708377	1.63413	33.557
413	0.0388348	0.709429	1.63515	33.5968
414	0.037991	0.710439	1.63099	33.6364
415	0.0405662	0.711573	1.62038	33.6754
416	0.044609	0.712903	1.62689	33.7147
417	0.045107	0.714256	1.62526	33.7538
418	0.0455065	0.715625	1.62354	33.7928
419	0.0460369	0.717019	1.61997	33.8316
420	0.0474427	0.718478	1.62112	33.8704
421	0.0436243	0.719749	1.6186	33.909
422	0.0453731	0.721104	1.60415	33.9469
423	0.0441534	0.722396	1.59076	33.9841
424	0.0405289	0.723512	1.59129	34.0213
425	0.0388984	0.724546	1.59672	34.0587
426	0.039182	0.725593	1.60025	34.0963
427	0.0375356	0.72656	1.60347	34.1339
428	0.0362972	0.727465	1.60938	34.1718
429	0.0337641	0.728247	1.61075	34.2098
430	0.0307769	0.728884	1.60985	34.2476
431	0.0323144	0.729595	1.6101	34.2854
432	0.0323491	0.730307	1.61107	34.3232
433	0.0307282	0.73094	1.61421	34.3611
434	0.0291364	0.731497	1.61411	34.399
435	0.0312245	0.732153	1.62194	34.4372
436	0.0339774	0.73294	1.62946	34.4757
437	0.037017	0.733872	1.6247	34.514
438	0.0333191	0.734626	1.62746	34.5523
439	0.0289774	0.735172	1.6371	34.5911
440	0.0284645	0.735694	1.64174	34.63
441	0.0279555	0.736191	1.63934	34.6688
442	0.0294358	0.736759	1.63798	34.7075
443	0.0292068	0.737315	1.63962	34.7462
444	0.029667	0.737893	1.64017	34.7849
445	0.0288721	0.738432	1.63687	34.8234
446	0.0266678	0.738868	1.62234	34.8611
447	0.0217895	0.739073	1.62229	34.8989
448	0.0163895	0.739024	1.61742	34.9363
449	0.0148599	0.738904	1.62261	34.974
450	0.0124677	0.738672	1.62296	35.0116
451	0.0146037	0.738543	1.62017	35.049
452	0.0152849	0.738446	1.61642	35.0863
453	0.0129956	0.738244	1.62183	35.1237
454	0.00932415	0.73787	1.61955	35.161
455	0.00937135	0.737501	1.61972	35.1983
456	0.00764693	0.737053	1.62158	35.2356
457	0.00949085	0.736692	1.61795	35.2728
458	0.00890138	0.736306	1.62103	35.31
459	0.0129295	0.736109	1.62221	35.3472
460	0.0192784	0.736209	1.6348	35.385
461	0.020725	0.736377	1.63267	35.4226
462	0.0209574	0.736556	1.63045	35.4601
463	0.0207578	0.736726	1.63441	35.4978
464	0.0194024	0.736834	1.63557	35.5354
465	0.0177572	0.736866	1.63288	35.5729
466	0.013902	0.736721	1.63658	35.6106
467	0.0093751	0.736368	1.64092	35.6484
468	0.0068777	0.735902	1.63502	35.6858
469	0.00658751	0.735424	1.62956	35.723
470	0.00725851	0.734979	1.63478	35.7604
471	0.00172683	0.734281	1.64659	35.7983
472	0.000483114	0.733528	1.65175	35.8364
473	0.000276141	0.732768	1.64366	35.874
474	-0.0024522	0.731885	1.64228	35.9116
475	-0.00448078	0.730913	1.62947	35.9486
476	-0.00353908	0.729986	1.62707	35.9854
477	-0.00160626	0.72915	1.62723	36.0221
478	-0.00174165	0.728311	1.63174	36.0591
479	-0.000372092	0.727536	1.62862	36.0958
480	0.000346899	0.726797	1.62728	36.1325
481	0.00149437	0.726112	1.63339	36.1694
482	0.00193847	0.72545	1.63553	36.2063
483	0.00155598	0.724772	1.63114	36.2431
484	-0.00189007	0.72394	1.626	36.2795
485	-0.000288073	0.723184	1.62675	36.3159
486	0.000646792	0.722472	1.63289	36.3526
487	0.00438746	0.721931	1.63498	36.3894
488	0.00526056	0.721432	1.63888	36.4263
489	0.00152354	0.720765	1.63554	36.463
490	0.00249104	0.720145	1.63635	36.4997
491	0.00324684	0.71956	1.63375	36.5362
492	0.00336574	0.718983	1.62226	36.5722
493	0.00315206	0.718398	1.62394	36.6082
494	0.00315316	0.717815	1.61508	36.6438
495	0.00172994	0.71717	1.61467	36.6794
496	0.00365103	0.716613	1.61077	36.7147
497	0.00956834	0.716323	1.61655	36.7503
498	0.0123439	0.716159	1.62068	36.786
499	0.0138082	0.716061	1.62876	36.822
500	0.0137869	0.715962	1.63087	36.8581
501	0.0128268	0.715822	1.63533	36.8944
502	0.0126155	0.715674	1.63732	36.9307
503	0.00950862	0.715388	1.63738	36.967
504	0.00857853	0.715062	1.63582	37.0031
505	0.00549601	0.714601	1.63289	37.0391
506	0.00440186	0.714092	1.62187	37.0746
507	0.00626559	0.713668	1.61927	37.11
508	0.00774423	0.713311	1.61878	37.1453
509	0.0121125	0.713149	1.62684	37.1809
510	0.0130812	0.71303	1.62762	37.2165
511	0.0132178	0.712918	1.61272	37.2514
512	0.0154381	0.712905	1.61326	37.2863
513	0.0165386	0.712942	1.60954	37.321
514	0.0186224	0.71307	1.61044	37.3557
515	0.0207382	0.713292	1.61276	37.3905
516	0.0207518	0.713515	1.61667	37.4254
517	0.0177618	0.713607	1.62413	37.4606
518	0.0148536	0.713572	1.62854	37.496
519	0.0125756	0.713438	1.63362	37.5316
520	0.0138186	0.713359	1.63103	37.567
521	0.0144909	0.71331	1.62821	37.6023
522	0.0150162	0.713285	1.62772	37.6375
523	0.0164711	0.713325	1.62965	37.6727
524	0.01618	0.713352	1.63206	37.7081
525	0.0150245	0.713329	1.6285	37.7432
526	0.0137504	0.713252	1.62896	37.7783
527	0.0127724	0.713132	1.62647	37.8133
528	0.0109202	0.712934	1.6256	37.8483
529	0.0104287	0.712715	1.62115	37.883
530	0.00840948	0.712409	1.62119	37.9176
531	0.0100537	0.712176	1.61815	37.9521
532	0.0125718	0.712053	1.61631	37.9865
533	0.0138232	0.711985	1.61496	38.0208
534	0.0127437	0.711871	1.61692	38.0552
535	0.0106921	0.711669	1.61944	38.0896
536	0.00968267	0.711425	1.61351	38.1238
537	0.0103445	0.71121	1.61552	38.158
538	0.00984644	0.710975	1.61421	38.1921
539	0.00920342	0.710713	1.61093	38.226
540	0.00607173	0.710318	1.60512	38.2597
541	0.00590363	0.709917	1.59516	38.2929
542	0.00599955	0.709522	1.58456	38.3256
543	0.00659262	0.709153	1.57606	38.358
544	0.00599962	0.70876	1.56368	38.3897
545	0.00545145	0.708345	1.56488	38.4215
546	0.00704546	0.707999	1.56267	38.4532
547	0.00699447	0.707652	1.56028	38.4848
548	0.00515938	0.707229	1.55991	38.5163
549	0.00459333	0.706782	1.55406	38.5475
550	0.00594543	0.706395	1.55217	38.5787
551	0.00671652	0.706042	1.54841	38.6096
552	0.0064028	0.705676	1.54147	38.6402
553	0.00617581	0.705302	1.54324	38.6709
554	0.00660582	0.704948	1.53887	38.7014
555	0.0040166	0.704485	1.53927	38.7318
556	0.00457436	0.704047	1.54275	38.7624
557	0.0069871	0.703713	1.5438	38.793
558	0.00836078	0.703437	1.53739	38.8234
559	0.00770121	0.703135	1.54279	38.8539
560	0.00776192	0.702837	1.54732	38.8846
561	0.00756189	0.702531	1.5488	38.9153
562	0.00981715	0.702321	1.54508	38.9458
563	0.0126227	0.702231	1.54167	38.9762
564	0.0103152	0.702044	1.53922	39.0065
565	0.0061639	0.701683	1.53418	39.0365
566	0.00288679	0.701186	1.52395	39.066
567	-0.000157044	0.700563	1.5231	39.0956
568	0.000528037	0.699971	1.52546	39.1251
569	0.00241948	0.699459	1.52992	39.1549
570	0.00447892	0.699034	1.52796	39.1845
571	0.00497249	0.698632	1.52219	39.2139
572	0.00253178	0.698129	1.51842	39.2431
573	-0.000406115	0.697504	1.52176	39.2724
574	-0.00417692	0.696725	1.53131	39.3021
575	-0.00280667	0.696004	1.5288	39.3317
576	-0.002633	0.695292	1.5302	39.3613
577	-0.00460616	0.6945	1.53478	39.3911
578	-0.00431538	0.693722	1.52867	39.4206
579	-0.00257431	0.693018	1.52956	39.4501
580	-0.00525664	0.692204	1.53357	39.4798
581	-0.00719836	0.691312	1.53514	39.5095
582	-0.00964614	0.690321	1.53669	39.5392
583	-0.00929341	0.689346	1.53723	39.569
584	-0.0106965	0.688316	1.53928	39.5988
585	-0.0132574	0.687182	1.53394	39.6284
586	-0.0135953	0.686037	1.53524	39.658
587	-0.0130169	0.684918	1.5304	39.6873
588	-0.0126571	0.683816	1.53006	39.7167
589	-0.0133511	0.682688	1.53078	39.746
590	-0.0168938	0.681417	1.5408	39.7758
591	-0.020404	0.680004	1.55097	39.8059
592	-0.0195283	0.67863	1.55398	39.8362
593	-0.019658	0.677254	1.5547	39.8664
594	-0.0160936	0.676026	1.55992	39.8969
595	-0.0162985	0.674793	1.56384	39.9274
596	-0.0154099	0.673598	1.56173	39.9579
597	-0.0170988	0.672337	1.55697	39.9881
598	-0.0157479	0.671134	1.55913	40.0185
599	-0.0149462	0.669966	1.55982	40.0488
600	-0.0142427	0.668828	1.55434	40.0788
601	-0.0144641	0.667685	1.54919	40.1087
602	-0.0140689	0.666559	1.55045	40.1386
603	-0.0134722	0.66546	1.54828	40.1683
604	-0.013241	0.664373	1.5448	40.1979
605	-0.0159229	0.663179	1.5337	40.227
606	-0.0178147	0.661911	1.51889	40.2555
607	-0.0187967	0.660606	1.51224	40.2838
608	-0.0190656	0.659292	1.50881	40.3118
609	-0.0183693	0.658009	1.50663	40.3398
610	-0.0213484	0.656609	1.51008	40.3678
611	-0.0233076	0.655132	1.51629	40.3961
612	-0.0245644	0.653607	1.5211	40.4246
613	-0.0244266	0.65209	1.5179	40.4529
614	-0.0250211	0.650552	1.51748	40.4812
615	-0.0229898	0.649099	1.51324	40.5093
616	-0.0232584	0.647638	1.50827	40.5372
617	-0.0221505	0.646225	1.5099	40.5652
618	-0.0231699	0.644773	1.49805	40.5926
619	-0.0234833	0.643311	1.49974	40.6201
620	-0.0224973	0.641892	1.50001	40.6476
621	-0.0237331	0.640426	1.50645	40.6753
622	-0.0229236	0.638995	1.50619	40.703
623	-0.0183936	0.637747	1.50925	40.7308
624	-0.0187828	0.636487	1.50679	40.7584
625	-0.0202348	0.635171	1.50514	40.786
626	-0.0202564	0.633857	1.5035	40.8135
627	-0.0195531	0.632573	1.49621	40.8407
628	-0.0219504	0.631197	1.49373	40.8678
629	-0.0222204	0.629812	1.48928	40.8947
630	-0.0220233	0.628437	1.48766	40.9215
631	-0.0188956	0.627189	1.4956	40.9486
632	-0.0200177	0.6259	1.49501	40.9757
633	-0.0214762	0.624554	1.4999	41.003
634	-0.0250016	0.623072	1.50142	41.0302
635	-0.026307	0.62154	1.49668	41.0573
636	-0.0288359	0.619911	1.49774	41.0844
637	-0.0319863	0.618161	1.49431	41.1114
638	-0.0301785	0.616485	1.49241	41.1382
639	-0.0294186	0.614842	1.48933	41.165
640	-0.0275225	0.613276	1.48598	41.1915
641	-0.0251453	0.611808	1.48087	41.2179
642	-0.0227459	0.610436	1.48521	41.2444
643	-0.0242383	0.609008	1.4853	41.2709
644	-0.0225783	0.607649	1.4889	41.2975
645	-0.0249371	0.606198	1.4968	41.3245
646	-0.0268418	0.604676	1.50272	41.3516
647	-0.0275508	0.603129	1.50672	41.3789
648	-0.0268672	0.601611	1.50879	41.4062
649	-0.0237306	0.600218	1.51731	41.4339
650	-0.0259478	0.598742	1.51973	41.4616
651	-0.0284006	0.597172	1.52252	41.4894
652	-0.0263225	0.595686	1.52149	41.5172
653	-0.0263038	0.594203	1.52107	41.5449
654	-0.0254832	0.592755	1.52129	41.5726
655	-0.0266827	0.591263	1.52443	41.6004
656	-0.0274805	0.589742	1.52235	41.6282
657	-0.024434	0.588342	1.52044	41.6558
658	-0.0252283	0.586915	1.52203	41.6835
659	-0.0251052	0.585494	1.52173	41.7111
660	-0.0274795	0.583984	1.52182	41.7388
661	-0.0298689	0.582383	1.525	41.7665
662	-0.0282141	0.580849	1.52515	41.7942
663	-0.027075	0.579363	1.52062	41.8217
664	-0.0279584	0.577844	1.51636	41.8491
665	-0.0275963	0.576342	1.51047	41.8762
666	-0.0266944	0.574878	1.50427	41.903
667	-0.024447	0.573503	1.50576	41.9299
668	-0.0239648	0.572149	1.4971	41.9565
669	-0.0265298	0.570698	1.50014	41.9831
670	-0.0311798	0.569071	1.50553	42.0099
671	-0.0327806	0.567384	1.5077	42.0368
672	-0.0340731	0.565651	1.50718	42.0637
673	-0.0348112	0.563892	1.49911	42.0902
674	-0.0357058	0.562101	1.49417	42.1165
675	-0.0362637	0.560292	1.49476	42.1429
676	-0.0336946	0.558585	1.49601	42.1692
677	-0.0351629	0.556824	1.49154	42.1954
678	-0.0363467	0.55502	1.49071	42.2215
679	-0.0367923	0.553203	1.48913	42.2476
680	-0.0356619	0.551431	1.49106	42.2737
681	-0.0338228	0.549733	1.48886	42.2997
682	-0.0345909	0.548009	1.47467	42.3252
683	-0.0342745	0.546299	1.47723	42.3507
684	-0.0354466	0.544547	1.47917	42.3763
685	-0.0348399	0.542822	1.48157	42.402
686	-0.0349973	0.541093	1.47267	42.4273
687	-0.0324374	0.539464	1.47418	42.4527
688	-0.030701	0.537904	1.47104	42.4779
689	-0.0310057	0.536336	1.47362	42.5032
690	-0.0324273	0.534715	1.47744	42.5286
691	-0.0338752	0.533042	1.4741	42.5539
692	-0.0335196	0.531386	1.47881	42.5794
693	-0.0306513	0.529841	1.48543	42.6051
694	-0.0285081	0.528379	1.4879	42.6309
695	-0.0258733	0.52702	1.49129	42.6568
696	-0.024662	0.525709	1.4936	42.6827
697	-0.0268427	0.524318	1.48887	42.7085
698	-0.0270577	0.52292	1.4915	42.7344
699	-0.0248683	0.521608	1.49518	42.7604
700	-0.0230991	0.520364	1.50162	42.7866
701	-0.0235519	0.519106	1.50082	42.8127
702	-0.0233525	0.517857	1.49744	42.8387
703	-0.0216464	0.516674	1.48987	42.8645
704	-0.0223151	0.515469	1.4868	42.8901
705	-0.0220516	0.514275	1.48712	42.9156
706	-0.0185182	0.513215	1.49425	42.9415
707	-0.019642	0.512116	1.49832	42.9675
708	-0.0217512	0.510938	1.49822	42.9934
709	-0.0216488	0.509767	1.50033	43.0194
710	-0.0225477	0.508564	1.50283	43.0455
711	-0.019995	0.507458	1.49919	43.0715
712	-0.0205116	0.506335	1.48575	43.0969
713	-0.023545	0.505101	1.48078	43.1221
714	-0.0273078	0.503727	1.47563	43.1472
715	-0.0271358	0.502362	1.46205	43.1717
716	-0.0287009	0.500941	1.46301	43.1962
717	-0.0285016	0.49953	1.46034	43.2206
718	-0.0275454	0.498156	1.45777	43.2449
719	-0.0257352	0.496852	1.45371	43.269
720	-0.0267476	0.495513	1.45261	43.2931
721	-0.0279773	0.494129	1.44887	43.3171
722	-0.0265016	0.492803	1.44461	43.3408
723	-0.0263695	0.491484	1.44269	43.3645
724	-0.0239918	0.490255	1.4429	43.3882
725	-0.0261375	0.488948	1.44244	43.4118
726	-0.0284676	0.487557	1.441	43.4354
727	-0.0295709	0.486127	1.4398	43.4589
728	-0.0295946	0.484699	1.4366	43.4823
729	-0.0305504	0.483237	1.43989	43.5058
730	-0.0351811	0.481607	1.44267	43.5294
731	-0.03905	0.479836	1.44758	43.5532
732	-0.0402302	0.478024	1.45048	43.5771
733	-0.0423591	0.476136	1.45419	43.601
734	-0.0437787	0.474199	1.44943	43.6248
735	-0.041935	0.472332	1.44801	43.6486
736	-0.0419794	0.470467	1.44541	43.6722
737	-0.0412299	0.468632	1.4465	43.6958
738	-0.0411387	0.466803	1.44805	43.7195
739	-0.0419885	0.464945	1.44837	43.7432
740	-0.0429072	0.463057	1.44171	43.7667
741	-0.0430316	0.461166	1.44713	43.7903
742	-0.0425012	0.459298	1.44516	43.8138
743	-0.0412614	0.457478	1.4481	43.8375
744	-0.0432523	0.455588	1.45252	43.8613
745	-0.0423987	0.453731	1.45535	43.8852
746	-0.0436661	0.451832	1.45506	43.909
747	-0.0427904	0.449966	1.45459	43.9328
748	-0.0412242	0.448161	1.44912	43.9565
749	-0.0408503	0.446372	1.44781	43.98
750	-0.0408695	0.444585	1.44262	44.0034
751	-0.0413269	0.442783	1.44275	44.0267
752	-0.0405873	0.441011	1.44691	44.0502
753	-0.0404461	0.439247	1.44537	44.0736
754	-0.0409244	0.437468	1.44071	44.0969
755	-0.0418743	0.435657	1.43837	44.12
756	-0.0425594	0.433824	1.43649	44.1431
757	-0.0422461	0.432005	1.43356	44.166
758	-0.0424952	0.430179	1.42922	44.1888
759	-0.0405616	0.428426	1.42597	44.2114
760	-0.0391301	0.426727	1.42632	44.2341
761	-0.0382669	0.425062	1.42425	44.2567
762	-0.0378375	0.423415	1.42582	44.2793
763	-0.0395007	0.42171	1.42724	44.3019
764	-0.0395455	0.420006	1.42533	44.3245
765	-0.038609	0.418338	1.42597	44.3471
766	-0.0391843	0.416651	1.42394	44.3696
767	-0.03972	0.414948	1.41894	44.3919
768	-0.0417409	0.413174	1.41697	44.4141
769	-0.0418577	0.411399	1.41771	44.4364
770	-0.0412572	0.409647	1.41735	44.4586
771	-0.0414941	0.40789	1.4179	44.4808
772	-0.0409224	0.406155	1.41645	44.503
773	-0.0407602	0.404429	1.42019	44.5253
774	-0.0403609	0.402719	1.41673	44.5474
775	-0.0379741	0.401098	1.41477	44.5695
776	-0.0362465	0.399541	1.41173	44.5915
777	-0.0347056	0.398041	1.40772	44.6133
778	-0.0344923	0.39655	1.40166	44.6349
779	-0.0323978	0.395137	1.39568	44.6562
780	-0.0301635	0.393806	1.38891	44.6773
781	-0.0297478	0.392491	1.38218	44.6982
782	-0.030731	0.391143	1.38147	44.719
783	-0.0318171	0.389758	1.38281	44.7399
784	-0.0303336	0.388428	1.38404	44.7608
785	-0.0305437	0.387093	1.38784	44.7818
786	-0.0313469	0.38573	1.38773	44.8028
787	-0.0297516	0.384427	1.38913	44.8239
788	-0.0315457	0.383061	1.38914	44.8449
789	-0.0333338	0.381633	1.38632	44.8658
790	-0.0347904	0.380156	1.384	44.8867
791	-0.0344252	0.378694	1.37606	44.9072
792	-0.0357239	0.377188	1.36782	44.9275
793	-0.0362275	0.375665	1.3638	44.9476
794	-0.0351223	0.374185	1.35958	44.9675
795	-0.0371157	0.372635	1.3553	44.9873
796	-0.0393354	0.371009	1.35829	45.0072
797	-0.0396245	0.369375	1.36079	45.0272
798	-0.038645	0.367778	1.35652	45.047
799	-0.0369451	0.366243	1.35982	45.0669
800	-0.0365475	0.364724	1.35718	45.0867
801	-0.0360338	0.363225	1.35255	45.1064
802	-0.036211	0.361722	1.35201	45.126
803	-0.0368948	0.360197	1.34775	45.1455
804	-0.0382934	0.358624	1.34947	45.165
805	-0.040488	0.356977	1.35245	45.1846
806	-0.0392784	0.355374	1.35403	45.2043
807	-0.038486	0.353801	1.35052	45.2238
808	-0.0366277	0.352296	1.34839	45.2433
809	-0.0359012	0.350818	1.34891	45.2627
810	-0.0365599	0.349319	1.34958	45.2822
811	-0.0359684	0.347843	1.34916	45.3017
812	-0.0338251	0.346443	1.35412	45.3213
813	-0.0324698	0.345093	1.35525	45.3409
814	-0.0329012	0.34373	1.35855	45.3607
815	-0.0329884	0.342366	1.36223	45.3806
816	-0.0318631	0.341042	1.36329	45.4005
817	-0.0302385	0.339777	1.36599	45.4205
818	-0.0320661	0.33845	1.36855	45.4406
819	-0.0330754	0.33709	1.36889	45.4607
820	-0.031661	0.33578	1.3676	45.4807
821	-0.0318738	0.334465	1.36693	45.5008
822	-0.0312782	0.333172	1.36834	45.5208
823	-0.0304852	0.331909	1.36938	45.5409
824	-0.0298811	0.330668	1.37279	45.5611
825	-0.0297065	0.329436	1.37523	45.5813
826	-0.0313378	0.328147	1.37828	45.6017
827	-0.0330663	0.326801	1.38418	45.6223
828	-0.0328722	0.325463	1.38718	45.6429
829	-0.0325296	0.324139	1.38458	45.6635
830	-0.032156	0.322829	1.38394	45.684
831	-0.0301557	0.32159	1.38849	45.7047
832	-0.0296813	0.32037	1.38757	45.7253
833	-0.0301922	0.319133	1.38188	45.7458
834	-0.0300062	0.317904	1.37785	45.7661
835	-0.0306504	0.316655	1.37478	45.7862
836	-0.0303325	0.315418	1.37334	45.8063
837	-0.0288675	0.314234	1.37294	45.8264
838	-0.0272453	0.313106	1.37547	45.8466
839	-0.0259467	0.312025	1.3762	45.8668
840	-0.0273442	0.310898	1.37594	45.887
841	-0.0290452	0.309713	1.3792	45.9072
842	-0.0298099	0.308503	1.38212	45.9276
843	-0.0311184	0.30725	1.3844	45.9481
844	-0.0322915	0.305958	1.3881	45.9686
845	-0.0321333	0.304674	1.38723	45.9891
846	-0.0333661	0.303348	1.38557	46.0096
847	-0.033231	0.302029	1.38242	46.0299
848	-0.0322186	0.300746	1.38083	46.0502
849	-0.0305329	0.299523	1.37499	46.0703
850	-0.0295474	0.298335	1.37045	46.0902
851	-0.0320587	0.297062	1.36719	46.11
852	-0.0326753	0.29577	1.35832	46.1295
853	-0.0340801	0.294431	1.36082	46.149
854	-0.0338328	0.293103	1.35733	46.1684
855	-0.032241	0.291831	1.35548	46.1878
856	-0.0325477	0.290549	1.35179	46.207
857	-0.0320534	0.289286	1.35636	46.2264
858	-0.0318294	0.288033	1.35532	46.2457
859	-0.0305063	0.286826	1.35697	46.2651
860	-0.0322742	0.28556	1.35549	46.2844
861	-0.0337769	0.284245	1.35423	46.3037
862	-0.0324505	0.282976	1.35571	46.323
863	-0.0334446	0.281676	1.35415	46.3423
864	-0.0326823	0.280402	1.35453	46.3616
865	-0.0310788	0.279185	1.35477	46.3808
866	-0.0311594	0.277967	1.35406	46.4001
867	-0.0316172	0.276734	1.35402	46.4193
868	-0.0317931	0.275497	1.35078	46.4384
869	-0.0337847	0.274194	1.35145	46.4575
870	-0.0334268	0.272905	1.35098	46.4766
871	-0.0341953	0.271591	1.34229	46.4954
872	-0.0339102	0.270289	1.34275	46.5142
873	-0.0344772	0.268969	1.34562	46.5331
874	-0.0352056	0.267626	1.34778	46.5521
875	-0.03702	0.266223	1.3432	46.5709
876	-0.038105	0.264785	1.33787	46.5895
877	-0.0394396	0.263304	1.33684	46.6081
878	-0.0396181	0.261819	1.34015	46.6268
879	-0.0400673	0.260321	1.34059	46.6455
880	-0.0415871	0.258773	1.34014	46.6642
881	-0.0415156	0.257229	1.34035	46.6829
882	-0.0440451	0.255602	1.34386	46.7016
883	-0.0451626	0.25394	1.34573	46.7205
884	-0.0444686	0.252302	1.34608	46.7393
885	-0.0433938	0.250703	1.34206	46.758
886	-0.0430759	0.249116	1.34061	46.7767
887	-0.0417231	0.247577	1.33758	46.7952
888	-0.0407137	0.246073	1.33598	46.8137
889	-0.0398368	0.2446	1.33685	46.8322
890	-0.0404547	0.243109	1.34026	46.8508
891	-0.0413302	0.241589	1.33301	46.8692
892	-0.0407889	0.24009	1.32684	46.8874
893	-0.0402157	0.238612	1.32072	46.9053
894	-0.0398193	0.237148	1.32246	46.9233
895	-0.0390477	0.235712	1.31654	46.9411
896	-0.0391173	0.234276	1.31876	46.959
897	-0.038118	0.232874	1.31821	46.9768
898	-0.0383961	0.231465	1.31761	46.9946
899	-0.037948	0.230072	1.31677	47.0124
900	-0.0366229	0.228725	1.31599	47.0302
901	-0.0367585	0.227375	1.31628	47.0479
902	-0.0360938	0.226049	1.31626	47.0657
903	-0.0360852	0.224724	1.3127	47.0833
904	-0.0363195	0.223394	1.31408	47.101
905	-0.034037	0.22214	1.31662	47.1187
906	-0.0307505	0.220997	1.3174	47.1365
907	-0.0300262	0.21988	1.32115	47.1544
908	-0.0306105	0.218744	1.32499	47.1724
909	-0.0308718	0.217601	1.32619	47.1904
910	-0.0299292	0.216491	1.32408	47.2084
911	-0.0304388	0.215365	1.32606	47.2264
912	-0.0309277	0.214224	1.32794	47.2445
913	-0.0319011	0.213053	1.32981	47.2626
914	-0.0329517	0.211847	1.32822	47.2807
915	-0.0323468	0.210664	1.32673	47.2987
916	-0.0330775	0.209457	1.3295	47.3168
917	-0.0344121	0.208208	1.33056	47.335
918	-0.0326661	0.207018	1.33399	47.3532
919	-0.0337985	0.205792	1.33796	47.3716
920	-0.0340952	0.204557	1.34107	47.3901
921	-0.0352014	0.203288	1.34356	47.4086
922	-0.0362096	0.201987	1.34601	47.4272
923	-0.0372989	0.200651	1.34244	47.4457
924	-0.03874	0.19927	1.34259	47.4642
925	-0.039051	0.197879	1.34051	47.4826
926	-0.0397353	0.196468	1.33932	47.501
927	-0.0400483	0.195049	1.3401	47.5194
928	-0.0416751	0.193577	1.34324	47.5379
929	-0.0415402	0.192112	1.34438	47.5564
930	-0.0410916	0.190663	1.34498	47.575
931	-0.0418954	0.189189	1.34502	47.5935
932	-0.0418182	0.187719	1.34083	47.6119
933	-0.0416748	0.186256	1.34143	47.6303
934	-0.0412749	0.184807	1.34336	47.6487
935	-0.0399333	0.183404	1.34625	47.6673
936	-0.0388383	0.182038	1.34575	47.6858
937	-0.0368357	0.180739	1.34673	47.7044
938	-0.0364011	0.179456	1.35031	47.723
939	-0.0354138	0.178206	1.34947	47.7416
940	-0.0351419	0.176966	1.35093	47.7603
941	-0.0344065	0.175752	1.35088	47.779
942	-0.0335296	0.174568	1.34916	47.7976
943	-0.0325417	0.173417	1.34839	47.8161
944	-0.0308254	0.172323	1.35063	47.8348
945	-0.0286474	0.171301	1.34722	47.8533
946	-0.0263828	0.170354	1.34983	47.8719
947	-0.0246394	0.169464	1.34832	47.8904
948	-0.0244523	0.168581	1.34682	47.9089
949	-0.0234698	0.167732	1.34511	47.9273
950	-0.0239411	0.166868	1.34146	47.9456
951	-0.0248715	0.165974	1.33722	47.9638
952	-0.0264157	0.165032	1.33475	47.9819
953	-0.0270276	0.164071	1.32725	47.9997
954	-0.025984	0.163145	1.32946	48.0176
955	-0.025956	0.162221	1.33249	48.0355
956	-0.0263513	0.161285	1.33561	48.0536
957	-0.0258839	0.160365	1.3374	48.0717
958	-0.0266606	0.159421	1.33858	48.0899
959	-0.0258982	0.158502	1.3318	48.1078
960	-0.0240544	0.157644	1.32809	48.1256
961	-0.0234598	0.156806	1.32749	48.1434
962	-0.023979	0.155953	1.31518	48.1608
963	-0.0222006	0.155157	1.31484	48.1782
964	-0.0228243	0.154343	1.31324	48.1955
965	-0.0226823	0.153533	1.31476	48.2128
966	-0.021676	0.152757	1.3174	48.2303
967	-0.021034	0.152003	1.3186	48.2477
968	-0.0205859	0.151263	1.31888	48.2652
969	-0.0197648	0.150551	1.31933	48.2827
970	-0.0204269	0.149819	1.32072	48.3002
971	-0.0215526	0.149051	1.31789	48.3176
972	-0.0201253	0.148329	1.31742	48.335
973	-0.0190225	0.147644	1.31451	48.3523
974	-0.0184611	0.146977	1.31677	48.3697
975	-0.0181485	0.146322	1.31721	48.3871
976	-0.0202792	0.145598	1.31876	48.4045
977	-0.0206968	0.144862	1.32002	48.422
978	-0.0212713	0.144109	1.32019	48.4394
979	-0.0201896	0.143391	1.31983	48.4569
980	-0.0188082	0.142718	1.31991	48.4743
981	-0.0190314	0.142038	1.318	48.4917
982	-0.0187238	0.141369	1.31893	48.5091
983	-0.0190265	0.140691	1.31713	48.5264
984	-0.0195415	0.139997	1.31372	48.5437
985	-0.020942	0.13926	1.31397	48.5609
986	-0.0206287	0.138533	1.31172	48.578
987	-0.0206404	0.137807	1.30968	48.5951
988	-0.0180939	0.137162	1.31002	48.6122
989	-0.0164584	0.13657	1.31202	48.6293
990	-0.0157732	0.136	1.31365	48.6465
991	-0.0175945	0.135373	1.31667	48.6638
992	-0.0195249	0.134686	1.32042	48.6812
993	-0.0208286	0.133958	1.32181	48.6986
994	-0.0223484	0.133183	1.32443	48.7162
995	-0.0244771	0.132341	1.32621	48.7337
996	-0.0251471	0.131478	1.32231	48.7512
997	-0.0254617	0.130607	1.32467	48.7687
998	-0.0254539	0.129737	1.32622	48.7862
999	-0.0252653	0.128873	1.32766	48.8038
1000	-0.0251044	0.128016	1.32503	48.8213
1001	-0.0229686	0.127227	1.32827	48.8389
1002	-0.0231228	0.126434	1.3298	48.8565
1003	-0.0232465	0.125637	1.32507	48.874
1004	-0.0227247	0.124858	1.31267	48.8911
1005	-0.0228002	0.124078	1.31344	48.9082
1006	-0.0224101	0.123311	1.31296	48.9253
1007	-0.0226323	0.122537	1.30487	48.9421
1008	-0.0234175	0.121739	1.29556	48.9587
1009	-0.0245156	0.120908	1.29351	48.9751
1010	-0.0257546	0.120039	1.2909	48.9915
1011	-0.0255613	0.119176	1.28678	49.0078
1012	-0.0251278	0.118329	1.28685	49.024
1013	-0.0260545	0.117452	1.29033	49.0403
1014	-0.0275385	0.116531	1.29063	49.0567
1015	-0.0277629	0.115603	1.29175	49.0731
1016	-0.0271582	0.114695	1.29053	49.0894
1017	-0.0284551	0.113747	1.29019	49.1057
1018	-0.0285024	0.112799	1.28835	49.122
1019	-0.0275744	0.111881	1.287	49.1382
1020	-0.0272172	0.110975	1.2888	49.1545
1021	-0.0282441	0.110037	1.28937	49.1708
1022	-0.0318853	0.108987	1.2971	49.1873
1023	-0.033696	0.107881	1.30213	49.204
1024	-0.0335584	0.106781	1.3004	49.2206
1025	-0.0339019	0.105671	1.29832	49.2371
1026	-0.0320518	0.10462	1.29723	49.2536
1027	-0.0308492	0.103608	1.29531	49.2701
1028	-0.0311044	0.102588	1.29154	49.2864
1029	-0.0308642	0.101577	1.28886	49.3026
1030	-0.0307777	0.10057	1.28881	49.3188
1031	-0.0322647	0.0995173	1.28905	49.3351
1032	-0.0317092	0.0984831	1.29001	49.3513
1033	-0.0310383	0.0974707	1.29121	49.3676
1034	-0.0323626	0.0964182	1.29006	49.3839
1035	-0.0334485	0.095333	1.29056	49.4001
1036	-0.0339639	0.0942329	1.29121	49.4164
1037	-0.0347949	0.0931081	1.29093	49.4327
1038	-0.0349825	0.0919785	1.29097	49.4489
1039	-0.0347936	0.090856	1.29353	49.4653
1040	-0.0332356	0.0897828	1.29588	49.4817
1041	-0.0330801	0.0887154	1.29577	49.4981
1042	-0.0341697	0.0876154	1.29524	49.5144
1043	-0.0339981	0.0865217	1.29695	49.5308
1044	-0.0329909	0.0854603	1.29653	49.5473
1045	-0.0328139	0.0844054	1.29568	49.5636
1046	-0.033902	0.0833179	1.29674	49.58
1047	-0.0359053	0.0821696	1.29902	49.5965
1048	-0.0366338	0.0809999	1.29543	49.6129
1049	-0.038323	0.0797792	1.29912	49.6293
1050	-0.0378957	0.0785729	1.30196	49.6459
1051	-0.0394527	0.0773198	1.29997	49.6624
1052	-0.039398	0.0760696	1.30204	49.6789
1053	-0.0408546	0.0747757	1.3038	49.6955
1054	-0.0394448	0.0735265	1.30441	49.7121
1055	-0.040594	0.0722431	1.30013	49.7286
1056	-0.0415247	0.0709323	1.3011	49.7451
1057	-0.042321	0.0695983	1.29808	49.7614
1058	-0.0410635	0.0683042	1.29678	49.7778
1059	-0.0404594	0.0670299	1.29676	49.7941
1060	-0.0404714	0.0657564	1.29659	49.8105
1061	-0.0412671	0.0644598	1.29511	49.8268
1062	-0.0407878	0.0631791	1.29355	49.843
1063	-0.0414859	0.0618782	1.29315	49.8592
1064	-0.0401852	0.0606183	1.29504	49.8755
1065	-0.0405149	0.0593496	1.29617	49.8918
1066	-0.0403482	0.0580872	1.29468	49.9081
1067	-0.0392895	0.0568583	1.29659	49.9244
1068	-0.0378583	0.0556744	1.29976	49.9408
1069	-0.0391224	0.0544529	1.29894	49.9571
1070	-0.0378283	0.0532722	1.30151	49.9736
1071	-0.0373146	0.0521082	1.30416	49.9901
1072	-0.0372616	0.0509469	1.30473	50.0066
1073	-0.037655	0.0497748	1.30559	50.0232
1074	-0.035875	0.048658	1.3074	50.0398
1075	-0.0359595	0.0475396	1.30568	50.0564
1076	-0.0355669	0.0464343	1.30541	50.0729
1077	-0.0361402	0.0453126	1.30409	50.0894
1078	-0.0372913	0.0441569	1.30542	50.1059
1079	-0.0379854	0.0429811	1.30763	50.1225
1080	-0.0370152	0.0418359	1.31067	50.1392
1081	-0.0374375	0.040679	1.31061	50.1558
1082	-0.0366598	0.0395468	1.30741	50.1724
1083	-0.0361499	0.0384311	1.30694	50.189
1084	-0.036475	0.0373066	1.30715	50.2055
1085	-0.035764	0.0362046	1.30673	50.2221
1086	-0.0354813	0.0351123	1.30685	50.2386
1087	-0.0350857	0.034033	1.31029	50.2552
1088	-0.0340854	0.032985	1.31066	50.2719
1089	-0.0334995	0.0319556	1.31065	50.2885
1090	-0.034474	0.0308978	1.31277	50.3052
1091	-0.0345841	0.0298375	1.3083	50.3218
1092	-0.0347271	0.028774	1.30639	50.3382
1093	-0.0334831	0.027749	1.30641	50.3547
1094	-0.031455	0.0267862	1.3078	50.3713
1095	-0.0307268	0.0258463	1.30641	50.3877
1096	-0.0298488	0.0249337	1.3045	50.4042
1097	-0.0311348	0.0239832	1.30478	50.4206
1098	-0.0325961	0.0229895	1.30529	50.437
1099	-0.0342151	0.0219479	1.30682	50.4535
1100	-0.0364269	0.0208406	1.31275	50.4701
1101	-0.0379368	0.0196889	1.31179	50.4867
1102	-0.0388288	0.0185113	1.31366	50.5034
1103	-0.0379264	0.017362	1.31359	50.5201
1104	-0.0388099	0.0161872	1.31475	50.5368
1105	-0.0407034	0.0149565	1.3164	50.5535
1106	-0.0402909	0.0137393	1.31904	50.5703
1107	-0.041561	0.0124851	1.32176	50.5872
1108	-0.0406451	0.0112595	1.32363	50.6041
1109	-0.0399006	0.0100574	1.32601	50.6211
1110	-0.0403698	0.00884226	1.32779	50.6382
1111	-0.0403955	0.00762745	1.32869	50.6553
1112	-0.042665	0.00634574	1.32978	50.6724
1113	-0.0423986	0.00507315	1.33087	50.6895
1114	-0.0430043	0.00378358	1.33067	50.7066
1115	-0.0435677	0.00247831	1.33048	50.7237
1116	-0.0430783	0.00118884	1.33172	50.7408
1117	-0.0417243	5.90037e-05	1.33336	50.758
1118	-0.0404828	0.00126863	1.33573	50.7753
1119	-0.0406113	0.00248102	1.33382	50.7925
1120	-0.0427408	0.0037559	1.33729	50.8097
1121	-0.0423946	0.00501931	1.33805	50.827
1122	-0.0427544	0.00629233	1.33655	50.8443
1123	-0.0429963	0.00757144	1.33898	50.8616
1124	-0.042076	0.00882198	1.3419	50.879
1125	-0.0423945	0.0100809	1.34276	50.8964
1126	-0.0417035	0.0113181	1.34233	50.9138
1127	-0.0410903	0.012536	1.34182	50.9312
1128	-0.0422323	0.0137868	1.34044	50.9486
1129	-0.0426816	0.0150499	1.34135	50.9659
1130	-0.0417559	0.0162843	1.34063	50.9832
1131	-0.0407959	0.0174891	1.34169	51.0006
1132	-0.0401769	0.0186744	1.34363	51.018
1133	-0.038857	0.0198196	1.34737	51.0355
1134	-0.0381408	0.0209425	1.3474	51.053
1135	-0.0383813	0.0220715	1.34848	51.0706
1136	-0.0375117	0.0231738	1.3502	51.0881
1137	-0.037805	0.0242838	1.34916	51.1057
1138	-0.0377036	0.0253898	1.3502	51.1233
1139	-0.0377482	0.0264962	1.35059	51.1408
1140	-0.0380538	0.0276107	1.35205	51.1584
1141	-0.0379629	0.0287215	1.35235	51.1761
1142	-0.0389203	0.0298596	1.35099	51.1936
1143	-0.0383009	0.0309785	1.35193	51.2112
1144	-0.0385233	0.032103	1.34966	51.2287
1145	-0.0382654	0.0332188	1.35078	51.2463
1146	-0.0347345	0.0342295	1.35881	51.2641
1147	-0.0319954	0.0351585	1.36285	51.282
1148	-0.0307981	0.0360514	1.36354	51.2999
1149	-0.0295874	0.0369078	1.36401	51.3178
1150	-0.0305147	0.0377909	1.36578	51.3357
1151	-0.0311861	0.0386929	1.36328	51.3536
1152	-0.0315817	0.0396058	1.36111	51.3714
1153	-0.0323015	0.0405391	1.36245	51.3893
1154	-0.0317057	0.0414541	1.36168	51.4071
1155	-0.0316063	0.0423654	1.36277	51.425
1156	-0.0333761	0.0433279	1.36351	51.4428
1157	-0.0346306	0.0443264	1.36274	51.4606
1158	-0.0367266	0.0453856	1.3649	51.4785
1159	-0.0358029	0.0464168	1.36558	51.4964
1160	-0.0358907	0.0474497	1.36448	51.5143
1161	-0.0346094	0.0484442	1.36562	51.5322
1162	-0.0352606	0.0494569	1.36558	51.5501
1163	-0.0346146	0.0504498	1.3647	51.5679
1164	-0.0344713	0.0514377	1.36404	51.5858
1165	-0.0338118	0.0524054	1.3657	51.6036
1166	-0.0323708	0.0533301	1.3663	51.6215
1167	-0.034315	0.054311	1.36474	51.6393
1168	-0.0339812	0.0552812	1.36059	51.657
1169	-0.0335415	0.0562378	1.35977	51.6747
1170	-0.0304426	0.057103	1.3624	51.6925
1171	-0.0285156	0.0579112	1.36291	51.7102
1172	-0.0297944	0.0587561	1.3614	51.7279
1173	-0.0309941	0.0596353	1.36266	51.7457
1174	-0.0309803	0.0605134	1.36179	51.7634
1175	-0.0306535	0.0613811	1.36085	51.781
1176	-0.0316519	0.0622773	1.36421	51.7988
1177	-0.0315474	0.0631696	1.36075	51.8165
1178	-0.0306457	0.064035	1.35517	51.834
1179	-0.0292346	0.0648586	1.35575	51.8515
1180	-0.0291712	0.0656796	1.35617	51.869
1181	-0.0294538	0.0665082	1.35645	51.8865
1182	-0.0307939	0.067375	1.35802	51.904
1183	-0.029272	0.0681969	1.35879	51.9216
1184	-0.028567	0.0689977	1.35551	51.9391
1185	-0.0280855	0.0697838	1.35881	51.9566
1186	-0.0267445	0.0705304	1.3594	51.9742
1187	-0.0270514	0.0712852	1.35978	51.9918
1188	-0.0261016	0.0720119	1.3603	52.0093
1189	-0.0271299	0.0727678	1.36212	52.027
1190	-0.0267387	0.0735117	1.36152	52.0446
1191	-0.0258738	0.07423	1.36329	52.0622
1192	-0.0250508	0.0749239	1.36316	52.0799
1193	-0.0244693	0.0756004	1.36327	52.0975
1194	-0.0238711	0.076259	1.36306	52.1151
1195	-0.0243517	0.076931	1.36505	52.1328
1196	-0.0260836	0.0776525	1.36747	52.1506
1197	-0.0276761	0.0784194	1.36998	52.1684
1198	-0.0271223	0.0791696	1.37053	52.1862
1199	-0.0260719	0.079889	1.37241	52.2041
1200	-0.0272311	0.0806412	1.37208	52.2219
1201	-0.0276719	0.0814055	1.36933	52.2397
1202	-0.0282032	0.0821845	1.36831	52.2574
1203	-0.0292071	0.0829918	1.36884	52.2752
1204	-0.030889	0.0838468	1.36695	52.2929
1205	-0.0322954	0.0847417	1.36763	52.3106
1206	-0.0317638	0.0856205	1.36353	52.3281
1207	-0.0327509	0.086527	1.35836	52.3456
1208	-0.0323641	0.0874216	1.35553	52.3629
1209	-0.0334581	0.088347	1.35258	52.3801
1210	-0.0330411	0.0892596	1.34977	52.3973
1211	-0.0316346	0.0901311	1.34597	52.4143
1212	-0.0293594	0.0909366	1.34117	52.4312
1213	-0.0272755	0.0916817	1.34141	52.4481
1214	-0.0274287	0.0924305	1.3382	52.465
1215	-0.0284841	0.093209	1.33987	52.4818
1216	-0.0288861	0.0939985	1.3404	52.4987
1217	-0.0297164	0.094811	1.34182	52.5156
1218	-0.0297332	0.0956234	1.34045	52.5324
1219	-0.0298938	0.0964398	1.34354	52.5493
1220	-0.0308985	0.0972842	1.34456	52.5663
1221	-0.0326321	0.0981775	1.3441	52.5832
1222	-0.0327393	0.0990732	1.33889	52.6
1223	-0.0337701	0.0999976	1.34111	52.6169
1224	-0.0336015	0.100916	1.33898	52.6336
1225	-0.0334242	0.10183	1.33618	52.6503
1226	-0.0337716	0.102752	1.33411	52.667
1227	-0.0337645	0.103673	1.33346	52.6836
1228	-0.0330641	0.104574	1.33519	52.7002
1229	-0.0315523	0.105431	1.33591	52.7169
1230	-0.0313288	0.10628	1.33366	52.7335
1231	-0.0324725	0.107162	1.33352	52.7501
1232	-0.0325614	0.108045	1.33436	52.7667
1233	-0.0322896	0.108921	1.33381	52.7833
1234	-0.0316842	0.109778	1.33599	52.7999
1235	-0.033029	0.110672	1.3404	52.8167
1236	-0.0327028	0.111557	1.34252	52.8335
1237	-0.0328516	0.112445	1.34388	52.8503
1238	-0.0320557	0.11331	1.34518	52.8672
1239	-0.0321109	0.114176	1.34669	52.8842
1240	-0.0314025	0.115021	1.34857	52.9011
1241	-0.0316297	0.115872	1.34777	52.9181
1242	-0.0303237	0.116685	1.34962	52.9351
1243	-0.0296777	0.11748	1.35163	52.9521
1244	-0.0300416	0.118283	1.35225	52.9692
1245	-0.0300734	0.119088	1.34506	52.986
1246	-0.0290924	0.119863	1.34404	53.0028
1247	-0.0281065	0.120611	1.34642	53.0197
1248	-0.0273347	0.121336	1.34776	53.0366
1249	-0.026283	0.12203	1.3477	53.0535
1250	-0.0269602	0.122743	1.34903	53.0704
1251	-0.0278877	0.123482	1.34924	53.0874
1252	-0.0276722	0.124214	1.35156	53.1044
1253	-0.0278019	0.12495	1.35248	53.1214
1254	-0.028069	0.125692	1.35347	53.1384
1255	-0.028891	0.126457	1.35471	53.1555
1256	-0.0297149	0.127244	1.35283	53.1725
1257	-0.029426	0.128023	1.35336	53.1895
1258	-0.0284788	0.128775	1.35593	53.2066
1259	-0.0271055	0.129487	1.35887	53.2238
1260	-0.0269216	0.130193	1.35336	53.2408
1261	-0.0263677	0.130884	1.35168	53.2577
1262	-0.0258114	0.131558	1.34706	53.2746
1263	-0.0254242	0.132221	1.3423	53.2912
1264	-0.0265513	0.132915	1.34007	53.3078
1265	-0.0268234	0.133616	1.34024	53.3245
1266	-0.025907	0.134291	1.34037	53.3411
1267	-0.0250707	0.134942	1.33984	53.3577
1268	-0.0234164	0.135546	1.33756	53.3742
1269	-0.0228938	0.136134	1.3373	53.3907
1270	-0.0229579	0.136725	1.3371	53.4072
1271	-0.0241647	0.137348	1.33699	53.4237
1272	-0.0251438	0.137999	1.339	53.4402
1273	-0.0247863	0.138639	1.33988	53.4568
1274	-0.0239698	0.139255	1.34176	53.4734
1275	-0.0256858	0.13992	1.34528	53.4901
1276	-0.0250477	0.140566	1.34577	53.5068
1277	-0.0236054	0.141171	1.35044	53.5237
1278	-0.021659	0.141721	1.35576	53.5406
1279	-0.0208039	0.142247	1.35715	53.5577
1280	-0.0202329	0.142756	1.35907	53.5747
1281	-0.0201419	0.143263	1.36189	53.5919
1282	-0.018795	0.143732	1.36255	53.609
1283	-0.0186109	0.144195	1.36111	53.6261
1284	-0.0188647	0.144665	1.36422	53.6433
1285	-0.0199366	0.145165	1.36751	53.6606
1286	-0.0198374	0.145661	1.36828	53.6779
1287	-0.0185108	0.14612	1.36894	53.6952
1288	-0.0193189	0.146601	1.37061	53.7125
1289	-0.0196806	0.147092	1.36805	53.7298
1290	-0.0192285	0.14757	1.35899	53.7468
1291	-0.0192781	0.148049	1.355	53.7637
1292	-0.0189422	0.148519	1.35393	53.7806
1293	-0.0188829	0.148986	1.35449	53.7974
1294	-0.0185002	0.149442	1.35656	53.8143
1295	-0.019097	0.149915	1.35694	53.8313
1296	-0.0190169	0.150385	1.3598	53.8483
1297	-0.0188918	0.150851	1.36225	53.8653
1298	-0.0187427	0.151313	1.35812	53.8823
1299	-0.0188051	0.151776	1.35998	53.8993
1300	-0.0198217	0.152267	1.36073	53.9163
1301	-0.0208201	0.152786	1.36381	53.9334
1302	-0.0200446	0.153282	1.36176	53.9504
1303	-0.0196519	0.153768	1.36265	53.9674
1304	-0.0209735	0.154289	1.36021	53.9844
1305	-0.0224913	0.154852	1.35911	54.0014
1306	-0.0230255	0.15543	1.356	54.0182
1307	-0.0232736	0.156013	1.35293	54.035
1308	-0.0235233	0.156604	1.3509	54.0517
1309	-0.0233068	0.157188	1.34602	54.0682
1310	-0.0231047	0.157766	1.34414	54.0847
1311	-0.0237803	0.158362	1.34454	54.1012
1312	-0.0238509	0.15896	1.3435	54.1177
1313	-0.0247302	0.159581	1.34376	54.1342
1314	-0.0235154	0.160169	1.3438	54.1506
1315	-0.023464	0.160754	1.34174	54.1671
1316	-0.0247613	0.161375	1.34543	54.1836
1317	-0.0253949	0.162014	1.34651	54.2001
1318	-0.0257379	0.162661	1.34645	54.2166
1319	-0.025469	0.1633	1.34648	54.2331
1320	-0.0244898	0.163912	1.34813	54.2497
1321	-0.0251703	0.164542	1.34954	54.2663
1322	-0.0233519	0.165121	1.35127	54.2829
1323	-0.0219623	0.165662	1.35171	54.2996
1324	-0.022193	0.166209	1.35038	54.3162
1325	-0.0223243	0.166759	1.35004	54.3328
1326	-0.0226309	0.167318	1.35305	54.3494
1327	-0.0238766	0.16791	1.35454	54.3662
1328	-0.0243534	0.168514	1.35366	54.3828
1329	-0.0236287	0.169099	1.35553	54.3995
1330	-0.0243872	0.169703	1.35839	54.4163
1331	-0.02456	0.170312	1.35689	54.4331
1332	-0.0245686	0.170921	1.35528	54.4498
1333	-0.025024	0.171542	1.35745	54.4666
1334	-0.0264674	0.172202	1.36064	54.4834
1335	-0.0278351	0.172899	1.36196	54.5003
1336	-0.0273413	0.173582	1.36404	54.5172
1337	-0.027471	0.174267	1.36442	54.5341
1338	-0.0277903	0.174962	1.36698	54.5511
1339	-0.0268628	0.17563	1.36877	54.5681
1340	-0.0261532	0.176278	1.37011	54.5852
1341	-0.0271668	0.176954	1.36904	54.6022
1342	-0.0284947	0.177665	1.36683	54.6192
1343	-0.0285477	0.178378	1.36829	54.6362
1344	-0.0289825	0.179102	1.3701	54.6532
1345	-0.0290578	0.179827	1.37303	54.6704
1346	-0.0288936	0.180547	1.37331	54.6875
1347	-0.027829	0.181238	1.36944	54.7045
1348	-0.026937	0.181904	1.36892	54.7215
1349	-0.026295	0.182552	1.37098	54.7385
1350	-0.0265378	0.183206	1.36871	54.7555
1351	-0.0252349	0.183824	1.37189	54.7726
1352	-0.0254064	0.184447	1.37372	54.7897
1353	-0.0255686	0.185073	1.37028	54.8067
1354	-0.025847	0.185707	1.37018	54.8237
1355	-0.0267187	0.186364	1.36897	54.8406
1356	-0.0271852	0.187033	1.36896	54.8576
1357	-0.0273928	0.187707	1.36753	54.8745
1358	-0.0273891	0.188381	1.36668	54.8914
1359	-0.0274994	0.189057	1.36563	54.9082
1360	-0.0284534	0.189759	1.36551	54.9251
1361	-0.0294367	0.190486	1.36478	54.9419
1362	-0.0294977	0.191215	1.36488	54.9587
1363	-0.0283972	0.191914	1.36459	54.9755
1364	-0.0273999	0.192585	1.3671	54.9923
1365	-0.0271565	0.193249	1.36321	55.0091
1366	-0.0260987	0.193884	1.36321	55.0258
1367	-0.0272362	0.194549	1.35895	55.0425
1368	-0.0272167	0.195214	1.35842	55.0591
1369	-0.0260734	0.195847	1.35607	55.0756
1370	-0.0266232	0.196494	1.35297	55.0921
1371	-0.0271579	0.197155	1.34678	55.1084
1372	-0.0273461	0.197821	1.34528	55.1246
1373	-0.0269379	0.198476	1.34223	55.1407
1374	-0.0286129	0.199175	1.34487	55.157
1375	-0.0288098	0.199879	1.34318	55.1731
1376	-0.028777	0.200582	1.34444	55.1893
1377	-0.0285069	0.201277	1.34082	55.2054
1378	-0.0292755	0.201992	1.33938	55.2215
1379	-0.0299611	0.202725	1.33722	55.2374
1380	-0.0293602	0.203441	1.33865	55.2535
1381	-0.0300851	0.204177	1.33905	55.2695
1382	-0.028738	0.204875	1.33887	55.2855
1383	-0.0273916	0.205537	1.34229	55.3016
1384	-0.0272088	0.206194	1.34094	55.3177
1385	-0.026183	0.206823	1.34273	55.3338
1386	-0.0262866	0.207454	1.34215	55.3499
1387	-0.0276313	0.208121	1.34354	55.366
1388	-0.028802	0.208818	1.34613	55.3822
1389	-0.0290326	0.209522	1.34787	55.3984
1390	-0.0279334	0.210195	1.34923	55.4147
1391	-0.0266748	0.210834	1.34983	55.4309
1392	-0.026483	0.211468	1.35108	55.4472
1393	-0.0265708	0.212104	1.35148	55.4636
1394	-0.0271646	0.212755	1.34993	55.4798
1395	-0.027235	0.213407	1.34841	55.496
1396	-0.0261786	0.214031	1.34767	55.5122
1397	-0.0268343	0.214672	1.34613	55.5284
1398	-0.0271478	0.215321	1.33744	55.5443
1399	-0.027008	0.215965	1.33149	55.56
1400	-0.026361	0.216592	1.32858	55.5757
1401	-0.025753	0.217203	1.3237	55.5912
1402	-0.0261128	0.217822	1.31813	55.6066
1403	-0.0273011	0.218473	1.3188	55.622
1404	-0.0283768	0.219152	1.31698	55.6373
1405	-0.0296138	0.219864	1.31481	55.6526
1406	-0.0295323	0.220573	1.30986	55.6677
1407	-0.0291372	0.221271	1.30684	55.6828
1408	-0.0287676	0.221958	1.30181	55.6977
1409	-0.0297256	0.222671	1.29919	55.7126
1410	-0.0314675	0.22343	1.30063	55.7274
1411	-0.0321246	0.224205	1.29734	55.7422
1412	-0.0321062	0.22498	1.29533	55.757
1413	-0.0323298	0.22576	1.29003	55.7716
1414	-0.0326639	0.226548	1.29135	55.7862
1415	-0.0320281	0.227319	1.28879	55.8007
1416	-0.0309653	0.228061	1.29054	55.8153
1417	-0.0319189	0.228828	1.2912	55.8299
1418	-0.0322366	0.229603	1.29222	55.8446
1419	-0.0335428	0.230412	1.29201	55.8592
1420	-0.0329384	0.231204	1.29005	55.8737
1421	-0.0329932	0.231998	1.2918	55.8884
1422	-0.0322535	0.232771	1.29314	55.903
1423	-0.0315938	0.233526	1.29136	55.9176
1424	-0.0311376	0.234269	1.28924	55.9321
1425	-0.0309531	0.235006	1.28842	55.9466
1426	-0.0302864	0.235725	1.29041	55.9612
1427	-0.0305564	0.236451	1.29132	55.9758
1428	-0.0311638	0.237192	1.29147	55.9903
1429	-0.0298294	0.237898	1.29294	56.0049
1430	-0.0293168	0.23859	1.29493	56.0196
1431	-0.0299953	0.239299	1.29581	56.0343
1432	-0.0301064	0.24001	1.29808	56.049
1433	-0.029673	0.24071	1.30027	56.0638
1434	-0.0301763	0.241423	1.30248	56.0787
1435	-0.030551	0.242144	1.30476	56.0936
1436	-0.0297138	0.242844	1.3062	56.1085
1437	-0.0292159	0.24353	1.3064	56.1234
1438	-0.0291207	0.244212	1.30488	56.1383
1439	-0.0280078	0.244865	1.30246	56.1532
1440	-0.027993	0.245518	1.3007	56.1679
1441	-0.0286347	0.246186	1.3038	56.1828
1442	-0.0292074	0.24687	1.30503	56.1977
1443	-0.0285316	0.247535	1.30315	56.2125
1444	-0.0272192	0.248165	1.30548	56.2274
1445	-0.0288967	0.248839	1.30596	56.2423
1446	-0.0287276	0.249508	1.30543	56.2572
1447	-0.0291237	0.250187	1.30376	56.272
1448	-0.0290012	0.250862	1.30475	56.2869
1449	-0.0279927	0.251511	1.30498	56.3017
1450	-0.0284069	0.25217	1.30486	56.3166
1451	-0.0293713	0.252853	1.30488	56.3314
1452	-0.0309705	0.253579	1.30833	56.3464
1453	-0.0318002	0.254325	1.3101	56.3614
1454	-0.0319304	0.255075	1.31157	56.3764
1455	-0.0319949	0.255825	1.3114	56.3914
1456	-0.0333325	0.25661	1.31209	56.4064
1457	-0.0327973	0.257381	1.305	56.4212
1458	-0.0328862	0.258154	1.2997	56.4359
1459	-0.0340843	0.258957	1.30123	56.4507
1460	-0.0343251	0.259766	1.30197	56.4654
1461	-0.0334655	0.260552	1.30401	56.4802
1462	-0.032913	0.261323	1.30015	56.4949
1463	-0.0328067	0.262091	1.30061	56.5096
1464	-0.0318584	0.262834	1.30186	56.5243
1465	-0.0317494	0.263573	1.30422	56.5391
1466	-0.0311293	0.264296	1.30627	56.5539
1467	-0.0300902	0.264991	1.30812	56.5688
1468	-0.0292676	0.265664	1.31024	56.5837
1469	-0.0289504	0.266329	1.30958	56.5986
1470	-0.0288177	0.26699	1.30971	56.6135
1471	-0.03007	0.267682	1.31174	56.6285
1472	-0.0305957	0.268388	1.31182	56.6434
1473	-0.0320559	0.269132	1.31058	56.6584
1474	-0.0330652	0.269902	1.31054	56.6733
1475	-0.032718	0.270662	1.31143	56.6882
1476	-0.0333133	0.271436	1.31323	56.7032
1477	-0.0328304	0.272198	1.31278	56.7182
1478	-0.0334266	0.272975	1.31349	56.7331
1479	-0.0318944	0.273712	1.31522	56.7482
1480	-0.0305542	0.274413	1.31815	56.7632
1481	-0.0290503	0.275075	1.32044	56.7784
1482	-0.0288809	0.275732	1.32233	56.7936
1483	-0.0288647	0.276388	1.32093	56.8087
1484	-0.0283281	0.27703	1.32022	56.8239
1485	-0.0272339	0.277643	1.31986	56.839
1486	-0.0282973	0.278283	1.3225	56.8542
1487	-0.0269953	0.27889	1.32344	56.8694
1488	-0.0260014	0.27947	1.32105	56.8845
1489	-0.0264758	0.280061	1.31985	56.8996
1490	-0.0263641	0.28065	1.31619	56.9146
1491	-0.0263009	0.281237	1.31886	56.9297
1492	-0.0268544	0.281837	1.3192	56.9448
1493	-0.0268026	0.282436	1.31968	56.9598
1494	-0.0275663	0.283055	1.31961	56.9749
1495	-0.0274617	0.28367	1.31959	56.99
1496	-0.0286982	0.284317	1.31688	57.005
1497	-0.0285377	0.284959	1.31672	57.02
1498	-0.0285109	0.2856	1.31877	57.035
1499	-0.0294249	0.286264	1.3195	57.0501
1500	-0.0302952	0.286951	1.32101	57.0652
1501	-0.0303534	0.287638	1.32354	57.0803
1502	-0.0299415	0.288315	1.32636	57.0955
1503	-0.0300466	0.288993	1.32611	57.1107
1504	-0.0301419	0.289674	1.32256	57.1259
1505	-0.0314594	0.290388	1.32498	57.141
1506	-0.0317399	0.291109	1.32288	57.1562
1507	-0.0313179	0.291819	1.32226	57.1713
1508	-0.031972	0.292545	1.32471	57.1864
1509	-0.0324336	0.293283	1.32616	57.2016
1510	-0.0326888	0.294026	1.32573	57.2168
1511	-0.0336986	0.294796	1.32304	57.2319
1512	-0.0342885	0.295579	1.32584	57.247
1513	-0.0354409	0.296392	1.3285	57.2623
1514	-0.0362132	0.297225	1.32873	57.2775
1515	-0.0368534	0.298073	1.32824	57.2927
1516	-0.0379196	0.298948	1.3307	57.308
1517	-0.0386331	0.299841	1.33168	57.3233
1518	-0.0384225	0.300728	1.33203	57.3386
1519	-0.0385482	0.301617	1.33151	57.3539
1520	-0.0386619	0.302509	1.32885	57.3691
1521	-0.0385296	0.303397	1.32788	57.3843
1522	-0.0388215	0.304292	1.32803	57.3995
1523	-0.0393749	0.305201	1.32854	57.4147
1524	-0.0385539	0.306087	1.32802	57.4299
1525	-0.0376919	0.306952	1.32793	57.4451
1526	-0.0364661	0.307784	1.32928	57.4603
1527	-0.0352907	0.308586	1.32467	57.4754
1528	-0.0352148	0.309385	1.32582	57.4905
1529	-0.035137	0.310182	1.32611	57.5056
1530	-0.035763	0.310995	1.3269	57.5207
1531	-0.0345932	0.311777	1.32936	57.5359
1532	-0.0358307	0.31259	1.32901	57.5511
1533	-0.0363825	0.313417	1.32853	57.5662
1534	-0.0360038	0.314234	1.32782	57.5814
1535	-0.0363208	0.315058	1.32891	57.5965
1536	-0.0368124	0.315894	1.33011	57.6117
1537	-0.0367088	0.316727	1.33224	57.627
1538	-0.036969	0.317566	1.33487	57.6423
1539	-0.0369213	0.318404	1.33768	57.6576
1540	-0.0373681	0.319252	1.33971	57.673
1541	-0.0371604	0.320095	1.34164	57.6885
1542	-0.0371469	0.320936	1.34241	57.704
1543	-0.0377486	0.321793	1.3417	57.7194
1544	-0.0361937	0.322609	1.34421	57.735
1545	-0.0364596	0.323432	1.34467	57.7505
1546	-0.0362631	0.324249	1.34423	57.766
1547	-0.0381882	0.325115	1.34866	57.7816
1548	-0.0389504	0.325999	1.34668	57.7972
1549	-0.0383149	0.326867	1.34792	57.8128
1550	-0.0365512	0.327689	1.35245	57.8285
1551	-0.0369113	0.328521	1.35353	57.8442
1552	-0.0369955	0.329353	1.35469	57.8599
1553	-0.0364266	0.330171	1.35405	57.8757
1554	-0.0373726	0.331012	1.35027	57.8913
1555	-0.0381909	0.331874	1.34788	57.9069
1556	-0.0380116	0.332731	1.34813	57.9224
1557	-0.0378446	0.333582	1.34794	57.938
1558	-0.038128	0.334441	1.34443	57.9535
1559	-0.0397572	0.33534	1.34124	57.9688
1560	-0.039441	0.33623	1.33885	57.9842
1561	-0.0387063	0.337102	1.33678	57.9994
1562	-0.0393069	0.337988	1.33575	58.0147
1563	-0.0385791	0.338855	1.33633	58.0299
1564	-0.0380967	0.33971	1.33552	58.0451
1565	-0.0383879	0.340571	1.33388	58.0603
1566	-0.0378384	0.341418	1.33147	58.0754
1567	-0.0375146	0.342256	1.32993	58.0905
1568	-0.0376311	0.343097	1.33076	58.1055
1569	-0.0372074	0.343926	1.33065	58.1206
1570	-0.0368948	0.344748	1.33138	58.1357
1571	-0.0379066	0.345594	1.33094	58.1508
1572	-0.0376325	0.346433	1.32904	58.1658
1573	-0.038652	0.347296	1.32972	58.1808
1574	-0.0381982	0.348148	1.3291	58.1959
1575	-0.0377749	0.348989	1.32818	58.2109
1576	-0.0362361	0.349791	1.32816	58.2258
1577	-0.0345736	0.35055	1.33042	58.2409
1578	-0.0333451	0.351278	1.33305	58.256
1579	-0.033835	0.352018	1.33426	58.2711
1580	-0.0337	0.352754	1.33503	58.2863
1581	-0.033501	0.353485	1.33703	58.3015
1582	-0.0329722	0.354201	1.33445	58.3166
1583	-0.0329389	0.354917	1.33531	58.3317
1584	-0.0316911	0.355601	1.33359	58.3468
1585	-0.031073	0.356269	1.33588	58.362
1586	-0.0317397	0.356953	1.33756	58.3771
1587	-0.0318734	0.35764	1.337	58.3923
1588	-0.0326786	0.358347	1.33719	58.4075
1589	-0.0323254	0.359045	1.33723	58.4227
1590	-0.0313476	0.359718	1.33687	58.4378
1591	-0.0308765	0.360379	1.33517	58.4529
1592	-0.0305108	0.36103	1.33404	58.468
1593	-0.0310206	0.361693	1.33547	58.4831
1594	-0.0307436	0.36235	1.33725	58.4982
1595	-0.0300287	0.362988	1.33965	58.5134
1596	-0.0303341	0.363633	1.34159	58.5287
1597	-0.0303817	0.364279	1.34233	58.544
1598	-0.0299608	0.364914	1.34284	58.5592
1599	-0.0292445	0.365531	1.34516	58.5746
1600	-0.0291507	0.366145	1.34596	58.5899
1601	-0.0305486	0.366794	1.34798	58.6053
1602	-0.0308172	0.367449	1.34765	58.6207
1603	-0.0296292	0.368074	1.34627	58.636
1604	-0.0297356	0.368702	1.34602	58.6513
1605	-0.0302877	0.369342	1.34428	58.6666
1606	-0.0310651	0.370002	1.34548	58.6819
1607	-0.0311152	0.370663	1.34634	58.6973
1608	-0.0315618	0.371334	1.34643	58.7126
1609	-0.0309666	0.371991	1.34287	58.7278
1610	-0.0301658	0.372626	1.33753	58.7429
1611	-0.0288092	0.373228	1.33256	58.7579
1612	-0.0276178	0.3738	1.33047	58.7728
1613	-0.0262506	0.374338	1.33165	58.7877
1614	-0.0254828	0.374856	1.33066	58.8026
1615	-0.0267255	0.375404	1.33265	58.8176
1616	-0.0255729	0.375924	1.33443	58.8326
1617	-0.0247992	0.376424	1.33572	58.8476
1618	-0.0254319	0.37694	1.33754	58.8627
1619	-0.0255037	0.377457	1.33932	58.8778
1620	-0.0263686	0.377995	1.34103	58.8929
1621	-0.0255705	0.378514	1.33945	58.908
1622	-0.0261573	0.379046	1.33936	58.9231
1623	-0.026778	0.379594	1.33937	58.9382
1624	-0.0275064	0.380159	1.34014	58.9533
1625	-0.0282802	0.380744	1.33911	58.9684
1626	-0.0286587	0.381337	1.339	58.9835
1627	-0.0293446	0.381947	1.33829	58.9985
1628	-0.0295917	0.382563	1.33672	59.0135
1629	-0.0288644	0.38316	1.33668	59.0285
1630	-0.0276595	0.383727	1.33694	59.0436
1631	-0.0273459	0.384286	1.33673	59.0585
1632	-0.0266008	0.384827	1.33764	59.0736
1633	-0.0264873	0.385364	1.3326	59.0885
1634	-0.0270087	0.385914	1.3308	59.1033
1635	-0.0269152	0.386462	1.32966	59.1181
1636	-0.0279626	0.387035	1.32961	59.1329
1637	-0.0286739	0.387625	1.32919	59.1477
1638	-0.0305916	0.388262	1.33176	59.1625
1639	-0.0312628	0.388915	1.33227	59.1774
1640	-0.0318761	0.389584	1.33267	59.1923
1641	-0.0314448	0.390241	1.33237	59.2071
1642	-0.031984	0.390911	1.33192	59.222
1643	-0.0318184	0.391577	1.33186	59.2368
1644	-0.0312375	0.392227	1.33079	59.2516
1645	-0.0309959	0.392872	1.32848	59.2663
1646	-0.0306452	0.393508	1.32751	59.2811
1647	-0.0296124	0.394118	1.32833	59.2958
1648	-0.0294124	0.394722	1.32611	59.3105
1649	-0.0284166	0.395302	1.32746	59.3252
1650	-0.0281358	0.395875	1.32879	59.3399
1651	-0.0277678	0.396438	1.32812	59.3546
1652	-0.0288582	0.397028	1.32757	59.3693
1653	-0.0292132	0.397626	1.32474	59.3839
1654	-0.0303881	0.398252	1.32526	59.3986
1655	-0.0303246	0.398877	1.32228	59.4131
1656	-0.0305639	0.399508	1.32086	59.4277
1657	-0.0307779	0.400143	1.31859	59.4421
1658	-0.0310087	0.400783	1.31862	59.4566
1659	-0.0318545	0.401444	1.31593	59.471
1660	-0.0317707	0.402103	1.31385	59.4853
1661	-0.0310972	0.402744	1.31232	59.4996
1662	-0.0303708	0.403368	1.3067	59.5137
1663	-0.0288829	0.403955	1.30232	59.5278
1664	-0.0284563	0.404531	1.29935	59.5418
1665	-0.0294294	0.40513	1.29774	59.5557
1666	-0.0287025	0.405711	1.29672	59.5696
1667	-0.0282054	0.40628	1.29616	59.5834
1668	-0.0281091	0.406846	1.29444	59.5973
1669	-0.0278821	0.407407	1.29305	59.6111
1670	-0.0275194	0.407958	1.29237	59.6249
1671	-0.0284727	0.408532	1.29317	59.6386
1672	-0.0287142	0.409112	1.29243	59.6524
1673	-0.0280808	0.409676	1.28917	59.6661
1674	-0.0272794	0.41022	1.28897	59.6798
1675	-0.0269672	0.410756	1.29007	59.6935
1676	-0.0270049	0.411293	1.29129	59.7072
1677	-0.0271008	0.411832	1.28757	59.7209
1678	-0.0268426	0.412364	1.28877	59.7345
1679	-0.0266243	0.412891	1.28701	59.7482
1680	-0.0275238	0.413439	1.28827	59.7618
1681	-0.0272763	0.413981	1.28698	59.7754
1682	-0.0270834	0.414518	1.28808	59.7891
1683	-0.0282969	0.415084	1.29112	59.8028
1684	-0.028731	0.415661	1.29334	59.8165
1685	-0.0287655	0.416238	1.29441	59.8303
1686	-0.0283023	0.416804	1.29605	59.8441
1687	-0.0285134	0.417374	1.29746	59.858
1688	-0.0272462	0.417913	1.30121	59.8719
1689	-0.0277256	0.418464	1.30267	59.8859
1690	-0.0273111	0.419004	1.30049	59.8998
1691	-0.0285252	0.419574	1.30075	59.9137
1692	-0.0282204	0.420136	1.30089	59.9277
1693	-0.0283996	0.420702	1.30128	59.9416
1694	-0.0291147	0.421284	1.30151	59.9555
1695	-0.0299472	0.421887	1.30316	59.9695
1696	-0.0305993	0.422506	1.30453	59.9835
1697	-0.0299037	0.423107	1.30469	59.9975
1698	-0.0301393	0.423713	1.30593	60.0115
1699	-0.0286793	0.424284	1.30991	60.0256
1700	-0.0268251	0.42481	1.31391	60.0398
1701	-0.0274299	0.42535	1.31572	60.0541
1702	-0.0278171	0.425899	1.31717	60.0684
1703	-0.0276657	0.426444	1.31597	60.0826
1704	-0.0284162	0.427007	1.31486	60.0968
1705	-0.0274841	0.427547	1.31483	60.1111
1706	-0.0280474	0.4281	1.31666	60.1253
1707	-0.0279834	0.428652	1.31345	60.1395
1708	-0.0280889	0.429206	1.31444	60.1537
1709	-0.0281494	0.429761	1.31519	60.1679
1710	-0.0279256	0.43031	1.31552	60.1821
1711	-0.0287607	0.43088	1.31737	60.1964
1712	-0.0295291	0.431467	1.31877	60.2107
1713	-0.0289697	0.432041	1.31765	60.2249
1714	-0.0278641	0.432588	1.31872	60.2392
1715	-0.0271549	0.433117	1.32047	60.2535
1716	-0.0271597	0.433646	1.32205	60.2679
1717	-0.0269381	0.43417	1.32229	60.2823
1718	-0.0264751	0.434682	1.32309	60.2966
1719	-0.0276778	0.435223	1.32085	60.311
1720	-0.0279084	0.435769	1.32053	60.3253
1721	-0.0286599	0.436333	1.32178	60.3396
1722	-0.0287944	0.4369	1.3233	60.354
1723	-0.028163	0.437451	1.32525	60.3684
1724	-0.0279267	0.437997	1.32572	60.3828
1725	-0.0282662	0.43855	1.32434	60.3972
1726	-0.0286479	0.439112	1.32448	60.4116
1727	-0.0284813	0.43967	1.32146	60.4259
1728	-0.0292902	0.440247	1.32108	60.4402
1729	-0.0286052	0.440808	1.32041	60.4544
1730	-0.0280211	0.441354	1.32152	60.4687
1731	-0.0285404	0.441912	1.32362	60.4831
1732	-0.0290197	0.442481	1.32472	60.4975
1733	-0.0282197	0.443031	1.32478	60.5118
1734	-0.0279359	0.443574	1.3257	60.5262
1735	-0.0280202	0.444119	1.32666	60.5406
1736	-0.028142	0.444666	1.32492	60.555
1737	-0.0281133	0.445212	1.32168	60.5693
1738	-0.0276785	0.445748	1.3205	60.5835
1739	-0.0285248	0.446304	1.3217	60.5978
1740	-0.0275507	0.446836	1.32078	60.612
1741	-0.0265239	0.447343	1.32021	60.6263
1742	-0.0273305	0.447869	1.31946	60.6405
1743	-0.0268528	0.448383	1.32064	60.6547
1744	-0.0273387	0.448909	1.3213	60.669
1745	-0.0274976	0.449439	1.32296	60.6833
1746	-0.0271029	0.449958	1.32387	60.6976
1747	-0.0257996	0.450446	1.32703	60.7119
1748	-0.0250625	0.450917	1.32743	60.7263
1749	-0.0253446	0.451394	1.32616	60.7407
1750	-0.0253962	0.451872	1.32667	60.755
1751	-0.0249687	0.452339	1.32642	60.7694
1752	-0.0245146	0.452795	1.32794	60.7838
1753	-0.0247274	0.453257	1.32769	60.7981
1754	-0.0259348	0.453747	1.32817	60.8125
1755	-0.0264139	0.454248	1.32818	60.8269
1756	-0.0256305	0.45473	1.32878	60.8413
1757	-0.0239878	0.455172	1.33288	60.8558
1758	-0.023165	0.455595	1.33445	60.8703
1759	-0.0227451	0.456008	1.33544	60.8848
1760	-0.0227082	0.456419	1.33681	60.8994
1761	-0.0222339	0.456819	1.33707	60.914
1762	-0.0224314	0.457224	1.33843	60.9286
1763	-0.0233556	0.45765	1.34138	60.9432
1764	-0.023763	0.458086	1.34246	60.9579
1765	-0.0240551	0.458529	1.34316	60.9726
1766	-0.0244214	0.45898	1.34431	60.9873
1767	-0.0245581	0.459434	1.34519	61.0021
1768	-0.0246931	0.459891	1.3434	61.0168
1769	-0.0245768	0.460345	1.3447	61.0315
1770	-0.0254282	0.46082	1.34618	61.0463
1771	-0.0259312	0.461305	1.34722	61.061
1772	-0.0259835	0.461792	1.34635	61.0758
1773	-0.0250555	0.462257	1.34765	61.0906
1774	-0.0256299	0.462735	1.34809	61.1054
1775	-0.0257487	0.463215	1.34798	61.1201
1776	-0.0255268	0.463691	1.34656	61.1349
1777	-0.0258932	0.464174	1.3475	61.1496
1778	-0.0261659	0.464664	1.34771	61.1644
1779	-0.0265805	0.465163	1.34739	61.1792
1780	-0.0260471	0.46565	1.34838	61.1939
1781	-0.0254202	0.466121	1.34914	61.2087
1782	-0.0246024	0.466573	1.3489	61.2235
1783	-0.0243266	0.467018	1.34876	61.2383
1784	-0.0245636	0.467469	1.34845	61.253
1785	-0.0252518	0.467935	1.34842	61.2678
1786	-0.0255473	0.468408	1.34978	61.2826
1787	-0.0248222	0.468864	1.35142	61.2974
1788	-0.024081	0.469303	1.34754	61.3121
1789	-0.0237011	0.469732	1.34624	61.3268
1790	-0.023941	0.470166	1.34259	61.3414
1791	-0.0238985	0.470599	1.3421	61.356
1792	-0.0230589	0.471012	1.34246	61.3706
1793	-0.0239351	0.471446	1.3407	61.3851
1794	-0.0246965	0.471898	1.33963	61.3997
1795	-0.0246795	0.472349	1.33863	61.4142
1796	-0.0253031	0.472814	1.33842	61.4286
1797	-0.0255744	0.473285	1.33823	61.4431
1798	-0.0257419	0.473761	1.33719	61.4576
1799	-0.0258669	0.474239	1.33661	61.472
1800	-0.0258387	0.474716	1.33629	61.4864
1801	-0.0250028	0.475173	1.33658	61.5008
1802	-0.0241062	0.475609	1.33777	61.5153
1803	-0.0242795	0.476048	1.33765	61.5297
1804	-0.0245154	0.476494	1.33937	61.5442
1805	-0.0247667	0.476944	1.33824	61.5587
1806	-0.0252293	0.477406	1.33862	61.5731
1807	-0.0254781	0.477873	1.33724	61.5875
1808	-0.0251648	0.478332	1.33602	61.6019
1809	-0.0248586	0.478784	1.335	61.6163
1810	-0.0238132	0.479212	1.33504	61.6306
1811	-0.0232865	0.479626	1.33506	61.645
1812	-0.0227746	0.480029	1.336	61.6594
1813	-0.0228996	0.480434	1.33658	61.6737
1814	-0.0227915	0.480837	1.33666	61.6881
1815	-0.0224556	0.481231	1.33446	61.7025
1816	-0.022098	0.481617	1.33306	61.7168
1817	-0.0220267	0.482001	1.33062	61.731
1818	-0.0227902	0.482403	1.3313	61.7452
1819	-0.0231332	0.482812	1.32864	61.7594
1820	-0.0232339	0.483224	1.32908	61.7736
1821	-0.0215649	0.483597	1.32962	61.7878
1822	-0.0206019	0.483947	1.32769	61.8019
1823	-0.0204466	0.484293	1.32859	61.8161
1824	-0.0195406	0.484617	1.32957	61.8303
1825	-0.0196025	0.484943	1.32885	61.8445
1826	-0.0203144	0.485286	1.32753	61.8586
1827	-0.0196377	0.485612	1.32537	61.8727
1828	-0.0189677	0.485923	1.32219	61.8867
1829	-0.0193376	0.486242	1.32105	61.9006
1830	-0.0194232	0.486563	1.32167	61.9146
1831	-0.019565	0.486887	1.32073	61.9286
1832	-0.020491	0.487233	1.31994	61.9425
1833	-0.0207505	0.487585	1.31981	61.9564
1834	-0.0209271	0.48794	1.31896	61.9703
1835	-0.0206076	0.488288	1.31793	61.9842
1836	-0.0210111	0.488646	1.31494	61.998
1837	-0.0205648	0.488992	1.31531	62.0118
1838	-0.0207111	0.489342	1.31536	62.0257
1839	-0.0201186	0.489678	1.31568	62.0395
1840	-0.019628	0.490003	1.31661	62.0533
1841	-0.0185931	0.490303	1.31802	62.0672
1842	-0.018446	0.490599	1.31822	62.081
1843	-0.0181058	0.490888	1.31638	62.0949
1844	-0.0191302	0.4912	1.31517	62.1087
1845	-0.019857	0.491529	1.31521	62.1224
1846	-0.0201065	0.491864	1.31314	62.1362
1847	-0.0203274	0.492204	1.31375	62.1499
1848	-0.0201778	0.49254	1.3145	62.1637
1849	-0.0202993	0.492878	1.31412	62.1774
1850	-0.0206686	0.493226	1.31602	62.1912
1851	-0.0222813	0.49361	1.31938	62.2051
1852	-0.0230238	0.494012	1.32066	62.219
1853	-0.0232818	0.494419	1.31828	62.2328
1854	-0.0230732	0.494821	1.31769	62.2466
1855	-0.0231115	0.495224	1.31772	62.2605
1856	-0.0235629	0.495638	1.3177	62.2743
1857	-0.0244213	0.496071	1.31934	62.2881
1858	-0.0247649	0.496512	1.31943	62.302
1859	-0.0256632	0.496973	1.31844	62.3158
1860	-0.0264427	0.497453	1.31567	62.3295
1861	-0.0269099	0.497943	1.31665	62.3433
1862	-0.0277111	0.498451	1.31888	62.3571
1863	-0.0282093	0.49897	1.32	62.371
1864	-0.028626	0.499499	1.32032	62.3848
1865	-0.0290892	0.500039	1.32199	62.3987
1866	-0.0294498	0.500586	1.3206	62.4126
1867	-0.0298179	0.501142	1.32195	62.4264
1868	-0.0293815	0.501687	1.3219	62.4403
1869	-0.0290266	0.502224	1.32048	62.4542
1870	-0.0287344	0.502754	1.32072	62.468
1871	-0.028857	0.503287	1.32097	62.4818
1872	-0.0288911	0.50382	1.32136	62.4957
1873	-0.028697	0.504348	1.321	62.5095
1874	-0.02836	0.504869	1.32127	62.5234
1875	-0.0295937	0.505417	1.32468	62.5373
1876	-0.0291701	0.505956	1.32556	62.5512
1877	-0.0285116	0.506479	1.32697	62.5652
1878	-0.0274559	0.506977	1.32893	62.5792
1879	-0.0258145	0.507438	1.33136	62.5933
1880	-0.0242045	0.507861	1.33181	62.6073
1881	-0.0228519	0.508253	1.33319	62.6214
1882	-0.0230522	0.508649	1.33203	62.6355
1883	-0.0235691	0.509057	1.33128	62.6495
1884	-0.0235855	0.509465	1.32909	62.6635
1885	-0.0234974	0.509871	1.32831	62.6775
1886	-0.0223396	0.51025	1.32807	62.6915
1887	-0.0210524	0.510599	1.3296	62.7055
1888	-0.0203418	0.510932	1.32688	62.7194
1889	-0.0203632	0.511265	1.32665	62.7333
1890	-0.020952	0.511612	1.3261	62.7472
1891	-0.0213821	0.511968	1.32541	62.7611
1892	-0.020629	0.512307	1.32097	62.7749
1893	-0.0200394	0.512632	1.32065	62.7887
1894	-0.0205469	0.512969	1.32015	62.8024
1895	-0.018581	0.51326	1.32335	62.8163
1896	-0.0170884	0.513517	1.32282	62.8301
1897	-0.0166046	0.513763	1.32164	62.8439
1898	-0.0167452	0.514012	1.31648	62.8575
1899	-0.0172901	0.514273	1.31484	62.8711
1900	-0.0173	0.514535	1.31408	62.8847
1901	-0.0181946	0.514817	1.31533	62.8984
1902	-0.0195484	0.515129	1.31799	62.9121
1903	-0.0202762	0.515459	1.31749	62.9257
1904	-0.0202923	0.515788	1.31809	62.9394
1905	-0.0193086	0.516095	1.31842	62.9531
1906	-0.0187346	0.516389	1.31978	62.9668
1907	-0.0189484	0.516687	1.32029	62.9805
1908	-0.0194856	0.516998	1.31953	62.9942
1909	-0.0189599	0.517296	1.32062	63.008
1910	-0.0169335	0.517548	1.32431	63.0218
1911	-0.0168615	0.517798	1.32271	63.0355
1912	-0.0178027	0.51807	1.3232	63.0493
1913	-0.0176185	0.518337	1.32368	63.0631
1914	-0.0172175	0.518595	1.32188	63.0768
1915	-0.0170986	0.518851	1.32088	63.0905
1916	-0.0163783	0.519089	1.32225	63.1043
1917	-0.0148779	0.519294	1.32406	63.1181
1918	-0.0145046	0.51949	1.3245	63.1319
1919	-0.0147636	0.519691	1.32431	63.1456
1920	-0.0141161	0.519878	1.32396	63.1594
1921	-0.0142316	0.520067	1.32145	63.1731
1922	-0.0142278	0.520256	1.32077	63.1868
1923	-0.0141596	0.520444	1.32212	63.2005
1924	-0.014304	0.520635	1.32186	63.2142
1925	-0.014463	0.520829	1.3199	63.2279
1926	-0.0146319	0.521027	1.32011	63.2416
1927	-0.0135025	0.5212	1.32114	63.2553
1928	-0.0125053	0.521349	1.32202	63.269
1929	-0.0125351	0.5215	1.32206	63.2827
1930	-0.0130039	0.52166	1.32442	63.2964
1931	-0.013886	0.521841	1.32626	63.3102
1932	-0.0137284	0.522019	1.32865	63.324
1933	-0.0138518	0.522199	1.32975	63.3379
1934	-0.013368	0.522367	1.33106	63.3518
1935	-0.0129052	0.522526	1.33219	63.3657
1936	-0.0133303	0.522694	1.33096	63.3796
1937	-0.0124985	0.522843	1.33126	63.3935
1938	-0.0124074	0.52299	1.33122	63.4074
1939	-0.0121078	0.52313	1.33044	63.4212
1940	-0.0117008	0.523261	1.33215	63.4351
1941	-0.0116307	0.52339	1.33268	63.449
1942	-0.0119625	0.523527	1.32907	63.4629
1943	-0.0128478	0.523683	1.32947	63.4767
1944	-0.0132737	0.52385	1.32843	63.4905
1945	-0.0134413	0.52402	1.32389	63.5042
1946	-0.0129275	0.524178	1.32207	63.5178
1947	-0.0141108	0.524363	1.32164	63.5315
1948	-0.0142468	0.524551	1.31811	63.545
1949	-0.0143039	0.524741	1.31734	63.5586
1950	-0.0147174	0.524939	1.31782	63.5721
1951	-0.0155443	0.525157	1.31636	63.5856
1952	-0.0151803	0.525366	1.3153	63.5991
1953	-0.0161177	0.525596	1.31365	63.6126
1954	-0.0168615	0.525843	1.31218	63.626
1955	-0.0173128	0.5261	1.31287	63.6394
1956	-0.0176672	0.526365	1.31246	63.6528
1957	-0.017426	0.526624	1.31248	63.6662
1958	-0.0174309	0.526883	1.31108	63.6796
1959	-0.0178241	0.527152	1.30794	63.6929
1960	-0.0177823	0.527419	1.3077	63.7062
1961	-0.0172279	0.527673	1.30743	63.7194
1962	-0.0173084	0.527929	1.3054	63.7327
1963	-0.0180466	0.528202	1.30458	63.7459
1964	-0.0177128	0.528467	1.30466	63.7591
1965	-0.0178908	0.528736	1.30567	63.7723
1966	-0.018468	0.529018	1.30608	63.7856
1967	-0.0183163	0.529297	1.30802	63.7988
1968	-0.0183309	0.529575	1.30857	63.8121
1969	-0.0187655	0.529864	1.31069	63.8255
1970	-0.0178735	0.530132	1.31289	63.8388
1971	-0.0184114	0.530412	1.31319	63.8522
1972	-0.0195917	0.530718	1.31589	63.8657
1973	-0.0199853	0.531034	1.31569	63.8791
1974	-0.0210662	0.531373	1.31819	63.8926
1975	-0.0214159	0.531721	1.31831	63.9061
1976	-0.0223993	0.53209	1.32082	63.9196
1977	-0.0229054	0.53247	1.32104	63.9332
1978	-0.0231067	0.532855	1.32048	63.9467
