#	<x>	stDevX	<E>	stDevE
0	1.5729	0	2.08169	0
1	1.22994	1.40142	2.19481	2.13825
2	1.0219	1.803	2.11015	3.01069
3	1.10143	2.1331	1.44918	3.39301
4	0.944697	2.34835	1.42185	3.70307
5	0.883611	2.51725	1.21163	3.90168
6	0.75993	2.6295	0.698191	3.90781
7	0.764411	2.73796	0.654275	3.90968
8	0.486912	2.7548	0.63431	3.91457
9	0.299423	2.71955	0.396472	3.85577
10	0.135168	2.64491	0.503189	3.83951
11	0.170055	2.58984	0.480339	3.82409
12	0.187678	2.54693	0.6137	3.85042
13	0.135096	2.49637	0.537171	3.85973
14	0.120481	2.44795	0.571138	3.88087
15	0.0719582	2.39292	0.747069	3.94685
16	-0.0420358	2.31613	0.90988	4.0506
17	-0.0254008	2.24896	0.842667	4.13632
18	-0.0808178	2.17432	0.910474	4.23554
19	-0.0577814	2.10961	0.914447	4.33332
20	-0.0887797	2.04244	0.824532	4.40977
21	-0.0918395	1.97862	0.735148	4.46641
22	-0.126263	1.91138	0.807042	4.53733
23	-0.0766978	1.85758	0.837528	4.61337
24	-0.0418748	1.81343	0.751933	4.67143
25	-0.0701167	1.76615	0.749672	4.72855
26	-0.0405073	1.72677	0.619906	4.76067
27	-0.00108554	1.69662	0.565803	4.78309
28	0.00731851	1.66951	0.514634	4.79681
29	0.0184664	1.64574	0.509978	4.81053
30	0.0170158	1.62288	0.516016	4.82611
31	0.00733998	1.59943	0.534537	4.84558
32	0.0170068	1.5787	0.565817	4.87092
33	0.0117774	1.55801	0.537428	4.89177
34	0.0173656	1.53915	0.500822	4.9069
35	0.000984023	1.51841	0.550795	4.93076
36	0.0224008	1.50196	0.562713	4.9568
37	0.0257193	1.48672	0.590348	4.98743
38	0.0262281	1.47219	0.62359	5.02334
39	0.0263941	1.45827	0.656704	5.06431
40	0.0516441	1.44879	0.631556	5.10116
41	0.0478325	1.43916	0.629749	5.13757
42	0.0469484	1.42981	0.565887	5.16421
43	0.0722798	1.42462	0.608627	5.19728
44	0.104339	1.42445	0.561498	5.2233
45	0.143211	1.43011	0.605839	5.25584
46	0.123798	1.43301	0.602001	5.28773
47	0.115736	1.43486	0.548418	5.31187
48	0.124422	1.43804	0.599343	5.34327
49	0.15882	1.44612	0.658215	5.38282
50	0.135206	1.45091	0.694386	5.42713
51	0.139209	1.45628	0.687953	5.4702
52	0.115033	1.4584	0.737778	5.51973
53	0.100038	1.45857	0.767921	5.57289
54	0.0942181	1.45809	0.690796	5.61524
55	0.094939	1.45782	0.672242	5.65482
56	0.0853588	1.45642	0.638269	5.68969
57	0.0592999	1.45175	0.649012	5.72578
58	0.0455022	1.44548	0.622515	5.75824
59	0.0538912	1.44049	0.65148	5.79428
60	0.0405983	1.43399	0.691766	5.83523
61	0.0408271	1.42771	0.624449	5.86742
62	0.0122141	1.41804	0.570643	5.89275
63	-0.00239391	1.4068	0.513252	5.91092
64	-2.86674e-05	1.3961	0.483319	5.92548
65	-0.00883991	1.38457	0.490284	5.941
66	0.00984379	1.37555	0.513954	5.95949
67	0.022397	1.36825	0.508708	5.97741
68	0.00774891	1.35937	0.508117	5.9953
69	0.0221891	1.3524	0.536402	6.0166
70	0.0324985	1.34681	0.570603	6.04193
71	0.0331677	1.34144	0.583488	6.0687
72	0.0420909	1.33724	0.552128	6.09175
73	0.0376604	1.33265	0.56504	6.11626
74	0.0322284	1.32755	0.584806	6.14298
75	0.0467876	1.32424	0.590616	6.17027
76	0.051014	1.3215	0.600219	6.19856
77	0.0575121	1.31958	0.582916	6.2248
78	0.0487849	1.31676	0.583065	6.25097
79	0.032878	1.31227	0.59025	6.27785
80	0.0254356	1.30705	0.614426	6.30731
81	0.0377855	1.3033	0.624773	6.33779
82	0.0352096	1.29937	0.624037	6.36804
83	0.0470128	1.2968	0.62004	6.39773
84	0.0413999	1.29371	0.607679	6.42596
85	0.0244417	1.28887	0.618948	6.45529
86	0.0273563	1.28444	0.625802	6.48522
87	0.0243917	1.2798	0.615251	6.51391
88	0.0299727	1.27583	0.646995	6.54582
89	0.0313825	1.27209	0.660239	6.57897
90	0.0325431	1.26855	0.690073	6.61507
91	0.0299495	1.26482	0.704504	6.65247
92	0.0363009	1.26182	0.698825	6.68907
93	0.0271127	1.25794	0.707735	6.72639
94	0.0302819	1.25447	0.729243	6.76569
95	0.0418014	1.25223	0.7479	6.80667
96	0.0414237	1.25001	0.767835	6.84942
97	0.0475685	1.24846	0.773415	6.89247
98	0.0558212	1.24779	0.783548	6.93628
99	0.0734264	1.2489	0.799046	6.98137
100	0.060073	1.24871	0.814631	7.02773
101	0.0655976	1.2491	0.844677	7.07676
102	0.0574546	1.24872	0.856386	7.12663
103	0.0203536	1.24474	0.934297	7.18379
104	0.00681193	1.23952	0.947434	7.24185
105	0.0147966	1.23515	0.963898	7.30112
106	0.00803761	1.23019	0.969364	7.36052
107	-0.00213036	1.22433	0.969082	7.4195
108	-0.0120937	1.2176	0.970493	7.47823
109	-0.0204625	1.21016	0.980267	7.53751
110	-0.0161109	1.20323	0.989228	7.59726
111	-0.00778204	1.19716	1.00573	7.65819
112	-0.003429	1.19158	1.00986	7.71911
113	-0.00482401	1.18593	1.00537	7.77923
114	0.00315945	1.18111	1.02836	7.8411
115	0.0304817	1.17887	1.07439	7.90685
116	0.0481829	1.1783	1.10123	7.97466
117	0.0550123	1.17838	1.09664	8.04161
118	0.0604481	1.17898	1.09939	8.10839
119	0.0632191	1.17984	1.09859	8.17469
120	0.0640715	1.1808	1.0917	8.23996
121	0.0693592	1.18224	1.09223	8.30488
122	0.0711734	1.18386	1.09619	8.36977
123	0.073214	1.18566	1.09101	8.4338
124	0.0736853	1.18751	1.08076	8.49655
125	0.0752755	1.18951	1.05153	8.55634
126	0.0723097	1.19124	1.02053	8.61306
127	0.0775585	1.19345	1.0232	8.6697
128	0.0739459	1.19533	1.00972	8.72485
129	0.0729702	1.19714	1.00424	8.77923
130	0.0633795	1.19811	1.01215	8.83401
131	0.0596778	1.19878	1.00527	8.8879
132	0.057286	1.19924	0.991073	8.94029
133	0.0714792	1.20095	1.00287	8.99344
134	0.0693172	1.20247	0.998866	9.04596
135	0.0692282	1.20398	0.989389	9.09742
136	0.0642404	1.20508	0.995962	9.14918
137	0.0650282	1.20626	0.988602	9.20006
138	0.0677284	1.20767	0.991323	9.25093
139	0.0747721	1.20967	1.00308	9.30254
140	0.0794681	1.21207	0.9965	9.35336
141	0.0743186	1.21404	0.98897	9.4033
142	0.0690781	1.21558	0.994617	9.45348
143	0.0738151	1.21751	0.993642	9.50334
144	0.0712931	1.21923	0.959907	9.55018
145	0.0662495	1.22054	0.955808	9.59648
146	0.0640749	1.22168	0.963868	9.64323
147	0.072242	1.22349	0.979323	9.69105
148	0.0694429	1.22508	0.963841	9.73739
149	0.0751087	1.22713	0.974999	9.78444
150	0.0707133	1.22882	0.976676	9.83142
151	0.0713937	1.23057	0.966577	9.87738
152	0.0755953	1.23266	0.957781	9.92244
153	0.0722257	1.23448	0.9572	9.96727
154	0.0654534	1.23576	0.932978	10.01
155	0.0635916	1.23689	0.913911	10.051
156	0.0668693	1.23829	0.899692	10.0907
157	0.0689808	1.23986	0.89215	10.1297
158	0.0552744	1.24035	0.90984	10.1699
159	0.0478446	1.24026	0.922639	10.211
160	0.0503666	1.24038	0.930841	10.2525
161	0.0529902	1.24072	0.923582	10.2934
162	0.0559597	1.24131	0.921608	10.3339
163	0.0566641	1.24195	0.906228	10.3731
164	0.0591813	1.2428	0.897859	10.4115
165	0.0564114	1.24344	0.900036	10.4499
166	0.0528782	1.24381	0.891788	10.4876
167	0.0549742	1.24435	0.881237	10.5243
168	0.048105	1.24438	0.879636	10.5608
169	0.0516586	1.24469	0.872551	10.5966
170	0.0555917	1.2453	0.864719	10.6317
171	0.0472771	1.24529	0.866004	10.6667
172	0.0508557	1.24556	0.851654	10.7006
173	0.0544963	1.24612	0.849554	10.7342
174	0.0633224	1.24735	0.859054	10.7684
175	0.0584588	1.24821	0.851531	10.802
176	0.0515138	1.24856	0.861484	10.8362
177	0.0398422	1.24805	0.879551	10.8716
178	0.0444591	1.24789	0.889796	10.9077
179	0.0423413	1.24759	0.89724	10.9442
180	0.0368429	1.24688	0.898485	10.9807
181	0.0310111	1.24577	0.904984	11.0175
182	0.0286296	1.24449	0.901338	11.054
183	0.0284489	1.24321	0.91131	11.0911
184	0.0265318	1.24181	0.916729	11.1285
185	0.0211998	1.24004	0.925066	11.1663
186	0.016969	1.23797	0.92887	11.2043
187	0.0178754	1.23599	0.936773	11.2428
188	0.00763442	1.23329	0.94176	11.2815
189	6.44003e-05	1.23006	0.952648	11.3208
190	-0.00614148	1.22641	0.959119	11.3605
191	-0.00210015	1.22308	0.954934	11.3998
192	0.000495011	1.21996	0.941268	11.438
193	0.00991025	1.21754	0.948271	11.4765
194	0.00939539	1.2151	0.927289	11.5134
195	0.0125931	1.21291	0.912904	11.5492
196	0.0136872	1.21081	0.912228	11.5848
197	0.0186297	1.20909	0.907721	11.62
198	0.0116078	1.20688	0.913661	11.6556
199	0.0130906	1.2048	0.904834	11.6904
200	0.0122963	1.20268	0.881105	11.7234
201	0.013234	1.20064	0.874247	11.7558
202	0.0109267	1.19846	0.875828	11.7883
203	0.00976462	1.19622	0.884632	11.8213
204	0.00958771	1.19398	0.879911	11.8539
205	0.0082125	1.19166	0.88233	11.8865
206	0.00456661	1.18911	0.876329	11.9187
207	0.00442488	1.18657	0.87159	11.9504
208	0.00689138	1.18421	0.8496	11.9806
209	0.0120469	1.18223	0.851108	12.0107
210	0.015525	1.18051	0.843241	12.0403
211	0.0171454	1.17891	0.843116	12.0698
212	0.0209611	1.17758	0.832419	12.0984
213	0.0190144	1.17614	0.832238	12.127
214	0.0208467	1.17483	0.827895	12.1553
215	0.01749	1.17331	0.829404	12.1835
216	0.0185465	1.17187	0.820384	12.2111
217	0.012761	1.17006	0.824281	12.2389
218	0.0125222	1.16824	0.813877	12.2659
219	0.00713549	1.16607	0.821354	12.2934
220	0.0104643	1.16414	0.817066	12.3205
221	0.0120283	1.16234	0.826812	12.3482
222	0.00930483	1.16036	0.828387	12.376
223	0.0160617	1.15885	0.839251	12.4044
224	0.0192141	1.15756	0.838108	12.4327
225	0.0225244	1.15651	0.836627	12.4608
226	0.016858	1.15508	0.838358	12.489
227	0.0131115	1.15342	0.831418	12.5166
228	0.0134924	1.1518	0.833036	12.5443
229	0.0145641	1.15027	0.835192	12.5721
230	0.0103231	1.14846	0.828345	12.5993
231	0.00391618	1.14625	0.836208	12.627
232	0.00315523	1.14401	0.839097	12.6549
233	-0.00154257	1.14147	0.848379	12.6833
234	-0.00139751	1.13896	0.855754	12.7121
235	0.00274764	1.13673	0.859506	12.7411
236	0.00515011	1.13467	0.861575	12.7701
237	0.0062314	1.1327	0.86451	12.7993
238	-0.00301571	1.13014	0.878833	12.8293
239	-0.0102031	1.12714	0.892746	12.8602
240	-0.015022	1.12384	0.887598	12.8906
241	-0.0122694	1.12074	0.8905	12.9212
242	-0.0125413	1.11764	0.886537	12.9515
243	-0.00771932	1.11486	0.896266	12.9823
244	-0.0079266	1.11209	0.901765	13.0134
245	-0.00627786	1.10944	0.898176	13.0441
246	-0.00671848	1.10677	0.886794	13.0741
247	-0.00886604	1.10398	0.876353	13.1034
248	-0.0116703	1.10104	0.872048	13.1323
249	-0.00553896	1.09849	0.878307	13.1616
250	-0.00740203	1.09584	0.875216	13.1905
251	-0.0114552	1.09296	0.878532	13.2197
252	-0.0170139	1.08973	0.879979	13.2489
253	-0.0185494	1.08643	0.88056	13.278
254	-0.0172186	1.08323	0.876264	13.3068
255	-0.0152588	1.08017	0.880461	13.3358
256	-0.0173387	1.077	0.883785	13.365
257	-0.0190035	1.07374	0.891762	13.3945
258	-0.0142549	1.07079	0.888201	13.4238
259	-0.0111212	1.06804	0.884931	13.4529
260	-0.00525876	1.06568	0.889912	13.4822
261	-0.00421431	1.06339	0.894168	13.5116
262	0.00236818	1.06152	0.904667	13.5417
263	0.00367057	1.05974	0.911625	13.5721
264	0.00762389	1.05822	0.911104	13.6025
265	0.0111942	1.05692	0.912306	13.6328
266	0.0139462	1.0558	0.914318	13.6632
267	0.0154321	1.05477	0.915647	13.6936
268	0.0171679	1.05386	0.914313	13.7239
269	0.0119069	1.05264	0.916133	13.7542
270	0.0144235	1.05158	0.915389	13.7844
271	0.0122741	1.05039	0.914865	13.8145
272	0.0166096	1.04948	0.920036	13.8448
273	0.0196017	1.04875	0.912157	13.8746
274	0.0271503	1.04848	0.915059	13.9046
275	0.0284056	1.04829	0.919714	13.9347
276	0.0284085	1.04811	0.920988	13.9648
277	0.0298455	1.04802	0.916801	13.9947
278	0.0290074	1.04788	0.911634	14.0242
279	0.0264783	1.04759	0.912303	14.0536
280	0.0266241	1.04732	0.913834	14.0831
281	0.0261154	1.04702	0.91564	14.1126
282	0.0308782	1.04701	0.922662	14.1425
283	0.0329876	1.04712	0.925943	14.1725
284	0.031446	1.04715	0.927098	14.2025
285	0.0292569	1.04705	0.918552	14.232
286	0.0325374	1.04715	0.926643	14.2619
287	0.0338714	1.04733	0.930906	14.2919
288	0.0340278	1.04752	0.93527	14.3222
289	0.0340035	1.04771	0.936338	14.3524
290	0.0322415	1.0478	0.936843	14.3827
291	0.0303782	1.04779	0.93808	14.4129
292	0.0267778	1.04756	0.938632	14.4431
293	0.0301487	1.04754	0.942059	14.4735
294	0.0297289	1.0475	0.945869	14.504
295	0.0277019	1.04734	0.944683	14.5343
296	0.022449	1.04688	0.942005	14.5645
297	0.0215356	1.04638	0.937127	14.5943
298	0.0202024	1.0458	0.93392	14.6239
299	0.0239666	1.04544	0.927092	14.653
300	0.0277102	1.0453	0.923816	14.6819
301	0.0261395	1.04508	0.922766	14.7107
302	0.0299568	1.04508	0.925206	14.7395
303	0.0262723	1.04487	0.934323	14.7688
304	0.020375	1.04432	0.942196	14.7985
305	0.0189265	1.0437	0.945715	14.8284
306	0.01758	1.04301	0.945244	14.8582
307	0.0190903	1.0424	0.947035	14.888
308	0.022733	1.04201	0.948713	14.9178
309	0.0239822	1.0417	0.953245	14.9479
310	0.0249997	1.04144	0.958171	14.9782
311	0.0273542	1.04132	0.952055	15.008
312	0.0234751	1.04099	0.957261	15.0381
313	0.0258613	1.04079	0.962096	15.0684
314	0.0305898	1.04086	0.965345	15.0989
315	0.0316796	1.041	0.947276	15.1283
316	0.0303308	1.04106	0.945862	15.1575
317	0.0331699	1.04129	0.945349	15.1867
318	0.0355218	1.04164	0.950705	15.2161
319	0.036215	1.04204	0.949138	15.2453
320	0.0351911	1.04238	0.947056	15.2744
321	0.0369976	1.04283	0.943308	15.3032
322	0.0354681	1.04319	0.944754	15.3321
323	0.0356683	1.04356	0.944576	15.3609
324	0.0359288	1.04395	0.929653	15.3888
325	0.0396837	1.04454	0.920907	15.4161
326	0.0400358	1.04516	0.920042	15.4434
327	0.0332306	1.0454	0.931475	15.4713
328	0.0328576	1.04563	0.935806	15.4994
329	0.0286883	1.04562	0.943314	15.5278
330	0.0286771	1.04562	0.943763	15.5562
331	0.0334303	1.04588	0.951367	15.5849
332	0.0343254	1.04619	0.948061	15.6135
333	0.0362236	1.04661	0.952799	15.6422
334	0.039816	1.04722	0.959241	15.6712
335	0.0354604	1.0476	0.964463	15.7005
336	0.0324135	1.04781	0.963873	15.7297
337	0.0323827	1.04802	0.96129	15.7587
338	0.0332029	1.04828	0.965301	15.7878
339	0.0331878	1.04854	0.961404	15.8167
340	0.0292214	1.04859	0.964442	15.8457
341	0.0324145	1.04881	0.964586	15.8747
342	0.0304705	1.04893	0.969283	15.9039
343	0.0286309	1.04895	0.96856	15.933
344	0.0285898	1.04897	0.968644	15.962
345	0.0276197	1.04894	0.9599	15.9905
346	0.0276754	1.04891	0.965197	16.0193
347	0.0276064	1.04889	0.969436	16.0482
348	0.0228164	1.04861	0.975702	16.0774
349	0.0206213	1.04821	0.977162	16.1066
350	0.0208924	1.04784	0.976409	16.1358
351	0.0207029	1.04745	0.967897	16.1644
352	0.0235961	1.04723	0.969937	16.1931
353	0.0178051	1.04669	0.980178	16.2223
354	0.0195954	1.04626	0.967951	16.2508
355	0.0253854	1.04614	0.964185	16.2791
356	0.0271083	1.04611	0.962902	16.3072
357	0.0311464	1.0463	0.959317	16.3351
358	0.033369	1.0466	0.962632	16.3632
359	0.0363837	1.04706	0.96227	16.3911
360	0.0433032	1.04789	0.974645	16.4197
361	0.0468016	1.04891	0.982621	16.4486
362	0.0477946	1.04997	0.983608	16.4776
363	0.0479644	1.05104	0.984541	16.5065
364	0.0501958	1.05223	0.990462	16.5357
365	0.0528197	1.05355	0.990346	16.5649
366	0.0545038	1.05496	0.985326	16.5937
367	0.0543233	1.05636	0.981852	16.6223
368	0.0497531	1.05751	0.96827	16.6502
369	0.0467532	1.05852	0.95362	16.6773
370	0.0467826	1.05952	0.939859	16.7036
371	0.0475154	1.06056	0.926523	16.7291
372	0.0468979	1.06156	0.923963	16.7545
373	0.0455569	1.0625	0.925604	16.78
374	0.0455525	1.06343	0.926981	16.8054
375	0.0421138	1.06419	0.924534	16.8308
376	0.0413873	1.06491	0.921919	16.8559
377	0.0416803	1.06565	0.92111	16.881
378	0.0436339	1.06648	0.921414	16.906
379	0.0441271	1.06734	0.925492	16.9312
380	0.0434475	1.06817	0.929457	16.9566
381	0.0422558	1.06893	0.934648	16.9822
382	0.0414199	1.06965	0.935162	17.0078
383	0.044801	1.07055	0.923315	17.0327
384	0.0459092	1.07149	0.917183	17.0574
385	0.0442427	1.07236	0.907554	17.0814
386	0.0445818	1.07324	0.902192	17.1052
387	0.0432681	1.07405	0.90318	17.129
388	0.0432233	1.07486	0.907848	17.153
389	0.0433367	1.07568	0.90667	17.1769
390	0.0449395	1.07658	0.908162	17.2008
391	0.0430348	1.07738	0.907394	17.2247
392	0.0415551	1.0781	0.911441	17.2488
393	0.0416013	1.07883	0.913565	17.2729
394	0.0439287	1.07967	0.913605	17.297
395	0.046153	1.08063	0.915669	17.3211
396	0.0471842	1.08164	0.915963	17.3453
397	0.0485131	1.08271	0.916902	17.3694
398	0.0491569	1.08381	0.916599	17.3935
399	0.0487721	1.0849	0.919802	17.4178
400	0.0459904	1.08584	0.920676	17.442
401	0.0444165	1.0867	0.913824	17.4659
402	0.0434563	1.08752	0.918191	17.4899
403	0.0428632	1.08831	0.91775	17.5139
404	0.0409933	1.089	0.922285	17.5381
405	0.0368259	1.08949	0.923831	17.5623
406	0.0377309	1.09002	0.918483	17.5863
407	0.0419129	1.09076	0.918066	17.6102
408	0.0442496	1.09161	0.90353	17.6333
409	0.042307	1.09237	0.905325	17.6565
410	0.0425549	1.09314	0.906635	17.6797
411	0.0423591	1.0939	0.906995	17.7029
412	0.0380746	1.09445	0.91121	17.7263
413	0.0353608	1.09487	0.913595	17.7498
414	0.0347913	1.09526	0.903036	17.7727
415	0.035475	1.09568	0.904604	17.7957
416	0.0367545	1.09616	0.903372	17.8186
417	0.0353746	1.09658	0.901949	17.8414
418	0.033077	1.09689	0.905489	17.8643
419	0.0324779	1.09717	0.909116	17.8874
420	0.0322854	1.09744	0.913359	17.9106
421	0.0317187	1.09769	0.910706	17.9337
422	0.031834	1.09794	0.911778	17.9569
423	0.029959	1.0981	0.917476	17.9802
424	0.0325644	1.09839	0.92206	18.0038
425	0.0325962	1.09868	0.921378	18.0273
426	0.0303229	1.09886	0.9272	18.051
427	0.0302661	1.09904	0.927607	18.0748
428	0.0317979	1.09929	0.931576	18.0986
429	0.0304003	1.09948	0.934463	18.1227
430	0.0319281	1.09974	0.938493	18.1468
431	0.0278641	1.09981	0.944668	18.1712
432	0.0244079	1.09972	0.952315	18.196
433	0.0252742	1.09966	0.957277	18.221
434	0.0249385	1.0996	0.959435	18.246
435	0.0251719	1.09954	0.959574	18.271
436	0.0254873	1.0995	0.961596	18.2961
437	0.0287924	1.09962	0.963017	18.3212
438	0.0279416	1.09971	0.963561	18.3463
439	0.0285388	1.09982	0.960344	18.3713
440	0.0254206	1.09978	0.953461	18.3958
441	0.0209879	1.09954	0.955976	18.4205
442	0.0173199	1.09912	0.95952	18.4452
443	0.013555	1.09853	0.959082	18.47
444	0.0132976	1.09792	0.961233	18.4948
445	0.0138914	1.09735	0.963884	18.5197
446	0.016115	1.09689	0.967219	18.5447
447	0.0170071	1.09647	0.967448	18.5697
448	0.0166941	1.09604	0.96677	18.5946
449	0.0140796	1.09548	0.96753	18.6195
450	0.0127991	1.09487	0.968212	18.6445
451	0.011238	1.09419	0.969651	18.6694
452	0.0125429	1.09358	0.969866	18.6944
453	0.0147664	1.09307	0.969602	18.7193
454	0.0163797	1.09263	0.96692	18.744
455	0.0205663	1.0924	0.973474	18.769
456	0.0209932	1.09219	0.974903	18.7941
457	0.0219641	1.09202	0.973321	18.819
458	0.0216969	1.09185	0.976627	18.8441
459	0.0232172	1.09174	0.974571	18.869
460	0.0226644	1.09161	0.970227	18.8938
461	0.0231117	1.09151	0.970375	18.9184
462	0.0262955	1.09155	0.972822	18.9432
463	0.0280055	1.09168	0.97117	18.9679
464	0.0269839	1.09176	0.972681	18.9926
465	0.0244157	1.09172	0.973207	19.0172
466	0.024139	1.09166	0.962025	19.0414
467	0.0218734	1.09151	0.956996	19.0653
468	0.0223759	1.09138	0.958578	19.0892
469	0.0180232	1.09105	0.963847	19.1133
470	0.014216	1.09055	0.968473	19.1376
471	0.0131651	1.09	0.962793	19.1617
472	0.0126423	1.08943	0.965227	19.1858
473	0.00903155	1.0887	0.964332	19.2098
474	0.00753914	1.0879	0.959769	19.2336
475	0.0077137	1.08711	0.95815	19.2573
476	0.00583367	1.08624	0.956792	19.2809
477	0.00363624	1.08527	0.950858	19.3042
478	0.00563466	1.0844	0.949974	19.3275
479	0.00691394	1.08359	0.946931	19.3506
480	0.006029	1.08274	0.950514	19.3738
481	0.00792834	1.08198	0.95406	19.3971
482	0.00795194	1.08122	0.959243	19.4207
483	0.00794053	1.08047	0.964012	19.4444
484	0.0101391	1.07981	0.96599	19.4682
485	0.0103346	1.07917	0.962786	19.4918
486	0.0110183	1.07856	0.957787	19.5152
487	0.0147222	1.07813	0.960576	19.5387
488	0.0169747	1.07779	0.963907	19.5623
489	0.0173652	1.07748	0.966162	19.586
490	0.0185733	1.07722	0.968832	19.6097
491	0.017513	1.07692	0.969796	19.6335
492	0.0184216	1.07665	0.972438	19.6574
493	0.0206342	1.07649	0.970796	19.6811
494	0.0210989	1.07636	0.961721	19.7045
495	0.0227454	1.07629	0.961657	19.7278
496	0.0228665	1.07624	0.957474	19.7509
497	0.0223442	1.07616	0.957096	19.7739
498	0.0231355	1.07612	0.954158	19.7968
499	0.0218244	1.07602	0.953455	19.8196
500	0.0194794	1.07581	0.957134	19.8426
501	0.0190391	1.07559	0.959493	19.8656
502	0.0194982	1.07539	0.956273	19.8885
503	0.0210739	1.07527	0.955856	19.9114
504	0.0179425	1.075	0.960213	19.9344
505	0.013642	1.07454	0.96162	19.9574
506	0.0142096	1.07412	0.9605	19.9804
507	0.0139027	1.07368	0.954984	20.0031
508	0.011013	1.07311	0.955349	20.0257
509	0.0111778	1.07256	0.954419	20.0484
510	0.0111476	1.072	0.95128	20.0708
511	0.0102042	1.07141	0.950275	20.0932
512	0.00968501	1.07079	0.953074	20.1157
513	0.00883123	1.07014	0.953921	20.1382
514	0.0101592	1.06955	0.953906	20.1606
515	0.0118898	1.06904	0.955158	20.1831
516	0.0133744	1.06859	0.958678	20.2058
517	0.0148827	1.06822	0.961749	20.2285
518	0.0174437	1.06795	0.966681	20.2514
519	0.0168795	1.06767	0.966954	20.2744
520	0.0155151	1.06732	0.96618	20.2972
521	0.0155733	1.06698	0.967862	20.3201
522	0.013092	1.06654	0.974378	20.3433
523	0.0129694	1.06609	0.975264	20.3665
524	0.014631	1.06571	0.977514	20.3897
525	0.0140304	1.06531	0.979266	20.413
526	0.0139455	1.06491	0.973655	20.4361
527	0.0120496	1.06442	0.977529	20.4592
528	0.00966579	1.06384	0.982045	20.4826
529	0.00935486	1.06324	0.981014	20.5059
530	0.00815462	1.0626	0.981757	20.5292
531	0.00777079	1.06194	0.980755	20.5524
532	0.00716364	1.06125	0.98271	20.5756
533	0.00763461	1.06059	0.985598	20.599
534	0.00708827	1.05991	0.982688	20.6222
535	0.0069721	1.05922	0.981703	20.6454
536	0.00583191	1.05849	0.98077	20.6685
537	0.00796823	1.05785	0.979414	20.6915
538	0.00870668	1.05724	0.977294	20.7144
539	0.00974778	1.05668	0.978191	20.7373
540	0.00838988	1.05607	0.977003	20.7601
541	0.00906267	1.05548	0.973506	20.7827
542	0.0084419	1.05488	0.971658	20.8053
543	0.00676533	1.0542	0.971018	20.8278
544	0.00518515	1.05345	0.972108	20.8503
545	0.00803272	1.05283	0.970499	20.8727
546	0.00754346	1.0522	0.968097	20.895
547	0.00712752	1.05154	0.966011	20.9172
548	0.00723346	1.05089	0.966052	20.9394
549	0.00452082	1.05013	0.967179	20.9616
550	0.000327483	1.04919	0.967382	20.9838
551	-0.000380615	1.04823	0.965372	21.0058
552	-0.000641682	1.04725	0.967299	21.028
553	-0.000618432	1.04628	0.970383	21.0502
554	-0.000813345	1.04531	0.966845	21.0723
555	-0.00230519	1.04427	0.963944	21.0942
556	-0.00253537	1.04323	0.961372	21.116
557	-0.00257719	1.04219	0.960802	21.1377
558	-0.00470589	1.04106	0.956839	21.1593
559	-0.00495885	1.03992	0.94743	21.1804
560	-0.00511892	1.03878	0.94816	21.2016
561	-0.00792355	1.03752	0.942003	21.2224
562	-0.006945	1.03631	0.938619	21.2431
563	-0.00713601	1.03509	0.940394	21.2639
564	-0.00752075	1.03386	0.938996	21.2846
565	-0.00612997	1.03269	0.937073	21.3051
566	-0.00735073	1.03147	0.939954	21.3258
567	-0.00624645	1.0303	0.941088	21.3465
568	-0.00898512	1.02902	0.946066	21.3674
569	-0.0112885	1.02765	0.949143	21.3884
570	-0.00864937	1.02639	0.947577	21.4093
571	-0.00750307	1.02518	0.944011	21.4301
572	-0.00606756	1.02403	0.947511	21.4509
573	-0.0063296	1.02288	0.947047	21.4718
574	-0.00702672	1.0217	0.948963	21.4927
575	-0.00905371	1.02043	0.94999	21.5136
576	-0.010026	1.01913	0.952172	21.5346
577	-0.0113804	1.01778	0.952461	21.5555
578	-0.0136482	1.01634	0.956339	21.5767
579	-0.0135248	1.0149	0.958265	21.5978
580	-0.0126622	1.0135	0.957183	21.619
581	-0.0131604	1.01209	0.955654	21.64
582	-0.0131978	1.01067	0.957655	21.6611
583	-0.0140195	1.00923	0.960914	21.6823
584	-0.0148012	1.00776	0.959942	21.7034
585	-0.016321	1.00623	0.952937	21.7243
586	-0.0187623	1.0046	0.956625	21.7452
587	-0.0228057	1.0028	0.959428	21.7663
588	-0.0238529	1.00097	0.960659	21.7874
589	-0.0250009	0.999095	0.960392	21.8085
590	-0.0230394	0.997304	0.959163	21.8295
591	-0.0226483	0.995533	0.960602	21.8505
592	-0.0246361	0.993684	0.960439	21.8715
593	-0.0258068	0.99179	0.958996	21.8924
594	-0.022996	0.990016	0.957716	21.9133
595	-0.0251138	0.988159	0.957272	21.9341
596	-0.0258929	0.986273	0.957909	21.9549
597	-0.0274457	0.984328	0.957774	21.9757
598	-0.0265787	0.982423	0.95878	21.9966
599	-0.0272733	0.980492	0.958482	22.0173
600	-0.0261964	0.97861	0.958604	22.0381
601	-0.0257708	0.976749	0.959113	22.0589
602	-0.0246891	0.974935	0.957729	22.0796
603	-0.0242617	0.973143	0.953004	22.1001
604	-0.0240015	0.971365	0.947542	22.1203
605	-0.0235787	0.969607	0.942005	22.1403
606	-0.0238318	0.967843	0.942252	22.1603
607	-0.0254937	0.966015	0.943056	22.1804
608	-0.0261971	0.964162	0.944104	22.2004
609	-0.0270768	0.962277	0.946072	22.2205
610	-0.0281347	0.960354	0.948148	22.2407
611	-0.0279184	0.958442	0.948842	22.2608
612	-0.0281536	0.956525	0.951059	22.2811
613	-0.0291474	0.954572	0.951686	22.3013
614	-0.0292892	0.952617	0.946349	22.3214
615	-0.0285674	0.950695	0.949276	22.3415
616	-0.0288865	0.948763	0.949809	22.3616
617	-0.02755	0.946889	0.953953	22.3819
618	-0.026408	0.945065	0.951926	22.402
619	-0.0275857	0.943196	0.9536	22.4223
620	-0.0296971	0.941247	0.947521	22.4422
621	-0.0313612	0.939235	0.946613	22.4621
622	-0.0329454	0.937163	0.944499	22.4819
623	-0.0322395	0.935124	0.943162	22.5017
624	-0.0323408	0.933084	0.944264	22.5214
625	-0.0298628	0.931147	0.940634	22.541
626	-0.0303657	0.929193	0.942974	22.5607
627	-0.0308559	0.927224	0.943487	22.5804
628	-0.0298241	0.9253	0.944027	22.6001
629	-0.0307072	0.923344	0.945901	22.6198
630	-0.0304749	0.921401	0.946765	22.6396
631	-0.033491	0.919342	0.952259	22.6595
632	-0.0339432	0.917268	0.953945	22.6795
633	-0.0339363	0.915199	0.944251	22.6991
634	-0.0332856	0.913159	0.937622	22.7185
635	-0.0339185	0.911098	0.933209	22.7376
636	-0.0323518	0.909103	0.936598	22.7569
637	-0.0347621	0.907017	0.93732	22.7761
638	-0.0373765	0.90483	0.940005	22.7955
639	-0.0379383	0.902626	0.940388	22.8148
640	-0.0383498	0.900409	0.940278	22.8342
641	-0.0386035	0.898186	0.940346	22.8535
642	-0.0377908	0.895999	0.941235	22.8728
643	-0.0364795	0.893868	0.940245	22.8921
644	-0.0353012	0.891787	0.94151	22.9114
645	-0.0350906	0.889718	0.942957	22.9308
646	-0.0334219	0.887718	0.945778	22.9502
647	-0.0324826	0.885759	0.948922	22.9698
648	-0.0339958	0.883744	0.952306	22.9895
649	-0.0335698	0.881749	0.956478	23.0093
650	-0.0332016	0.879773	0.958269	23.0292
651	-0.0312459	0.877876	0.958953	23.0491
652	-0.030462	0.876014	0.95912	23.0689
653	-0.031142	0.874128	0.956754	23.0887
654	-0.0338418	0.87214	0.959819	23.1086
655	-0.0348503	0.870116	0.959324	23.1284
656	-0.0361712	0.868045	0.955343	23.1481
657	-0.0361694	0.865977	0.955246	23.1677
658	-0.0368048	0.863888	0.956054	23.1874
659	-0.0367158	0.861806	0.959435	23.2071
660	-0.0377233	0.859689	0.956623	23.2268
661	-0.036958	0.857605	0.956017	23.2464
662	-0.0368963	0.855527	0.955891	23.266
663	-0.0384024	0.853394	0.95575	23.2855
664	-0.0388179	0.851249	0.953635	23.305
665	-0.0390697	0.849098	0.954194	23.3245
666	-0.0388455	0.846959	0.955415	23.344
667	-0.0380396	0.844856	0.955603	23.3635
668	-0.0369976	0.842796	0.955342	23.3829
669	-0.0382482	0.840691	0.952293	23.4023
670	-0.0395347	0.83854	0.953308	23.4216
671	-0.0388924	0.836417	0.951141	23.4409
672	-0.0384045	0.834317	0.954478	23.4603
673	-0.0391254	0.832193	0.956031	23.4797
674	-0.0383383	0.830103	0.956341	23.4991
675	-0.0384876	0.828011	0.955629	23.5184
676	-0.0393278	0.825889	0.956586	23.5378
677	-0.0395444	0.823763	0.953254	23.5571
678	-0.041003	0.821585	0.953146	23.5763
679	-0.0408338	0.819417	0.95569	23.5956
680	-0.041979	0.817208	0.955375	23.6149
681	-0.0429357	0.814967	0.956963	23.6342
682	-0.0424413	0.812748	0.958874	23.6536
683	-0.0425068	0.810531	0.960782	23.673
684	-0.0440459	0.808258	0.962215	23.6925
685	-0.0442022	0.805983	0.963229	23.712
686	-0.0444027	0.803704	0.959806	23.7313
687	-0.0424776	0.801503	0.958655	23.7506
688	-0.0417471	0.799332	0.960239	23.77
689	-0.0411516	0.797188	0.959473	23.7893
690	-0.0397849	0.7951	0.961058	23.8086
691	-0.0387606	0.793053	0.954779	23.8277
692	-0.0387183	0.791012	0.953425	23.8467
693	-0.0402796	0.788915	0.956698	23.8658
694	-0.0429959	0.786718	0.961762	23.8852
695	-0.0433624	0.784511	0.961213	23.9044
696	-0.0421482	0.782354	0.96393	23.9238
697	-0.0441713	0.780123	0.964101	23.9431
698	-0.0427392	0.77795	0.963409	23.9624
699	-0.0435928	0.775749	0.962507	23.9817
700	-0.0452171	0.77349	0.962299	24.0009
701	-0.045894	0.771208	0.964936	24.0202
702	-0.0443466	0.768989	0.967776	24.0396
703	-0.045336	0.766736	0.966266	24.059
704	-0.0454388	0.764483	0.967135	24.0783
705	-0.045611	0.762226	0.963844	24.0975
706	-0.0446717	0.760009	0.962297	24.1167
707	-0.0446502	0.757796	0.96359	24.1359
708	-0.0454373	0.755557	0.962057	24.155
709	-0.0464624	0.753283	0.961705	24.174
710	-0.0491506	0.750912	0.962294	24.1931
711	-0.049207	0.748542	0.960596	24.2121
712	-0.0482092	0.746214	0.962518	24.2312
713	-0.0474914	0.743916	0.964446	24.2503
714	-0.0465884	0.741655	0.96452	24.2694
715	-0.0463687	0.739406	0.961618	24.2884
716	-0.0483477	0.737086	0.963568	24.3074
717	-0.0503338	0.734697	0.965621	24.3265
718	-0.0483751	0.732383	0.968219	24.3457
719	-0.0492669	0.73004	0.967426	24.3649
720	-0.0473962	0.727771	0.968005	24.384
721	-0.045868	0.725561	0.969162	24.4032
722	-0.0450963	0.723384	0.970648	24.4224
723	-0.0458661	0.721182	0.969717	24.4416
724	-0.0485561	0.718883	0.973011	24.4608
725	-0.0490044	0.716571	0.975057	24.4802
726	-0.0482528	0.71429	0.976452	24.4995
727	-0.0468487	0.712065	0.978426	24.519
728	-0.0477683	0.709809	0.980589	24.5385
729	-0.0495881	0.707489	0.982773	24.558
730	-0.0490388	0.705193	0.984224	24.5776
731	-0.048453	0.702922	0.986844	24.5973
732	-0.0502886	0.700587	0.989859	24.6171
733	-0.0527338	0.698165	0.991532	24.6369
734	-0.0550568	0.695662	0.995104	24.6568
735	-0.0559457	0.693129	0.996869	24.6768
736	-0.0580538	0.690522	1.00164	24.697
737	-0.0583286	0.687909	1.00093	24.7171
738	-0.0559868	0.685386	1.00286	24.7372
739	-0.0571716	0.682823	1.00105	24.7573
740	-0.0576231	0.680247	1.00224	24.7774
741	-0.0557087	0.677746	0.99816	24.7973
742	-0.0564484	0.67522	0.999497	24.8173
743	-0.0588676	0.67261	0.99678	24.8372
744	-0.0583502	0.670023	0.998367	24.8571
745	-0.0580197	0.667452	1.00016	24.877
746	-0.057139	0.664916	1.00086	24.897
747	-0.0584925	0.662335	1.00103	24.9169
748	-0.0583869	0.659761	1.00083	24.9369
749	-0.0571316	0.657237	0.996444	24.9566
750	-0.0562173	0.65475	0.99554	24.9763
751	-0.0559308	0.652277	0.995648	24.996
752	-0.0555313	0.649822	0.994077	25.0156
753	-0.054629	0.647403	0.995084	25.0353
754	-0.0553564	0.644961	0.994727	25.0549
755	-0.057269	0.642454	0.995297	25.0745
756	-0.0581528	0.639918	0.990603	25.0939
757	-0.0575909	0.637406	0.991406	25.1134
758	-0.0558585	0.63496	0.992524	25.1329
759	-0.0557869	0.63252	0.994429	25.1524
760	-0.0563345	0.630064	0.994285	25.1719
761	-0.0563436	0.627612	0.993206	25.1914
762	-0.0555174	0.625192	0.993092	25.2108
763	-0.0559556	0.62276	0.989221	25.2301
764	-0.0551777	0.62036	0.989206	25.2494
765	-0.0551371	0.617965	0.989245	25.2686
766	-0.0566797	0.615517	0.991982	25.2879
767	-0.0566149	0.613075	0.993531	25.3073
768	-0.0573879	0.610609	0.994084	25.3267
769	-0.0589023	0.608091	0.994009	25.3461
770	-0.061258	0.605493	0.992555	25.3654
771	-0.0623758	0.602857	0.989698	25.3846
772	-0.0616233	0.600253	0.98955	25.4037
773	-0.0617262	0.597648	0.986369	25.4228
774	-0.0614347	0.595057	0.985257	25.4418
775	-0.0618209	0.592457	0.983324	25.4607
776	-0.062811	0.589824	0.981161	25.4795
777	-0.0618669	0.587229	0.981776	25.4983
778	-0.0616109	0.584646	0.980648	25.517
779	-0.0626315	0.58203	0.977891	25.5357
780	-0.0633793	0.579392	0.980064	25.5544
781	-0.0634945	0.576753	0.979951	25.5731
782	-0.0615604	0.574186	0.979281	25.5918
783	-0.061664	0.571619	0.979864	25.6104
784	-0.0615619	0.56906	0.982326	25.6292
785	-0.0615344	0.566505	0.982182	25.6479
786	-0.0633119	0.56389	0.984959	25.6667
787	-0.063466	0.561273	0.985932	25.6855
788	-0.0628249	0.558682	0.988764	25.7044
789	-0.0629351	0.556091	0.988798	25.7234
790	-0.0611873	0.553566	0.992315	25.7424
791	-0.0615741	0.55103	0.988767	25.7612
792	-0.0639131	0.548415	0.989116	25.7801
793	-0.0647304	0.545774	0.984632	25.7988
794	-0.0653289	0.543116	0.986199	25.8176
795	-0.0654574	0.540456	0.984603	25.8362
796	-0.0663071	0.53777	0.984985	25.8549
797	-0.0667332	0.535073	0.984428	25.8736
798	-0.0663513	0.532392	0.986737	25.8923
799	-0.0692514	0.529613	0.990439	25.9111
800	-0.0689682	0.526847	0.988426	25.9298
801	-0.0693099	0.524073	0.99119	25.9487
802	-0.0725325	0.521189	0.996427	25.9677
803	-0.0743368	0.518245	0.996906	25.9867
804	-0.0744406	0.515302	0.993335	26.0055
805	-0.0744512	0.512362	0.991853	26.0243
806	-0.0740981	0.509438	0.987148	26.0429
807	-0.0740603	0.506519	0.984202	26.0615
808	-0.0756104	0.503549	0.983765	26.0799
809	-0.0766919	0.500546	0.98436	26.0984
810	-0.0764319	0.497555	0.983651	26.1169
811	-0.0753805	0.494606	0.98325	26.1353
812	-0.0754269	0.491658	0.985137	26.1537
813	-0.0761048	0.48869	0.984176	26.1722
814	-0.0753884	0.485752	0.982971	26.1905
815	-0.0746077	0.482844	0.984855	26.209
816	-0.0747648	0.479935	0.98366	26.2273
817	-0.0727952	0.477098	0.984058	26.2457
818	-0.0727999	0.474265	0.984924	26.2641
819	-0.0718641	0.471468	0.983693	26.2824
820	-0.0710915	0.468701	0.980842	26.3006
821	-0.070455	0.465961	0.981732	26.3189
822	-0.071538	0.463186	0.980655	26.3371
823	-0.0740308	0.460327	0.982124	26.3553
824	-0.074516	0.457456	0.980004	26.3734
825	-0.0748383	0.454577	0.980301	26.3916
826	-0.075238	0.451688	0.980089	26.4097
827	-0.075052	0.448808	0.9797	26.4278
828	-0.0732954	0.445994	0.97913	26.4458
829	-0.0731024	0.44319	0.980762	26.4639
830	-0.0724301	0.440412	0.98082	26.482
831	-0.0745975	0.437563	0.984175	26.5002
832	-0.0747687	0.434712	0.981066	26.5183
833	-0.0721673	0.431954	0.981243	26.5364
834	-0.0723304	0.429194	0.981391	26.5545
835	-0.0713093	0.426472	0.981114	26.5725
836	-0.0714155	0.423751	0.97948	26.5905
837	-0.0718099	0.421019	0.981243	26.6085
838	-0.0713735	0.418306	0.98045	26.6265
839	-0.0711506	0.415604	0.979645	26.6444
840	-0.0709978	0.41291	0.979332	26.6624
841	-0.0686651	0.4103	0.98035	26.6803
842	-0.0695631	0.407663	0.981498	26.6983
843	-0.0711563	0.404973	0.98228	26.7163
844	-0.0714494	0.402277	0.982554	26.7342
845	-0.0709115	0.399603	0.982438	26.7522
846	-0.0718104	0.396902	0.98021	26.7701
847	-0.0707187	0.394241	0.977661	26.7879
848	-0.0706549	0.391585	0.976826	26.8056
849	-0.0706958	0.388932	0.978074	26.8234
850	-0.0717724	0.386245	0.978291	26.8412
851	-0.0727325	0.383528	0.979676	26.859
852	-0.070727	0.380883	0.979128	26.8767
853	-0.070142	0.378261	0.977786	26.8945
854	-0.068844	0.375687	0.9756	26.9121
855	-0.0699987	0.373077	0.975772	26.9297
856	-0.0692444	0.370496	0.977147	26.9474
857	-0.0668348	0.368	0.980186	26.9651
858	-0.0665801	0.365515	0.976452	26.9828
859	-0.0662246	0.363046	0.976214	27.0003
860	-0.0666183	0.360566	0.974085	27.0179
861	-0.0686019	0.358022	0.97405	27.0354
862	-0.0676882	0.355512	0.975749	27.0529
863	-0.0667047	0.353038	0.975778	27.0704
864	-0.066189	0.350585	0.974698	27.0879
865	-0.064175	0.348204	0.97619	27.1055
866	-0.065122	0.345793	0.978771	27.1231
867	-0.0660367	0.343353	0.981039	27.1407
868	-0.0643598	0.340974	0.984457	27.1585
869	-0.0649254	0.338578	0.981749	27.1762
870	-0.065522	0.336165	0.982199	27.1938
871	-0.0673818	0.333692	0.984965	27.2116
872	-0.0661583	0.331263	0.985075	27.2294
873	-0.0666205	0.328822	0.985176	27.2471
874	-0.0663898	0.326391	0.985802	27.2648
875	-0.0663183	0.323965	0.983724	27.2825
876	-0.0676974	0.321496	0.983767	27.3002
877	-0.0675312	0.319036	0.985371	27.3179
878	-0.068241	0.316554	0.983841	27.3355
879	-0.0682738	0.314074	0.983272	27.3531
880	-0.0686101	0.311586	0.984478	27.3708
881	-0.0686314	0.309099	0.985554	27.3884
882	-0.0687216	0.306613	0.98383	27.406
883	-0.0704381	0.304072	0.985444	27.4237
884	-0.0699884	0.301549	0.987631	27.4414
885	-0.0705304	0.299011	0.986702	27.459
886	-0.0722909	0.296417	0.98678	27.4767
887	-0.0728734	0.293806	0.987707	27.4943
888	-0.0729498	0.291195	0.985958	27.5119
889	-0.0711597	0.288648	0.986352	27.5295
890	-0.0701223	0.286138	0.987526	27.5472
891	-0.0696247	0.283648	0.98864	27.5648
892	-0.0680962	0.281212	0.990843	27.5825
893	-0.0662048	0.278842	0.987045	27.6001
894	-0.0666196	0.276461	0.986096	27.6176
895	-0.0664991	0.274086	0.987394	27.6352
896	-0.0669278	0.2717	0.987791	27.6528
897	-0.0667301	0.269323	0.986459	27.6703
898	-0.0681396	0.266902	0.984755	27.6878
899	-0.068797	0.264462	0.982121	27.7051
900	-0.0685765	0.262032	0.978935	27.7223
901	-0.0678315	0.25963	0.97553	27.7394
902	-0.0693233	0.257181	0.973943	27.7565
903	-0.0689651	0.254746	0.974901	27.7736
904	-0.0682159	0.252339	0.973047	27.7906
905	-0.0678715	0.249946	0.971872	27.8075
906	-0.0677618	0.24756	0.974095	27.8245
907	-0.0687247	0.245144	0.976068	27.8416
908	-0.0693238	0.242711	0.974268	27.8586
909	-0.0685452	0.240307	0.973883	27.8755
910	-0.0688332	0.237896	0.973503	27.8925
911	-0.0677468	0.235524	0.975517	27.9095
912	-0.0685982	0.233126	0.974975	27.9265
913	-0.0685143	0.230733	0.974161	27.9434
914	-0.0656639	0.228438	0.979001	27.9605
915	-0.0666998	0.226111	0.981071	27.9777
916	-0.067411	0.223762	0.981435	27.9948
917	-0.0688174	0.221371	0.98356	28.012
918	-0.0687181	0.218985	0.984569	28.0292
919	-0.0678694	0.216629	0.981649	28.0464
920	-0.0688407	0.214245	0.983137	28.0635
921	-0.0686583	0.211869	0.98119	28.0806
922	-0.0683725	0.209505	0.980347	28.0977
923	-0.0704204	0.207076	0.9832	28.1148
924	-0.0695398	0.204679	0.983763	28.132
925	-0.0694913	0.202286	0.982795	28.1491
926	-0.0704061	0.199866	0.984434	28.1662
927	-0.0703448	0.19745	0.98611	28.1834
928	-0.0698246	0.195055	0.987213	28.2006
929	-0.0687514	0.192697	0.987241	28.2178
930	-0.0687682	0.190341	0.984586	28.2349
931	-0.0701413	0.187942	0.98525	28.252
932	-0.0691043	0.185581	0.987082	28.2692
933	-0.0696342	0.183204	0.988841	28.2864
934	-0.0683903	0.180871	0.99047	28.3037
935	-0.0685305	0.178535	0.991905	28.321
936	-0.0671105	0.176249	0.989972	28.3382
937	-0.0667315	0.173977	0.989676	28.3554
938	-0.0661203	0.171728	0.987333	28.3725
939	-0.0664672	0.16947	0.987904	28.3897
940	-0.0658962	0.167233	0.987462	28.4068
941	-0.0639653	0.165061	0.988953	28.4239
942	-0.0637385	0.162899	0.988442	28.441
943	-0.0636254	0.160744	0.989012	28.4581
944	-0.0624013	0.15863	0.990953	28.4753
945	-0.0631892	0.156493	0.991209	28.4925
946	-0.061542	0.154411	0.98938	28.5096
947	-0.060598	0.152363	0.987425	28.5266
948	-0.0594595	0.150353	0.983531	28.5435
949	-0.0585012	0.148377	0.98263	28.5603
950	-0.056999	0.146452	0.984411	28.5772
951	-0.0567381	0.144537	0.985981	28.5942
952	-0.0562984	0.142639	0.987341	28.6112
953	-0.0557953	0.140759	0.989586	28.6282
954	-0.0548122	0.138912	0.991111	28.6453
955	-0.0556772	0.13704	0.991312	28.6624
956	-0.0542352	0.135216	0.988355	28.6793
957	-0.0540107	0.133401	0.985823	28.6962
958	-0.0539132	0.131592	0.985385	28.7131
959	-0.0523871	0.129833	0.981679	28.7298
960	-0.0522299	0.128082	0.980262	28.7464
961	-0.051949	0.126341	0.979939	28.7631
962	-0.0514153	0.12462	0.979015	28.7797
963	-0.0510845	0.122911	0.978066	28.7963
964	-0.0502065	0.121232	0.97517	28.8127
965	-0.0501282	0.119557	0.972783	28.8291
966	-0.050663	0.117867	0.971382	28.8455
967	-0.0509441	0.11617	0.969339	28.8617
968	-0.0500814	0.114502	0.968875	28.8779
969	-0.0503253	0.112828	0.968578	28.8941
970	-0.0503517	0.111155	0.966799	28.9103
971	-0.0506133	0.109475	0.965078	28.9264
972	-0.0502309	0.107809	0.962946	28.9424
973	-0.0495391	0.106167	0.961634	28.9583
974	-0.0485651	0.104558	0.961765	28.9743
975	-0.0494489	0.102923	0.962528	28.9902
976	-0.0511751	0.101234	0.963003	29.0062
977	-0.0501984	0.0995778	0.963702	29.0222
978	-0.0494089	0.0979487	0.96354	29.0381
979	-0.04965	0.0963135	0.963353	29.0541
980	-0.0486311	0.0947126	0.963531	29.07
981	-0.049848	0.0930745	0.963419	29.086
982	-0.0497404	0.0914415	0.960149	29.1018
983	-0.0499229	0.0898044	0.957462	29.1175
984	-0.0507735	0.0881419	0.957547	29.1333
985	-0.0511322	0.0864697	0.956159	29.1489
986	-0.0519108	0.0847744	0.954146	29.1645
987	-0.0516295	0.0830898	0.955588	29.1802
988	-0.0522326	0.0813878	0.956509	29.1958
989	-0.0520069	0.0796947	0.951304	29.2113
990	-0.0532212	0.0779647	0.950129	29.2268
991	-0.0536474	0.076223	0.951202	29.2422
992	-0.0537634	0.0744794	0.952043	29.2577
993	-0.0521547	0.0727885	0.951223	29.2732
994	-0.0508173	0.0711418	0.950827	29.2886
995	-0.0500701	0.0695204	0.950884	29.304
996	-0.0510228	0.0678704	0.947015	29.3193
997	-0.0528597	0.066164	0.946913	29.3346
998	-0.0542417	0.0644157	0.946286	29.3498
999	-0.0546698	0.0626555	0.947618	29.3651
1000	-0.0546079	0.0608991	0.947599	29.3804
1001	-0.0555305	0.0591154	0.942908	29.3955
1002	-0.0555897	0.0573315	0.942287	29.4106
1003	-0.055736	0.0555449	0.944547	29.4258
1004	-0.054637	0.0537946	0.947329	29.441
1005	-0.054781	0.0520416	0.947672	29.4563
1006	-0.0538521	0.0503196	0.946374	29.4715
1007	-0.0526811	0.0486362	0.946634	29.4866
1008	-0.0539681	0.046914	0.946808	29.5018
1009	-0.0532723	0.0452153	0.943952	29.5169
1010	-0.0527678	0.0435343	0.94446	29.532
1011	-0.0528861	0.0418511	0.944433	29.5471
1012	-0.0513357	0.0402183	0.944671	29.5622
1013	-0.0510691	0.0385956	0.941541	29.5772
1014	-0.0523128	0.0369354	0.941914	29.5922
1015	-0.0536217	0.0352358	0.942657	29.6072
1016	-0.0538069	0.033532	0.944376	29.6223
1017	-0.0533507	0.0318443	0.944751	29.6373
1018	-0.0541118	0.0301344	0.943716	29.6523
1019	-0.0547887	0.028405	0.944763	29.6674
1020	-0.0549962	0.0266707	0.946388	29.6825
1021	-0.0541946	0.0249633	0.944209	29.6975
1022	-0.0542343	0.0232563	0.943207	29.7124
1023	-0.0545797	0.0215402	0.944942	29.7275
1024	-0.0548892	0.019816	0.943379	29.7424
1025	-0.0553282	0.0180799	0.94301	29.7574
1026	-0.0553361	0.0163452	0.941266	29.7722
1027	-0.0564603	0.0145772	0.943023	29.7872
1028	-0.0582804	0.0127542	0.944458	29.8021
1029	-0.0579517	0.0109431	0.946022	29.8171
1030	-0.0588219	0.00910679	0.945275	29.8321
1031	-0.0577425	0.00730581	0.947407	29.8472
1032	-0.0579844	0.00549905	0.945379	29.8621
1033	-0.0587313	0.00367082	0.94726	29.8771
1034	-0.0592767	0.00182741	0.948098	29.8922
1035	-0.0577487	3.32351e-05	0.95106	29.9073
1036	-0.0589174	0.00179549	0.952437	29.9224
1037	-0.0589178	0.00362247	0.951395	29.9375
1038	-0.0594845	0.00546526	0.95043	29.9526
1039	-0.0608923	0.00734992	0.952887	29.9678
1040	-0.0630047	0.0092982	0.957022	29.983
1041	-0.0619929	0.0112133	0.959888	29.9984
1042	-0.062474	0.0131414	0.961592	30.0138
1043	-0.0625137	0.015069	0.960869	30.0291
1044	-0.0625355	0.0169953	0.961543	30.0445
1045	-0.0611063	0.0188757	0.96316	30.0599
1046	-0.0609723	0.0207501	0.961553	30.0753
1047	-0.061411	0.0226363	0.959565	30.0906
1048	-0.0608281	0.0245027	0.960552	30.1059
1049	-0.058938	0.0263091	0.963147	30.1213
1050	-0.0588077	0.0281097	0.961776	30.1366
1051	-0.0584212	0.0298967	0.961713	30.1519
1052	-0.0605224	0.0317467	0.963165	30.1673
1053	-0.0603974	0.0335912	0.9645	30.1827
1054	-0.0608658	0.0354483	0.964105	30.198
1055	-0.060269	0.0372853	0.964802	30.2134
1056	-0.0618013	0.0391676	0.964685	30.2288
1057	-0.0617687	0.0410472	0.963031	30.2441
1058	-0.0599644	0.0428697	0.965455	30.2595
1059	-0.0588941	0.0446575	0.966377	30.2749
1060	-0.0595955	0.0464652	0.967722	30.2903
1061	-0.0603151	0.0482933	0.968612	30.3058
1062	-0.0595074	0.0500949	0.969602	30.3213
1063	-0.0596512	0.0518993	0.967398	30.3367
1064	-0.0605683	0.05373	0.964867	30.352
1065	-0.0598262	0.0555364	0.964786	30.3673
1066	-0.0607081	0.057368	0.964307	30.3826
1067	-0.0609712	0.059206	0.961226	30.3978
1068	-0.0599547	0.0610112	0.961043	30.413
1069	-0.0588579	0.0627812	0.961717	30.4281
1070	-0.0592161	0.0645605	0.960932	30.4433
1071	-0.060384	0.0663738	0.958182	30.4584
1072	-0.0614249	0.0682172	0.958088	30.4734
1073	-0.0601949	0.0700214	0.958812	30.4885
1074	-0.0601589	0.0718228	0.958725	30.5035
1075	-0.0604746	0.0736322	0.959153	30.5186
1076	-0.0588312	0.0753899	0.961571	30.5337
1077	-0.0594536	0.0771649	0.961947	30.5489
1078	-0.0603318	0.078965	0.963823	30.564
1079	-0.0591004	0.080726	0.965633	30.5793
1080	-0.0587917	0.082476	0.967612	30.5946
1081	-0.0585448	0.0842169	0.968096	30.6098
1082	-0.0578189	0.0859342	0.968342	30.6251
1083	-0.0584312	0.0876685	0.968549	30.6404
1084	-0.0586321	0.0894073	0.966135	30.6556
1085	-0.0577304	0.0911172	0.967162	30.6709
1086	-0.057326	0.0928132	0.965299	30.686
1087	-0.0566557	0.0944874	0.959066	30.701
1088	-0.0560978	0.0961433	0.957762	30.7159
1089	-0.0570448	0.0978262	0.957776	30.7308
1090	-0.0579752	0.0995358	0.955871	30.7457
1091	-0.0576203	0.101233	0.955989	30.7605
1092	-0.0577389	0.102933	0.955063	30.7753
1093	-0.0569146	0.104605	0.955624	30.7902
1094	-0.0555747	0.106236	0.956625	30.805
1095	-0.0557675	0.107872	0.958329	30.8199
1096	-0.055846	0.109508	0.959022	30.8348
1097	-0.0550781	0.11112	0.958538	30.8497
1098	-0.0538945	0.112694	0.957977	30.8646
1099	-0.0540579	0.114272	0.958102	30.8794
1100	-0.0540161	0.115847	0.955469	30.8942
1101	-0.0547275	0.117443	0.955468	30.9089
1102	-0.0546063	0.119033	0.956508	30.9237
1103	-0.0547179	0.120625	0.957649	30.9385
1104	-0.0552726	0.122233	0.958725	30.9534
1105	-0.0547903	0.123824	0.959707	30.9682
1106	-0.0534323	0.125373	0.959461	30.9831
1107	-0.053473	0.126923	0.959782	30.9979
1108	-0.0529583	0.128455	0.957245	31.0127
1109	-0.0532441	0.129995	0.956647	31.0274
1110	-0.0549337	0.131583	0.957779	31.0422
1111	-0.0539162	0.13314	0.957696	31.057
1112	-0.0545281	0.134714	0.956246	31.0717
1113	-0.0557793	0.136324	0.954334	31.0863
1114	-0.0561459	0.137944	0.952799	31.1009
1115	-0.0561085	0.139561	0.954451	31.1155
1116	-0.0552153	0.14115	0.955286	31.1302
1117	-0.0561312	0.142765	0.956224	31.1449
1118	-0.0568418	0.1444	0.957655	31.1596
1119	-0.057371	0.146049	0.958718	31.1743
1120	-0.0569433	0.147684	0.959064	31.189
1121	-0.0589423	0.149377	0.962836	31.2039
1122	-0.0602645	0.151108	0.965495	31.2188
1123	-0.0592414	0.152807	0.962251	31.2336
1124	-0.0588779	0.154494	0.958487	31.2483
1125	-0.059538	0.156199	0.958159	31.263
1126	-0.0599686	0.157915	0.958713	31.2777
1127	-0.0604292	0.159643	0.957255	31.2923
1128	-0.0603522	0.161368	0.955618	31.3069
1129	-0.0600354	0.163082	0.956631	31.3215
1130	-0.0599576	0.164792	0.957838	31.3361
1131	-0.0597188	0.166493	0.958737	31.3508
1132	-0.0584711	0.168156	0.957329	31.3654
1133	-0.0573096	0.169783	0.957599	31.38
1134	-0.0578322	0.171424	0.957384	31.3946
1135	-0.0591416	0.173103	0.958044	31.4092
1136	-0.0580301	0.174747	0.958047	31.4238
1137	-0.0563966	0.176341	0.95936	31.4384
1138	-0.0573401	0.177962	0.960215	31.453
1139	-0.0564494	0.179555	0.960523	31.4677
1140	-0.0563109	0.181143	0.960745	31.4823
1141	-0.0569255	0.182748	0.959224	31.4969
1142	-0.0570626	0.184355	0.956191	31.5114
1143	-0.05596	0.185928	0.955995	31.5259
1144	-0.0555094	0.187487	0.956502	31.5404
1145	-0.0561113	0.189062	0.957659	31.5549
1146	-0.0569835	0.190661	0.959655	31.5695
1147	-0.0576443	0.192279	0.960695	31.5841
1148	-0.0580323	0.193906	0.955842	31.5986
1149	-0.058259	0.195539	0.951794	31.6129
1150	-0.0584615	0.197177	0.949481	31.6271
1151	-0.0573659	0.198781	0.950862	31.6414
1152	-0.0547972	0.200308	0.955271	31.6558
1153	-0.0549231	0.201837	0.954878	31.6702
1154	-0.0538425	0.203333	0.954906	31.6846
1155	-0.0536749	0.204823	0.954164	31.699
1156	-0.0537693	0.206315	0.95405	31.7133
1157	-0.0544755	0.207826	0.955836	31.7277
1158	-0.0545544	0.209338	0.956076	31.7421
1159	-0.0535519	0.21082	0.953791	31.7564
1160	-0.0522867	0.212263	0.955287	31.7708
1161	-0.0524313	0.213709	0.95376	31.7851
1162	-0.052947	0.215169	0.951359	31.7993
1163	-0.0539209	0.216657	0.953509	31.8136
1164	-0.0547461	0.218167	0.950986	31.8278
1165	-0.056577	0.21973	0.953186	31.8421
1166	-0.0564079	0.221286	0.954038	31.8563
1167	-0.0564886	0.222844	0.955715	31.8707
1168	-0.0560248	0.224386	0.956405	31.885
1169	-0.0547094	0.225889	0.958602	31.8994
1170	-0.0556703	0.227419	0.961086	31.9139
1171	-0.0552619	0.228935	0.959815	31.9283
1172	-0.0555914	0.23046	0.956996	31.9426
1173	-0.0571579	0.23203	0.954866	31.9569
1174	-0.0567831	0.233587	0.953491	31.9711
1175	-0.0549171	0.235088	0.956213	31.9854
1176	-0.0545073	0.236577	0.957639	31.9997
1177	-0.0545921	0.238066	0.958653	32.014
1178	-0.055674	0.239586	0.957175	32.0283
1179	-0.0552002	0.241091	0.957662	32.0426
1180	-0.0547469	0.242581	0.958684	32.057
1181	-0.0554169	0.24409	0.959335	32.0713
1182	-0.0560214	0.245615	0.959589	32.0856
1183	-0.0563324	0.247148	0.959617	32.1
1184	-0.0553278	0.24865	0.959602	32.1143
1185	-0.0569631	0.250199	0.960445	32.1287
1186	-0.0570461	0.251748	0.960679	32.143
1187	-0.0570469	0.253297	0.961095	32.1574
1188	-0.0574228	0.254855	0.962967	32.1718
1189	-0.0580085	0.256429	0.963418	32.1862
1190	-0.0585296	0.258017	0.961895	32.2005
1191	-0.0592564	0.259624	0.96267	32.2149
1192	-0.0582702	0.261202	0.96231	32.2292
1193	-0.0581755	0.262775	0.963694	32.2436
1194	-0.0586243	0.264361	0.965644	32.2581
1195	-0.0587435	0.265948	0.966551	32.2725
1196	-0.0573152	0.267493	0.967758	32.287
1197	-0.0571345	0.269031	0.968404	32.3015
1198	-0.0582694	0.270601	0.968419	32.316
1199	-0.0582746	0.27217	0.968574	32.3305
1200	-0.0578081	0.273724	0.96826	32.345
1201	-0.0584012	0.275294	0.970057	32.3595
1202	-0.0593229	0.27689	0.970789	32.374
1203	-0.0585408	0.278461	0.971763	32.3886
1204	-0.0579108	0.280013	0.971426	32.4031
1205	-0.0577038	0.281558	0.971182	32.4177
1206	-0.0579056	0.283108	0.971133	32.4322
1207	-0.0576285	0.284648	0.972914	32.4468
1208	-0.0587931	0.28622	0.975163	32.4614
1209	-0.0596389	0.287816	0.976652	32.476
1210	-0.0604792	0.289434	0.976965	32.4907
1211	-0.0610238	0.291067	0.976444	32.5053
1212	-0.0607635	0.292691	0.976558	32.52
1213	-0.0603972	0.294304	0.977439	32.5346
1214	-0.060254	0.29591	0.977734	32.5493
1215	-0.0619952	0.297566	0.980744	32.564
1216	-0.0616853	0.299211	0.981821	32.5788
1217	-0.0609104	0.300833	0.982962	32.5936
1218	-0.0601603	0.302432	0.984913	32.6084
1219	-0.0600791	0.304028	0.9867	32.6233
1220	-0.0599636	0.305619	0.987601	32.6382
1221	-0.0588851	0.307177	0.989661	32.6532
1222	-0.0576571	0.3087	0.991105	32.6681
1223	-0.0572992	0.310211	0.990552	32.6831
1224	-0.0579087	0.311738	0.990059	32.6981
1225	-0.0570833	0.313241	0.991171	32.713
1226	-0.0565053	0.314726	0.992351	32.728
1227	-0.0560306	0.316196	0.993563	32.743
1228	-0.0560185	0.317665	0.991302	32.758
1229	-0.0563782	0.319143	0.990525	32.7729
1230	-0.0565749	0.320625	0.99072	32.7878
1231	-0.0562959	0.322098	0.990697	32.8028
1232	-0.0555793	0.32355	0.99075	32.8177
1233	-0.055374	0.324994	0.989194	32.8325
1234	-0.054442	0.326411	0.988438	32.8474
1235	-0.0527283	0.327779	0.989666	32.8622
1236	-0.052528	0.329139	0.988069	32.877
1237	-0.0532582	0.330519	0.987484	32.8918
1238	-0.0526563	0.331881	0.989484	32.9066
1239	-0.0534524	0.333265	0.990225	32.9215
1240	-0.0529748	0.334634	0.990376	32.9363
1241	-0.0540038	0.336031	0.990429	32.9512
1242	-0.0533131	0.337407	0.991348	32.966
1243	-0.0543018	0.338811	0.993114	32.9809
1244	-0.0548997	0.34023	0.993306	32.9958
1245	-0.0550043	0.341651	0.991301	33.0107
1246	-0.0550288	0.343072	0.993005	33.0256
1247	-0.0558374	0.344515	0.993711	33.0405
1248	-0.0563442	0.345971	0.995364	33.0554
1249	-0.0561083	0.347419	0.99688	33.0704
1250	-0.0559175	0.34886	0.997295	33.0853
1251	-0.0556421	0.350293	0.99517	33.1002
1252	-0.0554888	0.35172	0.992797	33.1151
1253	-0.0551029	0.353135	0.99161	33.1299
1254	-0.0547491	0.35454	0.991712	33.1447
1255	-0.0541651	0.355926	0.990775	33.1594
1256	-0.0543122	0.357316	0.989602	33.1741
1257	-0.0546928	0.358716	0.987812	33.1888
1258	-0.0546158	0.360112	0.987918	33.2035
1259	-0.0549114	0.361515	0.987931	33.2181
1260	-0.0542471	0.362899	0.986251	33.2327
1261	-0.0548442	0.364299	0.985034	33.2473
1262	-0.0553066	0.36571	0.982244	33.2618
1263	-0.0552719	0.36712	0.982916	33.2762
1264	-0.054923	0.368518	0.982352	33.2907
1265	-0.0547465	0.369911	0.98249	33.3052
1266	-0.0542759	0.371289	0.984061	33.3197
1267	-0.0541774	0.372664	0.98328	33.3341
1268	-0.0531599	0.374009	0.984835	33.3486
1269	-0.052207	0.375326	0.985577	33.3632
1270	-0.0528344	0.37666	0.98588	33.3777
1271	-0.0532889	0.378005	0.985851	33.3922
1272	-0.052466	0.379327	0.987057	33.4068
1273	-0.052813	0.380657	0.987281	33.4213
1274	-0.0521318	0.381967	0.986278	33.4358
1275	-0.0510059	0.383245	0.987272	33.4503
1276	-0.0512471	0.384529	0.985733	33.4648
1277	-0.0521964	0.385838	0.985095	33.4793
1278	-0.052066	0.387142	0.984091	33.4937
1279	-0.051958	0.388443	0.982702	33.5081
1280	-0.050955	0.389714	0.982194	33.5225
1281	-0.051511	0.391001	0.981864	33.5368
1282	-0.0522344	0.392306	0.981906	33.5511
1283	-0.0517933	0.393598	0.980681	33.5654
1284	-0.0504236	0.394851	0.981809	33.5798
1285	-0.0496792	0.396083	0.981554	33.5941
1286	-0.0496603	0.397313	0.981449	33.6084
1287	-0.0493198	0.398532	0.977916	33.6226
1288	-0.0487997	0.399736	0.977963	33.6368
1289	-0.0484799	0.400931	0.977911	33.651
1290	-0.0484781	0.402124	0.979368	33.6652
1291	-0.0488993	0.403329	0.980574	33.6794
1292	-0.0491529	0.404539	0.980582	33.6937
1293	-0.0494802	0.405758	0.979618	33.7079
1294	-0.0501158	0.406993	0.978626	33.7221
1295	-0.0488908	0.408194	0.980362	33.7363
1296	-0.0473892	0.409352	0.97662	33.7504
1297	-0.0459047	0.410468	0.976516	33.7645
1298	-0.0459937	0.411586	0.975969	33.7786
1299	-0.0460072	0.412703	0.975371	33.7926
1300	-0.0454737	0.413805	0.976974	33.8067
1301	-0.0461094	0.414923	0.976642	33.8208
1302	-0.0463268	0.416047	0.976502	33.8349
1303	-0.046071	0.417163	0.977394	33.849
1304	-0.0464372	0.418288	0.977791	33.8631
1305	-0.0457389	0.419393	0.977952	33.8772
1306	-0.0458604	0.420501	0.978144	33.8913
1307	-0.0455876	0.421601	0.97841	33.9053
1308	-0.0461469	0.422715	0.980017	33.9195
1309	-0.0464513	0.423836	0.980302	33.9336
1310	-0.0464595	0.424957	0.981067	33.9478
1311	-0.0470904	0.426095	0.979983	33.9619
1312	-0.0473052	0.427238	0.981045	33.976
1313	-0.0463567	0.428354	0.982047	33.9902
1314	-0.0452818	0.429439	0.98279	34.0044
1315	-0.0441851	0.430494	0.982499	34.0185
1316	-0.0431985	0.43152	0.981687	34.0326
1317	-0.0430301	0.432541	0.979032	34.0467
1318	-0.0428317	0.433556	0.978166	34.0607
1319	-0.0424762	0.434561	0.978354	34.0748
1320	-0.0422915	0.43556	0.979198	34.0888
1321	-0.0415508	0.436538	0.980325	34.1029
1322	-0.0405103	0.437486	0.9812	34.1169
1323	-0.0402662	0.438427	0.980332	34.131
1324	-0.0403872	0.439371	0.974548	34.1449
1325	-0.040689	0.440322	0.973332	34.1587
1326	-0.0408361	0.441277	0.97371	34.1726
1327	-0.0410935	0.442238	0.973259	34.1864
1328	-0.0408576	0.443192	0.973273	34.2003
1329	-0.0400176	0.444123	0.974477	34.2141
1330	-0.0394563	0.445037	0.975127	34.228
1331	-0.040449	0.445978	0.975635	34.2419
1332	-0.0400666	0.446908	0.973537	34.2557
1333	-0.0405823	0.447851	0.973133	34.2695
1334	-0.0409319	0.448803	0.973363	34.2833
1335	-0.0414591	0.449769	0.972134	34.2971
1336	-0.0406646	0.450713	0.973031	34.3108
1337	-0.0411083	0.451668	0.971212	34.3246
1338	-0.0413332	0.452628	0.969839	34.3383
1339	-0.0413783	0.453589	0.970371	34.352
1340	-0.0422998	0.454575	0.969476	34.3656
1341	-0.0430192	0.45558	0.969867	34.3793
1342	-0.0443568	0.45662	0.969584	34.3929
1343	-0.0435121	0.457637	0.971177	34.4066
1344	-0.044543	0.458681	0.970606	34.4203
1345	-0.0448757	0.459733	0.971596	34.434
1346	-0.0446588	0.460779	0.971753	34.4477
1347	-0.0446737	0.461825	0.969949	34.4613
1348	-0.0445627	0.462866	0.970999	34.475
1349	-0.0449216	0.463917	0.972447	34.4887
1350	-0.0458492	0.464993	0.972876	34.5024
1351	-0.0471091	0.466101	0.97489	34.5161
1352	-0.0471016	0.467209	0.9751	34.5299
1353	-0.0474053	0.468325	0.975718	34.5437
1354	-0.0467506	0.469422	0.975948	34.5574
1355	-0.0470997	0.470527	0.97733	34.5712
1356	-0.0469055	0.471627	0.975762	34.585
1357	-0.0470044	0.472728	0.974006	34.5987
1358	-0.0471136	0.473832	0.975084	34.6124
1359	-0.0466479	0.474922	0.976818	34.6261
1360	-0.0462377	0.476001	0.978475	34.6399
1361	-0.0457782	0.477066	0.978041	34.6537
1362	-0.0464822	0.47815	0.975878	34.6674
1363	-0.0445011	0.479179	0.977198	34.6812
1364	-0.0439235	0.480192	0.975812	34.6949
1365	-0.0443274	0.481215	0.975547	34.7086
1366	-0.0456883	0.482275	0.975285	34.7223
1367	-0.0467452	0.483362	0.975008	34.7359
1368	-0.0470919	0.484458	0.972652	34.7495
1369	-0.0474648	0.485563	0.971361	34.7631
1370	-0.0465188	0.486642	0.971541	34.7766
1371	-0.0459565	0.487705	0.972794	34.7902
1372	-0.0458957	0.488765	0.973586	34.8038
1373	-0.0447405	0.489794	0.975274	34.8175
1374	-0.0449088	0.490827	0.973797	34.8311
1375	-0.0439436	0.491833	0.975059	34.8447
1376	-0.0437718	0.492834	0.976179	34.8584
1377	-0.044079	0.493842	0.976299	34.872
1378	-0.0437687	0.494841	0.976396	34.8856
1379	-0.0434809	0.495832	0.977901	34.8993
1380	-0.0429185	0.496807	0.978709	34.913
1381	-0.0438365	0.497806	0.979472	34.9267
1382	-0.0435767	0.498798	0.980128	34.9405
1383	-0.0435253	0.499787	0.980071	34.9542
1384	-0.0437682	0.500782	0.979258	34.9679
1385	-0.0433563	0.501766	0.979977	34.9816
1386	-0.044385	0.502776	0.980277	34.9953
1387	-0.0457319	0.503823	0.98201	35.009
1388	-0.0457194	0.504868	0.98192	35.0228
1389	-0.0456141	0.505909	0.983232	35.0366
1390	-0.0446866	0.506925	0.983903	35.0503
1391	-0.0449683	0.507948	0.985183	35.0641
1392	-0.044488	0.508957	0.985574	35.078
1393	-0.0442624	0.50996	0.984309	35.0917
1394	-0.0461053	0.511011	0.986003	35.1056
1395	-0.0465753	0.512074	0.986323	35.1194
1396	-0.046363	0.513131	0.98662	35.1332
1397	-0.047272	0.514212	0.987342	35.1471
1398	-0.0464279	0.515269	0.986518	35.1609
1399	-0.0457732	0.516308	0.984741	35.1746
1400	-0.0445608	0.517314	0.984488	35.1884
1401	-0.0444022	0.518315	0.982291	35.202
1402	-0.0445748	0.51932	0.981041	35.2157
1403	-0.0447263	0.520328	0.981139	35.2293
1404	-0.0445045	0.52133	0.980713	35.243
1405	-0.0447751	0.522338	0.979665	35.2565
1406	-0.0450097	0.523352	0.980672	35.2702
1407	-0.0441348	0.524342	0.979333	35.2837
1408	-0.043311	0.52531	0.979463	35.2973
1409	-0.0435068	0.526282	0.978433	35.3108
1410	-0.0446969	0.527285	0.980081	35.3244
1411	-0.0439561	0.528268	0.980248	35.338
1412	-0.0429434	0.529223	0.978972	35.3515
1413	-0.0415724	0.530141	0.976059	35.365
1414	-0.0412428	0.53105	0.976047	35.3784
1415	-0.0417594	0.531972	0.973735	35.3918
1416	-0.0422089	0.532905	0.974633	35.4052
1417	-0.0422402	0.533838	0.975719	35.4186
1418	-0.0423458	0.534774	0.974174	35.432
1419	-0.0417816	0.535694	0.973613	35.4454
1420	-0.0411788	0.536598	0.971573	35.4587
1421	-0.040351	0.537479	0.971598	35.472
1422	-0.040246	0.538357	0.971794	35.4853
1423	-0.0394321	0.539212	0.973122	35.4986
1424	-0.0402011	0.540088	0.973665	35.5119
1425	-0.0408255	0.540979	0.974211	35.5253
1426	-0.0400449	0.54185	0.975248	35.5386
1427	-0.0401477	0.542722	0.975155	35.552
1428	-0.0404958	0.543603	0.974828	35.5653
1429	-0.040203	0.544476	0.976342	35.5787
1430	-0.0396627	0.545334	0.977681	35.5921
1431	-0.0397437	0.546194	0.977099	35.6055
1432	-0.0391936	0.547038	0.978354	35.6189
1433	-0.0392745	0.547884	0.978202	35.6324
1434	-0.0384709	0.548709	0.978562	35.6458
1435	-0.0384442	0.549532	0.979343	35.6592
1436	-0.037788	0.550337	0.978807	35.6726
1437	-0.0378826	0.551145	0.977874	35.686
1438	-0.0373743	0.551938	0.976958	35.6993
1439	-0.0374762	0.552734	0.977515	35.7127
1440	-0.0372241	0.553522	0.977085	35.726
1441	-0.0362669	0.554285	0.979184	35.7394
1442	-0.0361578	0.555045	0.980062	35.7529
1443	-0.0363568	0.555809	0.980439	35.7663
1444	-0.0358357	0.556559	0.98115	35.7797
1445	-0.0357285	0.557306	0.982219	35.7932
1446	-0.035489	0.558046	0.981806	35.8066
1447	-0.0350363	0.558774	0.979963	35.82
1448	-0.0354056	0.559511	0.980096	35.8334
1449	-0.0355956	0.560253	0.979829	35.8467
1450	-0.0362629	0.561012	0.979374	35.8601
1451	-0.0352863	0.561744	0.978352	35.8734
1452	-0.033937	0.562441	0.978075	35.8867
1453	-0.0354089	0.563176	0.976517	35.9
1454	-0.0370215	0.563953	0.977297	35.9133
1455	-0.0378962	0.564752	0.974371	35.9265
1456	-0.0391179	0.565583	0.972785	35.9396
1457	-0.0380475	0.566385	0.973584	35.9528
1458	-0.0376129	0.567175	0.973662	35.966
1459	-0.0380985	0.567978	0.971689	35.9791
1460	-0.0396579	0.568821	0.972555	35.9922
1461	-0.0400794	0.569674	0.972564	36.0053
1462	-0.0411765	0.570556	0.973185	36.0185
1463	-0.041208	0.571438	0.972719	36.0316
1464	-0.0414591	0.572326	0.973589	36.0447
1465	-0.0403295	0.573183	0.974411	36.0579
1466	-0.0401563	0.574036	0.974269	36.071
1467	-0.0408751	0.574907	0.974408	36.0842
1468	-0.0406204	0.575771	0.97362	36.0973
1469	-0.0407132	0.576637	0.9721	36.1104
1470	-0.040655	0.577501	0.970477	36.1234
1471	-0.040321	0.578355	0.968495	36.1364
1472	-0.0398679	0.579197	0.968601	36.1493
1473	-0.0398352	0.580038	0.968455	36.1623
1474	-0.0395647	0.580872	0.966751	36.1752
1475	-0.0395575	0.581704	0.966104	36.1881
1476	-0.0389716	0.582521	0.965645	36.201
1477	-0.037597	0.583302	0.966151	36.2138
1478	-0.0369255	0.584064	0.961405	36.2266
1479	-0.0376604	0.584846	0.960587	36.2393
1480	-0.0376245	0.585626	0.96103	36.2521
1481	-0.0384774	0.586428	0.962917	36.2648
1482	-0.0388743	0.587239	0.963834	36.2776
1483	-0.0389237	0.588051	0.963597	36.2904
1484	-0.0395094	0.588878	0.964382	36.3032
1485	-0.0401989	0.589723	0.965243	36.3161
1486	-0.0408333	0.590583	0.965819	36.3289
1487	-0.0400983	0.591424	0.965652	36.3417
1488	-0.039578	0.592251	0.967037	36.3546
1489	-0.0388918	0.593059	0.967319	36.3674
1490	-0.0380476	0.593846	0.968318	36.3803
1491	-0.0380471	0.594631	0.967527	36.3932
1492	-0.0378248	0.595411	0.968629	36.406
1493	-0.0368991	0.596166	0.969798	36.4189
1494	-0.0374953	0.596936	0.970094	36.4319
1495	-0.0366987	0.597685	0.970675	36.4448
1496	-0.0356636	0.598407	0.969639	36.4577
1497	-0.0350307	0.599112	0.969476	36.4705
1498	-0.0340885	0.599793	0.97122	36.4835
1499	-0.0341068	0.600473	0.971135	36.4964
1500	-0.033398	0.601135	0.97088	36.5093
1501	-0.0337961	0.601807	0.969467	36.5221
1502	-0.0338501	0.60248	0.969728	36.535
1503	-0.0337853	0.60315	0.968542	36.5478
1504	-0.0337355	0.603819	0.969238	36.5606
1505	-0.0338766	0.604492	0.968161	36.5735
1506	-0.0342154	0.605172	0.969517	36.5863
1507	-0.034391	0.605857	0.969323	36.5991
1508	-0.0339754	0.606531	0.970371	36.612
1509	-0.034169	0.607209	0.971191	36.6248
1510	-0.0338787	0.607879	0.972303	36.6377
1511	-0.0339101	0.60855	0.973544	36.6507
1512	-0.0339048	0.609221	0.97415	36.6636
1513	-0.0338851	0.60989	0.975171	36.6765
1514	-0.0338214	0.610558	0.974458	36.6895
1515	-0.0338373	0.611225	0.974009	36.7024
1516	-0.034481	0.611909	0.975494	36.7153
1517	-0.0349483	0.612604	0.975706	36.7283
1518	-0.0352042	0.613305	0.975584	36.7412
1519	-0.0352601	0.614008	0.974395	36.7541
1520	-0.0354235	0.614714	0.975346	36.767
1521	-0.035349	0.615418	0.976554	36.78
1522	-0.0356139	0.616128	0.977846	36.793
1523	-0.0370472	0.616875	0.980242	36.806
1524	-0.0366757	0.617612	0.979976	36.819
1525	-0.0377253	0.618375	0.981645	36.8321
1526	-0.0381761	0.619149	0.983069	36.8452
1527	-0.0378151	0.619914	0.983468	36.8583
1528	-0.0378488	0.620679	0.982941	36.8714
1529	-0.037233	0.621428	0.983646	36.8845
1530	-0.0366026	0.62216	0.982762	36.8975
1531	-0.0367488	0.622895	0.982794	36.9106
1532	-0.0366664	0.623629	0.98283	36.9237
1533	-0.0369905	0.62437	0.982412	36.9367
1534	-0.0372719	0.625117	0.982412	36.9497
1535	-0.0373497	0.625867	0.981477	36.9628
1536	-0.0376535	0.626623	0.980401	36.9757
1537	-0.0363922	0.627347	0.982502	36.9888
1538	-0.036907	0.628084	0.983628	37.0018
1539	-0.0374881	0.628835	0.983299	37.0149
1540	-0.0373045	0.629581	0.983467	37.0279
1541	-0.0370223	0.63032	0.981606	37.0409
1542	-0.0367078	0.63105	0.982088	37.0539
1543	-0.036987	0.631786	0.982649	37.0669
1544	-0.0379355	0.632547	0.982594	37.0799
1545	-0.0393275	0.633342	0.98322	37.0929
1546	-0.0394518	0.63414	0.983853	37.1059
1547	-0.0397963	0.634947	0.981871	37.1189
1548	-0.0395661	0.635747	0.98154	37.1319
1549	-0.0394258	0.636543	0.982439	37.1448
1550	-0.0397546	0.637347	0.980724	37.1578
1551	-0.0396357	0.638148	0.97704	37.1706
1552	-0.0379504	0.638905	0.97618	37.1834
1553	-0.0382228	0.639669	0.977325	37.1962
1554	-0.0378343	0.640422	0.976327	37.209
1555	-0.0384324	0.641191	0.977401	37.2218
1556	-0.0386574	0.641964	0.977454	37.2346
1557	-0.0380792	0.642723	0.978378	37.2475
1558	-0.0372571	0.64346	0.978852	37.2603
1559	-0.0378338	0.644211	0.979532	37.2732
1560	-0.038601	0.644982	0.97889	37.286
1561	-0.0385103	0.64575	0.978266	37.2988
1562	-0.038779	0.646524	0.976328	37.3116
1563	-0.0395102	0.647316	0.976451	37.3243
1564	-0.0395119	0.648108	0.975695	37.3371
1565	-0.038977	0.648885	0.974843	37.3498
1566	-0.0386576	0.649655	0.972916	37.3625
1567	-0.0396045	0.650447	0.972494	37.3751
1568	-0.0408293	0.651271	0.973257	37.3878
1569	-0.0402286	0.652078	0.973687	37.4004
1570	-0.0396411	0.652871	0.972772	37.4131
1571	-0.0391236	0.65365	0.972738	37.4257
1572	-0.038703	0.654418	0.973025	37.4383
1573	-0.0393718	0.655202	0.973239	37.451
1574	-0.0393972	0.655986	0.97301	37.4636
1575	-0.0388505	0.656757	0.971913	37.4762
1576	-0.0389903	0.65753	0.971892	37.4888
1577	-0.0387726	0.658297	0.971264	37.5013
1578	-0.0392996	0.659078	0.97128	37.5139
1579	-0.0387941	0.659845	0.971466	37.5265
1580	-0.038821	0.660612	0.971009	37.539
1581	-0.0394772	0.661396	0.969847	37.5515
1582	-0.0399706	0.662191	0.969958	37.5641
1583	-0.0392338	0.662968	0.968752	37.5765
1584	-0.0389058	0.663736	0.969181	37.589
1585	-0.0374476	0.664467	0.970886	37.6015
1586	-0.0364342	0.665172	0.972712	37.6141
1587	-0.0365872	0.66588	0.973087	37.6267
1588	-0.0367805	0.666593	0.973743	37.6393
1589	-0.0361996	0.667291	0.973022	37.6518
1590	-0.0365721	0.667998	0.97153	37.6644
1591	-0.037076	0.668718	0.968067	37.6768
1592	-0.0355061	0.669397	0.967525	37.6892
1593	-0.0351492	0.670067	0.965255	37.7016
1594	-0.0352416	0.670739	0.961808	37.7138
1595	-0.0350354	0.671406	0.957942	37.726
1596	-0.0347703	0.672066	0.957523	37.7381
1597	-0.0352653	0.672738	0.956419	37.7502
1598	-0.0354212	0.673413	0.955994	37.7623
1599	-0.0347293	0.67407	0.955247	37.7744
1600	-0.0343503	0.674718	0.954614	37.7865
1601	-0.0342255	0.675363	0.955384	37.7986
1602	-0.0344224	0.676012	0.955085	37.8106
1603	-0.0341956	0.676654	0.954793	37.8227
1604	-0.034126	0.677295	0.954652	37.8347
1605	-0.0344827	0.677945	0.954411	37.8468
1606	-0.0342612	0.678588	0.954912	37.8588
1607	-0.0347662	0.679244	0.954472	37.8708
1608	-0.034045	0.679882	0.955802	37.8829
1609	-0.0335289	0.680506	0.956052	37.8949
1610	-0.033576	0.681131	0.955968	37.907
1611	-0.0339545	0.681765	0.956102	37.9191
1612	-0.0335765	0.68239	0.956728	37.9311
1613	-0.0340627	0.683026	0.957568	37.9432
1614	-0.0336699	0.683652	0.958313	37.9553
1615	-0.0335645	0.684276	0.959156	37.9674
1616	-0.0348626	0.684931	0.961655	37.9796
1617	-0.0342195	0.68557	0.962059	37.9918
1618	-0.0336514	0.686194	0.961679	38.0039
1619	-0.0338747	0.686824	0.959473	38.016
1620	-0.0338936	0.687454	0.958507	38.0281
1621	-0.0340534	0.688087	0.958109	38.0402
1622	-0.0342861	0.688726	0.957809	38.0522
1623	-0.0348687	0.689379	0.957106	38.0643
1624	-0.0350224	0.690036	0.95605	38.0763
1625	-0.0340014	0.690667	0.956611	38.0883
1626	-0.0334853	0.691284	0.956627	38.1003
1627	-0.0334814	0.691902	0.956134	38.1123
1628	-0.0342148	0.692537	0.957412	38.1243
1629	-0.0339739	0.693166	0.958679	38.1364
1630	-0.0335367	0.693783	0.958456	38.1484
1631	-0.032906	0.694385	0.958598	38.1604
1632	-0.0330966	0.694992	0.958554	38.1725
1633	-0.0325408	0.695584	0.956759	38.1845
1634	-0.033368	0.696196	0.957986	38.1965
1635	-0.0340044	0.696824	0.959041	38.2085
1636	-0.0347088	0.697469	0.958686	38.2205
1637	-0.0351881	0.698125	0.957728	38.2325
1638	-0.0355289	0.69879	0.95584	38.2445
1639	-0.0349421	0.699439	0.955361	38.2564
1640	-0.0350313	0.700091	0.955196	38.2683
1641	-0.0347681	0.700735	0.956872	38.2803
1642	-0.0352947	0.701393	0.957863	38.2923
1643	-0.0357822	0.702062	0.957836	38.3042
1644	-0.0356756	0.702728	0.956266	38.3162
1645	-0.0362076	0.703406	0.955812	38.3281
1646	-0.0366025	0.704095	0.956049	38.34
1647	-0.0372566	0.704799	0.956262	38.3519
1648	-0.0371453	0.705499	0.955062	38.3638
1649	-0.0376678	0.706213	0.954976	38.3757
1650	-0.0371864	0.706914	0.955074	38.3876
1651	-0.0372823	0.707617	0.954238	38.3994
1652	-0.0373389	0.708321	0.954048	38.4113
1653	-0.037	0.709017	0.953901	38.4231
1654	-0.0368317	0.709708	0.954343	38.435
1655	-0.0363195	0.710386	0.954528	38.4468
1656	-0.0365344	0.711069	0.955589	38.4587
1657	-0.0375451	0.711776	0.956854	38.4706
1658	-0.036825	0.712466	0.956822	38.4825
1659	-0.0362602	0.713141	0.954353	38.4943
1660	-0.0371189	0.713837	0.953433	38.5061
1661	-0.0377401	0.714548	0.950128	38.5178
1662	-0.037884	0.715261	0.948054	38.5295
1663	-0.0383622	0.715987	0.945673	38.5411
1664	-0.0378782	0.7167	0.945076	38.5527
1665	-0.0378285	0.717411	0.944965	38.5643
1666	-0.037564	0.718116	0.945084	38.5759
1667	-0.0382761	0.718838	0.945346	38.5874
1668	-0.0384822	0.719564	0.945495	38.599
1669	-0.0384213	0.720289	0.943234	38.6105
1670	-0.0381745	0.721007	0.939266	38.622
1671	-0.0368675	0.721693	0.939075	38.6334
1672	-0.0355167	0.722345	0.939821	38.6448
1673	-0.0354843	0.722997	0.940713	38.6563
1674	-0.0365797	0.723674	0.941262	38.6677
1675	-0.0364619	0.724349	0.942165	38.6792
1676	-0.0364698	0.725023	0.941415	38.6906
1677	-0.0362937	0.725693	0.941342	38.7021
1678	-0.0360991	0.726358	0.94187	38.7136
1679	-0.0351852	0.727	0.942799	38.725
1680	-0.0356921	0.727654	0.943241	38.7365
1681	-0.0355454	0.728304	0.944166	38.748
1682	-0.0347328	0.728935	0.943403	38.7595
1683	-0.0354458	0.729582	0.942043	38.771
1684	-0.0358019	0.730237	0.942725	38.7824
1685	-0.0361589	0.730901	0.942935	38.7939
1686	-0.0358747	0.731558	0.941459	38.8053
1687	-0.0354575	0.732204	0.942632	38.8167
1688	-0.0349386	0.732837	0.942798	38.8282
1689	-0.0343327	0.733455	0.944005	38.8397
1690	-0.03388	0.734062	0.944927	38.8512
1691	-0.0334704	0.734659	0.94497	38.8626
1692	-0.0339283	0.735266	0.945364	38.8741
1693	-0.0340933	0.735878	0.945333	38.8856
1694	-0.0344919	0.736498	0.94597	38.8971
1695	-0.0343748	0.737116	0.945914	38.9086
1696	-0.0341683	0.737728	0.945516	38.9201
1697	-0.0346338	0.738351	0.94512	38.9316
1698	-0.0333511	0.738942	0.946066	38.9431
1699	-0.0334908	0.739537	0.945571	38.9546
1700	-0.0340686	0.740146	0.946271	38.9661
1701	-0.0348677	0.740773	0.94516	38.9775
1702	-0.0342248	0.741385	0.945176	38.989
1703	-0.0346945	0.742008	0.943698	39.0004
1704	-0.0350796	0.74264	0.941495	39.0118
1705	-0.0359291	0.743292	0.94211	39.0231
1706	-0.036296	0.743952	0.942472	39.0345
1707	-0.0357961	0.7446	0.940059	39.0458
1708	-0.0362445	0.745259	0.936772	39.0571
1709	-0.0351626	0.745891	0.936283	39.0683
1710	-0.0351393	0.746523	0.936199	39.0795
1711	-0.0348842	0.747148	0.933855	39.0907
1712	-0.0347728	0.74777	0.932303	39.1018
1713	-0.0352802	0.748404	0.932243	39.1129
1714	-0.0361519	0.749058	0.931142	39.124
1715	-0.0364247	0.749719	0.92944	39.135
1716	-0.0371084	0.750396	0.928782	39.146
1717	-0.037175	0.751074	0.924798	39.1569
1718	-0.0381392	0.751776	0.924967	39.1678
1719	-0.0374138	0.752459	0.923808	39.1787
1720	-0.0381717	0.75316	0.923007	39.1896
1721	-0.0384593	0.753868	0.923359	39.2005
1722	-0.0386677	0.754581	0.922241	39.2113
1723	-0.0387077	0.755294	0.921178	39.2221
1724	-0.0384059	0.756	0.921146	39.2329
1725	-0.0377468	0.756689	0.920227	39.2437
1726	-0.0377745	0.757379	0.92	39.2545
1727	-0.0379556	0.758073	0.919891	39.2653
1728	-0.0379452	0.758766	0.918594	39.276
1729	-0.0386333	0.759475	0.919445	39.2867
1730	-0.0391742	0.760197	0.918189	39.2975
1731	-0.0387203	0.760908	0.918021	39.3082
1732	-0.0398597	0.761646	0.91976	39.3189
1733	-0.0394695	0.762374	0.920606	39.3297
1734	-0.0392194	0.763096	0.921317	39.3405
1735	-0.0391129	0.763814	0.922152	39.3513
1736	-0.0396609	0.764546	0.921598	39.3621
1737	-0.0394713	0.765273	0.921635	39.3729
1738	-0.0400422	0.766013	0.92175	39.3836
1739	-0.0398977	0.766749	0.919346	39.3944
1740	-0.0393924	0.767472	0.919769	39.4051
1741	-0.0392337	0.768192	0.919551	39.4158
1742	-0.0397403	0.768923	0.919872	39.4265
1743	-0.0392081	0.769642	0.917813	39.4372
1744	-0.0384587	0.770342	0.918384	39.4479
1745	-0.0376976	0.771023	0.91919	39.4586
1746	-0.037118	0.77169	0.919127	39.4693
1747	-0.0372899	0.772361	0.918245	39.48
1748	-0.0370165	0.773025	0.91752	39.4906
1749	-0.0371534	0.773692	0.918154	39.5013
1750	-0.0362155	0.774337	0.918718	39.5119
1751	-0.0352725	0.774958	0.918182	39.5226
1752	-0.0354007	0.775583	0.915129	39.5332
1753	-0.0348131	0.776193	0.915178	39.5438
1754	-0.0350707	0.776809	0.914419	39.5543
1755	-0.0350018	0.777423	0.913082	39.5648
1756	-0.0348236	0.778032	0.912123	39.5753
1757	-0.0342578	0.778628	0.911816	39.5858
1758	-0.0340476	0.779218	0.911935	39.5963
1759	-0.0344202	0.779817	0.911662	39.6068
1760	-0.0341289	0.780409	0.911549	39.6173
1761	-0.0343355	0.781005	0.912396	39.6278
1762	-0.0345056	0.781605	0.912377	39.6383
1763	-0.0344465	0.782204	0.910821	39.6487
1764	-0.0332308	0.782773	0.910279	39.6591
1765	-0.0339361	0.783359	0.911397	39.6696
1766	-0.0333704	0.783931	0.912973	39.6801
1767	-0.0328177	0.784489	0.914503	39.6906
1768	-0.032466	0.785039	0.915784	39.7012
1769	-0.032464	0.785589	0.916938	39.7118
1770	-0.0321615	0.786132	0.916719	39.7223
1771	-0.0326179	0.786684	0.916958	39.7329
1772	-0.0325399	0.787235	0.917216	39.7435
1773	-0.0326415	0.787788	0.917867	39.7541
1774	-0.0328794	0.788347	0.9159	39.7646
1775	-0.0327722	0.788902	0.915574	39.7751
1776	-0.0325384	0.789452	0.915996	39.7857
1777	-0.032904	0.79001	0.915257	39.7962
1778	-0.0324409	0.790557	0.914771	39.8067
1779	-0.0330945	0.791119	0.915046	39.8172
1780	-0.0324075	0.791665	0.91471	39.8277
1781	-0.0324759	0.792212	0.913626	39.8382
1782	-0.0331136	0.792774	0.913581	39.8486
1783	-0.0326614	0.793325	0.913846	39.8591
1784	-0.0334419	0.793894	0.914595	39.8696
1785	-0.0341811	0.794481	0.915498	39.8801
1786	-0.0336572	0.795054	0.912837	39.8905
1787	-0.0339379	0.795635	0.912186	39.9009
1788	-0.0340044	0.796216	0.91346	39.9114
1789	-0.03386	0.796794	0.913102	39.9218
1790	-0.0343186	0.797382	0.91359	39.9322
1791	-0.0344464	0.797973	0.912641	39.9426
1792	-0.0338664	0.79855	0.912587	39.9531
1793	-0.033627	0.799122	0.912743	39.9635
1794	-0.0334582	0.799689	0.912387	39.9739
1795	-0.0338208	0.800264	0.910266	39.9842
1796	-0.0344526	0.800854	0.910515	39.9946
1797	-0.0341696	0.801437	0.911157	40.0049
1798	-0.0334309	0.802002	0.911766	40.0153
1799	-0.0329944	0.802557	0.911915	40.0257
1800	-0.0342231	0.80314	0.913098	40.0361
1801	-0.0340188	0.803719	0.912433	40.0465
1802	-0.0342918	0.804303	0.912842	40.0569
1803	-0.0339972	0.804881	0.91308	40.0673
1804	-0.0343576	0.805466	0.91307	40.0777
1805	-0.0352607	0.806073	0.913601	40.0881
1806	-0.0354573	0.806684	0.914229	40.0985
1807	-0.0358833	0.807305	0.913164	40.1089
1808	-0.0364684	0.807939	0.912797	40.1192
1809	-0.0356623	0.808554	0.912959	40.1296
1810	-0.0355735	0.809166	0.913404	40.14
1811	-0.0350666	0.809767	0.914665	40.1504
1812	-0.0346836	0.810358	0.912574	40.1608
1813	-0.0355779	0.81097	0.912259	40.1711
1814	-0.0354742	0.811579	0.911078	40.1814
1815	-0.035972	0.812199	0.908035	40.1917
1816	-0.0359414	0.812819	0.905847	40.2019
1817	-0.0363946	0.813449	0.905508	40.212
1818	-0.0362565	0.814075	0.904689	40.2222
1819	-0.0357728	0.81469	0.904903	40.2324
1820	-0.0361845	0.815314	0.904403	40.2425
1821	-0.037097	0.815959	0.904635	40.2526
1822	-0.0366789	0.816594	0.904164	40.2628
1823	-0.0372463	0.817242	0.904194	40.2729
1824	-0.0366854	0.817877	0.90463	40.2831
1825	-0.0355794	0.818486	0.905702	40.2932
1826	-0.0355298	0.819093	0.906075	40.3034
1827	-0.0349115	0.819685	0.905777	40.3136
1828	-0.0346131	0.82027	0.904888	40.3237
1829	-0.0348657	0.820861	0.900947	40.3337
1830	-0.0342059	0.821436	0.899017	40.3437
1831	-0.0342461	0.822012	0.898271	40.3537
1832	-0.0340813	0.822583	0.897827	40.3637
1833	-0.0341279	0.823156	0.898829	40.3736
1834	-0.0341655	0.823729	0.899081	40.3836
1835	-0.0338603	0.824295	0.899589	40.3936
1836	-0.0338162	0.824859	0.900033	40.4036
1837	-0.0333994	0.825414	0.901524	40.4137
1838	-0.0327195	0.825952	0.901675	40.4237
1839	-0.0324382	0.826484	0.901845	40.4337
1840	-0.0327475	0.827023	0.902093	40.4438
1841	-0.0331677	0.827571	0.903016	40.4538
1842	-0.0329958	0.828115	0.901935	40.4639
1843	-0.0330513	0.82866	0.899974	40.4739
1844	-0.0331557	0.829207	0.900433	40.4839
1845	-0.0336059	0.829765	0.90021	40.4938
1846	-0.0331415	0.830311	0.90083	40.5038
1847	-0.0335034	0.830866	0.900107	40.5138
1848	-0.0334425	0.831419	0.898572	40.5238
1849	-0.0335384	0.831973	0.897085	40.5337
1850	-0.0329675	0.832515	0.896379	40.5435
1851	-0.0326272	0.833048	0.895442	40.5534
1852	-0.0323941	0.833576	0.895454	40.5633
1853	-0.0316938	0.834087	0.896014	40.5731
1854	-0.0320786	0.834607	0.896355	40.583
1855	-0.0330749	0.83515	0.898456	40.5929
1856	-0.0338495	0.83571	0.900445	40.6029
1857	-0.0335108	0.836263	0.900873	40.6129
1858	-0.0335449	0.836815	0.900016	40.6228
1859	-0.0343528	0.837387	0.899879	40.6328
1860	-0.0347336	0.837967	0.900093	40.6427
1861	-0.0351594	0.838557	0.900873	40.6527
1862	-0.036171	0.839169	0.902218	40.6627
1863	-0.0359739	0.839777	0.901966	40.6726
1864	-0.0361648	0.84039	0.899882	40.6826
1865	-0.0362476	0.841003	0.897085	40.6924
1866	-0.0361863	0.841616	0.896726	40.7023
1867	-0.0371003	0.842249	0.897807	40.7122
1868	-0.0381483	0.842905	0.899003	40.7221
1869	-0.0383968	0.843568	0.898756	40.732
1870	-0.0389321	0.844242	0.897847	40.7418
1871	-0.0389105	0.844916	0.897423	40.7517
1872	-0.0391939	0.845596	0.895849	40.7615
1873	-0.0392513	0.846277	0.895948	40.7713
1874	-0.039453	0.846962	0.896757	40.7812
1875	-0.0401424	0.847663	0.897615	40.791
1876	-0.040293	0.848367	0.896	40.8008
1877	-0.0398801	0.849061	0.896559	40.8107
1878	-0.040158	0.849762	0.896804	40.8205
1879	-0.0392829	0.850442	0.896169	40.8303
1880	-0.0384733	0.851102	0.896404	40.8401
1881	-0.0381914	0.851757	0.895967	40.8499
1882	-0.0386856	0.852422	0.896579	40.8597
1883	-0.0392608	0.8531	0.897898	40.8696
1884	-0.0399679	0.853794	0.898625	40.8794
1885	-0.0400246	0.854489	0.897924	40.8893
1886	-0.0406167	0.855198	0.897228	40.8991
1887	-0.0408682	0.855911	0.897143	40.9089
1888	-0.0409254	0.856626	0.8961	40.9187
1889	-0.0414658	0.857353	0.895142	40.9285
1890	-0.0410159	0.85807	0.895509	40.9382
1891	-0.0406253	0.858777	0.896774	40.948
1892	-0.0402236	0.859474	0.896399	40.9578
1893	-0.0402927	0.860173	0.896135	40.9676
1894	-0.0402497	0.860871	0.896742	40.9774
1895	-0.040378	0.861571	0.895991	40.9871
1896	-0.0408104	0.862281	0.897027	40.9969
1897	-0.0394062	0.862958	0.898522	41.0068
1898	-0.038326	0.86361	0.899655	41.0166
1899	-0.0375934	0.864245	0.899738	41.0264
1900	-0.0377394	0.864883	0.900374	41.0363
1901	-0.0375926	0.865518	0.900079	41.0462
1902	-0.0379214	0.866159	0.899651	41.056
1903	-0.0377607	0.866797	0.899076	41.0658
1904	-0.0380583	0.867441	0.899543	41.0756
1905	-0.03844	0.868094	0.899762	41.0855
1906	-0.0377672	0.868731	0.900624	41.0953
1907	-0.0367705	0.869345	0.899998	41.1052
1908	-0.0367873	0.869959	0.900585	41.115
1909	-0.0367266	0.870572	0.901654	41.1249
1910	-0.0378853	0.871211	0.902731	41.1348
1911	-0.0380252	0.871852	0.903472	41.1447
1912	-0.0388409	0.872512	0.904623	41.1546
1913	-0.0399751	0.873198	0.905038	41.1645
1914	-0.0399752	0.873883	0.904762	41.1745
1915	-0.0400011	0.874569	0.904946	41.1844
1916	-0.0398906	0.875252	0.905579	41.1943
1917	-0.039222	0.875919	0.905567	41.2043
1918	-0.0383053	0.876565	0.906213	41.2142
1919	-0.0381205	0.877207	0.907009	41.2242
1920	-0.0374509	0.877833	0.907645	41.2342
1921	-0.0370882	0.87845	0.907879	41.2441
1922	-0.0362191	0.879048	0.90752	41.2541
1923	-0.0362849	0.879646	0.906881	41.2641
1924	-0.0363879	0.880247	0.906785	41.274
1925	-0.0368914	0.880859	0.906962	41.284
1926	-0.0372575	0.881479	0.90759	41.2939
1927	-0.0367514	0.882087	0.907447	41.3039
1928	-0.0361843	0.882682	0.907034	41.3138
1929	-0.0355119	0.883262	0.90664	41.3238
1930	-0.0348437	0.883826	0.907636	41.3337
1931	-0.0352509	0.884399	0.908402	41.3437
1932	-0.0350218	0.884967	0.909027	41.3537
1933	-0.0350887	0.885536	0.908896	41.3636
1934	-0.0356029	0.886116	0.909329	41.3736
1935	-0.0350468	0.886684	0.909104	41.3836
1936	-0.0352828	0.887256	0.907819	41.3935
1937	-0.0341399	0.887803	0.908392	41.4035
1938	-0.0345212	0.888358	0.907566	41.4134
1939	-0.0346718	0.888916	0.90708	41.4233
1940	-0.033943	0.889457	0.907507	41.4333
1941	-0.033203	0.889982	0.907484	41.4432
1942	-0.0330575	0.890502	0.908246	41.4531
1943	-0.0330231	0.891022	0.908684	41.4631
1944	-0.0341581	0.891568	0.910802	41.4731
1945	-0.0339819	0.892109	0.911514	41.4831
1946	-0.0338952	0.892648	0.912875	41.4931
1947	-0.0334692	0.893177	0.912841	41.5031
1948	-0.0334125	0.893704	0.91268	41.5132
1949	-0.0337195	0.894239	0.911889	41.5232
1950	-0.0334112	0.894766	0.910707	41.5331
1951	-0.033615	0.895297	0.909045	41.5431
1952	-0.0330201	0.895815	0.909705	41.553
1953	-0.0325167	0.896322	0.908589	41.5629
1954	-0.0321136	0.896819	0.908766	41.5729
1955	-0.0327961	0.897331	0.907684	41.5828
1956	-0.0330242	0.897848	0.907805	41.5927
1957	-0.0331013	0.898367	0.906962	41.6025
1958	-0.0323733	0.898869	0.906646	41.6124
1959	-0.0326124	0.899376	0.906357	41.6223
1960	-0.0336519	0.899906	0.906696	41.6321
1961	-0.0338316	0.900441	0.906013	41.642
1962	-0.0333339	0.900964	0.905354	41.6518
1963	-0.0326974	0.901472	0.904965	41.6616
1964	-0.0328455	0.901983	0.902192	41.6713
1965	-0.0336747	0.902513	0.901785	41.6811
1966	-0.0345073	0.903062	0.900517	41.6908
1967	-0.0351987	0.903626	0.898156	41.7004
1968	-0.0352305	0.90419	0.896111	41.7101
1969	-0.0349681	0.904748	0.894879	41.7196
1970	-0.0346186	0.905299	0.894376	41.7292
1971	-0.0343898	0.905843	0.892443	41.7387
1972	-0.0343108	0.906386	0.892051	41.7482
1973	-0.0342719	0.906928	0.891426	41.7577
1974	-0.0345157	0.907475	0.892045	41.7672
1975	-0.0347567	0.908027	0.892562	41.7767
1976	-0.0344139	0.908571	0.892952	41.7862
1977	-0.0346511	0.909121	0.893347	41.7957
1978	-0.0351489	0.909681	0.892445	41.8052
