#	<x>	stDevX	<E>	stDevE
0	0.0323259	0	-0.11952	0
1	0.551563	0.291945	0.356735	0.118607
2	0.769274	0.637887	1.13408	0.646432
3	0.984703	1.01233	1.83308	1.38753
4	0.792579	1.25218	2.0096	2.08559
5	0.423997	1.32466	2.29088	2.79689
6	0.463536	1.406	2.32261	3.43889
7	0.414751	1.46599	2.4308	4.05404
8	0.338573	1.49948	2.17283	4.53526
9	0.24666	1.50539	2.24149	5.00178
10	0.122261	1.47771	2.36059	5.47165
11	0.369817	1.52289	2.5657	5.96962
12	0.496481	1.60055	2.58788	6.44503
13	0.437718	1.65965	2.4024	6.84776
14	0.397082	1.70653	2.34474	7.21738
15	0.383331	1.74881	2.33959	7.57011
16	0.247396	1.75813	2.48636	7.9435
17	0.282706	1.77632	2.21381	8.24018
18	0.219717	1.78067	2.13482	8.50951
19	0.205374	1.78276	2.14677	8.77343
20	0.178228	1.77993	2.21268	9.04392
21	0.15946	1.77419	2.28156	9.32127
22	0.146841	1.76694	2.14433	9.56311
23	0.171648	1.76567	2.19514	9.80927
24	0.233753	1.77731	2.1142	10.0337
25	0.305631	1.80296	2.25912	10.2812
26	0.378316	1.84202	2.25	10.5214
27	0.385215	1.88155	2.18616	10.7446
28	0.370803	1.91767	2.14148	10.9552
29	0.365544	1.95217	2.03526	11.1428
30	0.320702	1.97816	1.78538	11.2832
31	0.299698	2.00016	1.76021	11.4175
32	0.307493	2.0233	1.75669	11.5498
33	0.271498	2.04011	1.74932	11.6795
34	0.258395	2.05467	1.64391	11.7903
35	0.236441	2.06562	1.56697	11.8876
36	0.239455	2.07713	1.52326	11.9774
37	0.251882	2.09069	1.48941	12.0615
38	0.21625	2.0986	1.47126	12.1426
39	0.206977	2.1052	1.48305	12.2253
40	0.221435	2.11418	1.47102	12.306
41	0.194128	2.11907	1.48672	12.3889
42	0.15318	2.11797	1.50451	12.4742
43	0.151307	2.11688	1.4866	12.5565
44	0.201336	2.12344	1.5866	12.6533
45	0.189741	2.12843	1.63031	12.7559
46	0.15942	2.12916	1.59488	12.8526
47	0.161035	2.13035	1.60115	12.9495
48	0.157152	2.13117	1.62234	13.0489
49	0.162746	2.13298	1.58838	13.1428
50	0.18169	2.13758	1.63226	13.2422
51	0.166086	2.14014	1.61099	13.338
52	0.143326	2.13975	1.67094	13.4414
53	0.120221	2.13643	1.65684	13.5421
54	0.146907	2.13691	1.66948	13.6438
55	0.148946	2.13782	1.71484	13.7508
56	0.201071	2.14572	1.8442	13.8739
57	0.219613	2.15605	1.8277	13.9938
58	0.199865	2.16382	1.78229	14.1068
59	0.201997	2.17188	1.68467	14.2065
60	0.202537	2.18002	1.6806	14.3049
61	0.19488	2.18721	1.59601	14.392
62	0.16199	2.19031	1.50552	14.4674
63	0.150132	2.19202	1.38596	14.5276
64	0.141949	2.19283	1.38588	14.5877
65	0.138579	2.19334	1.39081	14.6484
66	0.0987222	2.18913	1.45137	14.7163
67	0.0917219	2.18426	1.38404	14.776
68	0.0928739	2.17971	1.27503	14.8225
69	0.0927043	2.17531	1.21962	14.8625
70	0.0910299	2.17088	1.15388	14.8949
71	0.0765572	2.16493	1.05872	14.9165
72	0.0676284	2.15812	0.994432	14.931
73	0.0884246	2.1539	1.01131	14.9479
74	0.0900271	2.15001	0.988636	14.9627
75	0.0958866	2.14694	1.02145	14.9816
76	0.0986604	2.1443	1.05117	15.0043
77	0.112443	2.14334	1.06306	15.0287
78	0.116175	2.1429	1.04145	15.0509
79	0.103425	2.14112	0.974589	15.066
80	0.0817246	2.13706	0.993245	15.0836
81	0.0785658	2.13277	1.01099	15.1034
82	0.0846041	2.12927	1.00091	15.1225
83	0.110253	2.12867	1.03786	15.1459
84	0.114942	2.12866	1.04968	15.1708
85	0.112447	2.12845	1.04274	15.1951
86	0.126923	2.12985	1.03144	15.2185
87	0.117167	2.13027	1.03316	15.2423
88	0.115795	2.13061	0.990232	15.2618
89	0.115139	2.13095	0.948132	15.2771
90	0.131453	2.13304	0.952373	15.2932
91	0.13091	2.13512	0.968282	15.3111
92	0.123504	2.13647	0.98585	15.3312
93	0.112046	2.13669	1.0187	15.3548
94	0.0954903	2.13528	1.01697	15.3784
95	0.101483	2.13455	1.02121	15.4026
96	0.0960888	2.13334	1.0305	15.428
97	0.0894024	2.13153	1.05533	15.4559
98	0.0839073	2.12924	1.04172	15.4826
99	0.0748866	2.12612	1.04999	15.5103
100	0.0785341	2.12345	1.07407	15.5404
101	0.0785448	2.12086	1.08804	15.572
102	0.0435616	2.11491	1.17225	15.6119
103	0.0181759	2.10659	1.22485	15.657
104	0.0103516	2.09764	1.24752	15.7041
105	0.0138691	2.08916	1.26806	15.7531
106	0.00391283	2.07984	1.28266	15.8035
107	-0.0069912	2.06961	1.28521	15.8539
108	-0.0117928	2.05906	1.3033	15.906
109	-0.014511	2.04839	1.3081	15.9583
110	-0.0156109	2.03775	1.28554	16.0084
111	-0.00152866	2.02857	1.30837	16.0605
112	-0.000228352	2.01963	1.32474	16.114
113	-0.00198785	2.01065	1.33137	16.1679
114	-0.00081209	2.00189	1.34375	16.2228
115	0.0159718	1.9948	1.36207	16.2793
116	0.0255595	1.98868	1.35098	16.3345
117	0.0305083	1.9831	1.37955	16.3922
118	0.0297888	1.97754	1.38679	16.4504
119	0.0133295	1.97057	1.41959	16.5113
120	0.0160809	1.96393	1.43383	16.5733
121	0.0249702	1.95818	1.44836	16.6364
122	0.0301995	1.95299	1.44688	16.6992
123	0.0403369	1.94877	1.43179	16.7603
124	0.0431154	1.94486	1.40147	16.8185
125	0.0500143	1.94163	1.36046	16.8729
126	0.0478611	1.93826	1.35593	16.9267
127	0.0404628	1.9343	1.36728	16.9814
128	0.0351783	1.92993	1.36457	17.0356
129	0.0307056	1.92523	1.33908	17.0875
130	0.0370928	1.92115	1.32993	17.1384
131	0.0266319	1.91623	1.34249	17.1902
132	0.0374285	1.9123	1.35434	17.243
133	0.0347261	1.90819	1.36294	17.2963
134	0.044702	1.905	1.34434	17.3479
135	0.0488335	1.9022	1.34606	17.3994
136	0.063284	1.90069	1.35002	17.4512
137	0.0737593	1.9001	1.33921	17.5019
138	0.0713034	1.89932	1.31629	17.5505
139	0.0846194	1.8997	1.3318	17.6004
140	0.0734751	1.89917	1.29018	17.6466
141	0.067968	1.8982	1.2702	17.691
142	0.080079	1.89827	1.25567	17.7341
143	0.085711	1.89883	1.25264	17.7769
144	0.076607	1.89866	1.25619	17.8198
145	0.0792676	1.89873	1.25969	17.863
146	0.0850252	1.89929	1.24767	17.9051
147	0.0881669	1.90013	1.24464	17.9469
148	0.097829	1.90178	1.25822	17.9897
149	0.0955111	1.90324	1.2585	18.0325
150	0.0990881	1.90501	1.26438	18.0756
151	0.0970165	1.90662	1.27171	18.1193
152	0.0939592	1.90799	1.26473	18.1623
153	0.083862	1.90856	1.28236	18.2066
154	0.0901308	1.90965	1.28975	18.2514
155	0.0968557	1.91129	1.31395	18.298
156	0.0986521	1.91308	1.30677	18.344
157	0.0958221	1.91465	1.30293	18.3896
158	0.0925774	1.91598	1.28929	18.4339
159	0.0881707	1.91697	1.28976	18.4783
160	0.098007	1.91874	1.27616	18.5214
161	0.0968619	1.92044	1.26336	18.5635
162	0.100676	1.92243	1.26261	18.6054
163	0.10094	1.92446	1.26652	18.6475
164	0.111112	1.92728	1.24759	18.6881
165	0.115374	1.93043	1.25474	18.7291
166	0.117195	1.93371	1.25996	18.7705
167	0.109793	1.93643	1.26846	18.8125
168	0.10598	1.93885	1.27592	18.8549
169	0.1101	1.9416	1.27487	18.8972
170	0.0984097	1.94345	1.26495	18.9387
171	0.0978284	1.94526	1.25586	18.9793
172	0.0995239	1.94721	1.25304	19.0197
173	0.116206	1.95042	1.28723	19.0626
174	0.129534	1.95464	1.3076	19.1069
175	0.133425	1.95914	1.31772	19.1519
176	0.129673	1.96335	1.31185	19.1964
177	0.132638	1.96777	1.31295	19.2408
178	0.142948	1.97295	1.32755	19.2863
179	0.151212	1.97873	1.33651	19.3322
180	0.152977	1.98463	1.32569	19.3773
181	0.141314	1.98964	1.34484	19.4237
182	0.139324	1.9945	1.35483	19.4708
183	0.131763	1.99879	1.35626	19.5178
184	0.126198	2.00266	1.34965	19.5642
185	0.127896	2.00665	1.33153	19.6092
186	0.118188	2.00993	1.34453	19.655
187	0.108419	2.01249	1.33999	19.7004
188	0.0964043	2.01418	1.34597	19.7462
189	0.0915523	2.01553	1.3418	19.7915
190	0.0908727	2.01683	1.32203	19.8353
191	0.0980833	2.01866	1.31498	19.8785
192	0.113272	2.02158	1.3466	19.9239
193	0.108615	2.02417	1.35311	19.9696
194	0.116446	2.02732	1.34288	20.0146
195	0.117529	2.03054	1.34958	20.0598
196	0.117108	2.03373	1.35219	20.1052
197	0.119211	2.03706	1.33355	20.1492
198	0.111113	2.03982	1.32863	20.1927
199	0.108709	2.04241	1.30147	20.2342
200	0.110944	2.04515	1.29255	20.275
201	0.114319	2.04813	1.29557	20.3159
202	0.107197	2.05061	1.29688	20.3569
203	0.108987	2.05322	1.27767	20.3964
204	0.101993	2.05533	1.2482	20.4338
205	0.0938198	2.05689	1.26529	20.4723
206	0.087099	2.05797	1.27411	20.5114
207	0.0892916	2.05922	1.27225	20.5503
208	0.0888514	2.06044	1.26916	20.5889
209	0.0901276	2.06176	1.26456	20.6271
210	0.0916203	2.06318	1.24959	20.6642
211	0.0972009	2.065	1.22452	20.6995
212	0.0927878	2.06651	1.21987	20.7345
213	0.0932207	2.06806	1.2254	20.7698
214	0.0913723	2.06948	1.21924	20.8046
215	0.0857105	2.07052	1.22243	20.8396
216	0.0778073	2.07104	1.23431	20.8754
217	0.0795391	2.07168	1.21613	20.9098
218	0.0762166	2.07211	1.2131	20.944
219	0.0738201	2.07238	1.19757	20.9772
220	0.0753758	2.07276	1.1942	21.01
221	0.0718602	2.07292	1.18441	21.0422
222	0.0789139	2.07356	1.1973	21.0752
223	0.07572	2.074	1.21066	21.109
224	0.0757666	2.07445	1.20529	21.1424
225	0.0662277	2.07427	1.21143	21.1762
226	0.0638537	2.07394	1.19404	21.2088
227	0.064252	2.07366	1.19365	21.2413
228	0.0577344	2.07295	1.19182	21.2737
229	0.0588616	2.07233	1.18464	21.3055
230	0.0542203	2.07142	1.18539	21.3374
231	0.0531544	2.07045	1.19028	21.3695
232	0.0552778	2.06964	1.19197	21.4017
233	0.0548641	2.06881	1.20222	21.4346
234	0.0551469	2.06801	1.20725	21.4677
235	0.057148	2.06736	1.20198	21.5004
236	0.0583262	2.06679	1.19939	21.533
237	0.0523134	2.06584	1.20165	21.5656
238	0.0547889	2.06507	1.20503	21.5984
239	0.0540312	2.06426	1.21075	21.6315
240	0.056057	2.0636	1.20676	21.6644
241	0.0656	2.06356	1.21664	21.6978
242	0.076893	2.06425	1.21977	21.7314
243	0.0801513	2.06515	1.22517	21.7653
244	0.0830766	2.06624	1.22428	21.799
245	0.0825898	2.06731	1.22017	21.8325
246	0.080051	2.06822	1.19368	21.8642
247	0.0806779	2.06918	1.19711	21.8961
248	0.0819153	2.07022	1.20049	21.9282
249	0.0831518	2.07134	1.1992	21.9602
250	0.082408	2.07242	1.20444	21.9925
251	0.0808019	2.0734	1.20184	22.0245
252	0.0797133	2.07431	1.19342	22.056
253	0.0825986	2.07541	1.17938	22.0866
254	0.0809457	2.07642	1.17926	22.1171
255	0.0759368	2.07711	1.17779	22.1475
256	0.0738403	2.07768	1.18178	22.1781
257	0.0790579	2.07857	1.17371	22.2082
258	0.076971	2.07935	1.1543	22.237
259	0.0818308	2.08042	1.15059	22.2656
260	0.0831795	2.08159	1.14822	22.294
261	0.0853708	2.08289	1.15543	22.3228
262	0.0879115	2.08435	1.16456	22.3522
263	0.0883972	2.08585	1.1709	22.3819
264	0.0856457	2.08718	1.17539	22.4119
265	0.0857726	2.08851	1.17323	22.4416
266	0.0846337	2.08978	1.16723	22.471
267	0.0869303	2.09119	1.17297	22.5008
268	0.0807329	2.09223	1.17504	22.5306
269	0.0824261	2.09338	1.16581	22.5598
270	0.0815893	2.09447	1.16516	22.5889
271	0.0846896	2.09576	1.16657	22.6181
272	0.0845161	2.09703	1.1608	22.6469
273	0.0864713	2.09843	1.1601	22.6757
274	0.0851225	2.09975	1.1521	22.7039
275	0.085708	2.10111	1.15594	22.7323
276	0.0881604	2.10261	1.15571	22.7607
277	0.0907217	2.10427	1.16161	22.7894
278	0.0891005	2.10584	1.15172	22.8175
279	0.0834445	2.10706	1.1567	22.8459
280	0.0849317	2.10838	1.1595	22.8744
281	0.0882149	2.1099	1.15651	22.9027
282	0.0924076	2.11166	1.15695	22.931
283	0.0943145	2.11354	1.15868	22.9594
284	0.0960189	2.11552	1.14583	22.987
285	0.0930255	2.11733	1.13471	23.0139
286	0.0873296	2.11879	1.12622	23.0402
287	0.0868276	2.12023	1.12475	23.0665
288	0.0865785	2.12166	1.12002	23.0925
289	0.089422	2.12325	1.12402	23.1186
290	0.0867502	2.12469	1.12454	23.1448
291	0.0838644	2.12596	1.11977	23.1707
292	0.0866376	2.12739	1.10489	23.1957
293	0.0888225	2.12895	1.07666	23.2191
294	0.0930323	2.13076	1.06666	23.2418
295	0.0925727	2.13254	1.05699	23.264
296	0.0914573	2.13426	1.05	23.2857
297	0.0888188	2.13583	1.04514	23.3072
298	0.0868953	2.13728	1.05334	23.3291
299	0.0889485	2.13885	1.06179	23.3516
300	0.0929187	2.14066	1.06475	23.3741
301	0.096663	2.14267	1.07481	23.3973
302	0.0945384	2.14457	1.07365	23.4203
303	0.090079	2.14621	1.06327	23.4428
304	0.0854548	2.14758	1.06983	23.4656
305	0.0861129	2.149	1.072	23.4886
306	0.0871701	2.15047	1.05099	23.5103
307	0.0903031	2.15213	1.04266	23.5315
308	0.0983749	2.15424	1.05686	23.5536
309	0.0989022	2.15638	1.05608	23.5755
310	0.0974471	2.15844	1.0332	23.5962
311	0.0998905	2.16064	1.04095	23.6173
312	0.100696	2.16288	1.03494	23.6381
313	0.10458	2.16533	1.03804	23.6591
314	0.106573	2.1679	1.03729	23.6799
315	0.103247	2.17028	1.04373	23.7012
316	0.103132	2.17265	1.04866	23.7227
317	0.106578	2.17521	1.05155	23.7444
318	0.109197	2.17791	1.06189	23.7666
319	0.107846	2.18053	1.06122	23.7888
320	0.110327	2.18329	1.06366	23.8111
321	0.113158	2.18621	1.06891	23.8337
322	0.113666	2.18914	1.06905	23.8563
323	0.109993	2.19188	1.05551	23.8781
324	0.114556	2.19486	1.04676	23.8994
325	0.112829	2.19774	1.04158	23.9204
326	0.108108	2.20035	1.04478	23.9416
327	0.106719	2.20289	1.0325	23.9621
328	0.110189	2.20562	1.03815	23.9829
329	0.109772	2.20832	1.02766	24.0032
330	0.112733	2.21117	1.02811	24.0234
331	0.113016	2.21404	1.02034	24.0432
332	0.112305	2.21687	1.02387	24.0632
333	0.114205	2.2198	1.01827	24.0829
334	0.112395	2.22263	1.01944	24.1027
335	0.114415	2.22556	1.00303	24.1215
336	0.114974	2.22852	0.999091	24.1402
337	0.11588	2.23152	1.00017	24.1589
338	0.118045	2.23464	0.998083	24.1774
339	0.117091	2.2377	0.998773	24.1961
340	0.119965	2.24092	1.00483	24.215
341	0.117623	2.244	1.01039	24.2342
342	0.118596	2.24713	1.01556	24.2537
343	0.119019	2.25028	1.0246	24.2737
344	0.116223	2.25327	1.03285	24.2941
345	0.114118	2.25615	1.03429	24.3146
346	0.113101	2.25897	1.02501	24.3346
347	0.105912	2.2614	1.01843	24.3542
348	0.108003	2.26394	1.01795	24.3738
349	0.108461	2.2665	1.01639	24.3933
350	0.11003	2.26914	1.01423	24.4127
351	0.113389	2.27196	1.01526	24.4322
352	0.110386	2.27462	1.01619	24.4516
353	0.111728	2.27734	1.02066	24.4713
354	0.117192	2.28035	1.03544	24.4918
355	0.119403	2.28348	1.04063	24.5126
356	0.117969	2.28652	1.03752	24.5332
357	0.122608	2.2898	1.04264	24.554
358	0.128807	2.29341	1.05067	24.5752
359	0.136003	2.29739	1.05175	24.5965
360	0.137672	2.30145	1.05318	24.6179
361	0.134545	2.30534	1.0612	24.6397
362	0.135033	2.30925	1.06311	24.6615
363	0.137076	2.31326	1.06663	24.6835
364	0.141573	2.31749	1.07336	24.7059
365	0.146237	2.32197	1.07777	24.7285
366	0.146664	2.32646	1.08091	24.7512
367	0.145129	2.33086	1.07865	24.7738
368	0.138374	2.3349	1.0741	24.7961
369	0.141024	2.33907	1.06967	24.8182
370	0.143134	2.34335	1.05667	24.8396
371	0.144294	2.34768	1.05188	24.8608
372	0.144479	2.35201	1.05773	24.8822
373	0.145435	2.35638	1.05663	24.9036
374	0.147174	2.36083	1.04835	24.9245
375	0.15022	2.36544	1.04797	24.9454
376	0.1488	2.36996	1.05059	24.9664
377	0.147971	2.37443	1.04763	24.9873
378	0.151136	2.37906	1.05142	25.0083
379	0.151795	2.38371	1.05774	25.0297
380	0.154643	2.3885	1.06565	25.0514
381	0.157544	2.39343	1.06821	25.0733
382	0.156629	2.3983	1.05935	25.0946
383	0.156663	2.40317	1.0499	25.1155
384	0.149525	2.40767	1.05411	25.1366
385	0.144608	2.41191	1.04938	25.1575
386	0.145196	2.41617	1.05125	25.1784
387	0.143694	2.42034	1.0423	25.1989
388	0.145285	2.4246	1.03107	25.2188
389	0.149213	2.42904	1.04173	25.2392
390	0.15067	2.43355	1.04829	25.2599
391	0.148791	2.43796	1.0443	25.2804
392	0.147414	2.44229	1.04585	25.301
393	0.145714	2.44653	1.05091	25.3219
394	0.14834	2.45089	1.05559	25.3429
395	0.146553	2.45516	1.05772	25.3641
396	0.142039	2.45919	1.06718	25.3857
397	0.142383	2.46323	1.07082	25.4074
398	0.142205	2.46726	1.08039	25.4297
399	0.145656	2.47146	1.08552	25.4522
400	0.146291	2.47568	1.08421	25.4746
401	0.145469	2.47985	1.08594	25.497
402	0.146048	2.48405	1.09104	25.5197
403	0.143754	2.48812	1.09039	25.5424
404	0.142531	2.49213	1.08735	25.5649
405	0.147089	2.49636	1.10065	25.588
406	0.152967	2.50087	1.11363	25.6118
407	0.156943	2.50557	1.1086	25.6353
408	0.154027	2.51012	1.10647	25.6586
409	0.151745	2.51455	1.11377	25.6823
410	0.147855	2.51878	1.11707	25.7062
411	0.148694	2.52305	1.12002	25.7301
412	0.147094	2.52723	1.10854	25.7535
413	0.150275	2.53156	1.10412	25.7767
414	0.147214	2.53573	1.10857	25.8
415	0.144584	2.53977	1.10675	25.8233
416	0.14235	2.54369	1.10236	25.8463
417	0.145214	2.54775	1.08344	25.8684
418	0.144275	2.55175	1.08103	25.8903
419	0.141382	2.55561	1.07996	25.9122
420	0.139136	2.55935	1.07072	25.9336
421	0.139759	2.56312	1.07371	25.9551
422	0.135452	2.56668	1.08037	25.9769
423	0.134633	2.57018	1.07564	25.9985
424	0.134422	2.57368	1.07351	26.02
425	0.132515	2.57708	1.07478	26.0415
426	0.130327	2.58036	1.07016	26.0628
427	0.133593	2.5838	1.07554	26.0844
428	0.133431	2.58723	1.07614	26.1059
429	0.135356	2.59075	1.07628	26.1275
430	0.12946	2.59398	1.08488	26.1494
431	0.128616	2.59716	1.08688	26.1714
432	0.131272	2.60047	1.08979	26.1936
433	0.128846	2.60366	1.08966	26.2157
434	0.131271	2.60696	1.09227	26.2379
435	0.129674	2.61017	1.08463	26.2597
436	0.131134	2.61346	1.09409	26.282
437	0.133546	2.61685	1.09997	26.3046
438	0.134199	2.62028	1.09648	26.3269
439	0.130754	2.62353	1.08505	26.3487
440	0.129009	2.6267	1.07649	26.3701
441	0.126344	2.62973	1.07988	26.3917
442	0.124241	2.63267	1.08253	26.4133
443	0.122519	2.63552	1.08647	26.4351
444	0.12485	2.63847	1.09048	26.4571
445	0.128523	2.6416	1.08965	26.479
446	0.131909	2.64488	1.09182	26.501
447	0.133437	2.64823	1.095	26.5232
448	0.130596	2.65144	1.09919	26.5455
449	0.122817	2.65428	1.10697	26.5682
450	0.118893	2.65694	1.11315	26.5911
451	0.116923	2.6595	1.12043	26.6144
452	0.116986	2.66206	1.12597	26.6379
453	0.11829	2.66468	1.1292	26.6616
454	0.117117	2.66724	1.13068	26.6853
455	0.113979	2.66965	1.13136	26.709
456	0.116241	2.67216	1.13392	26.7328
457	0.114286	2.67459	1.13322	26.7566
458	0.112748	2.67693	1.12877	26.7801
459	0.110608	2.67918	1.12508	26.8034
460	0.109308	2.68137	1.12309	26.8267
461	0.110594	2.68361	1.12606	26.85
462	0.112517	2.68594	1.12334	26.8732
463	0.116233	2.68844	1.12313	26.8964
464	0.112436	2.69076	1.11698	26.9192
465	0.116402	2.69327	1.10827	26.9417
466	0.113055	2.69561	1.10342	26.9639
467	0.115448	2.69807	1.10344	26.9861
468	0.114911	2.7005	1.10373	27.0083
469	0.111064	2.70275	1.10454	27.0305
470	0.111873	2.70503	1.10736	27.0528
471	0.108087	2.70714	1.11447	27.0754
472	0.107922	2.70924	1.11761	27.0982
473	0.109562	2.71141	1.11541	27.1208
474	0.106047	2.71342	1.11564	27.1435
475	0.105219	2.7154	1.11274	27.166
476	0.10542	2.71738	1.10496	27.1881
477	0.104548	2.71932	1.10585	27.2102
478	0.103635	2.72121	1.10857	27.2324
479	0.103039	2.72308	1.10848	27.2547
480	0.100942	2.72485	1.10836	27.2769
481	0.100054	2.72658	1.11285	27.2992
482	0.103584	2.72847	1.11416	27.3217
483	0.106643	2.7305	1.1166	27.3442
484	0.108579	2.73261	1.11787	27.3667
485	0.108365	2.73472	1.11972	27.3894
486	0.107934	2.7368	1.12135	27.4121
487	0.109229	2.73894	1.12839	27.435
488	0.108785	2.74106	1.1238	27.4578
489	0.108152	2.74315	1.12581	27.4806
490	0.107881	2.74522	1.12535	27.5034
491	0.108564	2.74732	1.12092	27.526
492	0.1099	2.74949	1.11386	27.5482
493	0.110649	2.75168	1.11214	27.5704
494	0.112458	2.75396	1.1149	27.5926
495	0.112793	2.75624	1.1165	27.615
496	0.111812	2.75849	1.1196	27.6374
497	0.11629	2.76093	1.12231	27.6599
498	0.120273	2.76354	1.12548	27.6826
499	0.118785	2.76609	1.12025	27.705
500	0.119054	2.76865	1.11362	27.7271
501	0.120955	2.77129	1.11594	27.7493
502	0.119728	2.77387	1.11544	27.7714
503	0.118815	2.77641	1.11922	27.7937
504	0.118506	2.77893	1.11931	27.816
505	0.121177	2.78157	1.12569	27.8385
506	0.123695	2.78432	1.13046	27.8613
507	0.122446	2.78701	1.13071	27.884
508	0.124002	2.78977	1.12922	27.9067
509	0.122734	2.79247	1.11573	27.9287
510	0.123047	2.79518	1.11704	27.9508
511	0.122083	2.79784	1.11802	27.9729
512	0.120102	2.80042	1.11685	27.9949
513	0.120325	2.803	1.11482	28.0169
514	0.11965	2.80555	1.11469	28.0388
515	0.119749	2.8081	1.11425	28.0606
516	0.122211	2.81076	1.11716	28.0826
517	0.12398	2.81349	1.11909	28.1047
518	0.123085	2.81618	1.12057	28.1268
519	0.122314	2.81884	1.1205	28.1489
520	0.119086	2.82135	1.12023	28.1709
521	0.118718	2.82384	1.11119	28.1926
522	0.121087	2.82643	1.11437	28.2143
523	0.121031	2.82902	1.11225	28.236
524	0.121592	2.83163	1.10561	28.2573
525	0.121589	2.83424	1.10136	28.2785
526	0.121414	2.83684	1.09492	28.2994
527	0.120467	2.8394	1.08584	28.3198
528	0.118939	2.84188	1.08792	28.3403
529	0.117508	2.84431	1.09225	28.361
530	0.117037	2.8467	1.0888	28.3816
531	0.115953	2.84906	1.08541	28.402
532	0.11539	2.85138	1.0835	28.4222
533	0.112933	2.8536	1.08099	28.4424
534	0.111882	2.85577	1.07242	28.4622
535	0.110634	2.85788	1.07222	28.4819
536	0.110603	2.85999	1.06268	28.5013
537	0.110457	2.86209	1.0558	28.5203
538	0.111941	2.86426	1.04785	28.539
539	0.113408	2.86649	1.04303	28.5574
540	0.111169	2.86862	1.04451	28.5759
541	0.106898	2.87056	1.04772	28.5946
542	0.105704	2.87245	1.05051	28.6133
543	0.105743	2.87435	1.04531	28.6318
544	0.104176	2.87617	1.04654	28.6504
545	0.104854	2.87803	1.05118	28.6691
546	0.105651	2.87991	1.05397	28.688
547	0.105197	2.88178	1.04794	28.7066
548	0.104178	2.8836	1.04783	28.7251
549	0.103181	2.88538	1.04797	28.7437
550	0.104867	2.88723	1.05202	28.7624
551	0.107602	2.88919	1.05837	28.7814
552	0.105129	2.89105	1.05857	28.8004
553	0.103069	2.89282	1.05149	28.8191
554	0.103548	2.8946	1.04727	28.8376
555	0.102992	2.89637	1.04309	28.8559
556	0.102695	2.89812	1.03304	28.8737
557	0.104262	2.89994	1.02865	28.8914
558	0.104253	2.90175	1.02829	28.909
559	0.100498	2.90341	1.03127	28.9268
560	0.101338	2.9051	1.0284	28.9444
561	0.100141	2.90674	1.02357	28.9619
562	0.0999068	2.90837	1.02106	28.9792
563	0.102096	2.91009	1.02821	28.9968
564	0.100737	2.91175	1.03037	29.0145
565	0.103587	2.91353	1.03319	29.0322
566	0.100134	2.91517	1.0373	29.0502
567	0.0972806	2.91668	1.04057	29.0683
568	0.0997821	2.9183	1.03777	29.0862
569	0.0983288	2.91986	1.03066	29.1039
570	0.100801	2.92152	1.03186	29.1216
571	0.103146	2.92328	1.03011	29.1392
572	0.101338	2.92496	1.03017	29.1568
573	0.102233	2.92668	1.0301	29.1744
574	0.102568	2.92841	1.03392	29.1921
575	0.098701	2.92998	1.03096	29.2098
576	0.0978188	2.93152	1.02877	29.2273
577	0.0990611	2.9331	1.02884	29.2448
578	0.100503	2.93474	1.02377	29.2621
579	0.101049	2.93641	1.01883	29.2791
580	0.10146	2.93809	1.01165	29.2959
581	0.0994816	2.93969	1.01616	29.3129
582	0.0960049	2.94115	1.01648	29.3298
583	0.0922548	2.94244	1.01704	29.3468
584	0.089622	2.94363	1.02144	29.3639
585	0.0844552	2.94461	1.02759	29.3813
586	0.0821891	2.9455	1.03004	29.3988
587	0.0821236	2.94638	1.02994	29.4163
588	0.0838383	2.94733	1.03236	29.4338
589	0.0849109	2.94833	1.03041	29.4513
590	0.0823867	2.94923	1.03696	29.469
591	0.0795446	2.95	1.04389	29.4871
592	0.078681	2.95075	1.04604	29.5051
593	0.0769558	2.95142	1.04802	29.5233
594	0.0770659	2.9521	1.0456	29.5414
595	0.0783421	2.95284	1.04749	29.5595
596	0.0787131	2.95358	1.04779	29.5776
597	0.0778014	2.9543	1.04739	29.5957
598	0.0798685	2.95509	1.05225	29.614
599	0.0805357	2.95592	1.05548	29.6324
600	0.082963	2.95685	1.05651	29.6508
601	0.0822183	2.95774	1.04914	29.6689
602	0.0834755	2.95869	1.03817	29.6866
603	0.0839078	2.95965	1.02317	29.7037
604	0.0842083	2.96063	1.00801	29.7201
605	0.0828567	2.96155	0.994656	29.736
606	0.0803137	2.96237	0.991597	29.7517
607	0.0784683	2.96312	0.987368	29.7673
608	0.0757876	2.96376	0.983986	29.7827
609	0.0742622	2.96434	0.985959	29.7982
610	0.0715371	2.96481	0.989077	29.8139
611	0.0694983	2.96519	0.993868	29.8297
612	0.0680812	2.96553	0.994853	29.8455
613	0.0666802	2.9658	0.997456	29.8615
614	0.0673863	2.96611	1.00009	29.8775
615	0.0669839	2.9664	0.994138	29.8933
616	0.0651304	2.96662	0.990539	29.909
617	0.0620938	2.96672	0.990462	29.9246
618	0.0606221	2.96676	0.990815	29.9403
619	0.0613561	2.96683	0.991788	29.9559
620	0.0636604	2.967	0.995633	29.9718
621	0.0625371	2.96712	0.995584	29.9876
622	0.0603094	2.96716	0.986198	30.003
623	0.0614857	2.96724	0.982274	30.0183
624	0.0607635	2.9673	0.981246	30.0336
625	0.0595561	2.96731	0.979217	30.0487
626	0.0621362	2.96743	0.979778	30.0639
627	0.0622229	2.96755	0.971823	30.0787
628	0.0618606	2.96766	0.969162	30.0934
629	0.0595907	2.96768	0.974138	30.1084
630	0.0599195	2.96771	0.971924	30.1232
631	0.0612189	2.9678	0.97319	30.1381
632	0.0614836	2.9679	0.971229	30.1529
633	0.0604223	2.96796	0.969837	30.1676
634	0.062383	2.9681	0.968134	30.1823
635	0.0602544	2.96816	0.967172	30.1969
636	0.0583122	2.96814	0.969309	30.2116
637	0.0556185	2.96802	0.971163	30.2264
638	0.0543146	2.96784	0.966849	30.241
639	0.055441	2.96772	0.967541	30.2556
640	0.0559784	2.96761	0.965594	30.2701
641	0.056573	2.96754	0.964981	30.2846
642	0.0579175	2.96751	0.96494	30.2991
643	0.0592095	2.96754	0.964905	30.3136
644	0.0601121	2.96761	0.964673	30.3281
645	0.0611149	2.96772	0.966296	30.3426
646	0.0579236	2.9677	0.971918	30.3574
647	0.056289	2.96763	0.968174	30.372
648	0.0542419	2.96747	0.970619	30.3867
649	0.0556024	2.96737	0.971846	30.4014
650	0.0551376	2.96725	0.973634	30.4163
651	0.0544302	2.96711	0.978733	30.4313
652	0.0523388	2.96689	0.981561	30.4464
653	0.0521711	2.96666	0.983888	30.4616
654	0.0544964	2.96653	0.988733	30.4769
655	0.0557741	2.96644	0.988902	30.4923
656	0.0549119	2.96633	0.991531	30.5078
657	0.0550409	2.96622	0.985525	30.523
658	0.0533395	2.96605	0.9881	30.5384
659	0.0531873	2.96587	0.982132	30.5534
660	0.0509413	2.96561	0.984714	30.5686
661	0.0479523	2.96524	0.989867	30.584
662	0.0450975	2.96475	0.988959	30.5994
663	0.0434878	2.96421	0.990819	30.6148
664	0.0433448	2.96366	0.99047	30.6301
665	0.0426803	2.96309	0.992729	30.6456
666	0.0415645	2.96248	0.993363	30.6611
667	0.0433299	2.96194	0.989966	30.6765
668	0.0436754	2.96142	0.990127	30.6918
669	0.0448808	2.96095	0.986683	30.707
670	0.0442588	2.96045	0.979662	30.7219
671	0.0436987	2.95993	0.979883	30.7369
672	0.0445201	2.95945	0.983986	30.752
673	0.0467564	2.95906	0.986343	30.7672
674	0.0461088	2.95864	0.982727	30.7822
675	0.0482825	2.95831	0.986801	30.7974
676	0.0508189	2.95808	0.991891	30.8127
677	0.0528842	2.95793	0.993634	30.8282
678	0.0506665	2.9577	0.992176	30.8435
679	0.0493739	2.95742	0.992798	30.8589
680	0.0517145	2.95723	0.99894	30.8746
681	0.0534964	2.95711	1.00082	30.8902
682	0.0524592	2.95695	0.996316	30.9058
683	0.054107	2.95686	0.997133	30.9213
684	0.0511702	2.95666	0.998728	30.9369
685	0.049331	2.95639	1.00112	30.9525
686	0.0481199	2.95608	1.00033	30.9682
687	0.0507731	2.95586	1.00051	30.9838
688	0.0523174	2.95571	1.00116	30.9995
689	0.052809	2.95558	1.00095	31.0151
690	0.0534879	2.95548	0.995914	31.0305
691	0.0529863	2.95536	0.997922	31.0461
692	0.051393	2.95518	0.994403	31.0614
693	0.0514148	2.955	0.991589	31.0767
694	0.0512097	2.95482	0.978441	31.0914
695	0.0526176	2.95469	0.977543	31.1062
696	0.0543039	2.95463	0.970816	31.1206
697	0.0546453	2.95458	0.964764	31.1348
698	0.0533946	2.95449	0.960821	31.1489
699	0.0547822	2.95445	0.963657	31.1631
700	0.0532008	2.95435	0.967223	31.1774
701	0.0498511	2.95413	0.972617	31.1919
702	0.048106	2.95385	0.977008	31.2065
703	0.0466034	2.95351	0.97797	31.2212
704	0.0483308	2.95323	0.981232	31.236
705	0.0496684	2.95301	0.977719	31.2507
706	0.0522531	2.95289	0.981579	31.2655
707	0.0523328	2.95277	0.984354	31.2804
708	0.0506438	2.95259	0.990838	31.2956
709	0.048243	2.95232	0.994407	31.3109
710	0.0454456	2.95195	1.00066	31.3264
711	0.0461811	2.95161	1.00287	31.3419
712	0.0448321	2.95122	1.0003	31.3574
713	0.0434739	2.95078	0.996755	31.3728
714	0.0406946	2.95024	1.0019	31.3883
715	0.0414126	2.94973	0.999075	31.4037
716	0.0407127	2.9492	0.997411	31.4191
717	0.0417899	2.9487	0.999522	31.4345
718	0.0439066	2.94829	0.99292	31.4496
719	0.0462243	2.94797	0.98968	31.4647
720	0.0477188	2.9477	0.983349	31.4795
721	0.048474	2.94746	0.977939	31.4941
722	0.0451879	2.94711	0.98373	31.5089
723	0.0443753	2.94672	0.981779	31.5236
724	0.0457831	2.94639	0.983885	31.5384
725	0.0471789	2.94611	0.986267	31.5533
726	0.0451819	2.94576	0.98589	31.5681
727	0.0438141	2.94537	0.988071	31.5831
728	0.0423269	2.94491	0.99292	31.5982
729	0.041481	2.94443	0.996539	31.6134
730	0.0407074	2.94393	0.994615	31.6286
731	0.039459	2.94338	0.996215	31.6438
732	0.039379	2.94282	0.997344	31.659
733	0.0387292	2.94225	0.998961	31.6744
734	0.0380399	2.94165	0.998014	31.6896
735	0.0380731	2.94106	0.997302	31.7048
736	0.0377737	2.94046	0.995178	31.72
737	0.0368683	2.93982	0.996714	31.7352
738	0.0380013	2.93923	0.997199	31.7504
739	0.035009	2.93853	0.997836	31.7656
740	0.0342475	2.93781	0.997543	31.7808
741	0.0342378	2.93709	0.996163	31.796
742	0.0320072	2.93629	1.00175	31.8113
743	0.0307966	2.93544	1.00327	31.8267
744	0.0315672	2.93463	1.00117	31.842
745	0.0323448	2.93385	1.0008	31.8573
746	0.0331663	2.9331	1.00471	31.8728
747	0.0311428	2.93228	1.00721	31.8883
748	0.0310889	2.93146	1.00693	31.9038
749	0.0308887	2.93063	1.01016	31.9194
750	0.0308742	2.92981	1.0129	31.9351
751	0.0305624	2.92898	1.01372	31.9508
752	0.0294462	2.92811	1.01679	31.9667
753	0.0284294	2.9272	1.01598	31.9825
754	0.0267585	2.92624	1.01404	31.9982
755	0.0252983	2.92523	1.01036	32.0138
756	0.027333	2.92429	1.01286	32.0294
757	0.0288388	2.92341	1.00976	32.045
758	0.0290675	2.92254	1.00915	32.0605
759	0.0299952	2.92171	1.01294	32.0762
760	0.0313214	2.92092	1.01323	32.0918
761	0.0328402	2.9202	1.01468	32.1075
762	0.0319837	2.91944	1.01703	32.1233
763	0.0311403	2.91866	1.01924	32.1391
764	0.0318072	2.9179	1.02116	32.155
765	0.0314926	2.91714	1.02048	32.1709
766	0.0298163	2.91631	1.0194	32.1868
767	0.0308931	2.91553	1.00778	32.2022
768	0.0293792	2.9147	1.00465	32.2174
769	0.0286461	2.91384	0.998403	32.2325
770	0.030345	2.91304	0.998567	32.2476
771	0.029032	2.9122	0.99249	32.2624
772	0.0289029	2.91136	0.996431	32.2774
773	0.0288093	2.91051	0.998718	32.2924
774	0.0289531	2.90968	0.999635	32.3075
775	0.028025	2.90881	0.996473	32.3224
776	0.0277943	2.90793	0.996737	32.3374
777	0.0286852	2.9071	0.997755	32.3524
778	0.0269046	2.90619	1.00225	32.3675
779	0.0270788	2.9053	0.997749	32.3825
780	0.0289007	2.90448	0.987288	32.3971
781	0.0295798	2.90368	0.988025	32.4117
782	0.0288848	2.90286	0.991735	32.4264
783	0.0298975	2.90208	0.991884	32.4412
784	0.0293345	2.90128	0.991932	32.4559
785	0.0290519	2.90047	0.993616	32.4707
786	0.029052	2.89966	0.997684	32.4856
787	0.0292783	2.89887	0.99892	32.5006
788	0.028703	2.89805	0.999723	32.5156
789	0.0275082	2.8972	0.999137	32.5306
790	0.0258907	2.89629	0.998921	32.5455
791	0.0247492	2.89534	0.996789	32.5604
792	0.0247365	2.89439	0.989549	32.575
793	0.0264756	2.89351	0.985233	32.5894
794	0.0292016	2.89273	0.984122	32.6038
795	0.0317403	2.89204	0.987262	32.6184
796	0.0306644	2.89131	0.989736	32.6329
797	0.027076	2.89046	0.994453	32.6477
798	0.0270877	2.88961	0.998165	32.6626
799	0.026968	2.88876	0.998524	32.6775
800	0.0284241	2.88796	0.998038	32.6923
801	0.0297048	2.88721	0.999974	32.7073
802	0.0303797	2.88649	1.00035	32.7222
803	0.0291919	2.88572	1.00421	32.7373
804	0.0297075	2.88498	1.00472	32.7523
805	0.0296339	2.88423	1.00727	32.7675
806	0.0275662	2.88342	1.00804	32.7827
807	0.0281404	2.88262	1.00788	32.7978
808	0.0285549	2.88185	1.00696	32.813
809	0.0282508	2.88106	1.00526	32.828
810	0.0282195	2.88028	1.00656	32.8431
811	0.0263669	2.87943	1.0056	32.8582
812	0.0261133	2.87858	1.00642	32.8733
813	0.0275298	2.87777	1.00955	32.8885
814	0.0280491	2.87699	1.00785	32.9036
815	0.0267124	2.87616	1.01176	32.9188
816	0.0265645	2.87533	1.01338	32.9341
817	0.0286575	2.87458	1.01776	32.9496
818	0.0305843	2.87389	1.02076	32.9651
819	0.0318692	2.87326	1.02261	32.9808
820	0.0335114	2.87268	1.02225	32.9963
821	0.0353267	2.87216	1.0185	33.0118
822	0.0356881	2.87166	1.01871	33.0272
823	0.034747	2.87113	1.01423	33.0425
824	0.0354789	2.87063	1.01178	33.0577
825	0.0358243	2.87014	1.01303	33.073
826	0.036152	2.86966	1.01036	33.0881
827	0.0354983	2.86916	1.01037	33.1032
828	0.0345873	2.86863	1.01296	33.1184
829	0.0347491	2.86811	1.01552	33.1337
830	0.034692	2.86759	1.01541	33.149
831	0.0356463	2.8671	1.01607	33.1643
832	0.0373009	2.86668	1.01441	33.1796
833	0.0377989	2.86627	1.01404	33.1948
834	0.0368551	2.86583	1.01257	33.2099
835	0.0367965	2.86539	1.01505	33.2252
836	0.0365031	2.86494	1.01596	33.2404
837	0.0365759	2.86449	1.01669	33.2557
838	0.0365154	2.86405	1.01492	33.2709
839	0.0356052	2.86357	1.01277	33.2861
840	0.036173	2.86312	1.01201	33.3012
841	0.0347292	2.86261	1.01474	33.3164
842	0.0333802	2.86207	1.01642	33.3316
843	0.0335047	2.86152	1.01668	33.3469
844	0.0346765	2.86103	1.01936	33.3622
845	0.0353824	2.86055	1.01562	33.3774
846	0.033339	2.86001	1.01589	33.3926
847	0.0310626	2.85939	1.01007	33.4076
848	0.0312601	2.85878	1.00355	33.4224
849	0.0314787	2.85818	0.996531	33.4369
850	0.0328093	2.85763	0.987945	33.4511
851	0.0324253	2.85706	0.985281	33.4652
852	0.0324959	2.8565	0.982835	33.4792
853	0.0314973	2.85591	0.979613	33.4932
854	0.0295638	2.85525	0.983066	33.5072
855	0.0305689	2.85462	0.985294	33.5213
856	0.0312552	2.85403	0.989427	33.5355
857	0.0311268	2.85343	0.990365	33.5498
858	0.0319119	2.85286	0.992711	33.5641
859	0.0328667	2.85232	0.99078	33.5784
860	0.0342904	2.85183	0.9894	33.5926
861	0.0329869	2.8513	0.985535	33.6067
862	0.031952	2.85074	0.98509	33.6208
863	0.0304676	2.85013	0.98603	33.6349
864	0.0297637	2.84949	0.98739	33.649
865	0.0290291	2.84883	0.986201	33.6631
866	0.0297749	2.8482	0.986104	33.6771
867	0.0283514	2.84753	0.984088	33.6911
868	0.0260404	2.84677	0.98635	33.7052
869	0.0241337	2.84596	0.984238	33.7192
870	0.0215938	2.84505	0.987606	33.7333
871	0.0218538	2.84416	0.986721	33.7474
872	0.0224253	2.84329	0.988396	33.7615
873	0.0226701	2.84244	0.987221	33.7756
874	0.0225279	2.84157	0.984503	33.7896
875	0.0227771	2.84072	0.98512	33.8035
876	0.0220031	2.83985	0.983526	33.8175
877	0.0211622	2.83895	0.978807	33.8313
878	0.0191224	2.83798	0.979766	33.8451
879	0.0199426	2.83704	0.976878	33.8588
880	0.0193462	2.83608	0.973432	33.8723
881	0.0198467	2.83514	0.971423	33.8858
882	0.0193143	2.83419	0.974344	33.8994
883	0.0154821	2.83311	0.979955	33.9132
884	0.0142989	2.83199	0.981066	33.927
885	0.0141204	2.83086	0.983314	33.9409
886	0.0134186	2.82972	0.983303	33.9548
887	0.0137979	2.82859	0.982406	33.9687
888	0.0171187	2.82758	0.987745	33.9827
889	0.0195703	2.82664	0.992172	33.9968
890	0.0204552	2.82574	0.996291	34.0111
891	0.0211777	2.82487	0.998408	34.0255
892	0.0202171	2.82397	0.994637	34.0397
893	0.0202418	2.82306	0.994557	34.0539
894	0.0205277	2.82217	0.99335	34.0681
895	0.0205738	2.82129	0.996205	34.0824
896	0.0216975	2.82044	0.99782	34.0967
897	0.0235296	2.81966	1.00347	34.1112
898	0.0260572	2.81896	1.00481	34.1257
899	0.0266941	2.81828	1.0045	34.1403
900	0.0259893	2.81758	1.00587	34.1548
901	0.026142	2.81689	1.00718	34.1694
902	0.0266272	2.81622	1.00924	34.1841
903	0.0263193	2.81554	1.01083	34.1988
904	0.0259418	2.81485	1.01148	34.2135
905	0.0261279	2.81416	1.01224	34.2283
906	0.0270248	2.81351	1.0107	34.243
907	0.0269545	2.81286	1.0046	34.2574
908	0.0280672	2.81224	1.00322	34.2719
909	0.0280501	2.81163	1.00312	34.2863
910	0.0284607	2.81103	1.00163	34.3007
911	0.0292639	2.81045	1.00053	34.315
912	0.0290402	2.80988	1.00169	34.3293
913	0.0281957	2.80927	1.0036	34.3437
914	0.0280297	2.80867	1.00352	34.3581
915	0.0277861	2.80805	1.00261	34.3725
916	0.0286311	2.80747	0.998113	34.3867
917	0.0271733	2.80684	1.00064	34.401
918	0.0256367	2.80615	0.999671	34.4153
919	0.0257017	2.80548	0.999492	34.4295
920	0.0256844	2.8048	1.00127	34.4438
921	0.0248983	2.8041	1.00117	34.4581
922	0.0250775	2.80341	0.997096	34.4723
923	0.0236688	2.80267	0.996344	34.4864
924	0.0240986	2.80195	0.994444	34.5004
925	0.0241541	2.80123	0.992295	34.5144
926	0.0227395	2.80047	0.991709	34.5284
927	0.0221693	2.79969	0.990181	34.5423
928	0.0216948	2.79889	0.989728	34.5562
929	0.0203235	2.79806	0.985549	34.5699
930	0.0204194	2.79722	0.981786	34.5835
931	0.0209892	2.79641	0.977412	34.597
932	0.0200778	2.79557	0.971662	34.6102
933	0.0210975	2.79476	0.97033	34.6234
934	0.0218421	2.79399	0.966988	34.6366
935	0.0216758	2.7932	0.967024	34.6497
936	0.0227009	2.79245	0.968228	34.6628
937	0.0243577	2.79176	0.968618	34.6759
938	0.0269247	2.79115	0.967702	34.6891
939	0.0282742	2.79059	0.967819	34.7022
940	0.028435	2.79004	0.967513	34.7153
941	0.027434	2.78945	0.968115	34.7284
942	0.0275413	2.78887	0.96642	34.7414
943	0.0271431	2.78828	0.963419	34.7544
944	0.0253827	2.78763	0.965266	34.7674
945	0.0257159	2.78699	0.963603	34.7804
946	0.0272683	2.78641	0.967415	34.7934
947	0.0293613	2.78589	0.969742	34.8066
948	0.0306778	2.78542	0.969812	34.8197
949	0.0308415	2.78496	0.965698	34.8327
950	0.0304696	2.78448	0.967091	34.8458
951	0.0298146	2.78398	0.964735	34.8587
952	0.0305416	2.78351	0.968323	34.8718
953	0.0302218	2.78303	0.966369	34.8848
954	0.0298233	2.78254	0.969033	34.8979
955	0.0304169	2.78207	0.971536	34.9111
956	0.0304567	2.7816	0.96822	34.9241
957	0.0307279	2.78114	0.968365	34.9372
958	0.0304107	2.78068	0.97004	34.9503
959	0.0299653	2.7802	0.969831	34.9634
960	0.0299904	2.77972	0.967572	34.9764
961	0.0313975	2.77929	0.968045	34.9894
962	0.0332182	2.77891	0.97267	35.0026
963	0.0325758	2.77852	0.971445	35.0157
964	0.0326483	2.77813	0.97133	35.0289
965	0.0327908	2.77775	0.970103	35.0419
966	0.0334747	2.77739	0.971683	35.0551
967	0.0353277	2.77709	0.975154	35.0683
968	0.0358682	2.77681	0.976113	35.0816
969	0.0365662	2.77656	0.974703	35.0948
970	0.0359936	2.77628	0.976303	35.108
971	0.0353076	2.77599	0.97752	35.1213
972	0.0338457	2.77565	0.976956	35.1346
973	0.0334889	2.7753	0.974857	35.1478
974	0.033624	2.77495	0.974326	35.161
975	0.0339997	2.77462	0.971715	35.174
976	0.0342757	2.77429	0.972	35.1871
977	0.0328674	2.77393	0.973076	35.2003
978	0.0319852	2.77353	0.97206	35.2134
979	0.0311166	2.77311	0.969857	35.2264
980	0.031054	2.77269	0.971886	35.2394
981	0.0307538	2.77226	0.972728	35.2525
982	0.0327032	2.7719	0.973521	35.2657
983	0.0339543	2.77157	0.973956	35.2788
984	0.0340297	2.77125	0.972509	35.2919
985	0.0354321	2.77097	0.971931	35.3049
986	0.0351693	2.77069	0.972068	35.318
987	0.033916	2.77037	0.973346	35.3311
988	0.0348873	2.77007	0.973704	35.3442
989	0.0351689	2.76979	0.974934	35.3573
990	0.0366223	2.76956	0.976831	35.3705
991	0.0376189	2.76936	0.976584	35.3837
992	0.0365017	2.76912	0.975333	35.3968
993	0.0361676	2.76888	0.975213	35.4099
994	0.033991	2.76856	0.97604	35.4231
995	0.0315682	2.76818	0.979933	35.4363
996	0.0305904	2.76776	0.98118	35.4496
997	0.0293047	2.7673	0.978431	35.4628
998	0.028082	2.7668	0.976765	35.476
999	0.0271024	2.76628	0.979884	35.4892
1000	0.0277373	2.76577	0.98363	35.5026
1001	0.0274439	2.76526	0.984121	35.516
1002	0.0283288	2.76478	0.985145	35.5294
1003	0.0290161	2.76432	0.984772	35.5427
1004	0.0277965	2.76382	0.983911	35.5561
1005	0.0275634	2.76331	0.986972	35.5695
1006	0.0264512	2.76278	0.988743	35.583
1007	0.0260559	2.76223	0.990134	35.5966
1008	0.0257339	2.76167	0.99255	35.6102
1009	0.0260428	2.76112	0.991363	35.6237
1010	0.0254266	2.76056	0.994268	35.6374
1011	0.0248906	2.75998	0.992892	35.651
1012	0.0240589	2.75937	0.991254	35.6645
1013	0.0241235	2.75877	0.991419	35.6781
1014	0.0235425	2.75815	0.991285	35.6916
1015	0.0233367	2.75752	0.993985	35.7052
1016	0.0230973	2.75689	0.994964	35.7189
1017	0.0225423	2.75625	0.992061	35.7324
1018	0.0213892	2.75556	0.992023	35.746
1019	0.0223883	2.75492	0.992429	35.7595
1020	0.0221622	2.75426	0.990325	35.773
1021	0.0216469	2.75359	0.99202	35.7865
1022	0.0225626	2.75295	0.98811	35.7999
1023	0.0220407	2.7523	0.987102	35.8133
1024	0.0214567	2.75162	0.988611	35.8267
1025	0.0213915	2.75095	0.987522	35.8401
1026	0.0219617	2.7503	0.98467	35.8533
1027	0.0223077	2.74966	0.982634	35.8665
1028	0.0227857	2.74903	0.982225	35.8797
1029	0.0220443	2.74839	0.981527	35.8929
1030	0.0210717	2.74771	0.981943	35.9061
1031	0.0215883	2.74705	0.983134	35.9193
1032	0.0214221	2.74639	0.980699	35.9324
1033	0.0186234	2.74564	0.981427	35.9455
1034	0.0204153	2.74495	0.985454	35.9588
1035	0.0195996	2.74423	0.987095	35.9721
1036	0.0180016	2.74347	0.988709	35.9855
1037	0.0190773	2.74274	0.987711	35.9988
1038	0.0188921	2.74201	0.990852	36.0122
1039	0.0187656	2.74127	0.991701	36.0256
1040	0.020037	2.74058	0.991404	36.0391
1041	0.0211172	2.73992	0.994148	36.0526
1042	0.0224955	2.7393	0.995693	36.0661
1043	0.021931	2.73867	0.996118	36.0797
1044	0.0219503	2.73804	0.997197	36.0932
1045	0.0218123	2.7374	0.996027	36.1068
1046	0.0227003	2.7368	0.998552	36.1204
1047	0.0228498	2.7362	0.998889	36.134
1048	0.0214903	2.73556	1.00179	36.1477
1049	0.0199667	2.73487	1.0022	36.1614
1050	0.0207956	2.73421	1.00259	36.1752
1051	0.0209504	2.73356	1.00411	36.1889
1052	0.0201361	2.73288	1.0005	36.2026
1053	0.0200819	2.73221	0.99819	36.2161
1054	0.01877	2.73149	0.99939	36.2297
1055	0.0165241	2.73071	0.999669	36.2433
1056	0.0162269	2.72992	0.99471	36.2568
1057	0.0154248	2.7291	0.995578	36.2703
1058	0.0159338	2.7283	0.997247	36.2838
1059	0.0161778	2.72751	0.998189	36.2973
1060	0.0160565	2.72672	0.996045	36.3108
1061	0.0161145	2.72593	0.994895	36.3242
1062	0.0156802	2.72513	0.994707	36.3377
1063	0.0154974	2.72433	0.994893	36.3511
1064	0.0158562	2.72353	0.993449	36.3644
1065	0.0165531	2.72276	0.993088	36.3778
1066	0.01901	2.72207	0.99818	36.3913
1067	0.01861	2.72137	0.998764	36.4048
1068	0.0194131	2.72069	0.991947	36.4181
1069	0.0204749	2.72004	0.994549	36.4315
1070	0.0213617	2.71943	0.993417	36.4449
1071	0.0203965	2.71878	0.992119	36.4582
1072	0.0223362	2.7182	0.994986	36.4716
1073	0.0218378	2.7176	0.993432	36.4849
1074	0.0214256	2.71699	0.990721	36.4981
1075	0.0224741	2.71641	0.993431	36.5115
1076	0.0237645	2.71588	0.996844	36.5249
1077	0.0240667	2.71535	0.998127	36.5383
1078	0.0242631	2.71483	1.00102	36.5519
1079	0.0255033	2.71435	1.00283	36.5655
1080	0.0250177	2.71386	1.00145	36.579
1081	0.0249576	2.71336	1.00335	36.5926
1082	0.0241856	2.71284	1.00492	36.6062
1083	0.0245609	2.71234	1.00153	36.6198
1084	0.0242047	2.71182	1.00142	36.6333
1085	0.0224252	2.71126	1.00239	36.6469
1086	0.0207884	2.71064	1.00041	36.6603
1087	0.0193597	2.70998	0.998349	36.6738
1088	0.0203874	2.70936	1.00065	36.6872
1089	0.0209168	2.70875	1.00065	36.7007
1090	0.0219136	2.70817	1.00047	36.7142
1091	0.0214984	2.70758	0.999305	36.7276
1092	0.0212665	2.70699	0.998752	36.741
1093	0.0223118	2.70643	0.999271	36.7544
1094	0.0233216	2.70589	0.99664	36.7678
1095	0.0246152	2.7054	0.998038	36.7811
1096	0.0242663	2.7049	0.99691	36.7945
1097	0.0244756	2.70441	0.994593	36.8077
1098	0.0240443	2.70391	0.995911	36.821
1099	0.0240235	2.7034	0.997617	36.8344
1100	0.0218195	2.70283	1.00026	36.8478
1101	0.0204192	2.70222	0.999214	36.8612
1102	0.0209447	2.70163	0.99978	36.8745
1103	0.0199671	2.70101	1.00237	36.888
1104	0.0195726	2.70037	1.00237	36.9015
1105	0.0193435	2.69974	1.00059	36.9149
1106	0.0184264	2.69907	0.998187	36.9282
1107	0.018425	2.69841	0.993783	36.9414
1108	0.0183799	2.69774	0.988963	36.9544
1109	0.0195441	2.69711	0.987312	36.9674
1110	0.018929	2.69647	0.986023	36.9804
1111	0.0185609	2.69581	0.986169	36.9933
1112	0.0195827	2.69519	0.988019	37.0063
1113	0.0170776	2.69449	0.993641	37.0195
1114	0.016854	2.69379	0.996611	37.0327
1115	0.0164648	2.69308	0.996122	37.0459
1116	0.0168366	2.69238	0.997676	37.0592
1117	0.0171382	2.69168	0.997414	37.0724
1118	0.0169141	2.69099	0.996528	37.0857
1119	0.0192034	2.69036	0.994267	37.0988
1120	0.0199541	2.68976	0.990302	37.1118
1121	0.0186457	2.68912	0.987085	37.1248
1122	0.0186081	2.68847	0.983539	37.1376
1123	0.0191192	2.68785	0.980825	37.1503
1124	0.0197157	2.68724	0.976764	37.1629
1125	0.0200905	2.68665	0.976512	37.1755
1126	0.0191972	2.68603	0.977431	37.1882
1127	0.0187652	2.6854	0.979252	37.2008
1128	0.0192753	2.68478	0.979575	37.2135
1129	0.0201778	2.6842	0.978301	37.2261
1130	0.0196352	2.68359	0.978507	37.2388
1131	0.0194689	2.68299	0.980411	37.2515
1132	0.0199242	2.6824	0.979548	37.2641
1133	0.0209296	2.68184	0.979255	37.2768
1134	0.0219928	2.68131	0.981313	37.2895
1135	0.0224147	2.68079	0.98223	37.3022
1136	0.021789	2.68026	0.981908	37.3149
1137	0.0210139	2.67971	0.981344	37.3276
1138	0.0215753	2.67917	0.977828	37.3402
1139	0.0219904	2.67865	0.98026	37.3528
1140	0.0209424	2.67809	0.981265	37.3655
1141	0.0214225	2.67755	0.98015	37.3782
1142	0.0205958	2.67699	0.981712	37.3909
1143	0.0202687	2.67642	0.977644	37.4034
1144	0.0201145	2.67585	0.97673	37.4159
1145	0.0198222	2.67527	0.977407	37.4285
1146	0.0194357	2.67468	0.977747	37.441
1147	0.0210121	2.67413	0.979471	37.4536
1148	0.0237018	2.67367	0.986066	37.4664
1149	0.0235775	2.6732	0.985537	37.4792
1150	0.0237699	2.67274	0.98619	37.492
1151	0.0244256	2.6723	0.986523	37.5048
1152	0.0237952	2.67184	0.983739	37.5175
1153	0.0236232	2.67138	0.979604	37.5301
1154	0.023265	2.67091	0.979723	37.5426
1155	0.0231854	2.67044	0.980045	37.5552
1156	0.0222261	2.66994	0.978331	37.5678
1157	0.0211623	2.66941	0.974907	37.5802
1158	0.0202656	2.66885	0.975357	37.5926
1159	0.0192368	2.66827	0.972606	37.605
1160	0.019293	2.66768	0.971418	37.6173
1161	0.0189977	2.66709	0.971648	37.6296
1162	0.019041	2.66651	0.973601	37.642
1163	0.0186454	2.66591	0.973952	37.6543
1164	0.0182975	2.6653	0.974081	37.6667
1165	0.0177786	2.66468	0.975067	37.6791
1166	0.0177662	2.66406	0.976073	37.6915
1167	0.0171784	2.66342	0.976435	37.704
1168	0.0162452	2.66276	0.975735	37.7164
1169	0.014727	2.66205	0.976592	37.7288
1170	0.0157447	2.66137	0.975224	37.7412
1171	0.0172259	2.66074	0.975939	37.7536
1172	0.016262	2.66008	0.97897	37.7661
1173	0.0148624	2.65938	0.982179	37.7787
1174	0.0130064	2.65863	0.984979	37.7913
1175	0.0124013	2.65786	0.983819	37.804
1176	0.0125137	2.6571	0.984308	37.8166
1177	0.0134345	2.65636	0.985585	37.8292
1178	0.0155944	2.65569	0.988081	37.842
1179	0.0159414	2.65503	0.988703	37.8547
1180	0.0152359	2.65435	0.990677	37.8675
1181	0.0133928	2.65362	0.990569	37.8803
1182	0.0139147	2.6529	0.984072	37.8929
1183	0.0135914	2.65218	0.981037	37.9054
1184	0.0129665	2.65144	0.983071	37.918
1185	0.0127602	2.65069	0.979089	37.9304
1186	0.0130632	2.64995	0.977048	37.9428
1187	0.0146449	2.64926	0.978769	37.9552
1188	0.0159017	2.64861	0.980803	37.9677
1189	0.0160029	2.64796	0.982473	37.9802
1190	0.015238	2.64729	0.983595	37.9928
1191	0.0160183	2.64665	0.979897	38.0052
1192	0.0171513	2.64603	0.981889	38.0177
1193	0.0170634	2.64542	0.983476	38.0303
1194	0.0179515	2.64483	0.983398	38.0428
1195	0.0187722	2.64427	0.982326	38.0553
1196	0.0189795	2.64372	0.982424	38.0678
1197	0.0178239	2.64313	0.98264	38.0803
1198	0.0162438	2.64249	0.981021	38.0928
1199	0.0155267	2.64184	0.981185	38.1052
1200	0.0138697	2.64114	0.984186	38.1177
1201	0.0134563	2.64043	0.984396	38.1303
1202	0.0141716	2.63974	0.986096	38.1429
1203	0.0152655	2.63909	0.982293	38.1553
1204	0.0155096	2.63844	0.982636	38.1678
1205	0.0144062	2.63776	0.984163	38.1803
1206	0.0137666	2.63707	0.985252	38.1928
1207	0.0136064	2.63637	0.983698	38.2053
1208	0.0126393	2.63564	0.982602	38.2178
1209	0.0115905	2.63489	0.983554	38.2303
1210	0.0100593	2.63409	0.985009	38.2428
1211	0.0107119	2.63331	0.987465	38.2554
1212	0.0118848	2.63257	0.98953	38.268
1213	0.0134886	2.63187	0.992105	38.2807
1214	0.0152533	2.63122	0.993986	38.2935
1215	0.0150385	2.63057	0.992851	38.3062
1216	0.0142535	2.6299	0.993558	38.319
1217	0.0150546	2.62925	0.993199	38.3317
1218	0.0139688	2.62858	0.994135	38.3444
1219	0.0128636	2.62787	0.995099	38.3572
1220	0.0113535	2.62712	0.995783	38.37
1221	0.0100969	2.62633	0.998137	38.3828
1222	0.00908915	2.62552	1.00061	38.3958
1223	0.00889874	2.6247	1.00053	38.4087
1224	0.00820504	2.62386	1.00017	38.4216
1225	0.00827268	2.62303	1.00173	38.4345
1226	0.00792146	2.62219	1.00122	38.4474
1227	0.00806174	2.62135	1.00006	38.4603
1228	0.00894447	2.62054	1.00064	38.4732
1229	0.00974437	2.61975	1.00164	38.4861
1230	0.0109103	2.619	1.00213	38.4991
1231	0.0111939	2.61826	1.00024	38.5119
1232	0.00972344	2.61747	1.00079	38.5248
1233	0.010492	2.61671	1.00376	38.5378
1234	0.00927581	2.61592	1.00509	38.5508
1235	0.00921133	2.61512	1.0041	38.5637
1236	0.00759673	2.61428	1.00483	38.5767
1237	0.00760323	2.61344	1.00372	38.5897
1238	0.00750138	2.6126	1.00585	38.6027
1239	0.00671674	2.61174	1.004	38.6156
1240	0.00705165	2.61089	1.00362	38.6285
1241	0.00765463	2.61005	1.00274	38.6414
1242	0.00692606	2.6092	1.00196	38.6543
1243	0.00703229	2.60835	0.998319	38.6671
1244	0.00735587	2.60751	0.996867	38.6798
1245	0.00845064	2.60671	0.995438	38.6925
1246	0.0078944	2.60589	0.995986	38.7052
1247	0.00734887	2.60505	0.996684	38.7179
1248	0.00694279	2.60421	0.9949	38.7305
1249	0.00861571	2.60341	0.995864	38.7432
1250	0.00844737	2.60261	0.988542	38.7556
1251	0.00847617	2.60181	0.985892	38.768
1252	0.00873573	2.60102	0.985498	38.7804
1253	0.00851049	2.60022	0.986293	38.7928
1254	0.00847038	2.59942	0.987688	38.8052
1255	0.00894133	2.59864	0.987682	38.8176
1256	0.00902026	2.59786	0.986757	38.83
1257	0.00959951	2.5971	0.989304	38.8425
1258	0.0089983	2.59632	0.991444	38.855
1259	0.00899098	2.59555	0.991943	38.8675
1260	0.0101343	2.5948	0.990746	38.88
1261	0.012176	2.59412	0.996001	38.8926
1262	0.0119866	2.59343	0.99608	38.9053
1263	0.0130876	2.59277	0.995826	38.9179
1264	0.0138343	2.59214	0.995208	38.9305
1265	0.0135103	2.59149	0.996923	38.9431
1266	0.0122706	2.59082	0.998979	38.9558
1267	0.0124956	2.59015	0.997738	38.9685
1268	0.0122276	2.58947	0.994083	38.981
1269	0.0131687	2.58882	0.99391	38.9936
1270	0.014077	2.5882	0.994643	39.0061
1271	0.0151535	2.5876	0.995408	39.0187
1272	0.0152303	2.58702	0.995859	39.0313
1273	0.0145058	2.58641	0.997224	39.0439
1274	0.0139404	2.58578	0.998429	39.0565
1275	0.0140467	2.58516	0.998785	39.0692
1276	0.0136101	2.58453	0.999351	39.0819
1277	0.0145727	2.58393	1.00114	39.0946
1278	0.0141167	2.58332	0.999871	39.1072
1279	0.0148497	2.58272	1.00121	39.12
1280	0.0156512	2.58215	1.0031	39.1327
1281	0.0161896	2.5816	1.00425	39.1455
1282	0.0164276	2.58105	1.00243	39.1582
1283	0.0162768	2.5805	0.999637	39.1709
1284	0.0157855	2.57994	1.00059	39.1835
1285	0.0159263	2.57938	1.00248	39.1963
1286	0.0160357	2.57882	1.0045	39.209
1287	0.0158762	2.57826	1.00612	39.2218
1288	0.0149042	2.57768	1.00656	39.2347
1289	0.0148361	2.57709	1.00691	39.2475
1290	0.0141669	2.57649	1.0068	39.2603
1291	0.0151646	2.57592	1.00609	39.2731
1292	0.0141989	2.57532	1.00793	39.2859
1293	0.0138718	2.57471	1.00857	39.2988
1294	0.01396	2.5741	1.00774	39.3116
1295	0.0143374	2.57351	1.00734	39.3244
1296	0.0140623	2.57291	1.00564	39.3372
1297	0.013894	2.5723	1.00164	39.3498
1298	0.0147494	2.57172	1.00193	39.3625
1299	0.0143624	2.57113	1.00212	39.3751
1300	0.013826	2.57052	1.00279	39.3878
1301	0.0135656	2.56991	1.00393	39.4005
1302	0.0141504	2.56932	1.00462	39.4132
1303	0.0133433	2.56871	1.00744	39.426
1304	0.0135471	2.5681	1.00561	39.4387
1305	0.0132785	2.56748	1.00365	39.4514
1306	0.0111738	2.56681	1.00619	39.4641
1307	0.00974548	2.5661	1.00379	39.4768
1308	0.00891713	2.56536	1.00173	39.4894
1309	0.00924181	2.56464	0.999072	39.5019
1310	0.0110269	2.56397	1.00128	39.5145
1311	0.0129456	2.56335	1.00379	39.5272
1312	0.0142191	2.56276	1.00621	39.5399
1313	0.0143904	2.56219	1.00048	39.5524
1314	0.0144516	2.56161	1.00094	39.565
1315	0.0157182	2.56107	1.00246	39.5776
1316	0.0157895	2.56054	1.00011	39.5901
1317	0.0164247	2.56002	1.00018	39.6027
1318	0.0165167	2.5595	0.999288	39.6152
1319	0.016551	2.55899	1.00058	39.6277
1320	0.0175082	2.5585	1.0026	39.6403
1321	0.0181375	2.55803	1.00448	39.6529
1322	0.0176194	2.55755	1.00459	39.6655
1323	0.0192549	2.55711	1.00365	39.6781
1324	0.0200695	2.5567	1.00392	39.6908
1325	0.0202405	2.55629	1.00281	39.7033
1326	0.019519	2.55587	1.00556	39.716
1327	0.0197127	2.55545	1.00644	39.7286
1328	0.0198022	2.55503	1.00705	39.7413
1329	0.019689	2.55461	1.00581	39.7539
1330	0.0202788	2.5542	1.00486	39.7666
1331	0.0207667	2.55381	1.00521	39.7792
1332	0.0203169	2.55341	1.0049	39.7918
1333	0.0214092	2.55304	1.00654	39.8044
1334	0.0219324	2.55269	1.00791	39.8171
1335	0.0201897	2.55228	1.00778	39.8298
1336	0.0201471	2.55188	1.00899	39.8424
1337	0.0190148	2.55145	1.01051	39.8552
1338	0.0192315	2.55102	1.01105	39.8679
1339	0.0181911	2.55057	1.01144	39.8807
1340	0.0184557	2.55012	1.0081	39.8933
1341	0.0183636	2.54967	1.00744	39.906
1342	0.0188599	2.54924	1.0089	39.9186
1343	0.0180447	2.54878	1.00982	39.9313
1344	0.0173124	2.54831	1.01173	39.9441
1345	0.0170403	2.54782	1.00901	39.9567
1346	0.016201	2.54732	1.00896	39.9694
1347	0.0167085	2.54683	1.00919	39.9821
1348	0.0164528	2.54634	1.00897	39.9947
1349	0.0174053	2.54587	1.00564	40.0073
1350	0.0182676	2.54542	1.00513	40.0198
1351	0.0188284	2.54499	1.0058	40.0324
1352	0.0185315	2.54456	1.00679	40.0449
1353	0.0188265	2.54413	1.00763	40.0575
1354	0.0191543	2.54371	1.00882	40.0701
1355	0.0186091	2.54328	1.00791	40.0827
1356	0.0192078	2.54286	1.00616	40.0953
1357	0.0184472	2.54243	1.00581	40.1078
1358	0.0184936	2.54199	1.00054	40.1202
1359	0.0183746	2.54156	0.996495	40.1325
1360	0.0186127	2.54113	0.99587	40.1447
1361	0.0182415	2.54069	0.997259	40.157
1362	0.0173412	2.54023	1.00049	40.1694
1363	0.0168372	2.53975	1.0002	40.1817
1364	0.0179345	2.53931	1.00107	40.1941
1365	0.0185951	2.53888	1.00114	40.2065
1366	0.0187762	2.53846	1.00149	40.2188
1367	0.0191413	2.53805	1.00272	40.2313
1368	0.019086	2.53764	1.00394	40.2437
1369	0.0178241	2.5372	1.00352	40.2561
1370	0.0196037	2.5368	1.0054	40.2686
1371	0.0189206	2.53639	1.00553	40.2811
1372	0.0187125	2.53597	1.00438	40.2935
1373	0.0180911	2.53554	1.00365	40.3059
1374	0.0172002	2.53508	1.0033	40.3183
1375	0.0172382	2.53462	1.00182	40.3307
1376	0.0161388	2.53414	1.00113	40.343
1377	0.0163296	2.53366	1.00224	40.3553
1378	0.0170201	2.5332	1.00132	40.3677
1379	0.0175238	2.53275	1.00049	40.38
1380	0.0172931	2.5323	1.00065	40.3923
1381	0.0162783	2.53182	0.99828	40.4045
1382	0.016387	2.53135	0.996868	40.4167
1383	0.0153499	2.53085	0.996495	40.4289
1384	0.0163632	2.53037	0.994988	40.441
1385	0.01637	2.5299	0.99458	40.4532
1386	0.0165403	2.52943	0.99458	40.4653
1387	0.0173679	2.52899	0.994508	40.4774
1388	0.0151568	2.52848	0.997503	40.4896
1389	0.013572	2.52794	0.998905	40.5018
1390	0.0130054	2.52738	0.998962	40.514
1391	0.0125286	2.52681	0.998857	40.5263
1392	0.0134912	2.52626	1.00036	40.5385
1393	0.013201	2.52571	1.00078	40.5508
1394	0.0138152	2.52518	0.998928	40.563
1395	0.0136785	2.52464	0.997319	40.5752
1396	0.013264	2.52409	0.994674	40.5872
1397	0.0132661	2.52354	0.993376	40.5993
1398	0.0130585	2.52299	0.991597	40.6113
1399	0.0129472	2.52244	0.991264	40.6233
1400	0.0127686	2.52188	0.991424	40.6353
1401	0.0118571	2.52129	0.9886	40.6472
1402	0.0125478	2.52073	0.98515	40.659
1403	0.0131041	2.52018	0.986011	40.6708
1404	0.0129223	2.51963	0.985908	40.6826
1405	0.0123335	2.51906	0.985636	40.6945
1406	0.0129248	2.51851	0.984215	40.7062
1407	0.0141644	2.518	0.985813	40.7181
1408	0.0145873	2.51749	0.980987	40.7297
1409	0.0147876	2.51699	0.978796	40.7414
1410	0.0159664	2.51653	0.978295	40.753
1411	0.0145974	2.51603	0.979112	40.7646
1412	0.0139985	2.51551	0.979961	40.7762
1413	0.0132755	2.51497	0.980364	40.7879
1414	0.0124122	2.51441	0.980476	40.7995
1415	0.0132318	2.51388	0.980572	40.8112
1416	0.0132655	2.51334	0.981953	40.8229
1417	0.0152504	2.51286	0.98373	40.8346
1418	0.0168271	2.51242	0.984173	40.8463
1419	0.0158502	2.51196	0.983132	40.858
1420	0.0157088	2.51149	0.984497	40.8698
1421	0.015893	2.51103	0.985246	40.8815
1422	0.0152067	2.51055	0.985945	40.8933
1423	0.0151381	2.51007	0.98544	40.9051
1424	0.0152848	2.5096	0.98697	40.9168
1425	0.0157664	2.50914	0.987203	40.9286
1426	0.0167398	2.5087	0.98504	40.9404
1427	0.0161992	2.50825	0.98375	40.9521
1428	0.0161654	2.5078	0.98348	40.9638
1429	0.0165155	2.50736	0.983695	40.9754
1430	0.0160824	2.50691	0.983443	40.9871
1431	0.0169852	2.50648	0.982874	40.9988
1432	0.0182001	2.50609	0.985068	41.0105
1433	0.0194618	2.50573	0.98653	41.0223
1434	0.0189617	2.50536	0.986933	41.034
1435	0.018694	2.50498	0.98837	41.0458
1436	0.0184398	2.5046	0.987825	41.0576
1437	0.0178389	2.5042	0.990718	41.0694
1438	0.0171968	2.50378	0.98956	41.0812
1439	0.0167476	2.50335	0.988492	41.093
1440	0.0159266	2.5029	0.985452	41.1047
1441	0.0162358	2.50246	0.985842	41.1164
1442	0.0167937	2.50204	0.982736	41.1281
1443	0.0161773	2.5016	0.982506	41.1397
1444	0.0151533	2.50113	0.984075	41.1513
1445	0.0158673	2.50068	0.985549	41.163
1446	0.0172673	2.50027	0.986188	41.1747
1447	0.0174514	2.49987	0.987574	41.1864
1448	0.0157603	2.49942	0.98874	41.1982
1449	0.0147078	2.49895	0.989104	41.21
1450	0.0144455	2.49846	0.988764	41.2217
1451	0.0152777	2.498	0.988818	41.2335
1452	0.0147181	2.49753	0.98578	41.2451
1453	0.0160639	2.49709	0.983873	41.2568
1454	0.015542	2.49664	0.981352	41.2683
1455	0.015688	2.4962	0.982616	41.2799
1456	0.0147356	2.49573	0.982567	41.2915
1457	0.0136092	2.49523	0.983162	41.303
1458	0.0127956	2.49471	0.98068	41.3146
1459	0.0122668	2.49418	0.977477	41.326
1460	0.0122451	2.49364	0.978343	41.3374
1461	0.0116064	2.49309	0.979454	41.3489
1462	0.0112703	2.49254	0.978837	41.3604
1463	0.011581	2.49199	0.979182	41.3718
1464	0.0119817	2.49145	0.979395	41.3833
1465	0.0119947	2.49092	0.980456	41.3948
1466	0.0111433	2.49036	0.981072	41.4063
1467	0.010826	2.48979	0.982411	41.4178
1468	0.0113615	2.48924	0.983034	41.4294
1469	0.0111678	2.48869	0.982174	41.4409
1470	0.0112821	2.48814	0.984303	41.4525
1471	0.0127999	2.48762	0.987259	41.4641
1472	0.0147327	2.48716	0.991037	41.4759
1473	0.0156217	2.48673	0.992532	41.4877
1474	0.0166206	2.48632	0.994703	41.4995
1475	0.0153674	2.48588	0.996886	41.5114
1476	0.0144746	2.48541	0.997575	41.5233
1477	0.0139613	2.48493	0.996707	41.5352
1478	0.0135477	2.48445	0.99459	41.547
1479	0.0137992	2.48397	0.995952	41.5588
1480	0.0129267	2.48346	0.998354	41.5708
1481	0.0124407	2.48295	1.00031	41.5827
1482	0.0124828	2.48244	1.00003	41.5947
1483	0.0129382	2.48194	1.00043	41.6066
1484	0.0129027	2.48144	1.00095	41.6186
1485	0.0120661	2.48091	1.00112	41.6305
1486	0.0118373	2.48039	1.00065	41.6425
1487	0.0112525	2.47985	1.00214	41.6545
1488	0.0113827	2.47931	1.00312	41.6665
1489	0.0109062	2.47876	1.00468	41.6785
1490	0.0114755	2.47823	1.00421	41.6906
1491	0.0118904	2.4777	1.00506	41.7026
1492	0.0132838	2.47722	1.00807	41.7147
1493	0.0135808	2.47674	1.00845	41.7269
1494	0.0129715	2.47625	1.00805	41.739
1495	0.0129623	2.47576	1.00627	41.751
1496	0.0139081	2.47529	1.00415	41.763
1497	0.0136653	2.47482	1.00365	41.775
1498	0.0131934	2.47433	1.00366	41.787
1499	0.0127879	2.47384	1.00174	41.7989
1500	0.0124089	2.47333	1.00273	41.8109
1501	0.0122198	2.47283	1.00435	41.8229
1502	0.0116957	2.4723	1.00298	41.8349
1503	0.0111882	2.47177	1.0041	41.8468
1504	0.0113757	2.47124	1.00345	41.8588
1505	0.0112623	2.47071	1.0049	41.8708
1506	0.0110668	2.47018	1.00617	41.8828
1507	0.0112611	2.46965	1.00639	41.8948
1508	0.0109022	2.46911	1.00426	41.9068
1509	0.011726	2.4686	1.00254	41.9187
1510	0.0120009	2.46809	1.00283	41.9307
1511	0.0121383	2.46759	0.999714	41.9425
1512	0.0118596	2.46708	0.995157	41.9542
1513	0.0114735	2.46656	0.993825	41.9659
1514	0.0100485	2.466	0.996622	41.9777
1515	0.0100804	2.46545	0.99768	41.9894
1516	0.00971376	2.46488	0.998409	42.0012
1517	0.0085152	2.46429	1.00062	42.0131
1518	0.00795958	2.46368	0.999862	42.0249
1519	0.00700777	2.46305	1.00123	42.0368
1520	0.00652509	2.46241	0.999944	42.0486
1521	0.00685824	2.46178	1.00096	42.0604
1522	0.00655397	2.46114	1.00099	42.0723
1523	0.00755459	2.46053	1.00105	42.0841
1524	0.00783788	2.45992	1.00171	42.0959
1525	0.00779214	2.45931	0.998953	42.1077
1526	0.00753028	2.4587	0.995532	42.1194
1527	0.00691069	2.45807	0.994571	42.1311
1528	0.0077986	2.45747	0.99244	42.1427
1529	0.00786298	2.45687	0.991491	42.1542
1530	0.00887143	2.45629	0.990403	42.1658
1531	0.00914634	2.45573	0.990234	42.1773
1532	0.0090966	2.45516	0.990615	42.1889
1533	0.00832411	2.45457	0.990256	42.2004
1534	0.00878868	2.45399	0.99054	42.2119
1535	0.00915274	2.45343	0.988217	42.2234
1536	0.00886958	2.45286	0.988986	42.2349
1537	0.0086468	2.45228	0.99068	42.2464
1538	0.00714872	2.45167	0.992109	42.258
1539	0.00593421	2.45102	0.995182	42.2696
1540	0.00579189	2.45038	0.996466	42.2813
1541	0.00614735	2.44974	0.997928	42.293
1542	0.0065376	2.44911	0.999292	42.3047
1543	0.00612006	2.44847	1.00096	42.3165
1544	0.00560486	2.44782	0.999406	42.3282
1545	0.00536705	2.44717	0.997625	42.3399
1546	0.0048906	2.4465	0.997291	42.3516
1547	0.00443699	2.44583	0.995821	42.3632
1548	0.00434658	2.44515	0.995372	42.3748
1549	0.00291658	2.44443	0.996479	42.3865
1550	0.00193065	2.44369	0.997781	42.3981
1551	-0.000343177	2.4429	1.0021	42.4099
1552	-0.00012553	2.44211	1.00329	42.4217
1553	0.000323654	2.44133	1.00467	42.4336
1554	-0.000402241	2.44054	1.00635	42.4454
1555	-0.000923698	2.43973	1.00763	42.4573
1556	-0.00164549	2.43891	1.00807	42.4692
1557	-0.00267831	2.43806	1.00866	42.4812
1558	-0.00227259	2.43722	1.00966	42.4931
1559	-0.00226176	2.43638	1.01027	42.5051
1560	-0.0016263	2.43556	1.01015	42.517
1561	-0.00155253	2.43474	1.00868	42.5289
1562	-0.00282532	2.43389	1.00984	42.5409
1563	-0.00319273	2.43303	1.00728	42.5527
1564	-0.0037534	2.43216	1.00642	42.5646
1565	-0.00365832	2.43129	1.00809	42.5765
1566	-0.00333428	2.43043	1.00821	42.5883
1567	-0.00324336	2.42957	1.00791	42.6002
1568	-0.00392441	2.4287	1.00832	42.6121
1569	-0.00338251	2.42784	1.00938	42.624
1570	-0.00316523	2.42699	1.00916	42.6359
1571	-0.00328555	2.42614	1.00993	42.6478
1572	-0.00254251	2.4253	1.01209	42.6598
1573	-0.00273962	2.42446	1.01284	42.6717
1574	-0.0028589	2.42362	1.01249	42.6837
1575	-0.00361292	2.42276	1.01155	42.6956
1576	-0.00384121	2.4219	1.00914	42.7075
1577	-0.00386082	2.42103	1.00815	42.7194
1578	-0.00364773	2.42017	1.0062	42.7311
1579	-0.00305665	2.41933	1.00398	42.7429
1580	-0.00207287	2.41852	1.00465	42.7546
1581	-0.00238253	2.41769	1.0062	42.7664
1582	-0.00198877	2.41688	1.00734	42.7782
1583	-0.00187462	2.41607	1.00727	42.79
1584	-0.00178396	2.41526	1.00683	42.8018
1585	-0.00170988	2.41446	1.0029	42.8135
1586	-0.000762172	2.41368	1.00347	42.8252
1587	0.000145433	2.41292	1.00423	42.8369
1588	-0.000315965	2.41216	1.00419	42.8486
1589	-0.000996269	2.41137	1.00491	42.8603
1590	-0.000558017	2.4106	1.00515	42.8721
1591	0.000488453	2.40986	1.00726	42.8839
1592	0.000300621	2.40911	1.00801	42.8957
1593	0.000791588	2.40837	1.00813	42.9074
1594	0.000303726	2.40763	1.00783	42.9192
1595	-0.000281496	2.40686	1.00919	42.931
1596	0.000252344	2.40612	1.00739	42.9428
1597	0.000939548	2.40539	1.00818	42.9546
1598	0.000947538	2.40466	1.00855	42.9664
1599	0.000188114	2.40391	1.00964	42.9782
1600	-0.000598335	2.40315	1.00957	42.99
1601	-0.000851088	2.40238	1.00964	43.0018
1602	-0.00122517	2.4016	1.00925	43.0136
1603	-0.00240064	2.40079	1.00977	43.0254
1604	-0.00231277	2.39998	1.00737	43.0371
1605	-0.00243794	2.39918	1.00683	43.0489
1606	-0.00235361	2.39837	1.00772	43.0606
1607	-0.00235333	2.39757	1.00662	43.0723
1608	-0.00231137	2.39677	1.00684	43.084
1609	-0.00339421	2.39594	1.00931	43.0958
1610	-0.00375638	2.3951	1.01027	43.1076
1611	-0.00370336	2.39427	1.01118	43.1194
1612	-0.00328576	2.39344	1.0119	43.1312
1613	-0.00328174	2.39262	1.01173	43.1431
1614	-0.00176625	2.39183	1.01478	43.155
1615	-0.000144334	2.39109	1.0163	43.1669
1616	0.000485079	2.39036	1.01721	43.1788
1617	0.000616579	2.38964	1.01751	43.1908
1618	0.00131605	2.38894	1.01585	43.2027
1619	0.00176224	2.38824	1.01483	43.2146
1620	0.0024055	2.38757	1.01436	43.2264
1621	0.0019692	2.38688	1.01472	43.2383
1622	0.00107177	2.38617	1.01625	43.2502
1623	0.00161047	2.38548	1.0154	43.2621
1624	0.00182754	2.38479	1.0137	43.2739
1625	0.00129613	2.38409	1.01208	43.2857
1626	0.000154628	2.38336	1.01192	43.2975
1627	0.00047761	2.38264	1.01232	43.3093
1628	-0.000437153	2.3819	1.01356	43.3211
1629	-0.000690448	2.38115	1.01615	43.333
1630	-0.000996824	2.3804	1.01598	43.3448
1631	-0.00228145	2.37961	1.01612	43.3567
1632	-0.00230831	2.37883	1.01429	43.3685
1633	-0.00268432	2.37803	1.01615	43.3804
1634	-0.00285428	2.37723	1.01554	43.3922
1635	-0.00264606	2.37644	1.01562	43.4041
1636	-0.00289125	2.37565	1.01525	43.4159
1637	-0.00396755	2.37482	1.01615	43.4278
1638	-0.00359465	2.37401	1.01469	43.4396
1639	-0.00280171	2.37322	1.01507	43.4514
1640	-0.00329626	2.37241	1.01346	43.4632
1641	-0.00367015	2.3716	1.01388	43.475
1642	-0.00422166	2.37077	1.01369	43.4868
1643	-0.0041271	2.36995	1.01284	43.4985
1644	-0.00422525	2.36913	1.01391	43.5103
1645	-0.0033438	2.36833	1.01266	43.522
1646	-0.0032535	2.36753	1.01223	43.5337
1647	-0.0035957	2.36672	1.0133	43.5455
1648	-0.00460322	2.36589	1.01588	43.5573
1649	-0.00511435	2.36505	1.01758	43.5692
1650	-0.00556072	2.3642	1.01763	43.581
1651	-0.00549798	2.36334	1.0183	43.5929
1652	-0.00573037	2.36249	1.01941	43.6048
1653	-0.00580804	2.36163	1.02096	43.6167
1654	-0.00645421	2.36076	1.02206	43.6286
1655	-0.00662055	2.35989	1.02165	43.6406
1656	-0.00742912	2.35899	1.02289	43.6525
1657	-0.00745562	2.3581	1.02378	43.6645
1658	-0.00750109	2.3572	1.02391	43.6765
1659	-0.00732531	2.35631	1.02081	43.6884
1660	-0.00788686	2.35541	1.01984	43.7002
1661	-0.00703003	2.35453	1.01923	43.7121
1662	-0.00648495	2.35366	1.01636	43.7239
1663	-0.00628287	2.3528	1.01374	43.7356
1664	-0.00551057	2.35196	1.01224	43.7472
1665	-0.00459121	2.35114	1.01001	43.7589
1666	-0.00405111	2.35034	1.00919	43.7705
1667	-0.00436034	2.34953	1.00762	43.782
1668	-0.00372781	2.34873	1.01003	43.7936
1669	-0.00490232	2.34791	1.01231	43.8053
1670	-0.00485699	2.34709	1.01253	43.8169
1671	-0.0047913	2.34627	1.01223	43.8286
1672	-0.00418548	2.34547	1.01442	43.8403
1673	-0.00422796	2.34466	1.01374	43.852
1674	-0.00349697	2.34388	1.01551	43.8637
1675	-0.00271062	2.34311	1.01339	43.8753
1676	-0.00324908	2.34234	1.00857	43.8869
1677	-0.00349131	2.34155	1.00827	43.8984
1678	-0.00360764	2.34077	1.00865	43.91
1679	-0.00413356	2.33997	1.00862	43.9215
1680	-0.00511528	2.33915	1.00858	43.933
1681	-0.00524996	2.33833	1.00761	43.9446
1682	-0.00489589	2.33751	1.00741	43.956
1683	-0.00509931	2.3367	1.00781	43.9676
1684	-0.00501016	2.33588	1.00573	43.979
1685	-0.00557252	2.33505	1.00626	43.9905
1686	-0.00642593	2.33421	1.00862	44.002
1687	-0.0065905	2.33335	1.00935	44.0135
1688	-0.00642711	2.33251	1.01024	44.0251
1689	-0.00613656	2.33167	1.0115	44.0366
1690	-0.00665898	2.33082	1.01289	44.0483
1691	-0.00609452	2.32998	1.01254	44.0599
1692	-0.00630395	2.32914	1.01191	44.0714
1693	-0.00658138	2.32829	1.01225	44.083
1694	-0.00695041	2.32744	1.01302	44.0946
1695	-0.00633912	2.3266	1.01304	44.1062
1696	-0.00710922	2.32574	1.01246	44.1178
1697	-0.00770041	2.32487	1.01205	44.1294
1698	-0.00827492	2.32398	1.01185	44.1409
1699	-0.0082953	2.3231	1.0116	44.1525
1700	-0.00849777	2.32221	1.01119	44.164
1701	-0.00819406	2.32133	1.01232	44.1756
1702	-0.0067684	2.32049	1.01495	44.1872
1703	-0.00724547	2.31963	1.01656	44.1989
1704	-0.00686234	2.31878	1.01727	44.2105
1705	-0.00739932	2.31792	1.01878	44.2222
1706	-0.00784582	2.31706	1.02007	44.234
1707	-0.00782969	2.31619	1.01975	44.2457
1708	-0.00709377	2.31534	1.02113	44.2575
1709	-0.00612403	2.31452	1.02062	44.2692
1710	-0.00587514	2.3137	1.0222	44.281
1711	-0.00532288	2.31289	1.02245	44.2927
1712	-0.0048095	2.3121	1.02235	44.3045
1713	-0.00367478	2.31134	1.02041	44.3162
1714	-0.00279107	2.3106	1.02269	44.328
1715	-0.00290537	2.30986	1.0233	44.3398
1716	-0.00308776	2.30911	1.02574	44.3516
1717	-0.003451	2.30835	1.02638	44.3635
1718	-0.00231602	2.30763	1.02701	44.3754
1719	-0.00309743	2.30688	1.02809	44.3872
1720	-0.00295911	2.30614	1.02736	44.3991
1721	-0.00215181	2.30542	1.02621	44.4109
1722	-0.00209466	2.3047	1.02522	44.4228
1723	-0.00232172	2.30398	1.02603	44.4346
1724	-0.00306936	2.30323	1.02472	44.4464
1725	-0.0033352	2.30249	1.02475	44.4582
1726	-0.00256488	2.30176	1.02635	44.47
1727	-0.00236923	2.30104	1.02572	44.4818
1728	-0.00194464	2.30032	1.02784	44.4936
1729	-0.00302885	2.29959	1.02955	44.5055
1730	-0.00245145	2.29886	1.03168	44.5175
1731	-0.00291511	2.29813	1.0333	44.5295
1732	-0.00272122	2.2974	1.03431	44.5414
1733	-0.00335069	2.29666	1.03531	44.5535
1734	-0.00400266	2.2959	1.03715	44.5655
1735	-0.00377715	2.29515	1.03811	44.5776
1736	-0.00272585	2.29443	1.03775	44.5897
1737	-0.00287157	2.2937	1.03803	44.6017
1738	-0.00376344	2.29295	1.03967	44.6138
1739	-0.00400677	2.29219	1.04032	44.626
1740	-0.00413346	2.29144	1.0409	44.6381
1741	-0.00472061	2.29067	1.04159	44.6502
1742	-0.00467263	2.2899	1.04238	44.6624
1743	-0.00420511	2.28914	1.04442	44.6746
1744	-0.00398871	2.28839	1.04544	44.6868
1745	-0.00346841	2.28765	1.04648	44.6991
1746	-0.00356853	2.28691	1.0457	44.7113
1747	-0.00373388	2.28617	1.04378	44.7235
1748	-0.00281758	2.28545	1.04459	44.7357
1749	-0.00241708	2.28474	1.04475	44.7478
1750	-0.00192149	2.28404	1.04403	44.76
1751	-0.00222575	2.28333	1.04484	44.7722
1752	-0.00214471	2.28263	1.04447	44.7844
1753	-0.00214118	2.28193	1.04111	44.7965
1754	-0.00234926	2.28122	1.0415	44.8086
1755	-0.00236905	2.28052	1.04073	44.8206
1756	-0.00170522	2.27983	1.04106	44.8327
1757	-0.0016425	2.27914	1.04104	44.8448
1758	-0.00126736	2.27846	1.04181	44.8569
1759	-0.000828321	2.2778	1.04059	44.8689
1760	0.000269025	2.27716	1.0402	44.881
1761	0.00113667	2.27654	1.04126	44.8931
1762	0.00181494	2.27594	1.04117	44.9051
1763	0.00155724	2.27533	1.04211	44.9172
1764	0.00203311	2.27473	1.0427	44.9293
1765	0.00188895	2.27413	1.0448	44.9414
1766	0.00162987	2.27353	1.04558	44.9536
1767	0.00163465	2.27293	1.04492	44.9657
1768	0.000835169	2.2723	1.04487	44.9779
1769	0.00116332	2.27169	1.04614	44.99
1770	0.00117419	2.27108	1.04262	45.0021
1771	0.000420992	2.27044	1.03876	45.0141
1772	-0.00013663	2.2698	1.03816	45.026
1773	-0.000997799	2.26914	1.038	45.038
1774	-0.0015098	2.26846	1.03973	45.05
1775	-0.0012744	2.2678	1.04144	45.062
1776	-0.00225237	2.2671	1.04303	45.0741
1777	-0.00302545	2.26639	1.04339	45.0861
1778	-0.00286924	2.26569	1.043	45.0982
1779	-0.00272227	2.26499	1.04185	45.1102
1780	-0.00279948	2.26429	1.04291	45.1223
1781	-0.00245974	2.26359	1.04402	45.1343
1782	-0.00318292	2.26288	1.04216	45.1463
1783	-0.00333451	2.26217	1.03892	45.1583
1784	-0.00298508	2.26147	1.03968	45.1702
1785	-0.00304446	2.26076	1.03873	45.1822
1786	-0.00274798	2.26007	1.03943	45.1941
1787	-0.00309875	2.25936	1.03918	45.2061
1788	-0.00375748	2.25864	1.03836	45.218
1789	-0.0031093	2.25794	1.04053	45.2299
1790	-0.00303797	2.25723	1.04186	45.2419
1791	-0.0023088	2.25655	1.04316	45.2539
1792	-0.00224728	2.25587	1.04267	45.2659
1793	-0.00171922	2.2552	1.04332	45.278
1794	-0.00213501	2.25452	1.04479	45.29
1795	-0.00165112	2.25385	1.04601	45.3021
1796	-0.00170106	2.25319	1.04611	45.3141
1797	-0.00312025	2.25249	1.04713	45.3262
1798	-0.00355892	2.25178	1.04682	45.3383
1799	-0.00446592	2.25105	1.04726	45.3504
1800	-0.00447504	2.25032	1.04633	45.3625
1801	-0.00348936	2.24961	1.04763	45.3746
1802	-0.00368075	2.2489	1.04678	45.3866
1803	-0.00351773	2.2482	1.04582	45.3987
1804	-0.00291101	2.2475	1.0474	45.4107
1805	-0.00384616	2.24679	1.04816	45.4228
1806	-0.00478795	2.24606	1.04921	45.435
1807	-0.00568976	2.2453	1.04925	45.4471
1808	-0.00635003	2.24453	1.051	45.4592
1809	-0.0067916	2.24375	1.05229	45.4714
1810	-0.00669573	2.24298	1.05145	45.4835
1811	-0.00656542	2.2422	1.05258	45.4957
1812	-0.0071724	2.24142	1.05378	45.5079
1813	-0.00741812	2.24063	1.05408	45.5201
1814	-0.00573672	2.23987	1.05746	45.5324
1815	-0.0064433	2.23911	1.05878	45.5447
1816	-0.00648985	2.23834	1.06045	45.557
1817	-0.00625011	2.23758	1.06102	45.5694
1818	-0.00706994	2.2368	1.06102	45.5817
1819	-0.00670714	2.23603	1.06277	45.5941
1820	-0.00674939	2.23525	1.06248	45.6065
1821	-0.00688422	2.23448	1.05886	45.6188
1822	-0.00608733	2.23372	1.05861	45.6311
1823	-0.00526825	2.23299	1.05808	45.6433
1824	-0.00377173	2.23229	1.06024	45.6557
1825	-0.0030951	2.23161	1.06177	45.668
1826	-0.0025146	2.23094	1.06056	45.6803
1827	-0.00225333	2.23027	1.06088	45.6926
1828	-0.00261162	2.2296	1.0601	45.7049
1829	-0.0025507	2.22893	1.05997	45.7172
1830	-0.00286687	2.22826	1.06079	45.7295
1831	-0.00362426	2.22757	1.06217	45.7419
1832	-0.00287779	2.22689	1.0632	45.7542
1833	-0.00280486	2.22622	1.06389	45.7666
1834	-0.00368002	2.22553	1.06482	45.779
1835	-0.00450132	2.22482	1.06526	45.7914
1836	-0.00460038	2.2241	1.06704	45.8038
1837	-0.00466954	2.22339	1.06563	45.8162
1838	-0.004068	2.22269	1.06529	45.8286
1839	-0.00346555	2.22201	1.06447	45.8409
1840	-0.00264461	2.22134	1.06492	45.8533
1841	-0.00323006	2.22066	1.06403	45.8656
1842	-0.00290611	2.21999	1.06405	45.878
1843	-0.00275921	2.21933	1.06376	45.8903
1844	-0.0020816	2.21868	1.06413	45.9026
1845	-0.00261813	2.21802	1.06425	45.915
1846	-0.0022003	2.21737	1.06452	45.9273
1847	-0.00275944	2.2167	1.06454	45.9396
1848	-0.00277139	2.21604	1.06388	45.952
1849	-0.00311443	2.21537	1.06268	45.9643
1850	-0.00391107	2.21468	1.06002	45.9765
1851	-0.00452933	2.21397	1.06184	45.9887
1852	-0.00486992	2.21326	1.06303	46.001
1853	-0.00507782	2.21255	1.06345	46.0133
1854	-0.00529422	2.21183	1.06308	46.0256
1855	-0.00539526	2.21111	1.06245	46.0378
1856	-0.00550852	2.21039	1.06135	46.0501
1857	-0.00474656	2.20968	1.06323	46.0623
1858	-0.00470179	2.20898	1.06238	46.0746
1859	-0.00587198	2.20825	1.06141	46.0868
1860	-0.00566248	2.20753	1.06122	46.099
1861	-0.00577273	2.2068	1.0587	46.1112
1862	-0.00626075	2.20606	1.05886	46.1233
1863	-0.00654406	2.20532	1.05805	46.1355
1864	-0.0067708	2.20457	1.05889	46.1476
1865	-0.00735966	2.20381	1.05654	46.1597
1866	-0.00866741	2.20302	1.05617	46.1718
1867	-0.0101246	2.2022	1.05655	46.1839
1868	-0.0100593	2.20137	1.05652	46.196
1869	-0.0103149	2.20055	1.05696	46.2081
1870	-0.00952056	2.19974	1.05746	46.2202
1871	-0.00861585	2.19895	1.05807	46.2323
1872	-0.0091317	2.19816	1.05925	46.2444
1873	-0.00922016	2.19736	1.05906	46.2565
1874	-0.00881132	2.19657	1.05719	46.2686
1875	-0.0079966	2.1958	1.05579	46.2806
1876	-0.00735258	2.19504	1.05534	46.2927
1877	-0.0072596	2.19429	1.05559	46.3047
1878	-0.0081442	2.19352	1.0554	46.3167
1879	-0.00885852	2.19273	1.05445	46.3287
1880	-0.00799443	2.19197	1.05482	46.3407
1881	-0.00710662	2.19122	1.05428	46.3527
1882	-0.00561292	2.19051	1.05665	46.3648
1883	-0.00498912	2.18981	1.05483	46.3768
1884	-0.00529826	2.18911	1.05435	46.3887
1885	-0.00548698	2.1884	1.05482	46.4007
1886	-0.00510772	2.18771	1.05433	46.4127
1887	-0.00547341	2.187	1.05343	46.4246
1888	-0.00493747	2.18631	1.05338	46.4366
1889	-0.00455856	2.18563	1.05397	46.4486
1890	-0.00462871	2.18494	1.05432	46.4605
1891	-0.00525962	2.18424	1.05482	46.4725
1892	-0.00508769	2.18355	1.05458	46.4844
1893	-0.00542573	2.18285	1.05387	46.4964
1894	-0.00528046	2.18215	1.05238	46.5083
1895	-0.00527936	2.18146	1.04996	46.5201
1896	-0.0056851	2.18075	1.0497	46.532
1897	-0.00521159	2.18006	1.048	46.5438
1898	-0.00477585	2.17937	1.048	46.5556
1899	-0.00488005	2.17869	1.04702	46.5673
1900	-0.00466096	2.17801	1.04603	46.5791
1901	-0.00567754	2.17731	1.04575	46.5908
1902	-0.00640995	2.17659	1.04622	46.6026
1903	-0.0077102	2.17584	1.04857	46.6143
1904	-0.00972404	2.17505	1.05197	46.6262
1905	-0.0103333	2.17424	1.05288	46.6381
1906	-0.0104056	2.17343	1.05319	46.65
1907	-0.00955946	2.17264	1.05506	46.6619
1908	-0.00954157	2.17186	1.05342	46.6738
1909	-0.00900308	2.17108	1.05305	46.6857
1910	-0.00840677	2.17032	1.05475	46.6976
1911	-0.00908493	2.16955	1.05366	46.7095
1912	-0.00869509	2.16878	1.05282	46.7213
1913	-0.00796437	2.16803	1.05237	46.7332
1914	-0.00778822	2.16729	1.05209	46.745
1915	-0.00738688	2.16655	1.05032	46.7568
1916	-0.00779875	2.16581	1.05143	46.7686
1917	-0.0082002	2.16506	1.05058	46.7804
1918	-0.00807008	2.16431	1.05031	46.7922
1919	-0.0082461	2.16356	1.04889	46.804
1920	-0.00723668	2.16283	1.0503	46.8157
1921	-0.00724183	2.16211	1.04877	46.8275
1922	-0.00759956	2.16137	1.04802	46.8392
1923	-0.00712396	2.16065	1.04796	46.8509
1924	-0.0071879	2.15992	1.04627	46.8626
1925	-0.00740415	2.15919	1.0465	46.8743
1926	-0.00766063	2.15846	1.04598	46.8859
1927	-0.00787367	2.15772	1.04437	46.8976
1928	-0.00743831	2.15699	1.04482	46.9092
1929	-0.00784288	2.15625	1.04464	46.9208
1930	-0.00731154	2.15553	1.04576	46.9325
1931	-0.00676313	2.15482	1.04517	46.9441
1932	-0.00583357	2.15413	1.04544	46.9557
1933	-0.00602276	2.15343	1.04431	46.9673
1934	-0.0066519	2.15273	1.04448	46.9789
1935	-0.00709261	2.15201	1.04628	46.9906
1936	-0.0072683	2.15129	1.04575	47.0022
1937	-0.00658592	2.15059	1.04708	47.0139
1938	-0.00576747	2.1499	1.04756	47.0255
1939	-0.00642699	2.1492	1.04867	47.0372
1940	-0.00638359	2.1485	1.0487	47.0489
1941	-0.00641071	2.1478	1.04904	47.0606
1942	-0.00634687	2.14711	1.04957	47.0723
1943	-0.00660595	2.14641	1.04875	47.084
1944	-0.0068692	2.1457	1.04923	47.0957
1945	-0.00732198	2.14498	1.04856	47.1073
1946	-0.00815289	2.14425	1.04954	47.119
1947	-0.0089141	2.14349	1.05117	47.1307
1948	-0.00887195	2.14274	1.05144	47.1425
1949	-0.008494	2.142	1.05221	47.1542
1950	-0.00882294	2.14125	1.05354	47.166
1951	-0.00902872	2.1405	1.05272	47.1777
1952	-0.00948613	2.13974	1.0518	47.1894
1953	-0.00944496	2.13898	1.05135	47.2011
1954	-0.00967226	2.13821	1.0521	47.2129
1955	-0.00979738	2.13744	1.05253	47.2246
1956	-0.00991381	2.13667	1.05296	47.2363
1957	-0.0109943	2.13588	1.05396	47.2481
1958	-0.011755	2.13507	1.05524	47.2599
1959	-0.0112161	2.13427	1.05585	47.2717
1960	-0.0114368	2.13347	1.05739	47.2835
1961	-0.0116048	2.13266	1.05773	47.2953
1962	-0.0111942	2.13187	1.05414	47.307
1963	-0.0113025	2.13107	1.05485	47.3188
1964	-0.0108691	2.13028	1.05375	47.3305
1965	-0.0114983	2.12948	1.05363	47.3423
1966	-0.0117895	2.12868	1.05337	47.354
1967	-0.011358	2.12788	1.0529	47.3657
1968	-0.0110099	2.12709	1.05227	47.3774
1969	-0.0114317	2.12629	1.05074	47.389
1970	-0.0117561	2.12549	1.05182	47.4007
1971	-0.0114155	2.12469	1.05067	47.4123
1972	-0.0111906	2.1239	1.05091	47.424
1973	-0.0106323	2.12313	1.05021	47.4356
1974	-0.0105583	2.12235	1.04864	47.4472
1975	-0.0113095	2.12156	1.04973	47.4588
1976	-0.0108027	2.12078	1.0474	47.4703
1977	-0.0114599	2.11999	1.04657	47.4819
1978	-0.0117303	2.11919	1.04561	47.4934
