#	<x>	stDevX	<E>	stDevE
0	2.55652	0	10.2437	0
1	2.47114	2.51383	9.50927	9.87649
2	2.39958	3.50124	8.92306	13.518
3	2.27322	4.20042	8.72029	16.1931
4	1.99681	4.67891	8.48588	18.3529
5	1.54173	4.93388	8.08633	20.1129
6	1.51063	5.16129	7.66688	21.5679
7	1.15332	5.25941	6.69731	22.5989
8	0.689879	5.21462	6.29575	23.4535
9	0.390551	5.09501	5.90102	24.1589
10	0.247132	4.95342	5.43983	24.7144
11	0.352601	4.85972	5.0971	25.1694
12	0.417676	4.79666	4.80039	25.5456
13	0.4612	4.75469	4.9555	25.9657
14	0.402741	4.70569	4.96736	26.3886
15	0.43215	4.67103	4.91728	26.7979
16	0.362875	4.62582	4.81269	27.1811
17	0.434337	4.60278	4.52225	27.497
18	0.365997	4.56867	4.37119	27.7811
19	0.402627	4.54692	4.42492	28.0796
20	0.40001	4.52809	4.37831	28.3696
21	0.317646	4.49517	4.34507	28.6539
22	0.36294	4.47492	4.36423	28.9431
23	0.367705	4.45833	4.2168	29.2031
24	0.39793	4.45003	4.17593	29.4563
25	0.466489	4.45681	4.25628	29.7259
26	0.527512	4.47636	4.27971	30.0001
27	0.550848	4.50094	4.10703	30.2419
28	0.496112	4.51601	4.0883	30.4808
29	0.465326	4.52627	4.09683	30.7217
30	0.405694	4.52683	3.59089	30.8734
31	0.404745	4.52828	3.64585	31.0374
32	0.411193	4.5318	3.6735	31.2081
33	0.404112	4.53499	3.6448	31.3757
34	0.360546	4.53174	3.60517	31.5382
35	0.3227	4.52321	3.55397	31.6939
36	0.30573	4.51297	3.51478	31.8447
37	0.279791	4.4996	3.52319	31.9983
38	0.249358	4.48249	3.52959	32.1543
39	0.206203	4.45976	3.45993	32.3004
40	0.236223	4.44285	3.45729	32.4474
41	0.213301	4.42347	3.43916	32.5926
42	0.202128	4.40343	3.43907	32.7389
43	0.231265	4.38875	3.42056	32.8832
44	0.227883	4.37442	3.42221	33.0286
45	0.20913	4.35818	3.43396	33.1765
46	0.1499	4.33422	3.4671	33.3297
47	0.104742	4.30476	3.55128	33.4954
48	0.0603942	4.27007	3.55824	33.6622
49	0.0781936	4.23899	3.38011	33.804
50	0.124528	4.21533	3.41291	33.9508
51	0.162946	4.19778	3.49744	34.1096
52	0.151659	4.17939	3.53554	34.2736
53	0.133855	4.1593	3.5687	34.4419
54	0.125153	4.13874	3.58024	34.6116
55	0.110558	4.11694	3.62332	34.7866
56	0.118014	4.09681	3.63082	34.9623
57	0.063896	4.07028	3.57396	35.1302
58	0.0574418	4.04365	3.47613	35.2851
59	0.0304443	4.01429	3.41827	35.4324
60	0.0269406	3.98522	3.23008	35.5558
61	0.00721461	3.95439	3.17403	35.6725
62	-0.0235957	3.92045	3.13856	35.7851
63	-0.0688712	3.88165	3.13447	35.8977
64	-0.0797491	3.84233	3.15641	36.0133
65	-0.0771273	3.80414	3.14611	36.128
66	-0.0704336	3.76753	3.19598	36.249
67	-0.0723529	3.73144	3.21493	36.3725
68	-0.0552416	3.6981	3.08255	36.4802
69	-0.0285608	3.66858	3.02783	36.5818
70	-0.0439791	3.63785	2.87265	36.6655
71	-0.046032	3.60747	2.79464	36.7407
72	-0.0408624	3.57827	2.80887	36.8182
73	-0.0355784	3.55023	2.82428	36.8981
74	-0.0180686	3.52474	2.84778	36.9812
75	-0.0218747	3.49929	2.87094	37.0676
76	-0.016539	3.47492	2.89445	37.157
77	0.0161099	3.45468	2.86997	37.244
78	0.0142201	3.43461	2.84136	37.3282
79	0.00199501	3.41357	2.79294	37.4074
80	-0.0058354	3.39206	2.75883	37.4834
81	0.0114488	3.37283	2.73071	37.5567
82	0.045723	3.35768	2.71965	37.6292
83	0.0648239	3.34491	2.651	37.6948
84	0.0645604	3.33237	2.65045	37.7609
85	0.0891536	3.32273	2.57445	37.8193
86	0.0933822	3.31375	2.55338	37.876
87	0.0867315	3.30428	2.53938	37.9318
88	0.10137	3.29656	2.53067	37.9873
89	0.10858	3.28979	2.55673	38.046
90	0.124263	3.28482	2.5208	38.1016
91	0.147744	3.28243	2.53576	38.1591
92	0.159043	3.28133	2.50465	38.214
93	0.164116	3.28086	2.52969	38.2719
94	0.178973	3.282	2.54518	38.3318
95	0.174837	3.28279	2.55851	38.3936
96	0.193547	3.28555	2.5905	38.4589
97	0.215016	3.29053	2.61357	38.5268
98	0.228068	3.29684	2.52613	38.5864
99	0.23899	3.30426	2.40451	38.6342
100	0.229902	3.31079	2.30259	38.6723
101	0.188338	3.31324	2.29018	38.7098
102	0.13404	3.31042	2.39	38.7576
103	0.122704	3.3066	2.37478	38.8044
104	0.131747	3.30376	2.36359	38.8505
105	0.105073	3.29845	2.41241	38.9018
106	0.078218	3.29067	2.44927	38.957
107	0.0417293	3.27954	2.52098	39.0194
108	0.0174112	3.26626	2.50503	39.0805
109	0.0149168	3.25293	2.43377	39.1351
110	0.0275292	3.24098	2.38312	39.1852
111	0.0440877	3.23076	2.40925	39.2381
112	0.0367033	3.22	2.43329	39.2935
113	0.056273	3.21122	2.4733	39.3529
114	0.0985046	3.20649	2.609	39.4252
115	0.116477	3.20353	2.5841	39.4953
116	0.138264	3.20266	2.61225	39.5681
117	0.139914	3.202	2.61483	39.6412
118	0.153135	3.20261	2.62886	39.7156
119	0.150549	3.20304	2.6294	39.7902
120	0.160593	3.20442	2.59879	39.8621
121	0.170283	3.20673	2.5732	39.9318
122	0.18277	3.21018	2.62555	40.0062
123	0.187861	3.21412	2.62253	40.0805
124	0.202362	3.21937	2.43844	40.1384
125	0.197609	3.22421	2.4278	40.1955
126	0.197118	3.22901	2.43907	40.2537
127	0.189893	3.23319	2.43536	40.3119
128	0.182188	3.23671	2.45828	40.3721
129	0.186051	3.24059	2.46102	40.4328
130	0.173872	3.24343	2.46878	40.4942
131	0.164055	3.24544	2.50021	40.5585
132	0.158726	3.24702	2.53017	40.6255
133	0.168492	3.24947	2.57311	40.6962
134	0.186468	3.25349	2.57247	40.7669
135	0.1994	3.25863	2.60622	40.8405
136	0.218814	3.26543	2.58053	40.912
137	0.223003	3.27258	2.53823	40.9798
138	0.246503	3.28171	2.56589	41.0501
139	0.245749	3.29075	2.53207	41.1175
140	0.244575	3.29966	2.53044	41.1848
141	0.235574	3.30781	2.54642	41.2535
142	0.236063	3.31597	2.52208	41.3202
143	0.225101	3.32321	2.522	41.3869
144	0.226359	3.33055	2.51957	41.4535
145	0.229646	3.33814	2.55073	41.5226
146	0.216689	3.34466	2.58392	41.5945
147	0.22615	3.35194	2.62181	41.6695
148	0.21672	3.35845	2.65158	41.7469
149	0.214317	3.36475	2.66996	41.8257
150	0.205875	3.37036	2.67694	41.905
151	0.202431	3.37569	2.69883	41.986
152	0.186256	3.37973	2.70991	42.0679
153	0.177808	3.38309	2.70843	42.1495
154	0.183507	3.38692	2.6966	42.2301
155	0.188176	3.39114	2.72034	42.3125
156	0.189855	3.39549	2.74437	42.3967
157	0.18573	3.39953	2.73954	42.4805
158	0.181369	3.40323	2.72591	42.563
159	0.193404	3.40788	2.7041	42.6437
160	0.193511	3.41255	2.67284	42.7219
161	0.195529	3.41738	2.68111	42.8007
162	0.203268	3.42282	2.71101	42.8817
163	0.211617	3.42891	2.71397	42.9628
164	0.215111	3.43526	2.71954	43.0443
165	0.20986	3.4412	2.73226	43.1267
166	0.194433	3.44595	2.70051	43.2065
167	0.187536	3.45016	2.66896	43.2838
168	0.181282	3.4539	2.68246	43.362
169	0.16857	3.45668	2.70648	43.442
170	0.159084	3.45875	2.72312	43.5232
171	0.154267	3.46047	2.72786	43.6046
172	0.177687	3.46398	2.77902	43.6898
173	0.193005	3.46866	2.81042	43.7773
174	0.194027	3.47342	2.84216	43.867
175	0.192777	3.47808	2.84684	43.9569
176	0.196922	3.48306	2.83183	44.0455
177	0.204029	3.48857	2.76096	44.1287
178	0.200909	3.49384	2.7294	44.2093
179	0.190605	3.49834	2.73892	44.2906
180	0.173093	3.50155	2.74067	44.3719
181	0.160171	3.50381	2.75107	44.4539
182	0.158358	3.50595	2.70038	44.532
183	0.158807	3.50814	2.69155	44.6094
184	0.16915	3.51109	2.6916	44.6867
185	0.170333	3.51415	2.67613	44.7627
186	0.169454	3.51715	2.68475	44.8393
187	0.154285	3.51906	2.71538	44.9181
188	0.14387	3.52022	2.72729	44.9976
189	0.13629	3.52086	2.73823	45.0778
190	0.14168	3.5219	2.75134	45.1588
191	0.151146	3.52365	2.7671	45.2408
192	0.14593	3.52503	2.77319	45.3232
193	0.153551	3.52698	2.78552	45.4063
194	0.145377	3.52835	2.75681	45.4872
195	0.142465	3.52954	2.74232	45.567
196	0.136299	3.5303	2.71684	45.6449
197	0.124154	3.53022	2.73037	45.7236
198	0.118209	3.52974	2.74471	45.8033
199	0.1149	3.52905	2.75265	45.8833
200	0.118268	3.52863	2.76845	45.9644
201	0.110279	3.52767	2.78103	46.0463
202	0.111782	3.52684	2.76877	46.1271
203	0.108148	3.52578	2.77604	46.2084
204	0.104288	3.52448	2.77845	46.2897
205	0.0977126	3.52274	2.79124	46.3717
206	0.0985739	3.5211	2.77119	46.4523
207	0.0942665	3.51919	2.75178	46.5313
208	0.0961958	3.51744	2.74241	46.6097
209	0.0975746	3.51581	2.6986	46.6849
210	0.0955186	3.51407	2.67842	46.7586
211	0.0969182	3.51245	2.66588	46.8314
212	0.0943755	3.51069	2.66535	46.904
213	0.0822697	3.50812	2.70285	46.9792
214	0.0719848	3.50489	2.72775	47.0559
215	0.0645162	3.50119	2.71504	47.1316
216	0.0652035	3.49756	2.71776	47.2075
217	0.0655126	3.494	2.72643	47.2838
218	0.0718096	3.49089	2.72799	47.3602
219	0.0717693	3.48781	2.70607	47.4349
220	0.0688117	3.48456	2.71286	47.51
221	0.0766251	3.48187	2.73597	47.5866
222	0.0816111	3.47955	2.75126	47.6641
223	0.0936236	3.47805	2.77087	47.7428
224	0.104288	3.47728	2.80178	47.8234
225	0.109356	3.47687	2.81496	47.9048
226	0.11003	3.47653	2.81555	47.9861
227	0.110325	3.47622	2.82198	48.0677
228	0.100923	3.47531	2.8192	48.149
229	0.0959581	3.47409	2.81071	48.2296
230	0.0984267	3.47306	2.81715	48.3105
231	0.100257	3.47217	2.83067	48.3922
232	0.0996728	3.47125	2.83429	48.4739
233	0.107419	3.47087	2.82679	48.5551
234	0.110545	3.4707	2.81782	48.6355
235	0.114888	3.47084	2.80905	48.7153
236	0.11157	3.47077	2.81226	48.7951
237	0.112368	3.47077	2.80415	48.8743
238	0.111014	3.4707	2.80467	48.9534
239	0.117923	3.47108	2.80232	49.0323
240	0.12563	3.47198	2.80849	49.1114
241	0.133675	3.47341	2.82503	49.1915
242	0.139591	3.47522	2.83655	49.2722
243	0.140147	3.47707	2.84133	49.353
244	0.137741	3.47878	2.84606	49.4341
245	0.132107	3.48014	2.85962	49.5159
246	0.122497	3.48089	2.86754	49.598
247	0.127725	3.48199	2.86624	49.68
248	0.131407	3.48333	2.86374	49.7616
249	0.134945	3.4849	2.86031	49.843
250	0.131095	3.48624	2.83695	49.9227
251	0.130721	3.48756	2.83518	50.0022
252	0.128079	3.48872	2.8155	50.0803
253	0.123367	3.4896	2.77765	50.156
254	0.11765	3.49013	2.75403	50.23
255	0.117714	3.49068	2.75234	50.3039
256	0.1203	3.4914	2.73468	50.3766
257	0.120171	3.49212	2.71599	50.448
258	0.118434	3.49274	2.70746	50.5188
259	0.121762	3.49358	2.69341	50.5886
260	0.121434	3.49441	2.69614	50.6586
261	0.120105	3.49517	2.68964	50.728
262	0.119663	3.49591	2.69861	50.7979
263	0.112078	3.49619	2.68311	50.8668
264	0.101967	3.49586	2.66533	50.9346
265	0.0983555	3.49533	2.67122	51.0026
266	0.0969415	3.49472	2.66383	51.07
267	0.10655	3.49472	2.68292	51.1386
268	0.106667	3.49473	2.6868	51.2073
269	0.108518	3.49487	2.7016	51.2769
270	0.101288	3.49458	2.71042	51.3469
271	0.104003	3.49447	2.72464	51.4177
272	0.110951	3.49479	2.75019	51.4899
273	0.102784	3.49463	2.7687	51.5631
274	0.0987926	3.49424	2.75686	51.6356
275	0.094602	3.49361	2.76102	51.7082
276	0.0849838	3.49242	2.75635	51.7804
277	0.082268	3.49108	2.74655	51.852
278	0.0769638	3.48944	2.73733	51.9229
279	0.078632	3.48792	2.7133	51.9923
280	0.0816237	3.48659	2.68787	52.0601
281	0.0829527	3.48535	2.69208	52.1281
282	0.0826593	3.48412	2.67299	52.1948
283	0.0815912	3.48283	2.66695	52.2611
284	0.0755252	3.4812	2.65148	52.3265
285	0.0683711	3.47917	2.6356	52.3908
286	0.063803	3.47688	2.64545	52.4557
287	0.060902	3.47445	2.63973	52.5201
288	0.0599816	3.47197	2.62361	52.5835
289	0.0624504	3.46966	2.59187	52.6451
290	0.0574973	3.46708	2.58681	52.7062
291	0.0589403	3.4646	2.59114	52.7676
292	0.0645624	3.46247	2.58996	52.8288
293	0.0619951	3.46021	2.57157	52.8889
294	0.052444	3.45741	2.56476	52.9486
295	0.0464564	3.45428	2.51738	53.0054
296	0.0464131	3.45116	2.50228	53.0614
297	0.0523958	3.44842	2.49531	53.1169
298	0.0512406	3.44562	2.47744	53.1713
299	0.058299	3.44326	2.45513	53.2244
300	0.0639117	3.44123	2.45046	53.2772
301	0.0591871	3.43895	2.43253	53.329
302	0.0507448	3.4362	2.44393	53.3814
303	0.0496288	3.4334	2.45031	53.4341
304	0.0522388	3.43077	2.46348	53.4876
305	0.0602941	3.42862	2.48413	53.5422
306	0.0740449	3.42727	2.52057	53.5988
307	0.0797131	3.42625	2.52164	53.6554
308	0.0803358	3.42529	2.51254	53.7115
309	0.0812237	3.42438	2.50673	53.7673
310	0.0839562	3.42364	2.49186	53.8221
311	0.0884397	3.42317	2.49848	53.8773
312	0.085594	3.42254	2.49591	53.9323
313	0.086178	3.42196	2.47342	53.986
314	0.0900374	3.42161	2.44334	54.0379
315	0.0992942	3.42178	2.43075	54.0891
316	0.109412	3.42253	2.44642	54.1412
317	0.11232	3.42345	2.45656	54.1938
318	0.112904	3.42441	2.46638	54.247
319	0.109173	3.42517	2.47858	54.3007
320	0.101694	3.42551	2.47795	54.3545
321	0.100075	3.42577	2.45936	54.4071
322	0.0997703	3.42603	2.45076	54.4592
323	0.0989334	3.42624	2.44727	54.5111
324	0.0956754	3.42628	2.43368	54.5622
325	0.0906173	3.42605	2.43479	54.6134
326	0.0869531	3.42562	2.43367	54.6645
327	0.0892799	3.42533	2.42885	54.7152
328	0.0980046	3.42554	2.41622	54.7653
329	0.0982751	3.42576	2.40229	54.8145
330	0.0990524	3.42603	2.38711	54.8629
331	0.107186	3.42676	2.39475	54.9117
332	0.102146	3.42721	2.40288	54.9609
333	0.100786	3.4276	2.40394	55.0102
334	0.101642	3.42804	2.41159	55.0598
335	0.107835	3.42883	2.40924	55.1093
336	0.111708	3.42983	2.39047	55.1578
337	0.107635	3.43061	2.37351	55.2052
338	0.109555	3.4315	2.38406	55.2533
339	0.105461	3.43218	2.38426	55.3013
340	0.102804	3.43272	2.37647	55.3489
341	0.101134	3.43317	2.35993	55.3956
342	0.0961267	3.43336	2.35635	55.4421
343	0.0911807	3.43329	2.33257	55.4873
344	0.0882374	3.43307	2.30482	55.5309
345	0.0816319	3.4325	2.31864	55.5753
346	0.078114	3.43175	2.32698	55.6202
347	0.0809427	3.43116	2.33514	55.6654
348	0.079786	3.43052	2.3443	55.7111
349	0.0812916	3.42997	2.36175	55.7578
350	0.0771686	3.42921	2.37282	55.805
351	0.0743334	3.42831	2.36803	55.8519
352	0.073235	3.42735	2.36812	55.8989
353	0.0729156	3.42639	2.36958	55.9458
354	0.0761489	3.42561	2.36373	55.9925
355	0.0749108	3.42478	2.3462	56.0382
356	0.0770089	3.42406	2.35045	56.0841
357	0.082049	3.42362	2.36158	56.1306
358	0.0838968	3.42328	2.36504	56.1772
359	0.0810238	3.4228	2.36113	56.2236
360	0.080031	3.42228	2.36871	56.2704
361	0.0848317	3.42201	2.35993	56.3167
362	0.0928243	3.42217	2.36381	56.3632
363	0.0956448	3.42249	2.32961	56.4079
364	0.0984556	3.42296	2.32932	56.4525
365	0.0915077	3.42307	2.32947	56.4971
366	0.0830955	3.42274	2.33491	56.542
367	0.0785686	3.42219	2.33685	56.587
368	0.0694535	3.42118	2.33563	56.6319
369	0.0718555	3.42029	2.31594	56.6758
370	0.0689905	3.41927	2.30741	56.7192
371	0.0705265	3.41833	2.29391	56.7619
372	0.0705666	3.41741	2.27003	56.8033
373	0.0708909	3.41651	2.22967	56.8427
374	0.0717644	3.41567	2.20595	56.8808
375	0.075695	3.41503	2.20874	56.9191
376	0.0805664	3.41466	2.20209	56.957
377	0.0819466	3.41436	2.19744	56.9947
378	0.0874387	3.41435	2.18715	57.0319
379	0.0950741	3.41473	2.20652	57.07
380	0.0989883	3.41533	2.2133	57.1085
381	0.0965309	3.4158	2.19648	57.1461
382	0.0930596	3.4161	2.18554	57.1832
383	0.0960048	3.41655	2.17214	57.2196
384	0.0984309	3.41713	2.17406	57.2561
385	0.095282	3.41756	2.17164	57.2925
386	0.0954607	3.418	2.17168	57.3288
387	0.0940688	3.41837	2.18504	57.3659
388	0.0901241	3.41855	2.18609	57.403
389	0.0881677	3.41863	2.17576	57.4396
390	0.0928395	3.41896	2.17736	57.4762
391	0.094983	3.4194	2.18379	57.5132
392	0.0916577	3.41967	2.19397	57.5507
393	0.0913393	3.41994	2.19436	57.5882
394	0.0938134	3.42033	2.20051	57.6261
395	0.0978963	3.42093	2.21237	57.6645
396	0.0972748	3.42151	2.20845	57.7027
397	0.0972316	3.42209	2.20446	57.7407
398	0.0962898	3.42262	2.21154	57.779
399	0.0971972	3.4232	2.22207	57.8179
400	0.0960377	3.42373	2.21905	57.8566
401	0.0999075	3.42446	2.22617	57.8957
402	0.107102	3.42555	2.2312	57.935
403	0.110983	3.42683	2.2273	57.9741
404	0.113529	3.42824	2.21925	58.0128
405	0.108072	3.42939	2.22134	58.0516
406	0.106897	3.43047	2.21866	58.0903
407	0.10799	3.43162	2.23526	58.1297
408	0.106734	3.4327	2.23593	58.1692
409	0.108472	3.43387	2.23039	58.2084
410	0.107943	3.43502	2.23149	58.2477
411	0.106721	3.43611	2.22399	58.2866
412	0.10531	3.43713	2.23071	58.3258
413	0.0996082	3.43788	2.24494	58.3657
414	0.0967223	3.43849	2.25578	58.4061
415	0.0940278	3.43897	2.25927	58.4466
416	0.0882623	3.43917	2.25295	58.4869
417	0.0844351	3.43919	2.25838	58.5274
418	0.0827791	3.43913	2.24526	58.5672
419	0.0743743	3.43867	2.26669	58.6081
420	0.0724164	3.43811	2.26555	58.6489
421	0.0743604	3.43766	2.26732	58.6898
422	0.0718949	3.4371	2.26825	58.7307
423	0.0692267	3.43641	2.26276	58.7713
424	0.0693539	3.43574	2.26622	58.8121
425	0.0669557	3.43495	2.27669	58.8533
426	0.061501	3.43391	2.27917	58.8947
427	0.0533542	3.43248	2.29943	58.937
428	0.0481192	3.43081	2.29583	58.9792
429	0.047575	3.42912	2.29701	59.0214
430	0.0454909	3.42733	2.29395	59.0634
431	0.0414962	3.42537	2.28259	59.1048
432	0.041855	3.42343	2.26288	59.1453
433	0.0460503	3.4217	2.27088	59.1862
434	0.047548	3.42005	2.27661	59.2273
435	0.047381	3.4184	2.27313	59.2682
436	0.0416903	3.41649	2.26021	59.3085
437	0.0426655	3.41463	2.25843	59.3487
438	0.0427057	3.41279	2.26638	59.3893
439	0.0383817	3.41074	2.27578	59.4303
440	0.0388179	3.40873	2.28443	59.4717
441	0.0437699	3.40696	2.29877	59.5138
442	0.0485028	3.40542	2.29339	59.5555
443	0.0520687	3.40406	2.29518	59.5974
444	0.0524373	3.40272	2.29894	59.6394
445	0.0514765	3.40135	2.30336	59.6816
446	0.0461669	3.39973	2.31193	59.7242
447	0.0450612	3.39807	2.31316	59.7668
448	0.0396826	3.39617	2.31266	59.8094
449	0.0403278	3.3943	2.30167	59.8514
450	0.0446808	3.39264	2.28926	59.8928
451	0.0469352	3.3911	2.28941	59.9343
452	0.0414374	3.38931	2.29958	59.9761
453	0.0378398	3.38736	2.30866	60.0184
454	0.037786	3.38541	2.31116	60.0608
455	0.0335515	3.38327	2.31009	60.1031
456	0.0300556	3.38098	2.30396	60.1451
457	0.03223	3.3788	2.3057	60.1872
458	0.0332435	3.37668	2.29302	60.2287
459	0.0322755	3.37452	2.27848	60.2694
460	0.0317878	3.37234	2.25126	60.3089
461	0.0251918	3.36987	2.23483	60.3476
462	0.023149	3.36731	2.22444	60.3858
463	0.0265713	3.36492	2.20995	60.4233
464	0.0303958	3.36271	2.21074	60.4609
465	0.0283647	3.36042	2.2166	60.4987
466	0.0228888	3.35789	2.22863	60.537
467	0.0231238	3.35538	2.23344	60.5756
468	0.0189574	3.35268	2.23664	60.6143
469	0.0154235	3.34983	2.24048	60.6531
470	0.0161333	3.34702	2.23158	60.6916
471	0.016265	3.34423	2.23311	60.73
472	0.0146882	3.34137	2.2356	60.7686
473	0.0110373	3.33836	2.23643	60.8072
474	0.0136144	3.33548	2.22395	60.8453
475	0.014845	3.33266	2.21882	60.8831
476	0.0146698	3.32984	2.22593	60.9211
477	0.012929	3.32696	2.22711	60.9593
478	0.0110884	3.32399	2.23409	60.9977
479	0.0166236	3.3213	2.25088	61.0369
480	0.0201794	3.31877	2.26428	61.0767
481	0.0207527	3.31627	2.26654	61.1166
482	0.0218094	3.31384	2.26785	61.1565
483	0.0217657	3.31141	2.25805	61.1959
484	0.0220382	3.309	2.26065	61.2355
485	0.0205594	3.30653	2.26561	61.2753
486	0.0156512	3.30385	2.27491	61.3154
487	0.0111264	3.30097	2.28147	61.3559
488	0.0132597	3.2982	2.28765	61.3966
489	0.015773	3.29555	2.27023	61.4365
490	0.0150674	3.29288	2.25683	61.4758
491	0.0191318	3.2904	2.24759	61.5146
492	0.020069	3.28797	2.24545	61.5533
493	0.0197827	3.28554	2.25268	61.5924
494	0.025631	3.28338	2.24507	61.6311
495	0.0318723	3.2815	2.25983	61.6704
496	0.0345282	3.27975	2.25671	61.7096
497	0.0375329	3.27815	2.21953	61.7471
498	0.0434656	3.27681	2.20784	61.784
499	0.0492324	3.27574	2.22227	61.8216
500	0.0485755	3.27464	2.2306	61.8596
501	0.0479459	3.27352	2.22915	61.8974
502	0.0488435	3.27245	2.22738	61.9352
503	0.0495384	3.27141	2.23409	61.9733
504	0.0493533	3.27037	2.22773	62.0111
505	0.0475808	3.26926	2.20556	62.0478
506	0.048453	3.26819	2.18861	62.0838
507	0.0497844	3.26718	2.18042	62.1195
508	0.0470235	3.26606	2.18075	62.1551
509	0.0449744	3.26485	2.17781	62.1906
510	0.0440486	3.26361	2.16446	62.2255
511	0.0441786	3.26238	2.16899	62.2606
512	0.0436273	3.26113	2.17052	62.2957
513	0.0456081	3.25997	2.17645	62.3311
514	0.0482701	3.25893	2.17764	62.3665
515	0.0495303	3.25796	2.16877	62.4016
516	0.0472992	3.25689	2.16976	62.4366
517	0.0459719	3.25577	2.15774	62.4712
518	0.0488151	3.25478	2.14132	62.505
519	0.0504984	3.25387	2.14733	62.5391
520	0.0536248	3.25309	2.1483	62.5731
521	0.0510377	3.25221	2.14872	62.6073
522	0.0486437	3.25123	2.15066	62.6414
523	0.0440824	3.25006	2.15416	62.6758
524	0.0429065	3.24884	2.14814	62.7098
525	0.0398342	3.24749	2.15588	62.7442
526	0.0363903	3.246	2.16612	62.779
527	0.0369159	3.24453	2.17359	62.8142
528	0.0397929	3.2432	2.17572	62.8494
529	0.041149	3.24193	2.16971	62.8843
530	0.043015	3.24075	2.15621	62.9187
531	0.0410014	3.23948	2.14582	62.9526
532	0.0419344	3.23826	2.14195	62.9863
533	0.0424626	3.23707	2.12832	63.0194
534	0.0455239	3.23602	2.11599	63.052
535	0.0470473	3.23503	2.0925	63.0836
536	0.048348	3.23411	2.09712	63.1153
537	0.0467314	3.23312	2.09993	63.1472
538	0.0472674	3.23216	2.09917	63.1791
539	0.0464278	3.23117	2.09271	63.2106
540	0.0461919	3.23017	2.07967	63.2416
541	0.0454417	3.22914	2.06424	63.2719
542	0.0458084	3.22814	2.05193	63.3017
543	0.0458545	3.22714	2.05274	63.3315
544	0.0428904	3.22602	2.03348	63.3605
545	0.0406131	3.2248	2.02773	63.3893
546	0.0385595	3.22351	2.02675	63.418
547	0.0370647	3.22215	2.02579	63.4467
548	0.0379326	3.22084	2.02681	63.4754
549	0.0359575	3.21945	2.03312	63.5044
550	0.0328348	3.21793	2.03812	63.5336
551	0.0295723	3.21627	2.04223	63.563
552	0.025061	3.21443	2.04243	63.5924
553	0.0233072	3.21253	2.04926	63.622
554	0.0229705	3.21061	2.05039	63.6517
555	0.0174309	3.20847	2.06467	63.6821
556	0.0182464	3.20636	2.07633	63.7129
557	0.0203258	3.20435	2.08116	63.7439
558	0.0208965	3.20237	2.08904	63.7752
559	0.0232569	3.2005	2.10137	63.8071
560	0.0256722	3.19873	2.11295	63.8394
561	0.0273106	3.19704	2.1194	63.872
562	0.0231984	3.19518	2.12515	63.9048
563	0.022004	3.19328	2.11881	63.9374
564	0.0228432	3.19142	2.1118	63.9697
565	0.023427	3.18959	2.10886	64.0018
566	0.0262283	3.18788	2.11419	64.0341
567	0.0264199	3.18618	2.10624	64.0661
568	0.0277536	3.18455	2.11292	64.0984
569	0.0274753	3.18291	2.11826	64.1309
570	0.0281948	3.18131	2.11964	64.1635
571	0.0279528	3.1797	2.12379	64.1962
572	0.0256046	3.17799	2.13056	64.2292
573	0.027381	3.17637	2.13147	64.2622
574	0.0262209	3.1747	2.13266	64.2952
575	0.0256816	3.17302	2.13702	64.3284
576	0.025839	3.17135	2.13938	64.3618
577	0.0229231	3.16956	2.14068	64.3951
578	0.0194887	3.16764	2.13639	64.4283
579	0.0158365	3.16557	2.13603	64.4614
580	0.0139731	3.16343	2.13359	64.4945
581	0.0126198	3.16124	2.13392	64.5275
582	0.0102533	3.15895	2.12788	64.5603
583	0.00760935	3.15657	2.1231	64.5929
584	0.00688082	3.15416	2.11669	64.6252
585	0.00834282	3.15181	2.12052	64.6576
586	0.0104512	3.14956	2.12315	64.6902
587	0.00677905	3.14717	2.13089	64.7231
588	0.00509319	3.14471	2.1344	64.7561
589	0.00596351	3.14229	2.12957	64.7888
590	0.00623998	3.13989	2.12721	64.8215
591	0.00531322	3.13746	2.12622	64.8542
592	0.00632934	3.13508	2.12623	64.8868
593	0.00535928	3.13266	2.13166	64.9196
594	0.00493584	3.13024	2.13782	64.9527
595	0.0064105	3.12788	2.13815	64.9858
596	0.00513672	3.12547	2.13468	65.0187
597	0.00442788	3.12304	2.13075	65.0515
598	0.00446239	3.12062	2.13386	65.0844
599	0.00553323	3.11825	2.13574	65.1173
600	0.00731187	3.11596	2.13952	65.1504
601	0.00562019	3.1136	2.13072	65.1831
602	0.00427336	3.1112	2.11498	65.2152
603	0.00270184	3.10873	2.10363	65.2468
604	0.00183071	3.10624	2.10022	65.2783
605	0.00219745	3.10377	2.10124	65.3098
606	-0.00294345	3.1011	2.11372	65.3418
607	-0.00649246	3.09829	2.1082	65.3735
608	-0.00634812	3.09549	2.10315	65.4051
609	-0.00529054	3.09274	2.10423	65.4367
610	-0.00381141	3.09006	2.09448	65.4678
611	-0.00350055	3.0874	2.09144	65.4989
612	-0.00201504	3.0848	2.09542	65.5301
613	-0.000266717	3.08228	2.09348	65.5612
614	-0.00201585	3.0797	2.09294	65.5923
615	-0.00112626	3.07715	2.09469	65.6235
616	-0.000306233	3.07465	2.09393	65.6546
617	-0.00129533	3.07212	2.08939	65.6855
618	0.00126524	3.06969	2.08372	65.7162
619	0.00469288	3.0674	2.0854	65.747
620	0.00723402	3.06523	2.07649	65.7773
621	0.00921048	3.06313	2.07669	65.8077
622	0.00985336	3.06107	2.07545	65.8381
623	0.0101702	3.05903	2.07031	65.8682
624	0.00757282	3.05689	2.06706	65.8982
625	0.00607928	3.05469	2.06486	65.9281
626	0.00679026	3.05253	2.06708	65.958
627	0.00960382	3.05049	2.07235	65.9882
628	0.0104955	3.04848	2.0667	66.0182
629	0.0113958	3.04652	2.06371	66.048
630	0.00741451	3.0444	2.06917	66.078
631	0.00483809	3.04219	2.06978	66.1081
632	0.00590368	3.04002	2.06205	66.1378
633	0.00531117	3.03784	2.06377	66.1676
634	0.00545934	3.03567	2.06853	66.1976
635	0.00689345	3.03356	2.06851	66.2276
636	0.00867757	3.03152	2.05613	66.257
637	0.0112238	3.02959	2.04751	66.2862
638	0.014475	3.0278	2.05006	66.3154
639	0.0145727	3.02601	2.0544	66.3448
640	0.0158204	3.02428	2.04541	66.3738
641	0.0119288	3.0224	2.0558	66.4033
642	0.00888678	3.0204	2.05743	66.4328
643	0.00907697	3.01841	2.06316	66.4625
644	0.0125456	3.01657	2.06677	66.4924
645	0.0147496	3.01482	2.0685	66.5223
646	0.0135638	3.01302	2.06113	66.5519
647	0.0116522	3.01116	2.06547	66.5817
648	0.00961526	3.00922	2.06488	66.6114
649	0.0104955	3.00732	2.03975	66.6402
650	0.010784	3.00543	2.0332	66.6687
651	0.00919718	3.00349	2.03648	66.6973
652	0.00797303	3.00151	2.041	66.7261
653	0.00911792	2.99957	2.04629	66.7551
654	0.0105739	2.9977	2.04884	66.7842
655	0.012155	2.99589	2.05797	66.8137
656	0.0105061	2.99402	2.06032	66.8432
657	0.0103973	2.99215	2.06845	66.873
658	0.0121349	2.99036	2.07802	66.9032
659	0.0127327	2.98859	2.07986	66.9335
660	0.0119223	2.98679	2.08435	66.9639
661	0.0145576	2.98511	2.09027	66.9946
662	0.0148027	2.98343	2.08441	67.025
663	0.0154498	2.98179	2.07835	67.0552
664	0.0164681	2.98019	2.08344	67.0856
665	0.018048	2.97865	2.07993	67.1158
666	0.0179072	2.97711	2.0729	67.1458
667	0.0165904	2.97553	2.06511	67.1754
668	0.0147915	2.97388	2.07033	67.2052
669	0.0166079	2.9723	2.07622	67.2353
670	0.0173399	2.97076	2.07382	67.2652
671	0.0184037	2.96926	2.0744	67.2952
672	0.0185999	2.96777	2.07114	67.325
673	0.0170887	2.96623	2.06928	67.3548
674	0.0162646	2.96466	2.07155	67.3846
675	0.0157302	2.96308	2.07901	67.4148
676	0.0161546	2.96151	2.07976	67.4449
677	0.0155544	2.95993	2.08457	67.4752
678	0.0149875	2.95832	2.07221	67.505
679	0.0113567	2.95659	2.07681	67.535
680	0.00783029	2.95472	2.08137	67.5652
681	0.00752612	2.95284	2.08654	67.5956
682	0.00560549	2.9509	2.09317	67.6262
683	0.00597581	2.94897	2.09673	67.6569
684	0.00380736	2.94697	2.10235	67.6878
685	0.0018118	2.94489	2.10462	67.7189
686	0.0007685	2.94278	2.09693	67.7496
687	0.00129076	2.94069	2.09468	67.7802
688	0.00296644	2.93867	2.09311	67.8107
689	0.00536657	2.93675	2.09019	67.8412
690	0.0101391	2.93501	2.09654	67.8718
691	0.016082	2.9335	2.11057	67.903
692	0.0199999	2.93215	2.12196	67.9346
693	0.0183194	2.93073	2.12049	67.9662
694	0.0187114	2.92934	2.12325	67.9978
695	0.0182451	2.92793	2.12807	68.0296
696	0.0144671	2.92638	2.13627	68.0617
697	0.01177	2.92473	2.13923	68.0939
698	0.0101805	2.92302	2.14192	68.1262
699	0.0117505	2.92138	2.14869	68.1588
700	0.0143905	2.91984	2.1527	68.1915
701	0.0165384	2.91839	2.15243	68.2241
702	0.017638	2.91698	2.14701	68.2566
703	0.0176335	2.91557	2.15311	68.2893
704	0.0150508	2.91407	2.15957	68.3221
705	0.0121643	2.91247	2.16764	68.3553
706	0.0146226	2.91096	2.16541	68.3884
707	0.0184269	2.9096	2.15453	68.4211
708	0.0190764	2.90827	2.14781	68.4535
709	0.0155671	2.90681	2.1533	68.4861
710	0.0158997	2.90536	2.14504	68.5184
711	0.017297	2.90397	2.15345	68.551
712	0.0192192	2.90265	2.1543	68.5836
713	0.0224229	2.90146	2.16055	68.6164
714	0.0261164	2.90041	2.16282	68.6493
715	0.0289067	2.89947	2.17315	68.6825
716	0.0300971	2.89857	2.17559	68.7159
717	0.0262053	2.89753	2.18695	68.7497
718	0.0286959	2.89659	2.18799	68.7834
719	0.0305307	2.89572	2.18382	68.817
720	0.0313382	2.89488	2.18778	68.8508
721	0.0290376	2.89395	2.17656	68.8841
722	0.0288166	2.89302	2.16469	68.917
723	0.0297085	2.89213	2.16029	68.9497
724	0.0315949	2.89131	2.15368	68.9821
725	0.0307667	2.89046	2.15211	69.0144
726	0.0287616	2.88954	2.15227	69.0468
727	0.0265542	2.88855	2.14874	69.079
728	0.0258603	2.88752	2.15125	69.1113
729	0.0227646	2.88639	2.15808	69.1438
730	0.0216812	2.88522	2.15401	69.1762
731	0.0228891	2.8841	2.1484	69.2083
732	0.0205329	2.88289	2.14727	69.2404
733	0.0239141	2.88181	2.15191	69.2727
734	0.0232902	2.88071	2.13703	69.3044
735	0.0251937	2.87968	2.13375	69.336
736	0.0258498	2.87868	2.13221	69.3675
737	0.0274122	2.87774	2.12647	69.3987
738	0.0257868	2.87674	2.12393	69.4299
739	0.0247843	2.87571	2.12066	69.4609
740	0.0250177	2.87469	2.11724	69.4918
741	0.0267334	2.87374	2.11728	69.5227
742	0.0250433	2.87272	2.1163	69.5536
743	0.0239808	2.87167	2.1144	69.5844
744	0.0234348	2.87061	2.1032	69.6147
745	0.0217878	2.86948	2.10048	69.6449
746	0.0206203	2.86832	2.1026	69.6753
747	0.0192034	2.8671	2.1036	69.7056
748	0.0162425	2.86578	2.10837	69.7361
749	0.0145855	2.86441	2.10527	69.7665
750	0.0131581	2.86298	2.09868	69.7966
751	0.0101289	2.86145	2.10434	69.8269
752	0.0111073	2.85996	2.10572	69.8573
753	0.0119576	2.8585	2.10699	69.8877
754	0.0136848	2.8571	2.10703	69.9181
755	0.015641	2.85578	2.10998	69.9486
756	0.0178004	2.85455	2.11054	69.9791
757	0.0176136	2.85331	2.1124	70.0096
758	0.0181911	2.85209	2.11171	70.0402
759	0.0187087	2.85089	2.11192	70.0707
760	0.0205872	2.84977	2.10774	70.1011
761	0.0213817	2.84867	2.09481	70.1309
762	0.0227851	2.84763	2.08956	70.1606
763	0.0233455	2.84661	2.08319	70.1901
764	0.0214742	2.84553	2.08198	70.2195
765	0.0226304	2.84449	2.07738	70.2487
766	0.0221503	2.84344	2.07448	70.2778
767	0.0223736	2.8424	2.07237	70.3068
768	0.0194953	2.84125	2.08008	70.3361
769	0.0192345	2.8401	2.08034	70.3654
770	0.0218852	2.83905	2.08086	70.3947
771	0.0221485	2.83801	2.08411	70.4241
772	0.0212163	2.83694	2.07766	70.4533
773	0.0193253	2.8358	2.0795	70.4825
774	0.019299	2.83467	2.07753	70.5117
775	0.0182957	2.8335	2.07768	70.5408
776	0.0198316	2.83239	2.07851	70.57
777	0.022645	2.83138	2.08803	70.5995
778	0.0240938	2.83043	2.08093	70.6287
779	0.0223326	2.82941	2.0827	70.658
780	0.02024	2.82833	2.08863	70.6875
781	0.0179463	2.82716	2.09255	70.7171
782	0.0158574	2.82593	2.09468	70.7468
783	0.0153599	2.82467	2.09471	70.7765
784	0.0129182	2.82334	2.09281	70.8061
785	0.0111481	2.82194	2.09256	70.8357
786	0.00909481	2.82047	2.09543	70.8654
787	0.00742462	2.81895	2.09077	70.8949
788	0.00715552	2.81742	2.08737	70.9243
789	0.00788376	2.81592	2.08698	70.9537
790	0.00810668	2.81443	2.08766	70.983
791	0.00541921	2.81284	2.07793	71.0121
792	0.00492918	2.81125	2.07419	71.0409
793	0.00494187	2.80965	2.07405	71.0698
794	0.00323339	2.808	2.07745	71.0988
795	0.00131607	2.80629	2.08233	71.1279
796	0.00310053	2.80464	2.087	71.1572
797	0.00200621	2.80295	2.08742	71.1865
798	0.00269977	2.8013	2.08785	71.2158
799	0.00147505	2.7996	2.08792	71.2451
800	-0.00259965	2.79776	2.09277	71.2746
801	-0.00321654	2.79591	2.09959	71.3043
802	-0.00185213	2.7941	2.10845	71.3343
803	-0.00151518	2.79231	2.11501	71.3645
804	-0.00337143	2.79046	2.12008	71.3949
805	-0.00490925	2.78856	2.12177	71.4254
806	-0.0047282	2.78667	2.11082	71.4554
807	-0.00311135	2.78483	2.11049	71.4854
808	-0.00412303	2.78297	2.10768	71.5154
809	-0.00630659	2.78103	2.11256	71.5454
810	-0.00667162	2.77908	2.11382	71.5755
811	-0.00358919	2.77725	2.11716	71.6058
812	-0.00118537	2.7755	2.11629	71.6359
813	-0.00228984	2.77372	2.10618	71.6658
814	-0.000783468	2.77199	2.09759	71.6953
815	-0.000934242	2.77026	2.1005	71.7249
816	0.00064328	2.76859	2.1062	71.7546
817	0.00212938	2.76697	2.10919	71.7845
818	0.00236203	2.76537	2.10691	71.8143
819	0.00298382	2.76379	2.10591	71.8441
820	0.00459323	2.76227	2.10497	71.8738
821	0.00531037	2.76077	2.10334	71.9034
822	0.00854787	2.75939	2.09751	71.9328
823	0.00924389	2.75804	2.08381	71.9618
824	0.00896787	2.75669	2.08024	71.9906
825	0.00953303	2.75535	2.07185	72.0191
826	0.0122906	2.75411	2.07065	72.0476
827	0.0129522	2.7529	2.06365	72.0758
828	0.0117347	2.75165	2.05119	72.1035
829	0.0105567	2.75036	2.04525	72.1311
830	0.0074854	2.74897	2.05099	72.1588
831	0.00519989	2.74749	2.05851	72.1868
832	0.00321635	2.74596	2.06124	72.2149
833	5.27258e-05	2.74432	2.06414	72.2431
834	-0.000719367	2.74265	2.07002	72.2715
835	-0.0018927	2.74094	2.07288	72.2999
836	0.000670901	2.73933	2.08076	72.3286
837	0.000715662	2.73772	2.07985	72.3573
838	0.000586822	2.73611	2.07685	72.3859
839	0.000860146	2.73452	2.07752	72.4145
840	0.000148943	2.7329	2.07728	72.4431
841	-0.00211817	2.7312	2.07911	72.4717
842	-0.00378861	2.72945	2.07966	72.5003
843	-0.00353778	2.72772	2.07496	72.5288
844	-0.00235468	2.72602	2.07224	72.5572
845	-0.000922846	2.72438	2.06817	72.5854
846	-0.0024115	2.72269	2.06112	72.6134
847	-0.00231356	2.72101	2.06218	72.6414
848	-0.000309942	2.7194	2.06122	72.6693
849	0.00048863	2.71782	2.05839	72.6972
850	0.00321457	2.71633	2.06394	72.7252
851	0.00309445	2.71484	2.06428	72.7532
852	0.00312968	2.71336	2.06758	72.7814
853	0.00381207	2.7119	2.07035	72.8096
854	0.0051431	2.71049	2.07436	72.838
855	0.00426164	2.70906	2.0641	72.866
856	0.003374	2.70759	2.0638	72.894
857	0.0030427	2.70612	2.06076	72.9218
858	0.00200853	2.70462	2.0575	72.9496
859	0.00213679	2.70312	2.05819	72.9773
860	0.00138037	2.7016	2.05498	73.005
861	0.000546407	2.70005	2.05149	73.0325
862	-0.00113541	2.69845	2.04556	73.0598
863	-0.00230813	2.69681	2.04541	73.0871
864	-0.0047907	2.69509	2.05074	73.1146
865	-0.00599403	2.69333	2.04797	73.142
866	-0.008343	2.6915	2.03726	73.169
867	-0.010053	2.68961	2.03292	73.1958
868	-0.0118957	2.68766	2.03533	73.2228
869	-0.0128584	2.68568	2.03181	73.2496
870	-0.0134779	2.68368	2.02879	73.2763
871	-0.0135004	2.68169	2.02211	73.3027
872	-0.012875	2.67972	2.0115	73.3288
873	-0.0122862	2.67777	2.00208	73.3546
874	-0.0129616	2.6758	2.00033	73.3803
875	-0.0123374	2.67386	1.9934	73.4057
876	-0.0136274	2.67188	1.98433	73.4309
877	-0.0178287	2.66976	1.98095	73.4559
878	-0.0198233	2.66757	1.97534	73.4808
879	-0.0210841	2.66534	1.96928	73.5054
880	-0.0231558	2.66305	1.9718	73.5301
881	-0.0242795	2.66073	1.97342	73.5549
882	-0.0251418	2.65838	1.9722	73.5796
883	-0.0250362	2.65603	1.97517	73.6044
884	-0.0255694	2.65368	1.97545	73.6292
885	-0.0251094	2.65134	1.97244	73.6539
886	-0.0244459	2.64902	1.97182	73.6786
887	-0.0253245	2.64668	1.96715	73.7031
888	-0.0261844	2.64432	1.96311	73.7275
889	-0.0257988	2.64197	1.96734	73.7521
890	-0.0258658	2.63962	1.96845	73.7766
891	-0.0256388	2.63729	1.97292	73.8013
892	-0.0249735	2.63497	1.97294	73.826
893	-0.02681	2.63261	1.97217	73.8507
894	-0.0279869	2.6302	1.97392	73.8754
895	-0.0276499	2.62781	1.9759	73.9002
896	-0.0290784	2.62538	1.97882	73.9251
897	-0.0272335	2.62301	1.98225	73.95
898	-0.0256952	2.62069	1.98054	73.975
899	-0.0260314	2.61837	1.98617	74.0001
900	-0.0244689	2.61611	1.98839	74.0252
901	-0.0234111	2.61388	1.98818	74.0504
902	-0.0212748	2.61172	1.98907	74.0756
903	-0.0225695	2.60953	1.98846	74.1008
904	-0.0239477	2.60729	1.99327	74.1261
905	-0.0237253	2.60507	1.99501	74.1514
906	-0.0237246	2.60285	1.99882	74.1769
907	-0.0229833	2.60065	2.00202	74.2025
908	-0.0220772	2.59849	2.00468	74.2282
909	-0.0241822	2.59626	2.012	74.2541
910	-0.023725	2.59405	2.01195	74.28
911	-0.0232199	2.59186	2.01453	74.306
912	-0.0237394	2.58966	2.01033	74.3318
913	-0.0243685	2.58744	2.00642	74.3575
914	-0.0246319	2.58521	2.0017	74.3831
915	-0.0231838	2.58304	2.00296	74.4086
916	-0.0244311	2.58082	2.00319	74.4342
917	-0.024343	2.57862	2.00522	74.4599
918	-0.0240748	2.57642	2.00373	74.4854
919	-0.0235771	2.57425	1.99754	74.5108
920	-0.0237781	2.57207	1.99268	74.536
921	-0.0253558	2.56984	1.98607	74.561
922	-0.0229579	2.56769	1.96853	74.5854
923	-0.0240259	2.56551	1.95987	74.6095
924	-0.0222289	2.5634	1.95309	74.6334
925	-0.0223413	2.56128	1.94161	74.6569
926	-0.0215661	2.55919	1.93076	74.6801
927	-0.021477	2.55711	1.91986	74.7028
928	-0.0224034	2.555	1.91097	74.7253
929	-0.0213214	2.55293	1.90404	74.7476
930	-0.0200586	2.5509	1.90272	74.7698
931	-0.0174717	2.54896	1.90451	74.7921
932	-0.0157422	2.54708	1.90609	74.8144
933	-0.0134031	2.54528	1.90815	74.8368
934	-0.0117349	2.54354	1.90832	74.8592
935	-0.0116951	2.5418	1.9087	74.8816
936	-0.0116421	2.54006	1.90815	74.9039
937	-0.0106771	2.53836	1.90238	74.9261
938	-0.00750597	2.53677	1.90737	74.9485
939	-0.00465732	2.53527	1.91421	74.971
940	-0.000110875	2.53392	1.92801	74.9941
941	0.00236627	2.53265	1.9325	75.0172
942	0.00493365	2.53147	1.93911	75.0406
943	0.00552536	2.53031	1.94145	75.064
944	0.00554949	2.52915	1.94363	75.0875
945	0.00441936	2.52796	1.94789	75.1112
946	0.00361261	2.52674	1.93568	75.1344
947	0.00111739	2.52545	1.92305	75.1572
948	0.000790273	2.52414	1.91611	75.1798
949	0.00201042	2.52288	1.92065	75.2026
950	0.00330586	2.52166	1.92068	75.2253
951	0.00394154	2.52047	1.92449	75.2482
952	0.00444838	2.51929	1.92787	75.2712
953	0.00509719	2.51814	1.92774	75.2941
954	0.00605584	2.51701	1.93129	75.3172
955	0.00667152	2.51591	1.91905	75.3399
956	0.00653156	2.51481	1.91975	75.3626
957	0.00540268	2.51367	1.91978	75.3852
958	0.00597368	2.51256	1.91665	75.4078
959	0.00589217	2.51144	1.91463	75.4304
960	0.00633785	2.51034	1.91471	75.4529
961	0.00756594	2.50928	1.91208	75.4753
962	0.00904894	2.50827	1.91638	75.4979
963	0.0106934	2.50731	1.91735	75.5205
964	0.0109942	2.50637	1.91773	75.5431
965	0.0105747	2.50541	1.91876	75.5657
966	0.0108836	2.50447	1.92288	75.5885
967	0.0109862	2.50353	1.92498	75.6113
968	0.0114093	2.5026	1.92574	75.6341
969	0.0112901	2.50168	1.92183	75.6568
970	0.0100035	2.50071	1.91584	75.6794
971	0.00668996	2.49964	1.91494	75.7019
972	0.00581185	2.49854	1.90714	75.7241
973	0.00428555	2.4974	1.90632	75.7463
974	0.00327185	2.49622	1.90834	75.7686
975	0.00434249	2.49508	1.90593	75.7908
976	0.00460176	2.49396	1.90134	75.8128
977	0.00260349	2.49276	1.90458	75.8349
978	0.00123854	2.49153	1.89948	75.8569
979	0.00142789	2.49031	1.8932	75.8787
980	0.000318524	2.48905	1.89234	75.9004
981	-0.000530619	2.48777	1.89321	75.9222
982	0.000147544	2.48651	1.88862	75.9438
983	0.00168817	2.4853	1.89345	75.9656
984	0.00267388	2.48412	1.89511	75.9874
985	0.0023297	2.48294	1.89953	76.0094
986	0.000470635	2.4817	1.90514	76.0315
987	0.00244958	2.48052	1.90869	76.0538
988	0.00195423	2.47933	1.90887	76.076
989	0.000786645	2.4781	1.90565	76.0981
990	-0.00104393	2.47682	1.90211	76.1202
991	-0.00192419	2.47551	1.89099	76.1418
992	-0.0028639	2.47417	1.88182	76.1632
993	-0.00388868	2.47281	1.88062	76.1846
994	-0.00338516	2.47146	1.87615	76.2057
995	-0.00305374	2.47012	1.87565	76.2269
996	-0.00158887	2.46883	1.87597	76.2481
997	-0.00238571	2.46752	1.87676	76.2693
998	-0.00313619	2.46619	1.87401	76.2904
999	-0.00206393	2.46489	1.87731	76.3116
1000	-0.00167662	2.46361	1.87565	76.3328
1001	-0.00178148	2.46232	1.86856	76.3538
1002	-0.00231074	2.46102	1.85652	76.3743
1003	-0.00288786	2.45971	1.84524	76.3945
1004	-0.00198751	2.45842	1.8422	76.4146
1005	-0.00196251	2.45714	1.84375	76.4348
1006	-0.001489	2.45587	1.84678	76.455
1007	-0.000168189	2.45465	1.84565	76.4752
1008	0.000150098	2.45344	1.84034	76.4953
1009	-0.00105047	2.45219	1.8374	76.5152
1010	-0.00135116	2.45094	1.84263	76.5353
1011	-0.00166663	2.44968	1.84193	76.5554
1012	-0.00265052	2.44839	1.84711	76.5756
1013	-0.00417719	2.44705	1.85142	76.596
1014	-0.00397246	2.44572	1.84795	76.6163
1015	-0.00522967	2.44435	1.84815	76.6366
1016	-0.0057142	2.44297	1.8531	76.657
1017	-0.00848298	2.44151	1.8567	76.6775
1018	-0.0106231	2.43998	1.85557	76.698
1019	-0.0108552	2.43844	1.85402	76.7185
1020	-0.011291	2.4369	1.84829	76.7388
1021	-0.0125691	2.43531	1.84866	76.7591
1022	-0.0130162	2.43372	1.84027	76.7791
1023	-0.0138198	2.4321	1.84369	76.7992
1024	-0.0145346	2.43046	1.84908	76.8195
1025	-0.0138255	2.42884	1.84421	76.8396
1026	-0.0148874	2.4272	1.84746	76.8599
1027	-0.0143547	2.42557	1.85333	76.8803
1028	-0.0146701	2.42393	1.85233	76.9007
1029	-0.0181292	2.42219	1.86005	76.9213
1030	-0.0208015	2.42037	1.86612	76.9421
1031	-0.0214572	2.41853	1.86915	76.963
1032	-0.0207643	2.41672	1.87112	76.984
1033	-0.0201179	2.41492	1.87044	77.0049
1034	-0.019776	2.41314	1.87026	77.0259
1035	-0.0180664	2.41142	1.87336	77.0469
1036	-0.0174526	2.40972	1.87664	77.068
1037	-0.0163684	2.40805	1.87787	77.0892
1038	-0.016091	2.40639	1.87864	77.1104
1039	-0.016718	2.40472	1.87112	77.1313
1040	-0.0154032	2.40309	1.86657	77.1521
1041	-0.0166539	2.40142	1.863	77.1728
1042	-0.0178097	2.39972	1.86303	77.1935
1043	-0.0163991	2.39806	1.85679	77.214
1044	-0.0177246	2.39637	1.85412	77.2344
1045	-0.0173532	2.39468	1.85214	77.2547
1046	-0.0186178	2.39297	1.84574	77.2749
1047	-0.018846	2.39124	1.83617	77.2947
1048	-0.020975	2.38946	1.835	77.3146
1049	-0.0193135	2.38773	1.83259	77.3343
1050	-0.0194895	2.38599	1.8284	77.3539
1051	-0.0193246	2.38426	1.82944	77.3735
1052	-0.0193495	2.38253	1.82883	77.3932
1053	-0.0190563	2.38082	1.82399	77.4126
1054	-0.0177406	2.37914	1.82325	77.4321
1055	-0.0166056	2.37751	1.82558	77.4516
1056	-0.0163127	2.37588	1.82278	77.471
1057	-0.0166421	2.37425	1.82098	77.4904
1058	-0.016442	2.37262	1.82402	77.5098
1059	-0.013287	2.3711	1.83085	77.5295
1060	-0.0131091	2.36958	1.82324	77.549
1061	-0.0137096	2.36804	1.82492	77.5684
1062	-0.0127632	2.36654	1.8281	77.588
1063	-0.0128367	2.36503	1.8307	77.6077
1064	-0.0133267	2.36352	1.83199	77.6274
1065	-0.0133195	2.362	1.83456	77.6472
1066	-0.0125263	2.36051	1.83858	77.6671
1067	-0.0126866	2.35902	1.8421	77.6871
1068	-0.0123554	2.35754	1.84494	77.7072
1069	-0.0135105	2.35602	1.84994	77.7274
1070	-0.0131536	2.35452	1.85043	77.7477
1071	-0.0138173	2.353	1.85492	77.7681
1072	-0.0130278	2.35151	1.85462	77.7884
1073	-0.0129223	2.35002	1.85691	77.8089
1074	-0.012704	2.34854	1.85754	77.8293
1075	-0.0138041	2.34703	1.85773	77.8498
1076	-0.0146697	2.3455	1.85871	77.8703
1077	-0.0135162	2.344	1.8588	77.8908
1078	-0.0148018	2.34246	1.85522	77.9112
1079	-0.0168801	2.34087	1.85649	77.9316
1080	-0.0160582	2.3393	1.85921	77.9521
1081	-0.0151208	2.33776	1.86472	77.9728
1082	-0.0143181	2.33624	1.86547	77.9935
1083	-0.0120484	2.3348	1.87294	78.0144
1084	-0.0128361	2.33333	1.86888	78.0351
1085	-0.0125803	2.33188	1.86718	78.0559
1086	-0.0100202	2.3305	1.86055	78.0764
1087	-0.00850864	2.32918	1.85897	78.0969
1088	-0.00624058	2.32792	1.86456	78.1175
1089	-0.00549055	2.32668	1.867	78.1382
1090	-0.00645224	2.32542	1.87084	78.1591
1091	-0.00700423	2.32415	1.87103	78.1799
1092	-0.00649036	2.32289	1.87244	78.2008
1093	-0.00887006	2.32156	1.87418	78.2217
1094	-0.010479	2.32018	1.88022	78.2428
1095	-0.00931776	2.31885	1.87919	78.2639
1096	-0.0109883	2.31746	1.88266	78.285
1097	-0.0104437	2.31609	1.88542	78.3063
1098	-0.0109969	2.3147	1.88841	78.3276
1099	-0.0135676	2.31324	1.89459	78.3491
1100	-0.011769	2.31184	1.89764	78.3707
1101	-0.0124711	2.31041	1.90237	78.3925
1102	-0.0139041	2.30895	1.90649	78.4144
1103	-0.0153783	2.30744	1.91001	78.4363
1104	-0.0159157	2.30592	1.91082	78.4583
1105	-0.0141421	2.30445	1.91667	78.4805
1106	-0.0158037	2.30294	1.91378	78.5025
1107	-0.0157958	2.30143	1.91814	78.5247
1108	-0.0159772	2.29991	1.91968	78.547
1109	-0.0155928	2.29841	1.91852	78.5692
1110	-0.0158052	2.2969	1.91967	78.5914
1111	-0.01588	2.29539	1.92075	78.6137
1112	-0.0150122	2.29391	1.92081	78.6359
1113	-0.0149154	2.29243	1.92244	78.6582
1114	-0.0169555	2.2909	1.92498	78.6806
1115	-0.0201341	2.28927	1.93271	78.7032
1116	-0.0228337	2.28756	1.93712	78.7259
1117	-0.0240139	2.28582	1.9403	78.7488
1118	-0.0241085	2.28408	1.94346	78.7717
1119	-0.0248972	2.28232	1.94387	78.7946
1120	-0.0265489	2.28051	1.9355	78.8172
1121	-0.0262303	2.27871	1.93298	78.8398
1122	-0.026964	2.27689	1.92193	78.8621
1123	-0.0280917	2.27504	1.92497	78.8844
1124	-0.029193	2.27316	1.92694	78.9068
1125	-0.0299055	2.27126	1.92569	78.9291
1126	-0.0302359	2.26936	1.92378	78.9514
1127	-0.0297899	2.26747	1.92509	78.9737
1128	-0.0301253	2.26557	1.92704	78.9961
1129	-0.0310667	2.26364	1.92919	79.0185
1130	-0.0315902	2.2617	1.93148	79.041
1131	-0.0326582	2.25973	1.93501	79.0636
1132	-0.032317	2.25778	1.93718	79.0863
1133	-0.0321173	2.25583	1.93684	79.1089
1134	-0.0325298	2.25387	1.93756	79.1316
1135	-0.0338461	2.25188	1.93941	79.1543
1136	-0.034654	2.24986	1.935	79.1769
1137	-0.0339203	2.24787	1.93396	79.1994
1138	-0.0328246	2.24591	1.936	79.222
1139	-0.0328685	2.24395	1.93714	79.2446
1140	-0.0321354	2.24202	1.93884	79.2673
1141	-0.0307974	2.24012	1.94164	79.2901
1142	-0.0322173	2.23819	1.94725	79.313
1143	-0.0318284	2.23627	1.95045	79.336
1144	-0.0322181	2.23435	1.9558	79.3591
1145	-0.0331155	2.23239	1.95498	79.3823
1146	-0.0331858	2.23044	1.95223	79.4053
1147	-0.0333411	2.22849	1.9521	79.4283
1148	-0.0327526	2.22655	1.95046	79.4513
1149	-0.0320562	2.22464	1.9499	79.4742
1150	-0.0325076	2.22272	1.95005	79.4972
1151	-0.0334319	2.22077	1.94608	79.52
1152	-0.0345741	2.21879	1.94563	79.5428
1153	-0.0339287	2.21683	1.94225	79.5655
1154	-0.0345089	2.21486	1.94061	79.5882
1155	-0.0351532	2.21286	1.93991	79.6108
1156	-0.0351922	2.21087	1.93858	79.6334
1157	-0.0358172	2.20887	1.93883	79.656
1158	-0.0359271	2.20686	1.937	79.6785
1159	-0.0361438	2.20485	1.93729	79.7011
1160	-0.0350207	2.20287	1.93523	79.7235
1161	-0.0368992	2.20084	1.93529	79.746
1162	-0.0380328	2.19878	1.93784	79.7685
1163	-0.0394285	2.19669	1.94314	79.7912
1164	-0.0378074	2.19464	1.94461	79.814
1165	-0.0379334	2.19258	1.94749	79.8368
1166	-0.0373344	2.19055	1.9489	79.8596
1167	-0.037028	2.18853	1.951	79.8825
1168	-0.0357076	2.18655	1.95152	79.9054
1169	-0.0359232	2.18457	1.95199	79.9283
1170	-0.0373184	2.18255	1.95513	79.9513
1171	-0.0377685	2.18051	1.95422	79.9743
1172	-0.0378538	2.17848	1.9566	79.9973
1173	-0.0393721	2.17641	1.96036	80.0205
1174	-0.0402613	2.17431	1.96511	80.0438
1175	-0.0410191	2.17219	1.9695	80.0671
1176	-0.0429749	2.17001	1.97128	80.0906
1177	-0.0410653	2.1679	1.97357	80.1141
1178	-0.0416175	2.16577	1.9722	80.1376
1179	-0.0412258	2.16365	1.96867	80.1609
1180	-0.0396027	2.16158	1.96149	80.184
1181	-0.0388155	2.15954	1.96007	80.2071
1182	-0.0378516	2.15753	1.96281	80.2303
1183	-0.0379206	2.15551	1.96003	80.2534
1184	-0.0374677	2.15352	1.95648	80.2763
1185	-0.0376855	2.15152	1.95291	80.2992
1186	-0.03828	2.1495	1.94976	80.322
1187	-0.0363923	2.14754	1.9491	80.3447
1188	-0.0357886	2.1456	1.94565	80.3674
1189	-0.0353666	2.14367	1.94916	80.3901
1190	-0.0374118	2.14169	1.95143	80.4129
1191	-0.0400087	2.13964	1.95444	80.4358
1192	-0.0398658	2.13759	1.95266	80.4586
1193	-0.0410175	2.1355	1.94922	80.4813
1194	-0.0405218	2.13344	1.94023	80.5037
1195	-0.0387879	2.13143	1.94126	80.5262
1196	-0.0379778	2.12944	1.94209	80.5487
1197	-0.039014	2.12743	1.94462	80.5713
1198	-0.040431	2.12537	1.9463	80.5939
1199	-0.041621	2.12329	1.94537	80.6165
1200	-0.0413225	2.12121	1.9426	80.6389
1201	-0.0414583	2.11913	1.94633	80.6615
1202	-0.0408898	2.11708	1.94689	80.6841
1203	-0.0424746	2.11497	1.94119	80.7066
1204	-0.0426361	2.11287	1.9429	80.7291
1205	-0.0421437	2.11078	1.94262	80.7515
1206	-0.0408949	2.10873	1.93996	80.7739
1207	-0.040513	2.10669	1.94068	80.7963
1208	-0.0401952	2.10467	1.93875	80.8187
1209	-0.0405941	2.10263	1.93028	80.8407
1210	-0.0390922	2.10064	1.93076	80.8628
1211	-0.0381574	2.09868	1.92093	80.8847
1212	-0.0382979	2.09671	1.92057	80.9065
1213	-0.0382383	2.09475	1.92263	80.9283
1214	-0.0391739	2.09277	1.91929	80.9501
1215	-0.0408951	2.09074	1.9172	80.9718
1216	-0.0409372	2.08871	1.91544	80.9934
1217	-0.0414344	2.08666	1.91282	81.015
1218	-0.0411526	2.08463	1.91164	81.0365
1219	-0.0409831	2.0826	1.91251	81.058
1220	-0.0407759	2.08058	1.91697	81.0797
1221	-0.0407875	2.07857	1.92188	81.1015
1222	-0.0394229	2.07659	1.92528	81.1234
1223	-0.0372496	2.07468	1.93101	81.1454
1224	-0.0366454	2.07278	1.93264	81.1675
1225	-0.0388304	2.07083	1.9369	81.1897
1226	-0.0383354	2.06889	1.938	81.212
1227	-0.0401735	2.06691	1.93266	81.2341
1228	-0.0392487	2.06495	1.93046	81.2561
1229	-0.0413718	2.06293	1.93218	81.2781
1230	-0.0413332	2.06091	1.92643	81.3
1231	-0.0421133	2.05888	1.92713	81.3219
1232	-0.0421627	2.05684	1.929	81.3439
1233	-0.0421479	2.05481	1.92861	81.3658
1234	-0.0415514	2.0528	1.92666	81.3877
1235	-0.0412493	2.0508	1.92526	81.4096
1236	-0.0413727	2.04879	1.92656	81.4314
1237	-0.0407094	2.04681	1.92832	81.4533
1238	-0.0389972	2.04487	1.93346	81.4754
1239	-0.0403762	2.0429	1.93446	81.4975
1240	-0.0413656	2.04091	1.93725	81.5196
1241	-0.0425244	2.03888	1.93516	81.5417
1242	-0.0420132	2.03687	1.93256	81.5637
1243	-0.0413727	2.03488	1.92911	81.5856
1244	-0.0399263	2.03293	1.92475	81.6074
1245	-0.0404075	2.03097	1.92122	81.6291
1246	-0.0406295	2.02901	1.91686	81.6506
1247	-0.040583	2.02705	1.91545	81.6722
1248	-0.0399836	2.02511	1.91927	81.6938
1249	-0.0404498	2.02315	1.92212	81.7155
1250	-0.0405717	2.0212	1.92086	81.7371
1251	-0.0401896	2.01926	1.91844	81.7587
1252	-0.0382588	2.01737	1.91495	81.7801
1253	-0.0362879	2.01554	1.91838	81.8017
1254	-0.0345761	2.01376	1.92212	81.8234
1255	-0.0326313	2.01204	1.92691	81.8452
1256	-0.029583	2.01041	1.93474	81.8672
1257	-0.0274522	2.00884	1.93979	81.8893
1258	-0.0285254	2.00723	1.94139	81.9115
1259	-0.0281428	2.00565	1.94231	81.9337
1260	-0.0272281	2.00408	1.94663	81.9561
1261	-0.0256574	2.00257	1.94517	81.9783
1262	-0.0233413	2.00112	1.94564	82.0006
1263	-0.023872	1.99966	1.94589	82.0229
1264	-0.0253152	1.99816	1.94921	82.0453
1265	-0.0271507	1.99661	1.95006	82.0677
1266	-0.0283647	1.99502	1.94933	82.0901
1267	-0.0286179	1.99343	1.94838	82.1124
1268	-0.0283449	1.99185	1.94797	82.1348
1269	-0.0282357	1.99028	1.94834	82.1571
1270	-0.0278032	1.98871	1.94784	82.1794
1271	-0.0287208	1.98713	1.94495	82.2016
1272	-0.0287393	1.98554	1.94732	82.2239
1273	-0.0283751	1.98397	1.95162	82.2463
1274	-0.0263963	1.98245	1.95688	82.2689
1275	-0.0261579	1.98094	1.96213	82.2916
1276	-0.0245322	1.97948	1.95933	82.3142
1277	-0.0246377	1.97802	1.95729	82.3367
1278	-0.0247546	1.97655	1.96152	82.3594
1279	-0.025897	1.97506	1.96545	82.3821
1280	-0.0264747	1.97355	1.96669	82.4049
1281	-0.026516	1.97204	1.96686	82.4277
1282	-0.0273397	1.97051	1.96505	82.4504
1283	-0.0275245	1.96897	1.962	82.4731
1284	-0.0264413	1.96747	1.96828	82.4959
1285	-0.0257574	1.96599	1.96853	82.5187
1286	-0.0247753	1.96454	1.97103	82.5416
1287	-0.0246381	1.96309	1.97313	82.5645
1288	-0.0244499	1.96164	1.97604	82.5875
1289	-0.0244221	1.96021	1.97443	82.6105
1290	-0.025382	1.95874	1.97702	82.6335
1291	-0.0267121	1.95724	1.98074	82.6567
1292	-0.0260299	1.95576	1.98079	82.6798
1293	-0.0269035	1.95426	1.98215	82.7029
1294	-0.0266471	1.95276	1.98471	82.7261
1295	-0.0272722	1.95125	1.98624	82.7494
1296	-0.0270375	1.94975	1.9809	82.7725
1297	-0.0272646	1.94824	1.97715	82.7955
1298	-0.0279407	1.94672	1.97719	82.8185
1299	-0.0308869	1.94511	1.97974	82.8415
1300	-0.033067	1.94345	1.98165	82.8646
1301	-0.0331805	1.94179	1.98356	82.8878
1302	-0.0317648	1.94016	1.98181	82.9109
1303	-0.0295397	1.9386	1.98086	82.9339
1304	-0.028713	1.93706	1.97992	82.957
1305	-0.0278128	1.93555	1.98275	82.9801
1306	-0.0270889	1.93406	1.9852	83.0032
1307	-0.0262329	1.9326	1.98896	83.0265
1308	-0.0249843	1.93117	1.98682	83.0497
1309	-0.0236934	1.92978	1.98686	83.0729
1310	-0.024382	1.92837	1.98445	83.096
1311	-0.0261494	1.92692	1.98272	83.1191
1312	-0.0268103	1.92544	1.98061	83.1421
1313	-0.0271892	1.92396	1.9818	83.1651
1314	-0.0272856	1.92248	1.98193	83.1881
1315	-0.0270036	1.921	1.97944	83.2111
1316	-0.0251054	1.91958	1.98228	83.2341
1317	-0.0236321	1.9182	1.98321	83.2572
1318	-0.0238201	1.91682	1.9847	83.2803
1319	-0.0238385	1.91544	1.9837	83.3033
1320	-0.0245825	1.91404	1.97874	83.3262
1321	-0.0249978	1.91263	1.97866	83.3491
1322	-0.02547	1.91121	1.96897	83.3717
1323	-0.0251684	1.90979	1.97098	83.3944
1324	-0.0249262	1.90839	1.97187	83.4171
1325	-0.0232903	1.90703	1.96869	83.4397
1326	-0.0223526	1.9057	1.96686	83.4623
1327	-0.0235194	1.90434	1.96739	83.4848
1328	-0.0237447	1.90297	1.97057	83.5075
1329	-0.0260496	1.90154	1.97535	83.5303
1330	-0.0257496	1.90012	1.97181	83.5529
1331	-0.026487	1.89868	1.97097	83.5756
1332	-0.027543	1.89722	1.96904	83.5981
1333	-0.0282866	1.89573	1.97091	83.6208
1334	-0.0288843	1.89423	1.96936	83.6433
1335	-0.0298747	1.89271	1.96931	83.6659
1336	-0.0305056	1.89117	1.96965	83.6885
1337	-0.0312774	1.8896	1.97094	83.7111
1338	-0.0307403	1.88806	1.97376	83.7338
1339	-0.0300418	1.88653	1.97119	83.7564
1340	-0.0284647	1.88505	1.9704	83.779
1341	-0.0292313	1.88356	1.96865	83.8015
1342	-0.0292323	1.88206	1.96564	83.8239
1343	-0.0295013	1.88055	1.96673	83.8464
1344	-0.0299287	1.87904	1.96791	83.8689
1345	-0.0297549	1.87753	1.9675	83.8913
1346	-0.0292015	1.87604	1.96644	83.9138
1347	-0.0308917	1.8745	1.96077	83.936
1348	-0.0314028	1.87295	1.962	83.9583
1349	-0.0317707	1.87139	1.96154	83.9806
1350	-0.0320577	1.86983	1.95939	84.0029
1351	-0.0321233	1.86827	1.95515	84.025
1352	-0.032242	1.8667	1.95155	84.047
1353	-0.0325384	1.86513	1.95317	84.069
1354	-0.033608	1.86353	1.95557	84.0911
1355	-0.034986	1.86189	1.95765	84.1133
1356	-0.0349651	1.86026	1.95617	84.1354
1357	-0.0349334	1.85862	1.95475	84.1574
1358	-0.0350553	1.85699	1.95608	84.1795
1359	-0.0365778	1.85532	1.95773	84.2017
1360	-0.0370147	1.85363	1.9581	84.2238
1361	-0.0380411	1.85192	1.95967	84.246
1362	-0.0365944	1.85025	1.96476	84.2683
1363	-0.0366317	1.84858	1.96533	84.2906
1364	-0.0372093	1.8469	1.96221	84.3129
1365	-0.0377179	1.8452	1.96443	84.3351
1366	-0.0391777	1.84347	1.96851	84.3575
1367	-0.0392123	1.84174	1.97057	84.38
1368	-0.0399297	1.83998	1.97195	84.4025
1369	-0.0399692	1.83823	1.97403	84.425
1370	-0.0398908	1.83649	1.97194	84.4474
1371	-0.0401657	1.83473	1.9719	84.4699
1372	-0.0401502	1.83298	1.97338	84.4924
1373	-0.0406862	1.83122	1.97373	84.5149
1374	-0.0403763	1.82947	1.97543	84.5374
1375	-0.0405996	1.82771	1.97803	84.56
1376	-0.0391727	1.82599	1.97735	84.5826
1377	-0.0381649	1.8243	1.97765	84.6052
1378	-0.0367121	1.82265	1.97981	84.6278
1379	-0.0367526	1.821	1.97982	84.6505
1380	-0.0381863	1.81931	1.98493	84.6732
1381	-0.0388627	1.81761	1.9883	84.6961
1382	-0.0398173	1.81588	1.99185	84.719
1383	-0.0400362	1.81415	1.99295	84.742
1384	-0.0382364	1.81247	1.99641	84.765
1385	-0.0370031	1.81082	1.99474	84.788
1386	-0.0364221	1.80919	1.99213	84.8109
1387	-0.0369001	1.80755	1.98915	84.8338
1388	-0.0370305	1.80591	1.98874	84.8566
1389	-0.0370233	1.80427	1.98964	84.8794
1390	-0.0366029	1.80264	1.98795	84.9022
1391	-0.0365556	1.80101	1.9878	84.925
1392	-0.0363104	1.79939	1.98847	84.9478
1393	-0.0341742	1.79783	1.99058	84.9706
1394	-0.0317869	1.79634	1.99756	84.9937
1395	-0.0309049	1.79487	2.00097	85.0168
1396	-0.032413	1.79336	2.00452	85.04
1397	-0.0319152	1.79186	2.0068	85.0632
1398	-0.0301736	1.79042	2.00967	85.0866
1399	-0.0302861	1.78897	2.00425	85.1097
1400	-0.0295996	1.78754	1.99856	85.1327
1401	-0.0295889	1.78611	1.99114	85.1556
1402	-0.0296757	1.78469	1.99039	85.1783
1403	-0.0301492	1.78325	1.9882	85.2011
1404	-0.0312439	1.78178	1.98628	85.2237
1405	-0.0319129	1.78029	1.97836	85.2462
1406	-0.0312131	1.77883	1.97056	85.2684
1407	-0.0305595	1.77738	1.96309	85.2905
1408	-0.0300393	1.77595	1.96136	85.3124
1409	-0.0290765	1.77455	1.95706	85.3343
1410	-0.0287286	1.77316	1.955	85.3561
1411	-0.0285696	1.77177	1.9563	85.3779
1412	-0.0288198	1.77038	1.95451	85.3997
1413	-0.0297029	1.76896	1.95502	85.4215
1414	-0.0305133	1.76753	1.95344	85.4433
1415	-0.0306322	1.76609	1.95659	85.4651
1416	-0.0311778	1.76464	1.95285	85.4868
1417	-0.0306865	1.7632	1.95053	85.5085
1418	-0.0309192	1.76176	1.9504	85.5301
1419	-0.0311206	1.76031	1.9527	85.5518
1420	-0.0306474	1.75888	1.95191	85.5735
1421	-0.0306856	1.75745	1.94729	85.595
1422	-0.0297653	1.75604	1.943	85.6165
1423	-0.0306439	1.75462	1.9369	85.6377
1424	-0.0294479	1.75322	1.93443	85.6589
1425	-0.0295268	1.75183	1.93179	85.68
1426	-0.0293857	1.75043	1.93444	85.7012
1427	-0.0296086	1.74904	1.93412	85.7224
1428	-0.0301027	1.74763	1.93362	85.7435
1429	-0.0305036	1.74621	1.93142	85.7646
1430	-0.0313166	1.74478	1.93293	85.7858
1431	-0.0317447	1.74333	1.93066	85.8068
1432	-0.031165	1.7419	1.93187	85.8279
1433	-0.030302	1.74049	1.92956	85.8489
1434	-0.0307558	1.73907	1.93069	85.87
1435	-0.0319731	1.73762	1.9322	85.8911
1436	-0.0317347	1.73618	1.93577	85.9123
1437	-0.0306618	1.73477	1.93686	85.9335
1438	-0.0311191	1.73335	1.93579	85.9546
1439	-0.0331531	1.73187	1.9397	85.9759
1440	-0.0345068	1.73037	1.94333	85.9973
1441	-0.0339694	1.72887	1.94429	86.0186
1442	-0.0334896	1.72739	1.94442	86.04
1443	-0.0337662	1.72591	1.94504	86.0614
1444	-0.0345441	1.7244	1.94489	86.0828
1445	-0.035982	1.72286	1.94651	86.1042
1446	-0.0365866	1.7213	1.94931	86.1257
1447	-0.0377982	1.71971	1.95229	86.1473
1448	-0.0394528	1.71809	1.95421	86.1689
1449	-0.0415598	1.7164	1.95619	86.1905
1450	-0.042143	1.7147	1.95449	86.2121
1451	-0.0428361	1.71299	1.95291	86.2337
1452	-0.04324	1.71127	1.95178	86.2552
1453	-0.0434196	1.70954	1.95136	86.2767
1454	-0.0431724	1.70782	1.95089	86.2982
1455	-0.0423365	1.70613	1.95029	86.3197
1456	-0.0412657	1.70446	1.9515	86.3412
1457	-0.0396982	1.70284	1.95047	86.3627
1458	-0.0394678	1.70122	1.94896	86.3841
1459	-0.0388899	1.69962	1.94916	86.4055
1460	-0.03819	1.69804	1.94997	86.427
1461	-0.0367742	1.6965	1.95205	86.4485
1462	-0.0350732	1.695	1.95425	86.47
1463	-0.0338943	1.69354	1.95637	86.4916
1464	-0.0329857	1.6921	1.95317	86.5131
1465	-0.032881	1.69067	1.95563	86.5347
1466	-0.0342386	1.6892	1.95711	86.5563
1467	-0.0356548	1.68769	1.95903	86.5779
1468	-0.0360609	1.68618	1.95845	86.5996
1469	-0.0365668	1.68465	1.95843	86.6212
1470	-0.0366055	1.68312	1.95721	86.6428
1471	-0.0373678	1.68158	1.95814	86.6644
1472	-0.0367214	1.68005	1.95487	86.6859
1473	-0.0358278	1.67855	1.95698	86.7075
1474	-0.0349665	1.67707	1.95478	86.729
1475	-0.0355116	1.67558	1.95485	86.7505
1476	-0.0358977	1.67408	1.95462	86.7719
1477	-0.0361048	1.67257	1.95659	86.7935
1478	-0.0344401	1.67111	1.96006	86.8151
1479	-0.0348452	1.66964	1.96361	86.8368
1480	-0.0333143	1.66821	1.96883	86.8587
1481	-0.0311536	1.66684	1.97381	86.8806
1482	-0.0301542	1.6655	1.97427	86.9026
1483	-0.0284834	1.6642	1.97855	86.9247
1484	-0.0276641	1.66292	1.97969	86.9468
1485	-0.026493	1.66167	1.98284	86.969
1486	-0.0258741	1.66044	1.98064	86.9911
1487	-0.0255621	1.65922	1.97734	87.0131
1488	-0.0257672	1.658	1.97078	87.0349
1489	-0.0252942	1.65679	1.97072	87.0568
1490	-0.0255454	1.65557	1.96292	87.0784
1491	-0.0261379	1.65434	1.9597	87.1
1492	-0.0272412	1.65308	1.9579	87.1215
1493	-0.028579	1.65179	1.95593	87.1429
1494	-0.0291827	1.65048	1.95424	87.1643
1495	-0.028668	1.64919	1.95165	87.1856
1496	-0.0291711	1.64789	1.94599	87.2068
1497	-0.0300433	1.64656	1.93951	87.2278
1498	-0.0304211	1.64523	1.93821	87.2488
1499	-0.030802	1.64388	1.93574	87.2697
1500	-0.0292015	1.64258	1.94025	87.2907
1501	-0.0290426	1.64129	1.94156	87.3117
1502	-0.0286167	1.64	1.93634	87.3326
1503	-0.0289253	1.63871	1.93568	87.3535
1504	-0.0301446	1.63739	1.93526	87.3744
1505	-0.0308227	1.63605	1.93495	87.3952
1506	-0.0298487	1.63474	1.92731	87.4159
1507	-0.0303283	1.63342	1.92168	87.4364
1508	-0.0318921	1.63206	1.92273	87.4569
1509	-0.0330236	1.63067	1.92208	87.4774
1510	-0.0344577	1.62924	1.92114	87.4979
1511	-0.0352683	1.6278	1.91942	87.5183
1512	-0.035418	1.62635	1.91694	87.5386
1513	-0.0355081	1.6249	1.91135	87.5589
1514	-0.035998	1.62344	1.90933	87.579
1515	-0.0368467	1.62196	1.90923	87.5992
1516	-0.0373168	1.62047	1.90471	87.6192
1517	-0.0382303	1.61895	1.90158	87.6391
1518	-0.0372436	1.61747	1.90468	87.6592
1519	-0.0371166	1.61598	1.90764	87.6792
1520	-0.0375316	1.61449	1.90957	87.6994
1521	-0.0375994	1.613	1.90837	87.7195
1522	-0.0357642	1.61155	1.91013	87.7396
1523	-0.0360131	1.6101	1.90962	87.7598
1524	-0.0350161	1.60868	1.90858	87.7799
1525	-0.0344311	1.60727	1.90632	87.7999
1526	-0.0348475	1.60585	1.90227	87.8198
1527	-0.0347291	1.60444	1.9021	87.8397
1528	-0.0350453	1.60302	1.90126	87.8596
1529	-0.0368988	1.60155	1.89597	87.8794
1530	-0.0389108	1.60003	1.89922	87.8992
1531	-0.0394785	1.5985	1.90218	87.9191
1532	-0.039762	1.59697	1.90484	87.9391
1533	-0.0405018	1.59541	1.90791	87.9592
1534	-0.0401868	1.59387	1.9082	87.9792
1535	-0.0402526	1.59232	1.90724	87.9992
1536	-0.041487	1.59075	1.90844	88.0193
1537	-0.0397822	1.58922	1.91104	88.0394
1538	-0.0387546	1.58771	1.91176	88.0595
1539	-0.0387635	1.58621	1.90899	88.0796
1540	-0.0404152	1.58467	1.90552	88.0995
1541	-0.0409304	1.58311	1.9026	88.1194
1542	-0.0408038	1.58156	1.90593	88.1394
1543	-0.0397985	1.58003	1.90882	88.1594
1544	-0.0401133	1.5785	1.91036	88.1795
1545	-0.0397505	1.57698	1.91124	88.1996
1546	-0.0399751	1.57546	1.91089	88.2197
1547	-0.0408257	1.57391	1.90479	88.2396
1548	-0.0427731	1.57232	1.90672	88.2595
1549	-0.0430647	1.57072	1.90512	88.2795
1550	-0.0427806	1.56912	1.90742	88.2994
1551	-0.0420829	1.56755	1.90716	88.3194
1552	-0.043301	1.56595	1.90728	88.3393
1553	-0.0443771	1.56432	1.90565	88.3593
1554	-0.0447939	1.56268	1.90226	88.3791
1555	-0.0454339	1.56103	1.90334	88.3989
1556	-0.0457902	1.55937	1.90231	88.4188
1557	-0.0441522	1.55775	1.90397	88.4386
1558	-0.0437917	1.55614	1.90307	88.4585
1559	-0.0435262	1.55454	1.89904	88.4782
1560	-0.0442734	1.55292	1.90057	88.4979
1561	-0.0442016	1.55131	1.90356	88.5178
1562	-0.0430791	1.54972	1.90694	88.5377
1563	-0.0432327	1.54813	1.91033	88.5577
1564	-0.0444574	1.54652	1.90966	88.5777
1565	-0.0437875	1.54492	1.91138	88.5977
1566	-0.0444068	1.5433	1.91349	88.6178
1567	-0.0451078	1.54167	1.91693	88.6379
1568	-0.0448719	1.54005	1.91826	88.6581
1569	-0.0430127	1.53847	1.91697	88.6782
1570	-0.0412266	1.53694	1.91973	88.6984
1571	-0.0402588	1.53544	1.91914	88.7186
1572	-0.0410353	1.53392	1.91691	88.7388
1573	-0.0410674	1.5324	1.91546	88.7588
1574	-0.0413044	1.53087	1.9158	88.7789
1575	-0.0404202	1.52937	1.9146	88.799
1576	-0.0401055	1.52787	1.9148	88.8191
1577	-0.039217	1.5264	1.91079	88.839
1578	-0.0388871	1.52494	1.91277	88.859
1579	-0.0395202	1.52346	1.91191	88.879
1580	-0.0392159	1.52199	1.913	88.899
1581	-0.0394878	1.52052	1.91407	88.919
1582	-0.0391108	1.51906	1.91044	88.939
1583	-0.0384384	1.51761	1.90835	88.9588
1584	-0.0381967	1.51618	1.90902	88.9787
1585	-0.0389118	1.51472	1.9108	88.9986
1586	-0.040213	1.51324	1.91139	89.0186
1587	-0.0398562	1.51176	1.91277	89.0385
1588	-0.0389831	1.51031	1.91509	89.0586
1589	-0.0390206	1.50885	1.91746	89.0786
1590	-0.0393545	1.50739	1.91782	89.0987
1591	-0.0391166	1.50594	1.91809	89.1188
1592	-0.0402595	1.50446	1.91864	89.1389
1593	-0.0410823	1.50296	1.92109	89.1591
1594	-0.0420625	1.50144	1.92059	89.1792
1595	-0.0427276	1.4999	1.92189	89.1994
1596	-0.0424392	1.49836	1.91938	89.2195
1597	-0.0432573	1.49681	1.91856	89.2396
1598	-0.0434788	1.49526	1.91762	89.2596
1599	-0.0444719	1.49368	1.9194	89.2797
1600	-0.0454693	1.49208	1.92054	89.2998
1601	-0.0457988	1.49047	1.92233	89.32
1602	-0.0454598	1.48887	1.92301	89.3401
1603	-0.0453358	1.48727	1.92248	89.3603
1604	-0.0455894	1.48567	1.91933	89.3803
1605	-0.0452651	1.48408	1.92199	89.4005
1606	-0.0455952	1.48248	1.9235	89.4206
1607	-0.0466771	1.48086	1.9268	89.4409
1608	-0.0480179	1.4792	1.9309	89.4612
1609	-0.0474969	1.47756	1.93104	89.4816
1610	-0.0457478	1.47596	1.93151	89.5019
1611	-0.0453893	1.47437	1.93075	89.5222
1612	-0.0469264	1.47275	1.93323	89.5426
1613	-0.0473793	1.47111	1.93162	89.563
1614	-0.0469552	1.46949	1.93269	89.5833
1615	-0.0466313	1.46788	1.92508	89.6035
1616	-0.0470198	1.46625	1.92739	89.6237
1617	-0.0469808	1.46463	1.92785	89.6439
1618	-0.048313	1.46298	1.92855	89.6642
1619	-0.0488711	1.46132	1.92816	89.6844
1620	-0.0494598	1.45964	1.92395	89.7045
1621	-0.0503215	1.45794	1.92217	89.7246
1622	-0.0491526	1.45627	1.9236	89.7447
1623	-0.0482859	1.45462	1.92362	89.7648
1624	-0.0493143	1.45295	1.9244	89.7849
1625	-0.049754	1.45127	1.92633	89.8051
1626	-0.0510479	1.44956	1.92863	89.8253
1627	-0.0523049	1.44782	1.92433	89.8454
1628	-0.0532325	1.44606	1.92584	89.8656
1629	-0.0529604	1.4443	1.92548	89.8857
1630	-0.0553505	1.44249	1.92829	89.9059
1631	-0.0564198	1.44065	1.92764	89.926
1632	-0.0569379	1.4388	1.9264	89.9462
1633	-0.056669	1.43696	1.92614	89.9663
1634	-0.0562244	1.43513	1.92556	89.9864
1635	-0.0559649	1.43331	1.92596	90.0065
1636	-0.0560188	1.43149	1.92716	90.0267
1637	-0.0561442	1.42967	1.92874	90.0468
1638	-0.0574565	1.42781	1.93161	90.0671
1639	-0.0583685	1.42594	1.93399	90.0874
1640	-0.0583718	1.42406	1.9301	90.1076
1641	-0.0588269	1.42218	1.92857	90.1277
1642	-0.0581411	1.42031	1.92701	90.1478
1643	-0.0577145	1.41845	1.92683	90.1679
1644	-0.0579313	1.4166	1.92324	90.1879
1645	-0.0570629	1.41476	1.9236	90.2079
1646	-0.057292	1.41292	1.92548	90.228
1647	-0.0560572	1.41111	1.92662	90.2481
1648	-0.0555005	1.40932	1.92813	90.2682
1649	-0.0556175	1.40752	1.92512	90.2882
1650	-0.0566908	1.4057	1.92457	90.3083
1651	-0.0569667	1.40387	1.92212	90.3282
1652	-0.0570158	1.40205	1.91829	90.3481
1653	-0.0575555	1.40021	1.91644	90.3679
1654	-0.0555636	1.39842	1.91645	90.3877
1655	-0.0534853	1.39668	1.91325	90.4074
1656	-0.052499	1.39497	1.90867	90.427
1657	-0.0523805	1.39327	1.9012	90.4464
1658	-0.051144	1.39159	1.9006	90.4658
1659	-0.0518226	1.3899	1.90034	90.4852
1660	-0.0516411	1.38822	1.90014	90.5046
1661	-0.0516692	1.38653	1.89844	90.5239
1662	-0.0512258	1.38486	1.8921	90.5431
1663	-0.0523208	1.38316	1.88792	90.5622
1664	-0.0526798	1.38146	1.88706	90.5813
1665	-0.0522269	1.37976	1.88451	90.6002
1666	-0.0525459	1.37806	1.87558	90.619
1667	-0.0530963	1.37635	1.87672	90.6378
1668	-0.0536598	1.37462	1.87559	90.6565
1669	-0.0548954	1.37287	1.87514	90.6753
1670	-0.0548276	1.37112	1.87697	90.6941
1671	-0.0538762	1.36939	1.87992	90.7129
1672	-0.0529109	1.36769	1.88271	90.7318
1673	-0.0515032	1.36602	1.88237	90.7507
1674	-0.0515234	1.36436	1.87886	90.7696
1675	-0.0530018	1.36266	1.88073	90.7884
1676	-0.0524994	1.36097	1.8788	90.8072
1677	-0.0532672	1.35926	1.88016	90.8261
1678	-0.0536003	1.35755	1.88236	90.8449
1679	-0.0534189	1.35584	1.88276	90.8638
1680	-0.0534363	1.35414	1.88281	90.8827
1681	-0.0534448	1.35243	1.88447	90.9017
1682	-0.0536809	1.35072	1.88182	90.9205
1683	-0.0547217	1.34899	1.87595	90.9392
1684	-0.0557642	1.34723	1.87601	90.958
1685	-0.0549032	1.34549	1.87542	90.9767
1686	-0.0546722	1.34376	1.87616	90.9954
1687	-0.0544932	1.34204	1.87502	91.0141
1688	-0.0552012	1.3403	1.8748	91.0327
1689	-0.055545	1.33855	1.87421	91.0514
1690	-0.0555114	1.33681	1.86952	91.0699
1691	-0.054705	1.33508	1.86429	91.0883
1692	-0.053426	1.33339	1.86411	91.1067
1693	-0.0542064	1.33168	1.86043	91.125
1694	-0.0542027	1.32997	1.8596	91.1433
1695	-0.0546653	1.32825	1.85709	91.1616
1696	-0.0553146	1.32652	1.85189	91.1797
1697	-0.0559607	1.32477	1.8479	91.1976
1698	-0.0568778	1.323	1.84913	91.2157
1699	-0.0574357	1.32122	1.84909	91.2337
1700	-0.0576971	1.31944	1.84588	91.2516
1701	-0.05699	1.31767	1.84117	91.2694
1702	-0.0569349	1.3159	1.83778	91.2872
1703	-0.0571377	1.31413	1.83366	91.3048
1704	-0.0568791	1.31237	1.83274	91.3224
1705	-0.0572538	1.3106	1.8326	91.34
1706	-0.0570051	1.30884	1.83209	91.3576
1707	-0.0564384	1.30709	1.83517	91.3753
1708	-0.0556941	1.30536	1.83665	91.393
1709	-0.0552145	1.30364	1.83828	91.4107
1710	-0.0535619	1.30197	1.84175	91.4285
1711	-0.0535558	1.30029	1.83723	91.4462
1712	-0.0543011	1.2986	1.83115	91.4638
1713	-0.0534711	1.29693	1.83262	91.4813
1714	-0.0545344	1.29524	1.83329	91.4989
1715	-0.0545833	1.29354	1.83532	91.5166
1716	-0.0540769	1.29186	1.83623	91.5342
1717	-0.0539197	1.29019	1.83815	91.5519
1718	-0.0541395	1.28851	1.84015	91.5697
1719	-0.0553766	1.2868	1.84332	91.5875
1720	-0.0552738	1.28509	1.84454	91.6054
1721	-0.0555067	1.28338	1.84505	91.6232
1722	-0.0552333	1.28168	1.84424	91.6411
1723	-0.0550355	1.27998	1.84519	91.6589
1724	-0.0553131	1.27828	1.84546	91.6768
1725	-0.0556714	1.27657	1.84474	91.6946
1726	-0.055976	1.27485	1.84322	91.7125
1727	-0.0553974	1.27315	1.84546	91.7303
1728	-0.0558412	1.27144	1.84923	91.7483
1729	-0.056179	1.26972	1.85127	91.7662
1730	-0.0555552	1.26802	1.84881	91.7842
1731	-0.0554239	1.26632	1.84933	91.8021
1732	-0.0544531	1.26465	1.84949	91.8201
1733	-0.052451	1.26303	1.85419	91.8381
1734	-0.0524597	1.26141	1.85581	91.8562
1735	-0.0518734	1.2598	1.85856	91.8743
1736	-0.0510302	1.25821	1.8606	91.8925
1737	-0.0512481	1.25662	1.86087	91.9107
1738	-0.0505704	1.25505	1.86011	91.9289
1739	-0.0491698	1.25351	1.86135	91.9471
1740	-0.0483658	1.25199	1.85722	91.9652
1741	-0.0487635	1.25046	1.85781	91.9833
1742	-0.0484404	1.24894	1.85609	92.0014
1743	-0.0480834	1.24743	1.85348	92.0194
1744	-0.0485726	1.24591	1.85534	92.0375
1745	-0.0486906	1.24439	1.85343	92.0554
1746	-0.0489949	1.24287	1.85104	92.0734
1747	-0.049681	1.24132	1.85294	92.0914
1748	-0.0489459	1.2398	1.85361	92.1094
1749	-0.0470656	1.23832	1.85729	92.1274
1750	-0.044985	1.23689	1.86255	92.1456
1751	-0.0443647	1.23548	1.86401	92.1639
1752	-0.0433669	1.23409	1.86453	92.1821
1753	-0.0437893	1.23269	1.86471	92.2004
1754	-0.0431538	1.23131	1.86437	92.2186
1755	-0.0429358	1.22994	1.86563	92.2369
1756	-0.0435889	1.22855	1.86745	92.2552
1757	-0.0448511	1.22713	1.86831	92.2735
1758	-0.0460425	1.22568	1.86998	92.2918
1759	-0.0465928	1.22422	1.86939	92.3102
1760	-0.0461811	1.22278	1.87168	92.3286
1761	-0.0467371	1.22132	1.86697	92.3468
1762	-0.0472682	1.21985	1.86607	92.3651
1763	-0.04838	1.21835	1.86377	92.3833
1764	-0.0490053	1.21684	1.8625	92.4014
1765	-0.0489657	1.21533	1.86334	92.4196
1766	-0.0491562	1.21382	1.86176	92.4378
1767	-0.049782	1.21229	1.86346	92.4559
1768	-0.0502582	1.21075	1.86305	92.4741
1769	-0.0504717	1.20921	1.86137	92.4922
1770	-0.0502469	1.20768	1.86398	92.5104
1771	-0.0496667	1.20616	1.86523	92.5286
1772	-0.0496095	1.20464	1.86672	92.5468
1773	-0.049444	1.20312	1.86407	92.565
1774	-0.0485041	1.20163	1.86434	92.5832
1775	-0.0483865	1.20015	1.85877	92.6012
1776	-0.0481372	1.19867	1.8548	92.6192
1777	-0.0483646	1.19719	1.85442	92.6371
1778	-0.0490995	1.19569	1.85511	92.655
1779	-0.0479039	1.19421	1.85765	92.673
1780	-0.0466396	1.19278	1.8602	92.6911
1781	-0.0465259	1.19134	1.86101	92.7092
1782	-0.0463852	1.18991	1.86443	92.7273
1783	-0.0463431	1.18848	1.86188	92.7454
1784	-0.04613	1.18705	1.86113	92.7635
1785	-0.0455272	1.18564	1.86087	92.7816
1786	-0.0465723	1.18421	1.85898	92.7996
1787	-0.0480196	1.18274	1.86041	92.8176
1788	-0.0491636	1.18125	1.86024	92.8357
1789	-0.0500901	1.17974	1.8592	92.8537
1790	-0.05003	1.17823	1.85503	92.8716
1791	-0.049774	1.17672	1.84976	92.8894
1792	-0.0491422	1.17523	1.84671	92.9071
1793	-0.04783	1.17378	1.84794	92.9248
1794	-0.0462452	1.17236	1.85028	92.9426
1795	-0.047556	1.17091	1.85032	92.9604
1796	-0.0486459	1.16944	1.84978	92.9781
1797	-0.0487675	1.16796	1.84829	92.9959
1798	-0.0491945	1.16648	1.84883	93.0136
1799	-0.049641	1.16499	1.84733	93.0313
1800	-0.0501161	1.16348	1.84636	93.049
1801	-0.0505102	1.16197	1.84784	93.0667
1802	-0.0507734	1.16045	1.8495	93.0845
1803	-0.0507667	1.15894	1.85147	93.1022
1804	-0.0498433	1.15744	1.84955	93.12
1805	-0.0502328	1.15594	1.84818	93.1377
1806	-0.0501017	1.15444	1.84708	93.1554
1807	-0.0496178	1.15296	1.84245	93.1729
1808	-0.0498979	1.15147	1.84313	93.1905
1809	-0.0504651	1.14996	1.83717	93.208
1810	-0.0508321	1.14845	1.83608	93.2254
1811	-0.0510637	1.14693	1.83424	93.2427
1812	-0.0501676	1.14544	1.8353	93.2601
1813	-0.0497195	1.14396	1.83637	93.2775
1814	-0.0483749	1.14251	1.83891	93.295
1815	-0.0471825	1.14109	1.84093	93.3125
1816	-0.0459266	1.13969	1.8413	93.33
1817	-0.0450826	1.13832	1.84429	93.3476
1818	-0.0453235	1.13695	1.84634	93.3652
1819	-0.0452788	1.13558	1.84631	93.3829
1820	-0.0441644	1.13423	1.84529	93.4005
1821	-0.0446504	1.13287	1.84396	93.418
1822	-0.0448706	1.13151	1.83863	93.4355
1823	-0.0454518	1.13014	1.83786	93.4529
1824	-0.0466723	1.12874	1.83401	93.4702
1825	-0.047445	1.12732	1.83222	93.4875
1826	-0.0469825	1.12591	1.83422	93.5048
1827	-0.0465793	1.12451	1.8367	93.5222
1828	-0.0456587	1.12314	1.83721	93.5396
1829	-0.0459802	1.12176	1.83647	93.557
1830	-0.045355	1.12039	1.83762	93.5744
1831	-0.0449465	1.11904	1.83949	93.5918
1832	-0.0427833	1.11773	1.84569	93.6094
1833	-0.041051	1.11647	1.85027	93.6271
1834	-0.0389475	1.11526	1.85459	93.6449
1835	-0.0392245	1.11404	1.85443	93.6626
1836	-0.0397622	1.11281	1.85459	93.6804
1837	-0.0404613	1.11156	1.85521	93.6982
1838	-0.0401623	1.11032	1.85389	93.7159
1839	-0.04138	1.10906	1.85676	93.7338
1840	-0.042415	1.10777	1.85915	93.7516
1841	-0.044018	1.10644	1.86269	93.7696
1842	-0.0451398	1.10509	1.86667	93.7876
1843	-0.0467583	1.1037	1.87021	93.8057
1844	-0.0475227	1.1023	1.87197	93.8239
1845	-0.0483996	1.10087	1.8695	93.842
1846	-0.0488406	1.09944	1.86486	93.86
1847	-0.0490725	1.098	1.86413	93.878
1848	-0.0495769	1.09655	1.86332	93.8959
1849	-0.050753	1.09507	1.86423	93.9139
1850	-0.0508079	1.0936	1.86468	93.9318
1851	-0.0512464	1.09211	1.86617	93.9498
1852	-0.0524643	1.0906	1.86654	93.9678
1853	-0.052877	1.08908	1.86755	93.9859
1854	-0.0530704	1.08755	1.86767	94.0039
1855	-0.0522772	1.08605	1.86775	94.0219
1856	-0.051784	1.08455	1.86621	94.0399
1857	-0.052386	1.08304	1.86435	94.0579
1858	-0.0527161	1.08153	1.86664	94.0759
1859	-0.0533255	1.08	1.86904	94.0939
1860	-0.0531326	1.07848	1.87076	94.112
1861	-0.0529418	1.07697	1.87256	94.1301
1862	-0.0522907	1.07547	1.87129	94.1482
1863	-0.0520076	1.07397	1.87108	94.1663
1864	-0.051379	1.0725	1.8702	94.1843
1865	-0.0505146	1.07104	1.87264	94.2025
1866	-0.0503922	1.06959	1.87405	94.2206
1867	-0.0516351	1.06811	1.87718	94.2388
1868	-0.0515184	1.06663	1.88038	94.2571
1869	-0.0507558	1.06517	1.88136	94.2754
1870	-0.0497587	1.06374	1.88352	94.2937
1871	-0.0485358	1.06233	1.88658	94.3122
1872	-0.0474589	1.06095	1.88623	94.3306
1873	-0.0465695	1.05959	1.88462	94.3489
1874	-0.0464985	1.05824	1.88105	94.3672
1875	-0.0468464	1.05687	1.87666	94.3854
1876	-0.0472131	1.0555	1.87641	94.4036
1877	-0.0470264	1.05414	1.87672	94.4217
1878	-0.0464732	1.05279	1.87491	94.4399
1879	-0.0464002	1.05144	1.87231	94.4579
1880	-0.0469372	1.05007	1.87167	94.476
1881	-0.0483126	1.04868	1.87175	94.494
1882	-0.0488092	1.04728	1.87009	94.512
1883	-0.0482466	1.04589	1.87062	94.53
1884	-0.0487365	1.04449	1.86873	94.548
1885	-0.0492365	1.04308	1.86906	94.566
1886	-0.0487562	1.04168	1.86677	94.5839
1887	-0.0476384	1.04031	1.86717	94.6018
1888	-0.0473385	1.03895	1.8652	94.6197
1889	-0.0469304	1.03759	1.86356	94.6375
1890	-0.0486574	1.0362	1.86058	94.6553
1891	-0.0494451	1.03479	1.86055	94.673
1892	-0.0501878	1.03336	1.85921	94.6907
1893	-0.0521004	1.03189	1.86229	94.7085
1894	-0.0535783	1.03039	1.86291	94.7263
1895	-0.0547307	1.02886	1.86247	94.7441
1896	-0.0542773	1.02735	1.86268	94.7619
1897	-0.0540835	1.02583	1.86104	94.7797
1898	-0.0535545	1.02434	1.86038	94.7974
1899	-0.0528775	1.02285	1.85918	94.8151
1900	-0.0532125	1.02136	1.85451	94.8327
1901	-0.0530838	1.01988	1.85679	94.8504
1902	-0.05307	1.01839	1.85839	94.868
1903	-0.053971	1.01689	1.8568	94.8857
1904	-0.0555551	1.01535	1.86174	94.9034
1905	-0.0571045	1.01378	1.86692	94.9213
1906	-0.0580567	1.01218	1.86687	94.9391
1907	-0.0574671	1.0106	1.86799	94.957
1908	-0.056497	1.00905	1.86946	94.9749
1909	-0.055065	1.00752	1.87194	94.9929
1910	-0.0548195	1.006	1.87499	95.011
1911	-0.0544827	1.0045	1.8769	95.029
1912	-0.0539538	1.003	1.88012	95.0472
1913	-0.0538825	1.00151	1.88284	95.0654
1914	-0.0532837	1.00003	1.88522	95.0836
1915	-0.0539177	0.998536	1.88817	95.102
1916	-0.0540891	0.99704	1.88779	95.1203
1917	-0.0536014	0.995557	1.88796	95.1386
1918	-0.0526144	0.994097	1.88661	95.1569
1919	-0.0505712	0.992684	1.8872	95.1751
1920	-0.0495544	0.991296	1.88585	95.1934
1921	-0.0495497	0.989908	1.88617	95.2117
1922	-0.0498919	0.988513	1.8847	95.2299
1923	-0.0505948	0.987103	1.8824	95.248
1924	-0.0511589	0.985681	1.88205	95.2662
1925	-0.0515317	0.984252	1.88263	95.2844
1926	-0.0512939	0.982828	1.88106	95.3025
1927	-0.0505742	0.981422	1.88323	95.3207
1928	-0.0505526	0.980017	1.88527	95.3389
1929	-0.0510099	0.978602	1.8836	95.3571
1930	-0.0501716	0.977208	1.88301	95.3752
1931	-0.0487376	0.975846	1.88344	95.3934
1932	-0.0477568	0.974508	1.87914	95.4114
1933	-0.0465154	0.973199	1.87962	95.4295
1934	-0.0454641	0.971914	1.88057	95.4476
1935	-0.0464266	0.970608	1.87943	95.4657
1936	-0.0461011	0.969311	1.87836	95.4837
1937	-0.0455213	0.968027	1.87746	95.5017
1938	-0.045115	0.966753	1.87525	95.5197
1939	-0.0455365	0.96547	1.87411	95.5376
1940	-0.046218	0.964173	1.87369	95.5555
1941	-0.0461859	0.962877	1.8727	95.5734
1942	-0.046701	0.96157	1.86282	95.5911
1943	-0.0458084	0.960284	1.85694	95.6086
1944	-0.0466554	0.95898	1.85353	95.6261
1945	-0.0465598	0.957678	1.85318	95.6435
1946	-0.0477914	0.95635	1.85273	95.6609
1947	-0.0477794	0.955022	1.85337	95.6784
1948	-0.0463613	0.953727	1.85554	95.6958
1949	-0.0458534	0.952445	1.85561	95.7133
1950	-0.0455827	0.951169	1.85539	95.7308
1951	-0.0467751	0.949867	1.85798	95.7483
1952	-0.0471795	0.948557	1.85441	95.7658
1953	-0.0465277	0.947262	1.84963	95.7831
1954	-0.0466734	0.945964	1.8499	95.8004
1955	-0.0476941	0.944644	1.84966	95.8178
1956	-0.0478929	0.943321	1.84744	95.8351
1957	-0.0477699	0.942001	1.84545	95.8523
1958	-0.0482413	0.940671	1.84743	95.8696
1959	-0.0476867	0.939354	1.84516	95.8868
1960	-0.048397	0.938022	1.84543	95.904
1961	-0.0476732	0.936707	1.84614	95.9212
1962	-0.0468752	0.935411	1.84608	95.9385
1963	-0.0476722	0.934097	1.84415	95.9557
1964	-0.0487088	0.932761	1.84572	95.9729
1965	-0.0485907	0.931428	1.8373	95.9899
1966	-0.0480894	0.930108	1.83376	96.0069
1967	-0.0477028	0.928797	1.82968	96.0237
1968	-0.0478783	0.927482	1.82817	96.0405
1969	-0.0475293	0.926176	1.82763	96.0573
1970	-0.0471349	0.92488	1.82589	96.0741
1971	-0.0466625	0.923595	1.82058	96.0907
1972	-0.046737	0.922309	1.8202	96.1073
1973	-0.0465355	0.921028	1.82083	96.124
1974	-0.0462053	0.919756	1.82142	96.1406
1975	-0.0460185	0.918488	1.82193	96.1573
1976	-0.0468422	0.917203	1.82342	96.174
1977	-0.0468	0.915919	1.82526	96.1907
1978	-0.0468757	0.914634	1.82506	96.2074
