#	<x>	stDevX	<E>	stDevE
0	2.09535	0	1.75101	0
1	2.05846	2.0769	4.02056	2.88578
2	2.3746	3.07752	5.20389	5.17388
3	2.54189	3.92755	5.75599	7.24493
4	2.3234	4.55748	6.25152	9.19318
5	2.05215	5.01097	6.37093	10.9396
6	1.80068	5.33517	5.66813	12.2552
7	1.39027	5.5021	4.75	13.1534
8	1.08787	5.57032	4.76884	13.9978
9	0.605004	5.4989	5.69481	15.0707
10	0.314339	5.35977	6.06993	16.1867
11	0.583953	5.31432	6.42921	17.339
12	0.800283	5.33691	6.48063	18.4438
13	0.883888	5.38569	6.00123	19.3713
14	0.902693	5.44157	5.92992	20.2415
15	0.838306	5.48345	5.89965	21.0705
16	0.725016	5.50074	5.80229	21.8467
17	0.743347	5.5253	5.27672	22.4767
18	0.707767	5.54429	4.70408	22.9615
19	0.732342	5.57102	4.62404	23.4189
20	0.728128	5.59863	4.7983	23.905
21	0.662798	5.61418	4.89632	24.4018
22	0.561418	5.61095	4.78625	24.8662
23	0.525789	5.60307	4.74412	25.3137
24	0.616033	5.61536	4.66455	25.7378
25	0.744184	5.65383	4.79204	26.1798
26	0.767723	5.69724	4.71556	26.6
27	0.790816	5.74518	4.67576	27.0063
28	0.726034	5.78133	4.60752	27.3943
29	0.636964	5.80188	4.50606	27.7587
30	0.603055	5.81726	4.34501	28.0902
31	0.597221	5.83254	4.17755	28.3891
32	0.625767	5.85356	3.86811	28.6323
33	0.564233	5.86482	3.60017	28.8294
34	0.514384	5.86863	3.40855	28.9947
35	0.549192	5.87916	3.34479	29.1505
36	0.551936	5.89091	3.26628	29.2946
37	0.530551	5.89993	3.31006	29.447
38	0.486615	5.90273	3.20009	29.5829
39	0.51482	5.91077	3.13145	29.7093
40	0.493583	5.91621	3.02619	29.8208
41	0.512021	5.92515	2.96216	29.924
42	0.539794	5.93887	2.92421	30.0231
43	0.572956	5.95797	2.87486	30.1164
44	0.621094	5.98447	2.88734	30.2132
45	0.621525	6.01117	2.81697	30.3012
46	0.555507	6.02844	2.75092	30.3812
47	0.505042	6.0388	2.88186	30.4814
48	0.483411	6.04651	2.87767	30.5822
49	0.505329	6.05773	2.72046	30.662
50	0.539881	6.0741	2.69452	30.7396
51	0.560218	6.09351	2.6913	30.8181
52	0.542025	6.11061	2.68889	30.8974
53	0.52485	6.1256	2.7365	30.9844
54	0.495402	6.13689	2.682	31.065
55	0.492279	6.14805	2.68536	31.1471
56	0.497693	6.16019	2.7089	31.2333
57	0.44041	6.16513	2.79653	31.3316
58	0.420725	6.16787	2.75347	31.425
59	0.409313	6.16954	2.71587	31.5142
60	0.412577	6.172	2.77273	31.6112
61	0.420692	6.17584	2.74164	31.7049
62	0.409776	6.17864	2.70284	31.7941
63	0.42296	6.18341	2.73187	31.8875
64	0.416104	6.18762	2.7203	31.98
65	0.416578	6.19218	2.64494	32.0636
66	0.423329	6.19783	2.46876	32.1264
67	0.395181	6.20034	2.39494	32.1812
68	0.384562	6.20188	2.36938	32.2338
69	0.410081	6.20673	2.37729	32.2882
70	0.380756	6.20836	2.37938	32.3436
71	0.386862	6.21098	2.19595	32.3784
72	0.380137	6.21307	2.16901	32.4111
73	0.388739	6.21641	2.12778	32.44
74	0.39907	6.22117	2.15095	32.4727
75	0.378515	6.22379	2.20968	32.513
76	0.39445	6.22843	2.22226	32.5556
77	0.405367	6.2345	2.20568	32.5971
78	0.405457	6.24076	2.16298	32.6346
79	0.373166	6.24359	2.15405	32.6719
80	0.382563	6.24765	2.09593	32.7036
81	0.390705	6.2528	2.08576	32.735
82	0.424271	6.26177	2.1399	32.7731
83	0.44604	6.27321	2.08252	32.8056
84	0.444611	6.28458	2.01388	32.8315
85	0.465473	6.29827	2.01855	32.8588
86	0.476899	6.31323	1.91368	32.8756
87	0.47955	6.3285	1.81768	32.8831
88	0.489159	6.34481	1.68325	32.8773
89	0.498576	6.36212	1.5193	32.8555
90	0.51074	6.3807	1.478	32.8306
91	0.520072	6.40024	1.4733	32.8064
92	0.487589	6.4164	1.51324	32.7875
93	0.459063	6.42965	1.47598	32.766
94	0.455227	6.44254	1.37917	32.7357
95	0.441209	6.45404	1.33828	32.7024
96	0.434447	6.46492	1.32683	32.6692
97	0.435291	6.47594	1.27797	32.6322
98	0.43513	6.487	1.24165	32.5929
99	0.428203	6.49742	1.26422	32.5569
100	0.42672	6.50774	1.28873	32.5246
101	0.388871	6.5144	1.29741	32.4942
102	0.333717	6.51573	1.47498	32.4822
103	0.302531	6.51416	1.50023	32.4736
104	0.299469	6.51245	1.42577	32.4586
105	0.283793	6.50938	1.40566	32.4424
106	0.269118	6.50508	1.4274	32.4293
107	0.227618	6.49698	1.50076	32.4239
108	0.196806	6.48615	1.55169	32.4242
109	0.196475	6.47551	1.5433	32.4243
110	0.206463	6.46605	1.57351	32.4279
111	0.20969	6.45711	1.57065	32.4319
112	0.20022	6.44748	1.53576	32.4332
113	0.208537	6.43884	1.4997	32.4317
114	0.23903	6.43322	1.5445	32.4351
115	0.251452	6.42892	1.46149	32.4313
116	0.265285	6.42605	1.52203	32.4337
117	0.258058	6.42265	1.54606	32.4389
118	0.241717	6.4179	1.56377	32.4462
119	0.237283	6.4129	1.53488	32.4514
120	0.241719	6.40845	1.58767	32.4619
121	0.251939	6.40507	1.61637	32.4754
122	0.259507	6.40249	1.60307	32.4882
123	0.264119	6.40046	1.5695	32.4983
124	0.280531	6.4	1.52053	32.5046
125	0.278428	6.39946	1.49715	32.5092
126	0.268336	6.39814	1.48298	32.5131
127	0.25257	6.39553	1.51873	32.5205
128	0.253051	6.39308	1.53365	32.5297
129	0.256792	6.39107	1.54803	32.5406
130	0.259853	6.38944	1.55764	32.5527
131	0.265283	6.38838	1.5802	32.5671
132	0.274381	6.3882	1.62907	32.5861
133	0.285175	6.38904	1.62282	32.6049
134	0.302721	6.39147	1.67512	32.6284
135	0.3253	6.39589	1.7326	32.6572
136	0.349383	6.40242	1.79095	32.6911
137	0.353226	6.40931	1.74368	32.7212
138	0.369418	6.4176	1.7898	32.7554
139	0.364485	6.4255	1.75824	32.7871
140	0.358997	6.43296	1.77632	32.8205
141	0.351184	6.4398	1.75345	32.8522
142	0.343251	6.44601	1.68874	32.8787
143	0.338886	6.45189	1.6808	32.9047
144	0.334774	6.45746	1.66348	32.9295
145	0.341232	6.4636	1.68787	32.9565
146	0.333605	6.46915	1.64493	32.9802
147	0.33891	6.47518	1.64955	33.0045
148	0.331108	6.48059	1.66109	33.0299
149	0.327436	6.48574	1.67764	33.0569
150	0.317698	6.49015	1.6993	33.0858
151	0.315002	6.49437	1.63819	33.11
152	0.307011	6.49799	1.61423	33.1324
153	0.311061	6.50198	1.57605	33.1519
154	0.315903	6.5064	1.59376	33.1731
155	0.322687	6.5114	1.62236	33.1968
156	0.32984	6.517	1.65521	33.2233
157	0.312675	6.52128	1.70013	33.2535
158	0.308349	6.52524	1.73658	33.2867
159	0.326346	6.53067	1.80905	33.3257
160	0.33167	6.53654	1.83439	33.3668
161	0.337723	6.54291	1.83377	33.408
162	0.350262	6.55029	1.84161	33.4498
163	0.356923	6.55819	1.78133	33.4869
164	0.366197	6.56683	1.75584	33.5222
165	0.364927	6.57538	1.72233	33.555
166	0.366069	6.58403	1.71002	33.5869
167	0.365942	6.59267	1.67747	33.6164
168	0.364758	6.60123	1.60783	33.6407
169	0.355457	6.60908	1.64074	33.6677
170	0.348627	6.61642	1.6667	33.6967
171	0.34177	6.62326	1.69573	33.7281
172	0.35667	6.63124	1.6964	33.7597
173	0.357494	6.63929	1.71443	33.7927
174	0.34639	6.64651	1.74859	33.8284
175	0.323728	6.65204	1.79652	33.8677
176	0.316584	6.65706	1.79764	33.9072
177	0.32131	6.66246	1.76493	33.9443
178	0.338075	6.66912	1.78121	33.9826
179	0.347583	6.67651	1.79912	34.0223
180	0.339534	6.68331	1.80743	34.0627
181	0.329868	6.68941	1.81022	34.1033
182	0.324253	6.69512	1.80411	34.1435
183	0.325729	6.70095	1.82506	34.1853
184	0.335026	6.70747	1.84073	34.2283
185	0.329255	6.71359	1.8262	34.2702
186	0.333076	6.72001	1.77463	34.3084
187	0.321266	6.72557	1.75985	34.3455
188	0.313097	6.73057	1.74755	34.3818
189	0.306489	6.7351	1.7287	34.4167
190	0.316843	6.74041	1.7158	34.4508
191	0.33075	6.74673	1.69523	34.4835
192	0.331806	6.75314	1.69077	34.5159
193	0.3393	6.7601	1.72814	34.551
194	0.335108	6.76677	1.70569	34.5846
195	0.321185	6.77246	1.69411	34.6174
196	0.307497	6.77719	1.70339	34.651
197	0.291188	6.78078	1.73194	34.6866
198	0.281632	6.78373	1.7661	34.7246
199	0.276946	6.78636	1.76992	34.763
200	0.271414	6.78864	1.79349	34.803
201	0.27397	6.79113	1.7704	34.8414
202	0.273029	6.79358	1.7443	34.8781
203	0.269723	6.79583	1.73665	34.9142
204	0.260664	6.79748	1.70081	34.9479
205	0.257278	6.79892	1.68197	34.9802
206	0.261177	6.80067	1.68273	35.0127
207	0.264609	6.80268	1.66357	35.0439
208	0.267963	6.80496	1.66375	35.0752
209	0.271485	6.8075	1.64424	35.1052
210	0.272484	6.81014	1.63683	35.1347
211	0.272933	6.81284	1.6221	35.1633
212	0.271691	6.81548	1.63071	35.1925
213	0.264292	6.81763	1.62972	35.2217
214	0.255415	6.81921	1.63482	35.2513
215	0.243197	6.81999	1.67509	35.2837
216	0.235012	6.82025	1.69425	35.3175
217	0.227472	6.82003	1.72161	35.3531
218	0.229352	6.81998	1.74191	35.3901
219	0.22759	6.81984	1.75863	35.4282
220	0.220925	6.81929	1.77784	35.4677
221	0.222042	6.81885	1.75026	35.5053
222	0.225739	6.8187	1.77177	35.5443
223	0.234536	6.81917	1.77836	35.5838
224	0.239199	6.81997	1.78985	35.624
225	0.237028	6.82067	1.7851	35.664
226	0.243398	6.82181	1.78814	35.7041
227	0.245856	6.82315	1.80291	35.7452
228	0.247651	6.82463	1.82577	35.7878
229	0.242256	6.82578	1.83278	35.8308
230	0.24356	6.82705	1.85082	35.875
231	0.238826	6.82803	1.86246	35.92
232	0.247247	6.82959	1.88579	35.9664
233	0.254331	6.83163	1.911	36.0145
234	0.264695	6.83437	1.91006	36.0624
235	0.263845	6.83708	1.86661	36.1075
236	0.259376	6.83951	1.86805	36.1527
237	0.252688	6.84153	1.86872	36.1979
238	0.248258	6.84329	1.86426	36.2427
239	0.255677	6.84555	1.87338	36.2881
240	0.266877	6.84855	1.87488	36.3336
241	0.275887	6.85214	1.87033	36.3787
242	0.285994	6.85639	1.88971	36.4251
243	0.285255	6.86061	1.86861	36.4701
244	0.273769	6.86411	1.86117	36.5145
245	0.258167	6.86662	1.88742	36.5606
246	0.257169	6.8691	1.89809	36.6074
247	0.256279	6.87153	1.90687	36.6546
248	0.255761	6.87395	1.9302	36.7033
249	0.252451	6.87618	1.94846	36.7531
250	0.248521	6.87818	1.96633	36.804
251	0.247386	6.88012	1.93947	36.8531
252	0.245926	6.882	1.94796	36.9027
253	0.23545	6.88323	1.95784	36.9529
254	0.234039	6.88441	1.94224	37.0021
255	0.238022	6.88585	1.94392	37.0513
256	0.239823	6.88742	1.91814	37.0988
257	0.239168	6.88897	1.91014	37.1458
258	0.241004	6.89066	1.8629	37.1898
259	0.24353	6.89252	1.86365	37.2339
260	0.251005	6.89486	1.87933	37.2789
261	0.254647	6.89744	1.88282	37.324
262	0.255255	6.90008	1.86487	37.368
263	0.25968	6.903	1.85206	37.4112
264	0.262858	6.90613	1.82269	37.4526
265	0.265139	6.90941	1.79578	37.4923
266	0.266664	6.9128	1.77786	37.5309
267	0.266076	6.91616	1.77556	37.5693
268	0.261572	6.91926	1.74198	37.6057
269	0.260558	6.92231	1.70503	37.6398
270	0.258088	6.92522	1.67807	37.6723
271	0.264341	6.92852	1.6687	37.7043
272	0.254165	6.93122	1.6788	37.7368
273	0.254125	6.93393	1.6547	37.7679
274	0.259858	6.937	1.60095	37.7958
275	0.2558	6.93984	1.58871	37.823
276	0.245025	6.94204	1.58493	37.85
277	0.229725	6.94334	1.57618	37.8764
278	0.221889	6.94419	1.55878	37.9019
279	0.222119	6.94508	1.54172	37.9264
280	0.221395	6.94594	1.52301	37.9498
281	0.225264	6.94705	1.50207	37.9719
282	0.223706	6.94808	1.4969	37.9938
283	0.223214	6.9491	1.48	38.0148
284	0.22927	6.9505	1.48381	38.036
285	0.231684	6.95205	1.47112	38.0565
286	0.234914	6.95382	1.45243	38.076
287	0.237735	6.95576	1.46725	38.0964
288	0.237442	6.9577	1.48321	38.1177
289	0.234913	6.95951	1.48942	38.1395
290	0.230673	6.96108	1.50835	38.1624
291	0.235776	6.96296	1.5255	38.1863
292	0.239141	6.96506	1.52572	38.2103
293	0.236405	6.96701	1.52637	38.2344
294	0.239755	6.96917	1.52368	38.2583
295	0.239632	6.97133	1.50813	38.2814
296	0.23992	6.97352	1.49291	38.3036
297	0.242388	6.97587	1.49498	38.3259
298	0.245487	6.9784	1.49414	38.3482
299	0.253593	6.98142	1.50659	38.3713
300	0.255215	6.98454	1.51715	38.395
301	0.254004	6.98759	1.52916	38.4195
302	0.259405	6.99097	1.55214	38.4453
303	0.260837	6.99444	1.5706	38.4721
304	0.266552	6.99824	1.60304	38.5008
305	0.275115	7.00253	1.64091	38.5317
306	0.281232	7.00718	1.65183	38.5633
307	0.286574	7.01213	1.66442	38.5955
308	0.291987	7.0174	1.66988	38.628
309	0.291737	7.02265	1.6713	38.6607
310	0.290462	7.02783	1.69037	38.6944
311	0.287916	7.03287	1.68946	38.728
312	0.287438	7.03788	1.70743	38.7626
313	0.289953	7.04304	1.70211	38.797
314	0.293603	7.0484	1.71795	38.8322
315	0.307311	7.05454	1.77222	38.8704
316	0.313388	7.06101	1.77275	38.9086
317	0.316175	7.06764	1.7865	38.9476
318	0.316512	7.07428	1.78774	38.9867
319	0.319815	7.0811	1.80618	39.0267
320	0.314331	7.08762	1.81396	39.0672
321	0.316402	7.09424	1.81956	39.1079
322	0.316366	7.10086	1.8242	39.1488
323	0.320221	7.10769	1.83035	39.1901
324	0.317532	7.11437	1.82779	39.2312
325	0.312227	7.12075	1.84367	39.2731
326	0.316463	7.12736	1.85558	39.3156
327	0.319275	7.13412	1.86556	39.3587
328	0.316126	7.14071	1.87343	39.4021
329	0.313721	7.14715	1.87929	39.4459
330	0.323377	7.15413	1.90577	39.491
331	0.326991	7.1613	1.9134	39.5365
332	0.329119	7.16858	1.93351	39.5831
333	0.331771	7.176	1.93595	39.6297
334	0.330936	7.18337	1.94239	39.6767
335	0.337557	7.19109	1.94821	39.7239
336	0.334627	7.19864	1.92988	39.7701
337	0.334227	7.20617	1.92746	39.816
338	0.336048	7.21379	1.93424	39.8624
339	0.343246	7.22179	1.94712	39.9093
340	0.34431	7.22985	1.93888	39.9558
341	0.341307	7.23773	1.91742	40.001
342	0.343628	7.24573	1.92236	40.0465
343	0.340573	7.25356	1.92182	40.0919
344	0.33321	7.26098	1.93428	40.1379
345	0.327989	7.26812	1.92563	40.1834
346	0.325409	7.27511	1.94551	40.2299
347	0.323916	7.28202	1.96188	40.2772
348	0.322469	7.28885	1.97112	40.325
349	0.315386	7.29529	1.98583	40.3735
350	0.316001	7.30176	1.99783	40.4226
351	0.320512	7.30847	2.00529	40.472
352	0.324579	7.31539	2.01604	40.522
353	0.326375	7.32241	2.03078	40.5727
354	0.326118	7.3294	2.02773	40.6231
355	0.330594	7.33662	2.01958	40.6731
356	0.337953	7.34423	2.01408	40.7227
357	0.343652	7.35213	2.00583	40.7718
358	0.34746	7.36023	1.99539	40.8203
359	0.344664	7.36817	2.00667	40.8693
360	0.347194	7.37623	2.01097	40.9185
361	0.355722	7.38473	2.02395	40.9683
362	0.368539	7.3939	2.07094	41.0206
363	0.376429	7.40347	2.0724	41.0728
364	0.380299	7.41322	2.06657	41.1247
365	0.379299	7.42292	2.04924	41.1756
366	0.37516	7.43238	2.01617	41.2247
367	0.369163	7.44152	2.02756	41.2744
368	0.363037	7.45033	1.99738	41.3224
369	0.36525	7.45925	1.93891	41.3673
370	0.3652	7.46815	1.9048	41.4104
371	0.364294	7.47699	1.87605	41.452
372	0.364165	7.48582	1.86211	41.4929
373	0.365729	7.49472	1.85778	41.5334
374	0.366819	7.50366	1.84571	41.5734
375	0.3664	7.51258	1.85788	41.6139
376	0.365359	7.52143	1.86208	41.6546
377	0.366948	7.53034	1.86392	41.6953
378	0.369722	7.5394	1.87791	41.7368
379	0.375354	7.54873	1.89714	41.7791
380	0.381142	7.55834	1.90471	41.8219
381	0.38346	7.56806	1.90139	41.8644
382	0.384121	7.5778	1.91117	41.9074
383	0.383315	7.58749	1.91916	41.9507
384	0.385273	7.59726	1.92557	41.9944
385	0.380696	7.60679	1.94241	42.0388
386	0.387135	7.61664	1.96147	42.0842
387	0.389142	7.62657	1.95988	42.1294
388	0.388035	7.63644	1.95214	42.1742
389	0.386744	7.64623	1.94297	42.2185
390	0.387862	7.65606	1.93685	42.2625
391	0.388696	7.66592	1.92163	42.3056
392	0.387218	7.67569	1.92112	42.3487
393	0.382911	7.68523	1.91884	42.3916
394	0.385043	7.69487	1.88192	42.4326
395	0.389069	7.7047	1.87329	42.4731
396	0.387023	7.71442	1.86891	42.5134
397	0.386133	7.72408	1.868	42.5536
398	0.38644	7.73374	1.86442	42.5936
399	0.386347	7.74338	1.87665	42.6342
400	0.384435	7.75292	1.88571	42.6752
401	0.392495	7.76284	1.91453	42.7176
402	0.397897	7.77303	1.93065	42.7607
403	0.401036	7.78335	1.92891	42.8038
404	0.401294	7.79368	1.9296	42.8468
405	0.395455	7.8037	1.94102	42.8903
406	0.393217	7.8136	1.94525	42.934
407	0.393713	7.82351	1.95693	42.9783
408	0.389238	7.83318	1.95432	43.0223
409	0.38965	7.84287	1.94155	43.0657
410	0.387984	7.85246	1.93821	43.1089
411	0.38656	7.86197	1.92799	43.1516
412	0.386835	7.87148	1.9318	43.1944
413	0.384803	7.88088	1.92483	43.2368
414	0.383854	7.89022	1.92886	43.2794
415	0.382221	7.89947	1.92671	43.3218
416	0.382187	7.90871	1.93302	43.3645
417	0.38185	7.91792	1.94011	43.4075
418	0.37866	7.92697	1.9289	43.4499
419	0.370007	7.93558	1.9322	43.4924
420	0.366774	7.94403	1.93105	43.5349
421	0.366837	7.95247	1.92573	43.577
422	0.368152	7.96096	1.93193	43.6194
423	0.365214	7.96931	1.94146	43.6623
424	0.368124	7.97778	1.95253	43.7056
425	0.367087	7.9862	1.96364	43.7494
426	0.368208	7.99466	1.96904	43.7934
427	0.36865	8.00314	1.96506	43.8372
428	0.371297	8.01173	1.96006	43.8808
429	0.37225	8.02036	1.95939	43.9242
430	0.366146	8.02869	1.97065	43.9681
431	0.36056	8.03674	1.96458	44.0118
432	0.357413	8.04464	1.92964	44.0537
433	0.354713	8.05239	1.93653	44.0958
434	0.355948	8.0602	1.94013	44.1382
435	0.354072	8.06791	1.91577	44.1793
436	0.347022	8.07527	1.90046	44.2196
437	0.34233	8.08241	1.87101	44.2585
438	0.34394	8.08962	1.8457	44.2962
439	0.34483	8.09686	1.83745	44.3334
440	0.344272	8.10407	1.84011	44.3708
441	0.343591	8.11124	1.84516	44.4083
442	0.344144	8.11844	1.8476	44.446
443	0.34535	8.12568	1.85354	44.4839
444	0.341821	8.13275	1.85761	44.5219
445	0.33834	8.13965	1.86774	44.5605
446	0.329217	8.14612	1.88776	44.5999
447	0.324608	8.15236	1.89102	44.6394
448	0.321801	8.15847	1.885	44.6787
449	0.324382	8.16469	1.89425	44.7183
450	0.324476	8.17092	1.89932	44.7582
451	0.324256	8.17713	1.89228	44.7976
452	0.320273	8.18315	1.89565	44.8372
453	0.316437	8.18899	1.90742	44.8774
454	0.314314	8.19472	1.90174	44.9172
455	0.311268	8.20031	1.90271	44.957
456	0.309982	8.20584	1.90436	44.9969
457	0.311951	8.21146	1.90754	45.0369
458	0.311	8.21703	1.90992	45.077
459	0.308191	8.22246	1.92242	45.1176
460	0.303507	8.22768	1.9284	45.1584
461	0.298932	8.23268	1.94115	45.1999
462	0.293203	8.23742	1.9005	45.2394
463	0.29606	8.24229	1.88121	45.2779
464	0.300816	8.24737	1.86971	45.3159
465	0.299845	8.25241	1.87125	45.354
466	0.299646	8.25744	1.86327	45.3916
467	0.300945	8.26253	1.86326	45.4292
468	0.299899	8.26757	1.86699	45.467
469	0.298811	8.27256	1.86178	45.5045
470	0.299546	8.27758	1.87042	45.5424
471	0.299996	8.28262	1.88028	45.5807
472	0.294639	8.28741	1.87861	45.6188
473	0.291317	8.29205	1.88741	45.6574
474	0.290353	8.29664	1.89905	45.6964
475	0.28881	8.30116	1.90304	45.7357
476	0.288445	8.30567	1.91291	45.7753
477	0.28655	8.31009	1.92234	45.8153
478	0.283468	8.31436	1.93594	45.8559
479	0.280351	8.3185	1.93084	45.8963
480	0.275857	8.32243	1.93382	45.9367
481	0.272943	8.32623	1.93817	45.9773
482	0.267501	8.32978	1.94408	46.0182
483	0.267959	8.33336	1.94883	46.0592
484	0.267839	8.33693	1.95464	46.1005
485	0.268955	8.34055	1.96314	46.1421
486	0.263539	8.34393	1.9782	46.1843
487	0.262199	8.34726	1.99206	46.2271
488	0.262506	8.35059	2.00181	46.2704
489	0.263367	8.35397	2.01508	46.3142
490	0.267748	8.35755	2.01651	46.358
491	0.267802	8.36113	2.02248	46.4021
492	0.268986	8.36476	2.03354	46.4466
493	0.274969	8.36867	2.0358	46.4911
494	0.278304	8.37272	2.03849	46.5358
495	0.278602	8.37679	2.02278	46.5797
496	0.280325	8.38094	2.00425	46.6227
497	0.281134	8.38512	2.00484	46.6657
498	0.285185	8.38949	2.01026	46.7089
499	0.285252	8.39386	2.00345	46.7518
500	0.279553	8.39797	2.01342	46.795
501	0.279017	8.40206	2.01288	46.8383
502	0.27878	8.40614	2.02087	46.8818
503	0.278967	8.41022	2.02616	46.9255
504	0.282018	8.41445	2.03126	46.9694
505	0.280732	8.41861	2.03433	47.0134
506	0.281155	8.42279	2.03378	47.0574
507	0.280267	8.42694	2.02953	47.1011
508	0.285304	8.43131	2.03468	47.145
509	0.288712	8.43583	2.04611	47.1893
510	0.292051	8.44049	2.04644	47.2337
511	0.296883	8.44537	2.06089	47.2786
512	0.299216	8.45035	2.06858	47.3238
513	0.299587	8.45534	2.06877	47.369
514	0.300878	8.46039	2.06395	47.4139
515	0.298191	8.46532	2.05571	47.4585
516	0.294725	8.47009	2.05013	47.5027
517	0.294293	8.47484	2.04366	47.5467
518	0.299052	8.47981	2.05451	47.591
519	0.306711	8.4851	2.08094	47.6365
520	0.310133	8.49054	2.10057	47.6828
521	0.310941	8.49602	2.09678	47.7288
522	0.310176	8.50146	2.10246	47.7751
523	0.306988	8.50676	2.0975	47.8211
524	0.303586	8.5119	2.09672	47.8671
525	0.30344	8.51704	2.0947	47.9129
526	0.30319	8.52217	2.08888	47.9584
527	0.303705	8.52731	2.0914	48.004
528	0.307314	8.53261	2.0981	48.0498
529	0.30923	8.53799	2.09954	48.0957
530	0.305025	8.54319	2.10106	48.1415
531	0.300129	8.54817	2.11563	48.188
532	0.299379	8.55312	2.1268	48.2349
533	0.301711	8.55817	2.13808	48.2822
534	0.304782	8.56335	2.14203	48.3297
535	0.307651	8.56864	2.14868	48.3774
536	0.30238	8.57371	2.16032	48.4255
537	0.298292	8.57861	2.16249	48.4737
538	0.294807	8.58334	2.15087	48.5214
539	0.292649	8.58799	2.13728	48.5684
540	0.29077	8.59255	2.13043	48.6151
541	0.289388	8.59706	2.13934	48.6621
542	0.290501	8.60161	2.14634	48.7094
543	0.286353	8.60598	2.14738	48.7567
544	0.283438	8.61022	2.1522	48.8041
545	0.28324	8.61446	2.14088	48.851
546	0.281091	8.6186	2.1401	48.8979
547	0.281542	8.62277	2.14986	48.9451
548	0.280467	8.62688	2.14386	48.992
549	0.276865	8.63085	2.14982	49.0391
550	0.274456	8.63471	2.14423	49.0859
551	0.26932	8.63835	2.14906	49.1329
552	0.270312	8.64203	2.14722	49.1797
553	0.270027	8.64571	2.14294	49.2264
554	0.266252	8.64922	2.14133	49.2729
555	0.262803	8.65259	2.14746	49.3196
556	0.263051	8.65597	2.1548	49.3666
557	0.263406	8.65936	2.15357	49.4136
558	0.264831	8.66282	2.16078	49.4607
559	0.266344	8.66634	2.16701	49.5081
560	0.263116	8.66972	2.16552	49.5554
561	0.260885	8.67302	2.14813	49.6019
562	0.256731	8.67613	2.15062	49.6485
563	0.255884	8.67922	2.15059	49.695
564	0.258015	8.68239	2.15048	49.7415
565	0.259314	8.68562	2.15487	49.7881
566	0.261765	8.68896	2.15569	49.8347
567	0.263531	8.69237	2.15766	49.8813
568	0.265711	8.69587	2.15994	49.928
569	0.26236	8.69923	2.15991	49.9747
570	0.256106	8.70233	2.16501	50.0215
571	0.254527	8.70537	2.1612	50.0681
572	0.254481	8.7084	2.15694	50.1145
573	0.254781	8.71145	2.14249	50.1603
574	0.255702	8.71454	2.13246	50.2055
575	0.25314	8.71752	2.13085	50.2507
576	0.247717	8.72028	2.13986	50.2962
577	0.243228	8.72286	2.1388	50.3417
578	0.242278	8.72539	2.12909	50.3867
579	0.241605	8.72791	2.12688	50.4315
580	0.242273	8.73045	2.13489	50.4767
581	0.240998	8.73294	2.13567	50.5218
582	0.239334	8.73536	2.13505	50.5669
583	0.237532	8.73771	2.12694	50.6116
584	0.237094	8.74005	2.12386	50.6561
585	0.235459	8.74232	2.13154	50.7009
586	0.232341	8.74446	2.13154	50.7457
587	0.228582	8.74646	2.13191	50.7905
588	0.22672	8.74837	2.11471	50.8345
589	0.224477	8.7502	2.10645	50.8781
590	0.225453	8.75208	2.10329	50.9215
591	0.223087	8.75385	2.08826	50.9643
592	0.222826	8.75563	2.07949	51.0067
593	0.220269	8.75729	2.08367	51.0493
594	0.221436	8.75902	2.08828	51.092
595	0.224029	8.76085	2.09014	51.1347
596	0.223959	8.76268	2.08626	51.1773
597	0.222028	8.76443	2.08532	51.2197
598	0.222183	8.76619	2.08483	51.2621
599	0.222833	8.76799	2.08082	51.3043
600	0.223919	8.76983	2.06667	51.3459
601	0.225612	8.77174	2.0685	51.3876
602	0.225237	8.77364	2.07154	51.4293
603	0.221477	8.77539	2.07839	51.4713
604	0.221516	8.77715	2.08104	51.5134
605	0.218753	8.77879	2.09106	51.5558
606	0.213613	8.78023	2.10054	51.5985
607	0.211592	8.7816	2.1025	51.6414
608	0.213109	8.78302	2.10097	51.6841
609	0.214619	8.78452	2.10791	51.7271
610	0.216857	8.7861	2.10883	51.77
611	0.217575	8.78772	2.10502	51.8128
612	0.21471	8.78923	2.10987	51.8557
613	0.213662	8.79069	2.11085	51.8987
614	0.212831	8.79213	2.11699	51.9418
615	0.215905	8.79369	2.12517	51.9853
616	0.215953	8.79526	2.12098	52.0285
617	0.215153	8.7968	2.11899	52.0716
618	0.219058	8.79851	2.12163	52.1148
619	0.222198	8.80033	2.11733	52.1578
620	0.22142	8.80214	2.11186	52.2006
621	0.224729	8.80407	2.12058	52.2436
622	0.223229	8.80595	2.12677	52.2869
623	0.222047	8.80779	2.12316	52.33
624	0.217508	8.80944	2.12424	52.373
625	0.213626	8.81094	2.12193	52.416
626	0.216765	8.81258	2.11111	52.4585
627	0.218524	8.81428	2.09876	52.5005
628	0.219053	8.81601	2.09283	52.5422
629	0.221418	8.81784	2.09106	52.5837
630	0.218203	8.81954	2.09869	52.6256
631	0.218888	8.82127	2.10327	52.6676
632	0.217669	8.82295	2.10809	52.7098
633	0.2164	8.82459	2.11725	52.7523
634	0.21534	8.82619	2.11098	52.7945
635	0.216089	8.82782	2.12009	52.8371
636	0.216552	8.82947	2.12501	52.8798
637	0.219739	8.83125	2.12979	52.9226
638	0.219334	8.83302	2.1359	52.9657
639	0.221234	8.83487	2.13262	53.0086
640	0.224095	8.83683	2.13222	53.0514
641	0.221082	8.83867	2.13993	53.0946
642	0.221989	8.84056	2.13511	53.1375
643	0.219264	8.84233	2.13219	53.1802
644	0.221357	8.8442	2.13336	53.223
645	0.219411	8.84598	2.13386	53.2657
646	0.215096	8.84761	2.13614	53.3085
647	0.211628	8.84909	2.1373	53.3513
648	0.209802	8.85051	2.13894	53.3942
649	0.213408	8.85208	2.15037	53.4374
650	0.212552	8.85361	2.15239	53.4807
651	0.211829	8.85512	2.13807	53.5234
652	0.210424	8.85657	2.13306	53.5659
653	0.209104	8.85798	2.13345	53.6084
654	0.209572	8.85941	2.12607	53.6505
655	0.207643	8.86077	2.11589	53.6922
656	0.204199	8.86199	2.11788	53.7339
657	0.203648	8.8632	2.12673	53.776
658	0.204065	8.86442	2.12895	53.8181
659	0.204262	8.86566	2.1304	53.8603
660	0.203585	8.86687	2.13071	53.9024
661	0.201753	8.86802	2.13302	53.9445
662	0.204395	8.86927	2.14035	53.987
663	0.20744	8.87065	2.14899	54.0297
664	0.207783	8.87203	2.1485	54.0724
665	0.205049	8.87332	2.14881	54.115
666	0.203866	8.87456	2.15121	54.1577
667	0.201236	8.87571	2.15063	54.2004
668	0.203397	8.87694	2.146	54.2428
669	0.202396	8.87814	2.14841	54.2853
670	0.202641	8.87935	2.15443	54.328
671	0.204941	8.88065	2.14784	54.3705
672	0.205765	8.88198	2.15115	54.413
673	0.203471	8.88323	2.14765	54.4553
674	0.201937	8.88443	2.15049	54.4977
675	0.203774	8.88569	2.14734	54.54
676	0.205683	8.88704	2.1439	54.5821
677	0.206452	8.88841	2.13176	54.6237
678	0.202228	8.88963	2.12621	54.6651
679	0.198062	8.89069	2.13156	54.7066
680	0.196308	8.89169	2.12684	54.7479
681	0.195544	8.89266	2.11073	54.7886
682	0.199473	8.89378	2.1035	54.8289
683	0.202826	8.89504	2.096	54.869
684	0.20213	8.89627	2.09029	54.9088
685	0.199155	8.89739	2.08865	54.9485
686	0.199486	8.89853	2.09502	54.9884
687	0.198143	8.89962	2.10043	55.0285
688	0.201387	8.90083	2.11214	55.069
689	0.20319	8.90212	2.11997	55.1098
690	0.204716	8.90347	2.12736	55.1509
691	0.20959	8.905	2.13903	55.1923
692	0.210018	8.90656	2.14647	55.234
693	0.210799	8.90814	2.15509	55.276
694	0.212399	8.90979	2.15858	55.3181
695	0.212362	8.91144	2.1589	55.3602
696	0.212254	8.91309	2.1635	55.4024
697	0.211539	8.91471	2.16137	55.4445
698	0.210764	8.91631	2.15494	55.4863
699	0.212131	8.91796	2.15301	55.5281
700	0.211701	8.9196	2.14421	55.5694
701	0.213787	8.92131	2.14697	55.6109
702	0.212442	8.92298	2.15094	55.6524
703	0.209477	8.92454	2.15053	55.6939
704	0.205175	8.92594	2.14997	55.7354
705	0.202924	8.92726	2.1475	55.7767
706	0.204027	8.92862	2.14413	55.8179
707	0.2037	8.92997	2.1371	55.8588
708	0.201907	8.93126	2.13848	55.8997
709	0.201286	8.93252	2.13604	55.9405
710	0.201252	8.93379	2.12835	55.9809
711	0.201258	8.93506	2.13082	56.0215
712	0.201089	8.93632	2.13663	56.0622
713	0.202817	8.93766	2.13449	56.1028
714	0.204615	8.93906	2.13268	56.1433
715	0.206362	8.94053	2.13203	56.1838
716	0.202524	8.94186	2.13727	56.2244
717	0.201135	8.94314	2.13884	56.265
718	0.19858	8.94433	2.14377	56.3058
719	0.199799	8.94557	2.14402	56.3466
720	0.200474	8.94683	2.13055	56.3869
721	0.19674	8.94796	2.12571	56.4269
722	0.19418	8.94899	2.11392	56.4665
723	0.194159	8.95003	2.11016	56.5059
724	0.193784	8.95106	2.10591	56.5452
725	0.192411	8.95203	2.08232	56.5835
726	0.189478	8.95291	2.07023	56.6213
727	0.186735	8.95368	2.05935	56.6588
728	0.184846	8.95439	2.05408	56.696
729	0.184841	8.9551	2.05089	56.733
730	0.186398	8.95587	2.0463	56.7699
731	0.183773	8.95654	2.05024	56.8069
732	0.181037	8.95712	2.05274	56.8439
733	0.180049	8.95767	2.0507	56.8809
734	0.17612	8.95807	2.04789	56.9177
735	0.172561	8.95835	2.05662	56.9549
736	0.170611	8.95856	2.06187	56.9922
737	0.171915	8.95882	2.06279	57.0295
738	0.172898	8.95912	2.05551	57.0665
739	0.171549	8.95937	2.06131	57.1037
740	0.170905	8.95961	2.06622	57.1411
741	0.170014	8.95982	2.06652	57.1784
742	0.167931	8.95995	2.05717	57.2154
743	0.168912	8.96012	2.04871	57.252
744	0.166951	8.96023	2.04461	57.2885
745	0.166083	8.9603	2.04443	57.3249
746	0.166071	8.96038	2.044	57.3613
747	0.162728	8.96035	2.03493	57.3974
748	0.158713	8.96017	2.02623	57.4331
749	0.157007	8.95993	1.99854	57.4678
750	0.153847	8.95958	1.98206	57.5018
751	0.154614	8.95926	1.98265	57.5359
752	0.15368	8.95892	1.99042	57.5702
753	0.154924	8.95862	1.99942	57.6048
754	0.157095	8.95841	2.0091	57.6398
755	0.15799	8.95823	2.01928	57.6751
756	0.158232	8.95807	2.02942	57.7108
757	0.159177	8.95794	2.0396	57.7468
758	0.15786	8.95777	2.04088	57.7828
759	0.157986	8.95761	2.03806	57.8187
760	0.160085	8.95753	2.03741	57.8546
761	0.163273	8.95757	2.04053	57.8905
762	0.166497	8.95773	2.04691	57.9267
763	0.162904	8.95776	2.04729	57.9628
764	0.163895	8.95783	2.04704	57.9989
765	0.162576	8.95786	2.04914	58.0351
766	0.164374	8.95796	2.05244	58.0714
767	0.164252	8.95806	2.05483	58.1077
768	0.164718	8.95817	2.06322	58.1443
769	0.16404	8.95827	2.0729	58.1812
770	0.16486	8.9584	2.08035	58.2184
771	0.164009	8.9585	2.08599	58.2558
772	0.161215	8.95851	2.08749	58.2932
773	0.159456	8.95846	2.09169	58.3307
774	0.160909	8.95846	2.08614	58.368
775	0.161703	8.95849	2.08846	58.4053
776	0.164104	8.95862	2.09349	58.4428
777	0.166132	8.95882	2.09298	58.4803
778	0.164939	8.95898	2.09783	58.5179
779	0.163371	8.95909	2.10492	58.5557
780	0.16363	8.95921	2.1041	58.5935
781	0.162573	8.95929	2.09	58.6308
782	0.162153	8.95937	2.09575	58.6682
783	0.162819	8.95947	2.10252	58.7059
784	0.163323	8.9596	2.10748	58.7437
785	0.163999	8.95975	2.10698	58.7815
786	0.16191	8.95983	2.10315	58.8191
787	0.162897	8.95995	2.104	58.8567
788	0.165385	8.96016	2.10767	58.8944
789	0.169451	8.96052	2.11666	58.9325
790	0.170865	8.96093	2.11643	58.9705
791	0.172125	8.96139	2.11018	59.0082
792	0.172159	8.96186	2.11295	59.046
793	0.172794	8.96235	2.1136	59.0838
794	0.174401	8.9629	2.11158	59.1215
795	0.175492	8.96349	2.10028	59.1588
796	0.175513	8.96409	2.09912	59.1961
797	0.175405	8.96468	2.09746	59.2332
798	0.171838	8.96515	2.09474	59.2702
799	0.169035	8.96552	2.0957	59.3073
800	0.168478	8.96588	2.09823	59.3444
801	0.168199	8.96623	2.09918	59.3815
802	0.167988	8.96658	2.09812	59.4186
803	0.167722	8.96692	2.1031	59.4558
804	0.166958	8.96724	2.10761	59.4931
805	0.167386	8.96757	2.10831	59.5305
806	0.167242	8.9679	2.11061	59.5679
807	0.1686	8.96829	2.11493	59.6054
808	0.167187	8.96862	2.11511	59.6429
809	0.166062	8.96893	2.12062	59.6806
810	0.16864	8.96932	2.12051	59.7182
811	0.170638	8.96979	2.12054	59.7559
812	0.171978	8.9703	2.11932	59.7934
813	0.175583	8.97095	2.11522	59.8308
814	0.1758	8.9716	2.10625	59.8679
815	0.176804	8.9723	2.09855	59.9047
816	0.176645	8.97299	2.09478	59.9413
817	0.177216	8.9737	2.08591	59.9776
818	0.178123	8.97445	2.06848	60.0132
819	0.180139	8.97527	2.05392	60.0483
820	0.180124	8.97609	2.0415	60.083
821	0.177353	8.97681	2.03083	60.1173
822	0.17559	8.97748	2.02166	60.1512
823	0.174079	8.9781	2.00142	60.1844
824	0.173444	8.9787	1.99959	60.2176
825	0.176312	8.9794	2.00822	60.251
826	0.174453	8.98004	2.00481	60.2843
827	0.17258	8.98062	2.00594	60.3176
828	0.171428	8.98115	2.00127	60.3507
829	0.170256	8.98165	2.00426	60.3839
830	0.168283	8.98209	2.01212	60.4173
831	0.166585	8.98247	2.00792	60.4506
832	0.168008	8.9829	2.01179	60.484
833	0.167423	8.98331	2.01508	60.5175
834	0.164889	8.98364	2.01506	60.551
835	0.162911	8.9839	2.01986	60.5847
836	0.16069	8.98409	2.02514	60.6185
837	0.157664	8.98418	2.02938	60.6524
838	0.156572	8.98423	2.03319	60.6864
839	0.155345	8.98425	2.03617	60.7205
840	0.152475	8.98417	2.03514	60.7546
841	0.152003	8.98407	2.03475	60.7887
842	0.151628	8.98397	2.03652	60.8227
843	0.151091	8.98385	2.03511	60.8567
844	0.149456	8.98367	2.03476	60.8907
845	0.146046	8.98339	2.03429	60.9247
846	0.143577	8.98302	2.03088	60.9585
847	0.140319	8.98254	2.03258	60.9923
848	0.139399	8.98204	2.03875	61.0264
849	0.136937	8.98145	2.04709	61.0607
850	0.135145	8.98081	2.05333	61.0952
851	0.13551	8.98019	2.05682	61.1298
852	0.136299	8.97959	2.05359	61.1642
853	0.137789	8.97905	2.05472	61.1987
854	0.137589	8.97851	2.04319	61.2328
855	0.138525	8.978	2.04341	61.2669
856	0.135512	8.97739	2.04578	61.301
857	0.132942	8.9767	2.04873	61.3352
858	0.132288	8.97599	2.04905	61.3694
859	0.130694	8.97523	2.03585	61.4031
860	0.129604	8.97444	2.03216	61.4367
861	0.126144	8.97353	2.03151	61.4703
862	0.124041	8.97256	2.01638	61.5033
863	0.120624	8.97147	2.01717	61.5363
864	0.119047	8.97033	2.01034	61.5691
865	0.117633	8.96915	2.01086	61.6019
866	0.115881	8.96792	2.01076	61.6346
867	0.114647	8.96665	2.00383	61.6671
868	0.114991	8.96539	1.99439	61.6993
869	0.117006	8.96421	1.98217	61.731
870	0.116634	8.96301	1.98246	61.7628
871	0.115825	8.9618	1.98679	61.7946
872	0.114899	8.96056	1.98683	61.8265
873	0.114473	8.95931	1.9932	61.8585
874	0.113953	8.95804	1.99638	61.8906
875	0.112412	8.95673	1.99901	61.9228
876	0.109382	8.95532	2.0063	61.9553
877	0.108258	8.95387	2.01094	61.9879
878	0.10537	8.95234	2.01428	62.0205
879	0.102023	8.95069	2.01621	62.0532
880	0.100212	8.94899	2.0193	62.086
881	0.0989926	8.94725	2.01906	62.1188
882	0.0984712	8.9455	2.02535	62.1518
883	0.0970283	8.94371	2.02763	62.1848
884	0.0964183	8.9419	2.01935	62.2176
885	0.0965786	8.9401	2.01159	62.25
886	0.0978204	8.93835	2.00749	62.2823
887	0.0981319	8.93661	2.00616	62.3146
888	0.0956527	8.9348	2.00554	62.3468
889	0.0939426	8.93293	2.00627	62.379
890	0.0954612	8.93111	2.00757	62.4113
891	0.0980257	8.92939	2.0058	62.4434
892	0.0980761	8.92768	1.99963	62.4754
893	0.0999169	8.92603	2.00192	62.5074
894	0.101132	8.92442	1.99937	62.5393
895	0.0990469	8.92276	1.99525	62.571
896	0.0979889	8.92106	1.98316	62.6024
897	0.100145	8.91943	1.97906	62.6335
898	0.101566	8.91786	1.97592	62.6646
899	0.102008	8.91631	1.97557	62.6956
900	0.102137	8.91477	1.97921	62.7268
901	0.104079	8.91329	1.97831	62.7578
902	0.103743	8.91181	1.97858	62.7889
903	0.103104	8.91031	1.97933	62.82
904	0.104854	8.90888	1.98088	62.8512
905	0.104478	8.90744	1.98161	62.8823
906	0.103702	8.90597	1.98327	62.9135
907	0.102523	8.90447	1.97283	62.9443
908	0.0999933	8.90289	1.96815	62.975
909	0.0992739	8.90129	1.96643	63.0055
910	0.0979458	8.89966	1.95827	63.0358
911	0.100877	8.89812	1.95468	63.066
912	0.101925	8.89662	1.95766	63.0962
913	0.102799	8.89516	1.96283	63.1266
914	0.10273	8.89369	1.96869	63.1572
915	0.101464	8.89219	1.97589	63.188
916	0.102002	8.89072	1.9833	63.219
917	0.101804	8.88924	1.99023	63.2503
918	0.101232	8.88774	1.99262	63.2816
919	0.0998202	8.8862	1.99774	63.3131
920	0.0992762	8.88465	1.9995	63.3446
921	0.100324	8.88314	1.99525	63.3759
922	0.0982006	8.88156	1.98755	63.407
923	0.0998598	8.88005	1.97485	63.4377
924	0.100521	8.87855	1.9635	63.4679
925	0.102644	8.87713	1.96309	63.4982
926	0.10276	8.87572	1.95667	63.5282
927	0.102783	8.87432	1.96045	63.5583
928	0.10328	8.87293	1.96521	63.5885
929	0.103802	8.87157	1.96776	63.6189
930	0.103762	8.8702	1.96918	63.6492
931	0.103581	8.86884	1.97465	63.6798
932	0.105149	8.86753	1.97354	63.7102
933	0.105963	8.86625	1.97432	63.7407
934	0.106003	8.86498	1.97511	63.7712
935	0.107931	8.86378	1.96581	63.8014
936	0.109828	8.86264	1.95519	63.8312
937	0.111278	8.86155	1.94472	63.8607
938	0.115487	8.8606	1.94878	63.8903
939	0.120251	8.85981	1.95855	63.9202
940	0.12407	8.85915	1.96942	63.9504
941	0.127482	8.8586	1.97843	63.9809
942	0.128689	8.8581	1.98	64.0115
943	0.128906	8.8576	1.9844	64.0421
944	0.127549	8.85707	1.98717	64.0729
945	0.127139	8.85652	1.97843	64.1033
946	0.125183	8.85591	1.97998	64.1338
947	0.122334	8.85522	1.98397	64.1644
948	0.120426	8.85446	1.98368	64.195
949	0.119744	8.85369	1.98115	64.2255
950	0.120793	8.85295	1.97322	64.2557
951	0.120034	8.85219	1.96597	64.2857
952	0.118808	8.8514	1.96448	64.3156
953	0.12044	8.85066	1.97142	64.3457
954	0.123737	8.85003	1.97832	64.376
955	0.124866	8.84944	1.98234	64.4064
956	0.124579	8.84885	1.98465	64.4369
957	0.124562	8.84826	1.98602	64.4675
958	0.125352	8.84769	1.98888	64.4981
959	0.126948	8.84718	1.9915	64.5287
960	0.129274	8.84675	1.98965	64.5593
961	0.131245	8.84639	1.99093	64.59
962	0.131765	8.84604	1.99072	64.6206
963	0.131198	8.84568	1.98582	64.651
964	0.132273	8.84536	1.98632	64.6814
965	0.133032	8.84506	1.98853	64.7119
966	0.133343	8.84478	1.99379	64.7426
967	0.13329	8.84449	1.99335	64.7732
968	0.132447	8.84418	1.99058	64.8037
969	0.129725	8.84379	1.99285	64.8343
970	0.126536	8.8433	1.99857	64.865
971	0.124284	8.84274	2.00186	64.8959
972	0.121966	8.84211	2.0083	64.9269
973	0.120386	8.84143	2.01236	64.9581
974	0.11897	8.8407	2.01654	64.9893
975	0.119499	8.84	2.02094	65.0207
976	0.11938	8.8393	2.02487	65.0522
977	0.120259	8.83863	2.02749	65.0838
978	0.119326	8.83793	2.03072	65.1154
979	0.119237	8.83723	2.03066	65.1471
980	0.119137	8.83653	2.0246	65.1785
981	0.118791	8.83582	2.02124	65.2098
982	0.120627	8.83518	2.02647	65.2413
983	0.123373	8.83462	2.02893	65.2728
984	0.121714	8.83402	2.03456	65.3045
985	0.121331	8.8334	2.0399	65.3363
986	0.122013	8.83281	2.04452	65.3683
987	0.123897	8.83229	2.04853	65.4004
988	0.123509	8.83175	2.05086	65.4325
989	0.122356	8.83118	2.04741	65.4645
990	0.121169	8.83057	2.04841	65.4965
991	0.120207	8.82994	2.0516	65.5287
992	0.117752	8.82923	2.05792	65.561
993	0.117028	8.82851	2.06001	65.5933
994	0.117802	8.82781	2.06713	65.6259
995	0.118994	8.82715	2.07448	65.6587
996	0.118983	8.82649	2.07984	65.6916
997	0.119822	8.82586	2.0815	65.7246
998	0.119443	8.82522	2.0765	65.7574
999	0.119424	8.82459	2.06817	65.7899
1000	0.119655	8.82397	2.06705	65.8223
1001	0.120067	8.82336	2.06308	65.8547
1002	0.119595	8.82274	2.0566	65.8868
1003	0.119245	8.82211	2.05654	65.9188
1004	0.120329	8.82151	2.05797	65.951
1005	0.121552	8.82096	2.06083	65.9831
1006	0.120056	8.82037	2.05714	66.0152
1007	0.119455	8.81976	2.04983	66.047
1008	0.121369	8.81921	2.05396	66.0789
1009	0.122615	8.8187	2.05827	66.111
1010	0.123268	8.81822	2.06232	66.1431
1011	0.123322	8.81774	2.05961	66.1752
1012	0.12294	8.81725	2.0511	66.207
1013	0.123359	8.81678	2.05037	66.2387
1014	0.123835	8.81632	2.04528	66.2703
1015	0.122243	8.81582	2.04957	66.3019
1016	0.121052	8.81529	2.05161	66.3337
1017	0.120925	8.81475	2.05324	66.3654
1018	0.121377	8.81423	2.0538	66.3972
1019	0.124161	8.81379	2.06243	66.4292
1020	0.124896	8.81339	2.06374	66.4613
1021	0.124588	8.81297	2.06431	66.4933
1022	0.124654	8.81257	2.06349	66.5253
1023	0.12463	8.81216	2.06125	66.5573
1024	0.122761	8.8117	2.06132	66.5892
1025	0.123795	8.81127	2.06144	66.6211
1026	0.122536	8.8108	2.0597	66.6529
1027	0.121605	8.81031	2.05823	66.6847
1028	0.12156	8.80982	2.05511	66.7163
1029	0.120821	8.80931	2.05095	66.7478
1030	0.121066	8.80881	2.05259	66.7794
1031	0.120407	8.80829	2.0539	66.8109
1032	0.122508	8.80784	2.05347	66.8425
1033	0.124251	8.80745	2.05585	66.8741
1034	0.123978	8.80705	2.05958	66.9058
1035	0.124095	8.80665	2.0625	66.9376
1036	0.124956	8.80629	2.0647	66.9694
1037	0.12444	8.80591	2.06248	67.0012
1038	0.123256	8.8055	2.06769	67.0331
1039	0.120374	8.805	2.07382	67.0651
1040	0.117165	8.8044	2.07094	67.0971
1041	0.11699	8.8038	2.07533	67.1292
1042	0.11611	8.80318	2.07742	67.1613
1043	0.115644	8.80254	2.07736	67.1934
1044	0.115562	8.80191	2.07413	67.2255
1045	0.113969	8.80122	2.0711	67.2573
1046	0.113379	8.80053	2.07376	67.2893
1047	0.112159	8.79979	2.07724	67.3214
1048	0.111346	8.79904	2.07678	67.3534
1049	0.112128	8.79831	2.08146	67.3855
1050	0.112896	8.79761	2.08867	67.4179
1051	0.11131	8.79686	2.08756	67.4502
1052	0.113406	8.79618	2.0813	67.4823
1053	0.115199	8.79556	2.08495	67.5145
1054	0.11462	8.79492	2.08332	67.5467
1055	0.114901	8.79429	2.08743	67.5789
1056	0.115916	8.7937	2.08617	67.6111
1057	0.116817	8.79313	2.08914	67.6434
1058	0.116128	8.79255	2.0888	67.6756
1059	0.118981	8.79206	2.09351	67.708
1060	0.121269	8.79164	2.09329	67.7403
1061	0.119722	8.79118	2.09617	67.7727
1062	0.117681	8.79065	2.09817	67.8052
1063	0.117055	8.79011	2.10164	67.8378
1064	0.116644	8.78956	2.09896	67.8702
1065	0.116369	8.789	2.10095	67.9027
1066	0.115127	8.78841	2.10576	67.9354
1067	0.11419	8.78779	2.1053	67.968
1068	0.113019	8.78714	2.10945	68.0007
1069	0.11437	8.78653	2.11589	68.0336
1070	0.115082	8.78595	2.11992	68.0666
1071	0.114298	8.78534	2.12303	68.0997
1072	0.113035	8.7847	2.12603	68.1329
1073	0.111673	8.78402	2.12949	68.1661
1074	0.111364	8.78333	2.12929	68.1993
1075	0.111141	8.78264	2.12889	68.2325
1076	0.109067	8.78189	2.13225	68.2658
1077	0.106773	8.78107	2.13375	68.2992
1078	0.104615	8.78018	2.13791	68.3326
1079	0.104131	8.77929	2.13305	68.3658
1080	0.103896	8.77839	2.12505	68.3988
1081	0.104218	8.7775	2.12095	68.4317
1082	0.1031	8.77658	2.11672	68.4644
1083	0.103079	8.77567	2.112	68.497
1084	0.103865	8.77478	2.10993	68.5295
1085	0.10558	8.77394	2.10759	68.5619
1086	0.10806	8.77319	2.10551	68.5942
1087	0.108682	8.77245	2.09748	68.6262
1088	0.109874	8.77175	2.10161	68.6584
1089	0.110491	8.77108	2.10233	68.6906
1090	0.110094	8.77039	2.10468	68.7228
1091	0.10669	8.76961	2.11405	68.7553
1092	0.103259	8.76872	2.11996	68.788
1093	0.101027	8.76777	2.11773	68.8206
1094	0.0995429	8.76677	2.11706	68.8531
1095	0.0982447	8.76574	2.121	68.8858
1096	0.0974144	8.76469	2.12768	68.9186
1097	0.0954409	8.76358	2.13522	68.9516
1098	0.0969423	8.76252	2.14182	68.9849
1099	0.0965299	8.76145	2.14365	69.0181
1100	0.0963605	8.76037	2.14331	69.0514
1101	0.0953454	8.75927	2.14172	69.0846
1102	0.094414	8.75815	2.14042	69.1177
1103	0.0950247	8.75704	2.14299	69.1509
1104	0.092324	8.75586	2.14439	69.1841
1105	0.0911976	8.75464	2.14277	69.2172
1106	0.0915637	8.75344	2.14463	69.2504
1107	0.0919499	8.75226	2.14472	69.2836
1108	0.0915566	8.75106	2.14429	69.3167
1109	0.0916675	8.74987	2.13036	69.3494
1110	0.0937672	8.74875	2.11986	69.3818
1111	0.0938312	8.74763	2.12181	69.4142
1112	0.0924407	8.74647	2.12658	69.4468
1113	0.0902087	8.74525	2.13392	69.4796
1114	0.0889237	8.74399	2.13768	69.5124
1115	0.0859218	8.74265	2.14072	69.5453
1116	0.0844492	8.74127	2.13837	69.5782
1117	0.0825423	8.73983	2.14175	69.6111
1118	0.0806354	8.73833	2.14752	69.6442
1119	0.0796192	8.73681	2.15168	69.6774
1120	0.0784107	8.73526	2.15161	69.7106
1121	0.078222	8.7337	2.15516	69.7438
1122	0.0792666	8.73218	2.15988	69.7772
1123	0.0801817	8.73069	2.16323	69.8107
1124	0.0814625	8.72924	2.16793	69.8443
1125	0.0829232	8.72784	2.16862	69.8779
1126	0.083621	8.72646	2.17332	69.9116
1127	0.0828867	8.72506	2.17859	69.9455
1128	0.0822154	8.72364	2.18512	69.9796
1129	0.0819637	8.72222	2.18691	70.0136
1130	0.0820444	8.72081	2.18475	70.0476
1131	0.0836674	8.71944	2.18587	70.0817
1132	0.0842716	8.7181	2.18948	70.1158
1133	0.0836641	8.71674	2.1903	70.1499
1134	0.082986	8.71537	2.18521	70.1838
1135	0.0826783	8.71399	2.18	70.2176
1136	0.0831049	8.71262	2.17436	70.2512
1137	0.0822751	8.71123	2.16052	70.2844
1138	0.0839545	8.7099	2.16172	70.3176
1139	0.0845657	8.70858	2.16259	70.3508
1140	0.0857298	8.70731	2.16398	70.384
1141	0.0849525	8.70601	2.16587	70.4173
1142	0.0838738	8.70468	2.16911	70.4506
1143	0.0851776	8.7034	2.17025	70.484
1144	0.0843993	8.70209	2.17337	70.5174
1145	0.0845473	8.7008	2.17626	70.5509
1146	0.0833786	8.69947	2.17999	70.5846
1147	0.0828703	8.69812	2.18268	70.6182
1148	0.0814358	8.69674	2.18518	70.6519
1149	0.0803859	8.69533	2.18653	70.6857
1150	0.0793627	8.6939	2.17937	70.7192
1151	0.0795034	8.69247	2.17816	70.7527
1152	0.0804252	8.69107	2.17612	70.7861
1153	0.0802421	8.68967	2.17254	70.8194
1154	0.0793088	8.68824	2.17121	70.8526
1155	0.0800741	8.68684	2.16425	70.8856
1156	0.0801306	8.68544	2.1635	70.9186
1157	0.0792367	8.68402	2.16424	70.9515
1158	0.0795231	8.68261	2.15872	70.9843
1159	0.076858	8.68113	2.16099	71.0172
1160	0.0755008	8.67961	2.16413	71.0501
1161	0.0745132	8.67806	2.16342	71.083
1162	0.0744265	8.67651	2.16041	71.1158
1163	0.0752918	8.67499	2.15981	71.1485
1164	0.0728806	8.67341	2.16422	71.1814
1165	0.0725233	8.67181	2.15876	71.2141
1166	0.073489	8.67025	2.16156	71.2468
1167	0.0728613	8.66867	2.16392	71.2796
1168	0.071081	8.66704	2.16477	71.3124
1169	0.0709575	8.66542	2.16808	71.3453
1170	0.0700721	8.66377	2.17184	71.3783
1171	0.0725079	8.66219	2.16697	71.4112
1172	0.0728368	8.66062	2.16916	71.4441
1173	0.0726367	8.65906	2.17141	71.477
1174	0.0713571	8.65746	2.1742	71.51
1175	0.0740457	8.65594	2.178	71.5431
1176	0.0752092	8.65445	2.17532	71.5761
1177	0.0754259	8.65298	2.17206	71.609
1178	0.0774431	8.65157	2.16629	71.6417
1179	0.0782422	8.65018	2.16901	71.6745
1180	0.0785187	8.6488	2.17078	71.7073
1181	0.0790628	8.64744	2.1723	71.7402
1182	0.080584	8.64613	2.17451	71.7731
1183	0.0817265	8.64486	2.16918	71.8058
1184	0.0832068	8.64363	2.16232	71.8383
1185	0.084897	8.64245	2.16182	71.8708
1186	0.0859549	8.64131	2.16041	71.9032
1187	0.0867659	8.64019	2.15801	71.9355
1188	0.0848373	8.63902	2.15745	71.9678
1189	0.0830902	8.6378	2.16004	72.0002
1190	0.0830203	8.63658	2.15962	72.0326
1191	0.0835874	8.63538	2.15455	72.0647
1192	0.0821948	8.63414	2.14483	72.0966
1193	0.0810399	8.63287	2.14398	72.1285
1194	0.0780074	8.63152	2.14379	72.1603
1195	0.07591	8.6301	2.13464	72.1919
1196	0.0749422	8.62867	2.1208	72.223
1197	0.0742996	8.62721	2.10372	72.2536
1198	0.0746784	8.62577	2.09252	72.2839
1199	0.0743217	8.62433	2.08853	72.3141
1200	0.0736604	8.62286	2.09064	72.3443
1201	0.0720009	8.62135	2.09674	72.3747
1202	0.0707613	8.61981	2.09524	72.405
1203	0.0730143	8.61834	2.09359	72.4353
1204	0.0751438	8.61693	2.09865	72.4657
1205	0.0764492	8.61556	2.09951	72.4961
1206	0.0757851	8.61417	2.10347	72.5266
1207	0.076168	8.6128	2.10394	72.5571
1208	0.0763733	8.61144	2.09343	72.5873
1209	0.0765437	8.61008	2.08943	72.6173
1210	0.075557	8.6087	2.08611	72.6473
1211	0.0738149	8.60727	2.08	72.6771
1212	0.0732365	8.60582	2.06356	72.7064
1213	0.0724336	8.60436	2.06254	72.7356
1214	0.0716384	8.60287	2.06315	72.7648
1215	0.0704843	8.60136	2.06166	72.794
1216	0.0706676	8.59985	2.05561	72.8231
1217	0.0717174	8.59838	2.05327	72.852
1218	0.0714769	8.5969	2.05339	72.8809
1219	0.0715259	8.59543	2.05518	72.9099
1220	0.0740405	8.59403	2.06174	72.939
1221	0.0762857	8.59269	2.06347	72.9682
1222	0.0774381	8.5914	2.06281	72.9973
1223	0.0764897	8.59007	2.06028	73.0264
1224	0.0754017	8.58872	2.06064	73.0555
1225	0.0758252	8.58739	2.06078	73.0845
1226	0.0736952	8.58599	2.06825	73.1138
1227	0.0721185	8.58456	2.07083	73.1431
1228	0.0711384	8.5831	2.07303	73.1725
1229	0.0713023	8.58164	2.07737	73.202
1230	0.0718363	8.5802	2.07803	73.2314
1231	0.0717578	8.57877	2.07987	73.261
1232	0.0727874	8.57736	2.08447	73.2906
1233	0.0717292	8.57593	2.0892	73.3204
1234	0.0715697	8.5745	2.09135	73.3502
1235	0.0714561	8.57306	2.08916	73.38
1236	0.0699362	8.57159	2.08802	73.4097
1237	0.0676724	8.57005	2.0893	73.4394
1238	0.0656433	8.56846	2.09036	73.4691
1239	0.0658324	8.56687	2.08979	73.4988
1240	0.0672957	8.56533	2.08978	73.5285
1241	0.0674972	8.5638	2.08985	73.5582
1242	0.0675606	8.56227	2.08574	73.5878
1243	0.0675004	8.56075	2.09049	73.6175
1244	0.0679764	8.55924	2.09003	73.6472
1245	0.0695149	8.55777	2.09462	73.6769
1246	0.0689319	8.55629	2.09949	73.7068
1247	0.0690332	8.55482	2.09668	73.7367
1248	0.0696321	8.55337	2.08759	73.7662
1249	0.0712224	8.55196	2.08489	73.7957
1250	0.0729911	8.55061	2.08424	73.8251
1251	0.0742189	8.54929	2.08608	73.8546
1252	0.0755	8.54802	2.08338	73.8839
1253	0.077414	8.5468	2.08793	73.9134
1254	0.0792816	8.54563	2.09336	73.9431
1255	0.0784626	8.54444	2.0957	73.9728
1256	0.0780584	8.54325	2.10074	74.0026
1257	0.0795189	8.54209	2.10718	74.0326
1258	0.0798041	8.54095	2.10883	74.0626
1259	0.0821811	8.53988	2.10962	74.0926
1260	0.0832341	8.53884	2.10802	74.1226
1261	0.084211	8.53783	2.10496	74.1525
1262	0.0823974	8.53677	2.10593	74.1824
1263	0.0803637	8.53565	2.11038	74.2124
1264	0.0805938	8.53454	2.11301	74.2425
1265	0.0813911	8.53346	2.11506	74.2726
1266	0.08246	8.53241	2.11825	74.3028
1267	0.0841972	8.53141	2.117	74.3329
1268	0.085219	8.53045	2.11675	74.3631
1269	0.0875821	8.52955	2.12314	74.3933
1270	0.0883249	8.52867	2.12264	74.4236
1271	0.0882089	8.52779	2.11934	74.4538
1272	0.0881887	8.52691	2.12107	74.484
1273	0.090639	8.52611	2.12144	74.5142
1274	0.0920073	8.52534	2.12159	74.5444
1275	0.0931453	8.52461	2.12327	74.5746
1276	0.0932066	8.52388	2.12423	74.6048
1277	0.0932055	8.52315	2.11916	74.6349
1278	0.093979	8.52245	2.10939	74.6647
1279	0.0917628	8.52169	2.11143	74.6946
1280	0.0918346	8.52093	2.10757	74.7243
1281	0.0922695	8.52018	2.10628	74.754
1282	0.0923378	8.51944	2.10685	74.7836
1283	0.0936328	8.51874	2.10821	74.8133
1284	0.0947135	8.51807	2.1117	74.8431
1285	0.0951822	8.51741	2.11698	74.8731
1286	0.0958209	8.51677	2.12209	74.9031
1287	0.0949497	8.51611	2.12447	74.9332
1288	0.0932147	8.51541	2.12533	74.9634
1289	0.0919475	8.51467	2.12049	74.9933
1290	0.0908844	8.5139	2.11516	75.0232
1291	0.0901036	8.51311	2.11681	75.053
1292	0.0871636	8.51225	2.12147	75.083
1293	0.0870102	8.51138	2.12044	75.1129
1294	0.0873696	8.51052	2.12485	75.1429
1295	0.0858169	8.50962	2.13009	75.1731
1296	0.0829676	8.50864	2.13842	75.2035
1297	0.0820692	8.50765	2.14072	75.2339
1298	0.0829242	8.50667	2.1417	75.2644
1299	0.0825202	8.50569	2.14106	75.2948
1300	0.0835566	8.50474	2.13975	75.3252
1301	0.0850138	8.50383	2.13686	75.3555
1302	0.0857711	8.50294	2.13551	75.3857
1303	0.0866109	8.50208	2.13416	75.4159
1304	0.086454	8.50122	2.13731	75.4462
1305	0.0869699	8.50037	2.13493	75.4764
1306	0.0880104	8.49956	2.13787	75.5066
1307	0.0891614	8.49877	2.13691	75.5369
1308	0.0900279	8.49802	2.1338	75.567
1309	0.0914676	8.4973	2.13157	75.597
1310	0.0936478	8.49665	2.13099	75.627
1311	0.0939634	8.496	2.13189	75.6571
1312	0.0942274	8.49537	2.1349	75.6872
1313	0.0959461	8.49479	2.14141	75.7174
1314	0.0957023	8.4942	2.1458	75.7478
1315	0.0944877	8.49357	2.14758	75.7782
1316	0.0946221	8.49296	2.15172	75.8087
1317	0.0937546	8.49232	2.15103	75.8392
1318	0.0911913	8.49161	2.15077	75.8697
1319	0.0892506	8.49085	2.15163	75.9002
1320	0.0889103	8.49009	2.14715	75.9305
1321	0.0883807	8.48931	2.15054	75.9609
1322	0.0897681	8.48857	2.15363	75.9914
1323	0.0905557	8.48785	2.15951	76.0221
1324	0.0886802	8.48708	2.15924	76.0527
1325	0.0879247	8.4863	2.16126	76.0834
1326	0.0869079	8.48549	2.16186	76.114
1327	0.0882258	8.48472	2.1574	76.1446
1328	0.087892	8.48394	2.15523	76.175
1329	0.0872468	8.48314	2.15384	76.2055
1330	0.0874624	8.48235	2.15374	76.2359
1331	0.0877912	8.48157	2.15098	76.2662
1332	0.0868755	8.48077	2.15016	76.2965
1333	0.0858462	8.47995	2.14855	76.3267
1334	0.0851958	8.4791	2.14583	76.3568
1335	0.0855657	8.47827	2.14615	76.3869
1336	0.0865178	8.47747	2.14281	76.417
1337	0.0877133	8.4767	2.13606	76.4468
1338	0.0871373	8.47591	2.13234	76.4765
1339	0.0869083	8.47513	2.12732	76.5061
1340	0.0873749	8.47435	2.12292	76.5355
1341	0.0870142	8.47357	2.12621	76.5651
1342	0.0876141	8.47281	2.12996	76.5947
1343	0.0882033	8.47206	2.13017	76.6243
1344	0.0885004	8.47133	2.12447	76.6537
1345	0.0878819	8.47058	2.12008	76.683
1346	0.087564	8.46982	2.12112	76.7123
1347	0.086846	8.46905	2.1247	76.7418
1348	0.0867252	8.46827	2.12892	76.7713
1349	0.0862823	8.46748	2.13159	76.8008
1350	0.0871539	8.46672	2.13569	76.8305
1351	0.0865889	8.46594	2.13966	76.8603
1352	0.0855342	8.46514	2.14306	76.8901
1353	0.0863056	8.46436	2.14402	76.92
1354	0.0858711	8.46357	2.13874	76.9497
1355	0.0850088	8.46276	2.13658	76.9794
1356	0.0847647	8.46194	2.13908	77.0091
1357	0.0831618	8.46109	2.13568	77.0387
1358	0.083945	8.46025	2.13878	77.0683
1359	0.0849305	8.45945	2.1418	77.0981
1360	0.0845674	8.45863	2.14192	77.1278
1361	0.0840247	8.4578	2.13894	77.1574
1362	0.0840616	8.45698	2.1424	77.1871
1363	0.0832849	8.45613	2.14603	77.217
1364	0.0817152	8.45525	2.15069	77.2469
1365	0.0807635	8.45434	2.15302	77.2769
1366	0.0813709	8.45345	2.15621	77.3069
1367	0.0815602	8.45257	2.14865	77.3367
1368	0.0809465	8.45167	2.14729	77.3665
1369	0.0804031	8.45076	2.146	77.3963
1370	0.0796769	8.44983	2.14265	77.4259
1371	0.0793747	8.44889	2.14471	77.4556
1372	0.0792387	8.44795	2.14406	77.4852
1373	0.0808348	8.44706	2.1431	77.5148
1374	0.0821088	8.4462	2.14764	77.5446
1375	0.0839207	8.4454	2.1528	77.5744
1376	0.0844745	8.44461	2.15389	77.6043
1377	0.083611	8.4438	2.15756	77.6342
1378	0.0831645	8.44298	2.16123	77.6643
1379	0.0829891	8.44215	2.15897	77.6943
1380	0.0832363	8.44134	2.16026	77.7242
1381	0.0846066	8.44056	2.16193	77.7543
1382	0.0855566	8.43981	2.16496	77.7844
1383	0.0853481	8.43906	2.16439	77.8144
1384	0.0847114	8.43829	2.16224	77.8445
1385	0.0847618	8.43752	2.16411	77.8745
1386	0.0853397	8.43677	2.16415	77.9045
1387	0.0843236	8.436	2.16315	77.9345
1388	0.0833096	8.4352	2.15855	77.9644
1389	0.082926	8.43439	2.15426	77.9941
1390	0.0845381	8.43362	2.15315	78.0238
1391	0.084688	8.43286	2.14221	78.0532
1392	0.0836135	8.43208	2.1377	78.0824
1393	0.0815058	8.43124	2.13857	78.1117
1394	0.0796825	8.43035	2.13951	78.141
1395	0.0804953	8.42948	2.1414	78.1703
1396	0.0806797	8.42863	2.13783	78.1995
1397	0.0816424	8.4278	2.13776	78.2287
1398	0.0831329	8.42701	2.1354	78.2578
1399	0.0826452	8.42621	2.13519	78.287
1400	0.0820691	8.42539	2.13142	78.316
1401	0.0815607	8.42457	2.1232	78.3447
1402	0.0820123	8.42376	2.12436	78.3735
1403	0.0829331	8.42297	2.12295	78.4023
1404	0.0827844	8.42218	2.12051	78.4309
1405	0.0826995	8.42139	2.12049	78.4596
1406	0.0842511	8.42065	2.11411	78.4881
1407	0.0835853	8.41989	2.11213	78.5165
1408	0.0822214	8.41909	2.11473	78.5449
1409	0.0833941	8.41833	2.11958	78.5735
1410	0.0829724	8.41755	2.12357	78.6022
1411	0.0825078	8.41677	2.12185	78.6308
1412	0.0817735	8.41597	2.12611	78.6596
1413	0.0820762	8.41517	2.1259	78.6883
1414	0.0833066	8.41442	2.12355	78.7169
1415	0.0828791	8.41365	2.11727	78.7454
1416	0.0832114	8.41289	2.11653	78.7738
1417	0.0842396	8.41216	2.1166	78.8023
1418	0.0841937	8.41143	2.11419	78.8306
1419	0.0856295	8.41075	2.11259	78.8589
1420	0.0859796	8.41007	2.11225	78.8872
1421	0.087263	8.40942	2.11377	78.9155
1422	0.0864147	8.40876	2.11351	78.9438
1423	0.0866742	8.40811	2.11468	78.9721
1424	0.0869715	8.40746	2.11384	79.0004
1425	0.0875769	8.40683	2.11459	79.0287
1426	0.0880691	8.40622	2.11109	79.0569
1427	0.0878532	8.4056	2.10858	79.085
1428	0.0875676	8.40498	2.10528	79.113
1429	0.0876554	8.40436	2.10785	79.1411
1430	0.0880033	8.40375	2.10612	79.1691
1431	0.0871141	8.40312	2.11068	79.1972
1432	0.0861497	8.40246	2.11489	79.2254
1433	0.0858274	8.4018	2.11824	79.2538
1434	0.0871845	8.40117	2.11866	79.2821
1435	0.0870193	8.40055	2.11708	79.3103
1436	0.0846059	8.39986	2.12299	79.3387
1437	0.083187	8.39913	2.12499	79.3672
1438	0.0839099	8.39842	2.12654	79.3956
1439	0.0845129	8.39774	2.12908	79.4242
1440	0.0841399	8.39704	2.1281	79.4527
1441	0.0833756	8.39632	2.12629	79.4811
1442	0.082149	8.39558	2.12854	79.5096
1443	0.0825047	8.39484	2.13176	79.5382
1444	0.0823835	8.39411	2.13521	79.5668
1445	0.080781	8.39333	2.13799	79.5955
1446	0.0784475	8.39249	2.14428	79.6244
1447	0.0766746	8.39161	2.14892	79.6533
1448	0.077058	8.39074	2.1511	79.6824
1449	0.0771568	8.38987	2.14999	79.7113
1450	0.0771506	8.38901	2.14983	79.7403
1451	0.0790912	8.38819	2.15242	79.7693
1452	0.0799221	8.38741	2.15132	79.7983
1453	0.0787218	8.38659	2.14986	79.8273
1454	0.0793652	8.38579	2.15021	79.8562
1455	0.0808569	8.38503	2.14743	79.885
1456	0.0824568	8.38431	2.1447	79.9138
1457	0.0841845	8.38364	2.14736	79.9426
1458	0.0853988	8.383	2.14943	79.9715
1459	0.0857928	8.38238	2.15286	80.0005
1460	0.087563	8.3818	2.15912	80.0296
1461	0.0882403	8.38124	2.15374	80.0585
1462	0.0881239	8.38068	2.15299	80.0874
1463	0.0859261	8.38007	2.15668	80.1164
1464	0.0832869	8.37938	2.15773	80.1455
1465	0.0803762	8.37863	2.16239	80.1746
1466	0.0790075	8.37783	2.16331	80.2037
1467	0.0779962	8.37702	2.16362	80.2329
1468	0.0769178	8.37617	2.16269	80.262
1469	0.0754194	8.37529	2.16501	80.2912
1470	0.0735009	8.37436	2.16515	80.3203
1471	0.0724144	8.37341	2.16386	80.3494
1472	0.073515	8.37248	2.16457	80.3786
1473	0.0735287	8.37156	2.16275	80.4076
1474	0.0729557	8.37062	2.16115	80.4366
1475	0.0736071	8.3697	2.16065	80.4656
1476	0.073639	8.36878	2.16196	80.4946
1477	0.0731739	8.36786	2.1643	80.5237
1478	0.0730752	8.36693	2.16505	80.5528
1479	0.0725572	8.36599	2.16399	80.5818
1480	0.0725695	8.36505	2.16268	80.6108
1481	0.0734291	8.36414	2.16569	80.6398
1482	0.0731269	8.36322	2.16797	80.6689
1483	0.0734349	8.36231	2.16676	80.698
1484	0.0742643	8.36142	2.16754	80.7271
1485	0.0732969	8.36051	2.16976	80.7562
1486	0.073156	8.35959	2.16804	80.7852
1487	0.0709631	8.35862	2.16558	80.8142
1488	0.068906	8.3576	2.16378	80.8432
1489	0.0671962	8.35654	2.1663	80.8722
1490	0.0662495	8.35546	2.17066	80.9012
1491	0.0650909	8.35434	2.17365	80.9304
1492	0.0651997	8.35323	2.17591	80.9596
1493	0.0656075	8.35213	2.17762	80.9888
1494	0.0653706	8.35103	2.17829	81.0181
1495	0.0647894	8.34992	2.17861	81.0473
1496	0.0638173	8.34878	2.18065	81.0766
1497	0.0644277	8.34766	2.1791	81.1059
1498	0.0653627	8.34656	2.18359	81.1352
1499	0.065854	8.34548	2.185	81.1646
1500	0.0668856	8.34443	2.18628	81.1939
1501	0.067276	8.34339	2.1881	81.2234
1502	0.0668998	8.34234	2.18403	81.2527
1503	0.067172	8.3413	2.18315	81.282
1504	0.0674789	8.34027	2.1807	81.3112
1505	0.0657637	8.33919	2.18271	81.3404
1506	0.063942	8.33807	2.18287	81.3696
1507	0.0617313	8.3369	2.1843	81.3989
1508	0.0610259	8.33571	2.17936	81.428
1509	0.0619137	8.33454	2.18042	81.4572
1510	0.0622837	8.33339	2.18393	81.4864
1511	0.0622274	8.33223	2.18407	81.5156
1512	0.0628612	8.3311	2.18426	81.5448
1513	0.0631474	8.32997	2.1837	81.574
1514	0.0632313	8.32885	2.18546	81.6032
1515	0.0634743	8.32773	2.18846	81.6325
1516	0.0650666	8.32666	2.18674	81.6618
1517	0.0655578	8.3256	2.1865	81.691
1518	0.0669035	8.32457	2.18427	81.7201
1519	0.0661784	8.32353	2.18491	81.7493
1520	0.066694	8.32251	2.18843	81.7785
1521	0.0687605	8.32154	2.18877	81.8077
1522	0.0704512	8.32061	2.19012	81.837
1523	0.070866	8.3197	2.18755	81.8662
1524	0.0699284	8.31876	2.18873	81.8954
1525	0.0690734	8.31781	2.19076	81.9246
1526	0.0682182	8.31683	2.18989	81.9538
1527	0.0669903	8.31582	2.19415	81.9831
1528	0.0673743	8.31483	2.19337	82.0124
1529	0.0678736	8.31384	2.19549	82.0417
1530	0.0676087	8.31286	2.19639	82.0711
1531	0.066746	8.31185	2.19823	82.1005
1532	0.0664995	8.31084	2.20149	82.1299
1533	0.0658925	8.30981	2.20237	82.1594
1534	0.0673556	8.30883	2.205	82.1889
1535	0.0687542	8.30788	2.20199	82.2183
1536	0.0683862	8.30692	2.20283	82.2477
1537	0.066552	8.30592	2.20415	82.2772
1538	0.0662748	8.30491	2.20722	82.3067
1539	0.0645806	8.30386	2.21377	82.3364
1540	0.0655552	8.30284	2.21522	82.3661
1541	0.0662777	8.30183	2.21891	82.3959
1542	0.0652882	8.3008	2.22277	82.4258
1543	0.0645735	8.29976	2.22293	82.4557
1544	0.0630171	8.29868	2.22327	82.4855
1545	0.0613031	8.29755	2.22198	82.5154
1546	0.0601306	8.2964	2.22092	82.5451
1547	0.0604731	8.29526	2.2222	82.575
1548	0.0611752	8.29414	2.22352	82.6048
1549	0.0598648	8.29298	2.22277	82.6346
1550	0.0586782	8.2918	2.22333	82.6644
1551	0.0595126	8.29064	2.2226	82.6942
1552	0.0601484	8.2895	2.22328	82.724
1553	0.0607355	8.28837	2.22366	82.7538
1554	0.0613322	8.28726	2.22408	82.7836
1555	0.0614316	8.28616	2.22455	82.8133
1556	0.0617018	8.28506	2.22454	82.8431
1557	0.060662	8.28394	2.22736	82.873
1558	0.06198	8.28286	2.22881	82.9028
1559	0.0620763	8.28177	2.22803	82.9327
1560	0.0632393	8.28072	2.23002	82.9625
1561	0.0633345	8.27967	2.22886	82.9924
1562	0.0635676	8.27863	2.2266	83.0221
1563	0.0618584	8.27755	2.22759	83.0519
1564	0.060785	8.27645	2.22119	83.0815
1565	0.0607428	8.27534	2.21528	83.111
1566	0.0614197	8.27425	2.20777	83.1402
1567	0.0630373	8.2732	2.20856	83.1695
1568	0.0648196	8.27221	2.20599	83.1987
1569	0.0651396	8.27122	2.20268	83.2277
1570	0.0654734	8.27024	2.20118	83.2568
1571	0.0668575	8.26929	2.19949	83.2858
1572	0.0680043	8.26838	2.19511	83.3146
1573	0.0681376	8.26747	2.18641	83.3433
1574	0.0686674	8.26658	2.18255	83.3718
1575	0.0703689	8.26573	2.18476	83.4004
1576	0.0706348	8.26489	2.18658	83.429
1577	0.0713514	8.26406	2.1878	83.4576
1578	0.071661	8.26325	2.18712	83.4862
1579	0.0718398	8.26244	2.18331	83.5148
1580	0.071202	8.26162	2.18322	83.5432
1581	0.0720223	8.26082	2.18136	83.5717
1582	0.0711194	8.26	2.174	83.5999
1583	0.0702298	8.25916	2.17481	83.6282
1584	0.0699022	8.25831	2.17406	83.6564
1585	0.0703034	8.25747	2.17497	83.6846
1586	0.0701562	8.25663	2.17313	83.7128
1587	0.0697458	8.25579	2.17197	83.7409
1588	0.0690991	8.25492	2.17409	83.7691
1589	0.068735	8.25405	2.17703	83.7974
1590	0.0689431	8.25319	2.17755	83.8256
1591	0.0690802	8.25233	2.17907	83.8539
1592	0.0694623	8.25148	2.1815	83.8822
1593	0.0711637	8.25067	2.17993	83.9105
1594	0.0726152	8.2499	2.18376	83.9389
1595	0.0736363	8.24916	2.18851	83.9674
1596	0.074178	8.24844	2.18973	83.9959
1597	0.0740072	8.24771	2.19149	84.0244
1598	0.0735687	8.24697	2.19556	84.053
1599	0.0729984	8.24622	2.19857	84.0817
1600	0.0724645	8.24545	2.19865	84.1104
1601	0.0735584	8.24472	2.20166	84.1392
1602	0.0742657	8.244	2.20385	84.168
1603	0.075089	8.24331	2.20573	84.1968
1604	0.0749441	8.24261	2.20555	84.2256
1605	0.0726612	8.24186	2.21043	84.2546
1606	0.072514	8.2411	2.21322	84.2835
1607	0.0716862	8.24033	2.21611	84.3126
1608	0.0711802	8.23954	2.22027	84.3417
1609	0.0695762	8.23872	2.22554	84.371
1610	0.0684909	8.23787	2.22646	84.4003
1611	0.0687011	8.23703	2.22402	84.4295
1612	0.0695757	8.23621	2.22354	84.4587
1613	0.0690998	8.23538	2.22509	84.4879
1614	0.0690309	8.23454	2.22325	84.5171
1615	0.068062	8.23369	2.22432	84.5462
1616	0.0668918	8.23281	2.22646	84.5755
1617	0.0678195	8.23195	2.22601	84.6047
1618	0.0675445	8.23109	2.21958	84.6337
1619	0.0671225	8.23022	2.218	84.6627
1620	0.0673151	8.22935	2.22116	84.6917
1621	0.0667325	8.22847	2.22361	84.7208
1622	0.0653824	8.22756	2.22364	84.7499
1623	0.0635075	8.2266	2.22966	84.7791
1624	0.0617674	8.22561	2.23379	84.8085
1625	0.0603558	8.22457	2.23532	84.8378
1626	0.0595516	8.22352	2.23873	84.8672
1627	0.0584247	8.22245	2.24017	84.8967
1628	0.0577875	8.22135	2.23457	84.926
1629	0.0573207	8.22025	2.23567	84.9553
1630	0.0559012	8.21912	2.23855	84.9847
1631	0.0553929	8.21797	2.24078	85.0141
1632	0.0558751	8.21684	2.2378	85.0435
1633	0.0562157	8.21572	2.23592	85.0727
1634	0.0556861	8.21458	2.23154	85.1019
1635	0.056138	8.21346	2.22868	85.131
1636	0.055852	8.21233	2.22687	85.16
1637	0.0546757	8.21118	2.22387	85.189
1638	0.0532452	8.20999	2.21945	85.2178
1639	0.0527279	8.20879	2.21735	85.2466
1640	0.0525415	8.20758	2.21583	85.2753
1641	0.0522335	8.20637	2.21719	85.304
1642	0.0521811	8.20517	2.21699	85.3328
1643	0.0511335	8.20393	2.21854	85.3615
1644	0.0507579	8.20269	2.21974	85.3903
1645	0.0511686	8.20146	2.22082	85.4191
1646	0.0511572	8.20023	2.22059	85.4479
1647	0.0509546	8.199	2.22151	85.4767
1648	0.0508754	8.19777	2.22169	85.5055
1649	0.0509811	8.19654	2.21818	85.5342
1650	0.0514043	8.19532	2.21583	85.5628
1651	0.0527295	8.19414	2.21066	85.5913
1652	0.0545683	8.193	2.20661	85.6196
1653	0.054918	8.19188	2.20107	85.6479
1654	0.0539582	8.19073	2.19718	85.676
1655	0.0546417	8.1896	2.19586	85.7041
1656	0.0535999	8.18845	2.19086	85.7321
1657	0.0537979	8.1873	2.18644	85.7599
1658	0.0534648	8.18615	2.18112	85.7876
1659	0.0540521	8.18501	2.17306	85.8151
1660	0.0547468	8.18389	2.17152	85.8425
1661	0.0553878	8.18279	2.17072	85.8699
1662	0.05673	8.18172	2.16617	85.8972
1663	0.0573677	8.18067	2.15996	85.9244
1664	0.057451	8.17962	2.15572	85.9514
1665	0.0570943	8.17856	2.15304	85.9783
1666	0.0572934	8.17751	2.15151	86.0052
1667	0.0571593	8.17646	2.14949	86.0321
1668	0.0577574	8.17543	2.14864	86.0589
1669	0.0571855	8.17438	2.14731	86.0857
1670	0.0582735	8.17336	2.14971	86.1125
1671	0.0583373	8.17234	2.15169	86.1394
1672	0.0572058	8.1713	2.15537	86.1663
1673	0.0559283	8.17023	2.15816	86.1933
1674	0.0552585	8.16914	2.15922	86.2204
1675	0.0546318	8.16804	2.16338	86.2475
1676	0.0546048	8.16694	2.16117	86.2745
1677	0.0545538	8.16583	2.16083	86.3016
1678	0.0545953	8.16474	2.16103	86.3286
1679	0.0550163	8.16365	2.16033	86.3556
1680	0.0556463	8.16258	2.16296	86.3827
1681	0.055131	8.1615	2.16459	86.4098
1682	0.0553986	8.16042	2.16726	86.4369
1683	0.0542065	8.15932	2.16856	86.4641
1684	0.0534504	8.1582	2.17265	86.4914
1685	0.0515245	8.15704	2.17542	86.5187
1686	0.0510101	8.15586	2.17604	86.546
1687	0.0508897	8.15469	2.17444	86.5733
1688	0.0520014	8.15354	2.17792	86.6007
1689	0.053868	8.15244	2.17818	86.628
1690	0.0534868	8.15133	2.17339	86.6553
1691	0.0529611	8.15021	2.16972	86.6824
1692	0.0526853	8.14908	2.16708	86.7095
1693	0.0518644	8.14794	2.16598	86.7365
1694	0.0514478	8.14679	2.1637	86.7635
1695	0.0526659	8.14566	2.1613	86.7904
1696	0.053061	8.14455	2.15763	86.8172
1697	0.0537068	8.14346	2.1579	86.844
1698	0.053887	8.14237	2.15559	86.8707
1699	0.0543469	8.14129	2.15487	86.8974
1700	0.0549516	8.14023	2.15548	86.9241
1701	0.055313	8.13918	2.1532	86.9508
1702	0.055657	8.13814	2.14742	86.9773
1703	0.0573555	8.13715	2.14989	87.0038
1704	0.0570418	8.13614	2.14966	87.0304
1705	0.0586448	8.13518	2.15164	87.057
1706	0.0594389	8.13423	2.14895	87.0835
1707	0.0609454	8.13333	2.15071	87.11
1708	0.0630143	8.13247	2.15554	87.1367
1709	0.0640646	8.13164	2.1565	87.1633
1710	0.064491	8.13083	2.15603	87.19
1711	0.0636305	8.12999	2.15673	87.2166
1712	0.0631392	8.12914	2.15921	87.2433
1713	0.0639906	8.12832	2.16233	87.2701
1714	0.0631314	8.12748	2.16437	87.2969
1715	0.0629471	8.12663	2.16741	87.3238
1716	0.0621461	8.12576	2.17087	87.3508
1717	0.0626774	8.12491	2.17188	87.3777
1718	0.0624115	8.12405	2.17225	87.4047
1719	0.0617505	8.12318	2.17411	87.4317
1720	0.060948	8.12229	2.1762	87.4588
1721	0.0596312	8.12137	2.17788	87.4859
1722	0.0596056	8.12045	2.17692	87.5129
1723	0.060144	8.11954	2.17525	87.5399
1724	0.0608748	8.11865	2.17804	87.567
1725	0.0599061	8.11775	2.18087	87.5941
1726	0.0593515	8.11682	2.18376	87.6213
1727	0.0594905	8.11591	2.18128	87.6484
1728	0.0597515	8.115	2.1836	87.6756
1729	0.0605366	8.11411	2.18637	87.7028
1730	0.0625881	8.11327	2.19285	87.7302
1731	0.0632399	8.11245	2.19555	87.7576
1732	0.0638489	8.11164	2.19636	87.785
1733	0.0644882	8.11085	2.19645	87.8124
1734	0.0645392	8.11006	2.19167	87.8398
1735	0.0665739	8.10933	2.19562	87.8671
1736	0.0685095	8.10864	2.19613	87.8945
1737	0.0695357	8.10797	2.18929	87.9218
1738	0.0703031	8.10733	2.19055	87.949
1739	0.0712534	8.10671	2.19361	87.9763
1740	0.0718301	8.1061	2.19372	88.0036
1741	0.0716831	8.10549	2.19496	88.031
1742	0.0718072	8.10489	2.19346	88.0582
1743	0.0725847	8.1043	2.19445	88.0855
1744	0.0724676	8.10372	2.19432	88.1128
1745	0.0732211	8.10315	2.19454	88.1401
1746	0.0747441	8.10262	2.19687	88.1674
1747	0.0768389	8.10214	2.20093	88.1948
1748	0.0784049	8.1017	2.20252	88.2223
1749	0.0795168	8.10128	2.19605	88.2496
1750	0.0787233	8.10085	2.19229	88.2768
1751	0.0796481	8.10044	2.19258	88.304
1752	0.0797052	8.10004	2.19433	88.3312
1753	0.0784613	8.0996	2.19534	88.3584
1754	0.0771174	8.09914	2.19804	88.3857
1755	0.0756293	8.09863	2.19898	88.413
1756	0.0750807	8.09812	2.2017	88.4404
1757	0.0755439	8.09762	2.20513	88.4678
1758	0.0745176	8.0971	2.20954	88.4953
1759	0.0734823	8.09655	2.21365	88.523
1760	0.0723114	8.09597	2.21697	88.5506
1761	0.071378	8.09538	2.21921	88.5784
1762	0.0718767	8.09479	2.22204	88.6062
1763	0.0710949	8.09419	2.22508	88.634
1764	0.0704741	8.09358	2.22811	88.662
1765	0.0706349	8.09297	2.22717	88.6898
1766	0.0704486	8.09235	2.22861	88.7178
1767	0.0707147	8.09175	2.23115	88.7457
1768	0.0712876	8.09115	2.23312	88.7737
1769	0.0713331	8.09056	2.2345	88.8018
1770	0.0719765	8.08999	2.23492	88.8298
1771	0.0729225	8.08944	2.23685	88.8579
1772	0.0734539	8.08891	2.23575	88.8859
1773	0.0741402	8.08839	2.2305	88.9138
1774	0.0741681	8.08787	2.22705	88.9416
1775	0.07331	8.08733	2.22342	88.9693
1776	0.0739356	8.08681	2.22003	88.997
1777	0.0741728	8.0863	2.21742	89.0245
1778	0.0749293	8.0858	2.21415	89.052
1779	0.0758128	8.08533	2.21102	89.0794
1780	0.0754661	8.08484	2.21049	89.1067
1781	0.0750441	8.08435	2.2099	89.1341
1782	0.0741983	8.08385	2.2116	89.1615
1783	0.0733669	8.08332	2.21396	89.1889
1784	0.0725804	8.08277	2.21546	89.2163
1785	0.0712766	8.0822	2.21625	89.2438
1786	0.070215	8.0816	2.21664	89.2713
1787	0.0692404	8.08097	2.21855	89.2988
1788	0.0677796	8.08032	2.22294	89.3263
1789	0.0673134	8.07965	2.22283	89.3539
1790	0.0675047	8.07899	2.22356	89.3815
1791	0.067401	8.07833	2.2255	89.4091
1792	0.06615	8.07764	2.22681	89.4368
1793	0.0652453	8.07693	2.22806	89.4645
1794	0.0647137	8.07621	2.22662	89.4921
1795	0.0641201	8.07547	2.22629	89.5197
1796	0.06421	8.07474	2.22373	89.5473
1797	0.0643425	8.07401	2.22097	89.5747
1798	0.0646324	8.07329	2.2207	89.6022
1799	0.0658598	8.07261	2.22539	89.6298
1800	0.0676204	8.07196	2.22926	89.6574
1801	0.0688418	8.07134	2.23269	89.6851
1802	0.0696298	8.07074	2.23549	89.7129
1803	0.0704854	8.07017	2.23475	89.7406
1804	0.0711597	8.06961	2.23532	89.7684
1805	0.071618	8.06906	2.23527	89.7961
1806	0.071152	8.0685	2.23527	89.8239
1807	0.0698992	8.06791	2.23116	89.8515
1808	0.0689965	8.0673	2.23321	89.8791
1809	0.0682985	8.06668	2.23648	89.9069
1810	0.0696743	8.06609	2.24042	89.9347
1811	0.0704853	8.06552	2.24325	89.9626
1812	0.0711567	8.06497	2.2447	89.9905
1813	0.0721967	8.06444	2.24931	90.0185
1814	0.0722224	8.06392	2.25254	90.0466
1815	0.0717747	8.06338	2.25411	90.0747
1816	0.0714241	8.06284	2.25474	90.1028
1817	0.0698746	8.06226	2.25628	90.1309
1818	0.0682383	8.06164	2.25981	90.1591
1819	0.0676383	8.06102	2.26229	90.1874
1820	0.0668358	8.06037	2.26538	90.2157
1821	0.0657325	8.0597	2.26706	90.244
1822	0.0655457	8.05902	2.26785	90.2724
1823	0.065926	8.05836	2.2697	90.3008
1824	0.067632	8.05773	2.2722	90.3292
1825	0.0681619	8.05712	2.27136	90.3576
1826	0.0695786	8.05655	2.27091	90.386
1827	0.0701392	8.05598	2.26561	90.4143
1828	0.0715302	8.05545	2.26282	90.4425
1829	0.0721721	8.05494	2.25813	90.4706
1830	0.0731471	8.05445	2.25702	90.4986
1831	0.0736243	8.05397	2.25621	90.5266
1832	0.0744602	8.05352	2.25655	90.5546
1833	0.0750217	8.05307	2.25441	90.5826
1834	0.0756835	8.05265	2.25314	90.6105
1835	0.0764641	8.05224	2.25111	90.6383
1836	0.0763647	8.05183	2.25191	90.6662
1837	0.0758864	8.05141	2.25284	90.6941
1838	0.0759856	8.05099	2.25578	90.722
1839	0.0748424	8.05055	2.25895	90.75
1840	0.0739176	8.05008	2.25903	90.778
1841	0.0733356	8.04961	2.26167	90.8061
1842	0.0727609	8.04912	2.26394	90.8342
1843	0.0721704	8.04862	2.26692	90.8623
1844	0.0721192	8.04812	2.26839	90.8905
1845	0.0707573	8.04758	2.26891	90.9187
1846	0.0715119	8.04707	2.26577	90.9468
1847	0.0711975	8.04655	2.25883	90.9747
1848	0.0705408	8.04601	2.25667	91.0026
1849	0.0693101	8.04545	2.25767	91.0305
1850	0.0696251	8.0449	2.25913	91.0584
1851	0.0693269	8.04434	2.2592	91.0863
1852	0.068126	8.04375	2.26135	91.1143
1853	0.0671641	8.04314	2.25537	91.1421
1854	0.068171	8.04256	2.25565	91.1699
1855	0.0683847	8.04198	2.25136	91.1976
1856	0.0684858	8.0414	2.25201	91.2253
1857	0.0685278	8.04083	2.25307	91.253
1858	0.0680239	8.04024	2.25248	91.2807
1859	0.0673542	8.03964	2.25319	91.3084
1860	0.0678993	8.03906	2.25604	91.3361
1861	0.068492	8.03849	2.25652	91.3639
1862	0.069539	8.03794	2.25626	91.3917
1863	0.0692059	8.03739	2.25485	91.4194
1864	0.0687247	8.03683	2.2556	91.4471
1865	0.0683859	8.03626	2.25434	91.4748
1866	0.0684202	8.03569	2.25307	91.5024
1867	0.0693561	8.03514	2.25211	91.53
1868	0.0707817	8.03463	2.25381	91.5577
1869	0.0724981	8.03416	2.25355	91.5853
1870	0.0737289	8.03372	2.25374	91.6129
1871	0.0736243	8.03327	2.25552	91.6406
1872	0.0738285	8.03283	2.25729	91.6683
1873	0.073518	8.03239	2.25876	91.696
1874	0.0734103	8.03194	2.26038	91.7237
1875	0.0736625	8.0315	2.25902	91.7514
1876	0.0740159	8.03107	2.25737	91.7791
1877	0.0738747	8.03064	2.25642	91.8067
1878	0.073994	8.03021	2.25934	91.8344
1879	0.0729881	8.02976	2.26168	91.8621
1880	0.0734293	8.02932	2.26251	91.8899
1881	0.0734756	8.02888	2.26288	91.9176
1882	0.0727424	8.02842	2.26323	91.9454
1883	0.0732755	8.02798	2.26374	91.9731
1884	0.0736807	8.02755	2.25944	92.0007
1885	0.0733944	8.02711	2.2579	92.0283
1886	0.0734319	8.02668	2.25557	92.0559
1887	0.0719938	8.02621	2.25727	92.0834
1888	0.0720492	8.02574	2.25854	92.111
1889	0.0707803	8.02525	2.25905	92.1386
1890	0.0689396	8.02471	2.26091	92.1663
1891	0.0681384	8.02416	2.26037	92.1939
1892	0.0675848	8.02359	2.25913	92.2214
1893	0.0691709	8.02306	2.26299	92.2491
1894	0.0694851	8.02254	2.26212	92.2767
1895	0.0692064	8.02202	2.25692	92.3042
1896	0.0695658	8.0215	2.25434	92.3316
1897	0.06874	8.02096	2.25586	92.3591
1898	0.0700812	8.02046	2.25666	92.3865
1899	0.0700821	8.01996	2.25179	92.4139
1900	0.0687858	8.01943	2.25584	92.4413
1901	0.0669185	8.01885	2.2632	92.4689
1902	0.0653931	8.01825	2.26816	92.4966
1903	0.0652593	8.01764	2.2664	92.5242
1904	0.0661881	8.01705	2.26749	92.5519
1905	0.0673071	8.01649	2.27005	92.5796
1906	0.0687586	8.01596	2.27516	92.6074
1907	0.0693434	8.01545	2.27236	92.6352
1908	0.0696642	8.01494	2.27393	92.663
1909	0.0695805	8.01444	2.2758	92.6908
1910	0.0702784	8.01395	2.27422	92.7185
1911	0.0705248	8.01347	2.27466	92.7463
1912	0.0698077	8.01297	2.27229	92.774
1913	0.0702232	8.01248	2.27253	92.8017
1914	0.0699495	8.01199	2.26896	92.8293
1915	0.0713255	8.01153	2.2729	92.857
1916	0.0731331	8.01111	2.27588	92.8848
1917	0.0734538	8.0107	2.27618	92.9125
1918	0.0732457	8.01028	2.27235	92.9402
1919	0.0727918	8.00986	2.27183	92.9678
1920	0.0713566	8.0094	2.27309	92.9955
1921	0.0710055	8.00894	2.27152	93.0231
1922	0.0709933	8.00848	2.26836	93.0507
1923	0.0710484	8.00801	2.26912	93.0782
1924	0.0710957	8.00756	2.27074	93.1058
1925	0.0707898	8.00709	2.27225	93.1334
1926	0.0699059	8.00661	2.27527	93.161
1927	0.0701037	8.00613	2.275	93.1887
1928	0.0698256	8.00564	2.27764	93.2164
1929	0.0698889	8.00516	2.27672	93.2441
1930	0.0699236	8.00468	2.27246	93.2716
1931	0.0693788	8.00418	2.27228	93.2992
1932	0.0690267	8.00368	2.27116	93.3267
1933	0.0684595	8.00317	2.27352	93.3543
1934	0.0674987	8.00264	2.27561	93.3819
1935	0.0667553	8.00209	2.27639	93.4095
1936	0.0651042	8.0015	2.28044	93.4372
1937	0.0641639	8.0009	2.28329	93.4649
1938	0.063105	8.00027	2.28412	93.4927
1939	0.0627634	7.99963	2.28574	93.5205
1940	0.0620381	7.99898	2.28793	93.5483
1941	0.0620799	7.99833	2.28967	93.5762
1942	0.0606025	7.99765	2.29339	93.6041
1943	0.0600156	7.99695	2.28992	93.632
1944	0.0600317	7.99626	2.2893	93.6598
1945	0.0601664	7.99557	2.28888	93.6877
1946	0.0602132	7.99488	2.28848	93.7155
1947	0.0593158	7.99417	2.28724	93.7432
1948	0.0580341	7.99343	2.28783	93.771
1949	0.0581904	7.9927	2.28805	93.7988
1950	0.0572218	7.99195	2.29049	93.8266
1951	0.0563472	7.99118	2.29363	93.8544
1952	0.0565353	7.99041	2.29511	93.8823
1953	0.0561343	7.98964	2.29123	93.9102
1954	0.0559303	7.98886	2.28677	93.9379
1955	0.0564899	7.9881	2.28866	93.9656
1956	0.0569121	7.98734	2.28774	93.9933
1957	0.0575243	7.9866	2.2891	94.021
1958	0.0569849	7.98585	2.29194	94.0488
1959	0.0559577	7.98508	2.29579	94.0767
1960	0.0549358	7.98429	2.30017	94.1046
1961	0.054157	7.98347	2.30237	94.1326
1962	0.0539667	7.98266	2.3049	94.1606
1963	0.053402	7.98183	2.30588	94.1887
1964	0.0531899	7.981	2.30386	94.2167
1965	0.0520793	7.98015	2.30595	94.2447
1966	0.0510755	7.97927	2.30292	94.2727
1967	0.0520012	7.97842	2.29817	94.3006
1968	0.0518974	7.97756	2.29808	94.3284
1969	0.0525991	7.97672	2.29608	94.3562
1970	0.0530136	7.97589	2.29488	94.3839
1971	0.0535123	7.97507	2.29104	94.4116
1972	0.0523279	7.97423	2.28854	94.4392
1973	0.052849	7.9734	2.28837	94.4668
1974	0.0529664	7.97258	2.28824	94.4943
1975	0.0545935	7.97179	2.28871	94.5219
1976	0.0553848	7.97102	2.28728	94.5494
1977	0.0560263	7.97026	2.28384	94.5769
1978	0.0569777	7.96953	2.28258	94.6043
