#	<x>	stDevX	<E>	stDevE
0	3.23745	0	7.40903	0
1	3.1261	3.18177	8.45146	7.93024
2	3.45295	4.62754	10.1165	12.2457
3	3.59072	5.80549	10.2042	15.6669
4	3.20358	6.64432	9.04248	18.0894
5	2.81405	7.23921	8.69315	20.0936
6	2.45307	7.65568	7.7582	21.5817
7	1.82555	7.83918	7.29258	22.8089
8	1.37748	7.88218	7.71729	24.0997
9	0.810047	7.7673	7.90936	25.3783
10	0.386897	7.55436	8.25983	26.6937
11	0.490759	7.39846	7.93502	27.8566
12	0.523632	7.27255	7.2879	28.7992
13	0.514071	7.16123	7.05129	29.6501
14	0.525587	7.06723	6.81546	30.4181
15	0.379376	6.9499	6.96447	31.2037
16	0.244634	6.81316	6.93081	31.9621
17	0.213653	6.68163	6.00771	32.4916
18	0.211162	6.56063	6.00319	33.0144
19	0.25038	6.45796	5.98605	33.5278
20	0.309843	6.3762	6.0585	34.0509
21	0.283456	6.29572	5.99363	34.5543
22	0.276735	6.22014	5.88659	35.0302
23	0.300303	6.15494	5.73906	35.4719
24	0.336179	6.10171	4.88609	35.7429
25	0.415306	6.06788	4.7561	35.9915
26	0.415604	6.03735	4.76842	36.2454
27	0.476351	6.02103	4.87598	36.5216
28	0.430886	5.9987	4.70452	36.7677
29	0.37773	5.96919	4.45241	36.9705
30	0.364311	5.93976	4.12295	37.118
31	0.363013	5.91242	3.80739	37.2149
32	0.399725	5.89351	3.55884	37.2746
33	0.418188	5.87952	3.26635	37.2911
34	0.359837	5.85737	3.1747	37.2993
35	0.365136	5.83781	3.15352	37.3109
36	0.374878	5.8214	3.0223	37.3076
37	0.357008	5.80354	2.85453	37.2838
38	0.359415	5.78744	2.90842	37.2751
39	0.38305	5.77633	2.78886	37.2538
40	0.335673	5.75901	2.82682	37.2442
41	0.332387	5.74241	2.75627	37.2293
42	0.350419	5.72966	2.80556	37.2271
43	0.397755	5.72499	2.8687	37.2392
44	0.447074	5.72839	3.07594	37.286
45	0.392143	5.72436	3.14444	37.3461
46	0.321798	5.71092	3.27611	37.4282
47	0.286902	5.69337	3.40881	37.5315
48	0.271483	5.67458	3.40997	37.6368
49	0.264514	5.65575	3.27002	37.7241
50	0.265601	5.63798	3.29235	37.8164
51	0.262105	5.62057	3.35304	37.9187
52	0.237727	5.60067	3.35911	38.0232
53	0.216636	5.57876	3.32101	38.1239
54	0.211383	5.557	3.14782	38.2028
55	0.217574	5.53689	3.14464	38.2829
56	0.218402	5.51765	3.09961	38.3586
57	0.205423	5.49746	3.15037	38.4424
58	0.206883	5.47819	3.07603	38.518
59	0.207102	5.45964	3.02051	38.5878
60	0.205335	5.44153	2.99657	38.656
61	0.179893	5.42086	3.05366	38.7328
62	0.155963	5.39785	3.05054	38.8105
63	0.149509	5.37473	3.09133	38.8943
64	0.138297	5.3509	3.13603	38.9847
65	0.121481	5.32568	3.21846	39.0859
66	0.11915	5.30084	3.29358	39.197
67	0.113313	5.27594	3.26659	39.3052
68	0.151271	5.25622	3.28905	39.4167
69	0.180042	5.24045	3.25446	39.5244
70	0.197708	5.22724	3.31263	39.6394
71	0.184255	5.21289	3.36779	39.7612
72	0.20906	5.20187	3.39976	39.8869
73	0.231729	5.19384	3.44974	40.0185
74	0.208584	5.18349	3.48334	40.154
75	0.199362	5.17245	3.46142	40.287
76	0.223959	5.16456	3.49808	40.424
77	0.246315	5.15949	3.52386	40.5639
78	0.234453	5.15336	3.46931	40.6975
79	0.227223	5.14671	3.46856	40.8309
80	0.221439	5.13969	3.47529	40.965
81	0.242651	5.13528	3.50134	41.1019
82	0.285483	5.13577	3.54031	41.2428
83	0.295173	5.1375	3.4541	41.3742
84	0.286689	5.13846	3.40141	41.4997
85	0.270465	5.13785	3.28464	41.6127
86	0.269146	5.13727	3.23618	41.7207
87	0.279542	5.13796	3.13982	41.8185
88	0.284811	5.13936	3.06999	41.9091
89	0.285188	5.14095	3.03407	41.9963
90	0.303965	5.14463	3.06461	42.087
91	0.302464	5.14826	3.11842	42.1835
92	0.280901	5.14978	3.13376	42.2818
93	0.262452	5.14954	3.18559	42.3855
94	0.263992	5.1496	3.16175	42.4869
95	0.262956	5.14969	3.14281	42.5865
96	0.288088	5.15245	3.16538	42.6884
97	0.324234	5.15895	3.22669	42.7966
98	0.34223	5.16732	3.22463	42.9046
99	0.36428	5.17793	3.29522	43.0196
100	0.351964	5.18734	3.31083	43.136
101	0.292298	5.1909	3.49357	43.2704
102	0.251656	5.19056	3.51234	43.4063
103	0.231928	5.18842	3.46712	43.5375
104	0.223637	5.18562	3.37155	43.6591
105	0.201982	5.18086	3.30449	43.7741
106	0.172993	5.17347	3.27034	43.8857
107	0.142396	5.16332	3.3175	44.0017
108	0.121937	5.15143	3.33345	44.1191
109	0.114959	5.13909	3.33256	44.2362
110	0.128542	5.12824	3.39069	44.3587
111	0.126292	5.11738	3.37308	44.4793
112	0.121755	5.1063	3.41165	44.6034
113	0.150583	5.09809	3.43704	44.7295
114	0.179329	5.09272	3.52076	44.8632
115	0.202609	5.08965	3.48775	44.9935
116	0.23205	5.0894	3.57494	45.1316
117	0.240277	5.09	3.59266	45.2709
118	0.235332	5.09023	3.60336	45.4109
119	0.249479	5.09183	3.52474	45.5433
120	0.261442	5.0946	3.53775	45.6765
121	0.267394	5.09796	3.53446	45.8092
122	0.273382	5.10191	3.5152	45.9398
123	0.258652	5.1046	3.47835	46.0668
124	0.263291	5.10776	3.49716	46.1952
125	0.262992	5.11095	3.50396	46.3239
126	0.240195	5.11218	3.50677	46.4526
127	0.238599	5.11333	3.47631	46.5783
128	0.244349	5.11506	3.48142	46.7041
129	0.239415	5.11642	3.49642	46.831
130	0.235066	5.11746	3.49906	46.9578
131	0.24842	5.11973	3.54025	47.088
132	0.251198	5.12229	3.51815	47.2159
133	0.256235	5.12534	3.47863	47.3401
134	0.27565	5.1301	3.489	47.4649
135	0.299793	5.13696	3.49769	47.5902
136	0.313905	5.14504	3.45701	47.7117
137	0.339428	5.15529	3.41916	47.8298
138	0.361661	5.16741	3.44862	47.9502
139	0.361556	5.1795	3.47404	48.0724
140	0.3502	5.19062	3.45097	48.1925
141	0.347755	5.20152	3.43552	48.311
142	0.338833	5.21167	3.44667	48.4302
143	0.332484	5.22128	3.44202	48.5487
144	0.334019	5.23101	3.4252	48.6656
145	0.332839	5.24064	3.41332	48.7814
146	0.328722	5.24993	3.43479	48.8986
147	0.328813	5.25922	3.46401	49.0181
148	0.327736	5.26842	3.44323	49.1355
149	0.323778	5.27729	3.44253	49.2527
150	0.313705	5.28535	3.46662	49.3716
151	0.301454	5.29242	3.49512	49.4926
152	0.288492	5.29846	3.49531	49.6133
153	0.285429	5.30427	3.48922	49.7333
154	0.279084	5.30959	3.4634	49.8509
155	0.285142	5.31541	3.41809	49.9647
156	0.277073	5.3206	3.39304	50.0763
157	0.263405	5.32474	3.40845	50.1889
158	0.264197	5.32896	3.38414	50.2993
159	0.275829	5.33412	3.36865	50.4084
160	0.290453	5.34045	3.38614	50.5186
161	0.297389	5.34734	3.3194	50.6234
162	0.316718	5.35575	3.32242	50.7283
163	0.326345	5.3649	3.30376	50.8315
164	0.322476	5.37374	3.27996	50.9328
165	0.306529	5.38135	3.21013	51.0285
166	0.295717	5.38813	3.21461	51.1244
167	0.284567	5.39405	3.21888	51.2205
168	0.272425	5.39906	3.24067	51.3182
169	0.26377	5.40342	3.25414	51.4168
170	0.257761	5.40735	3.25067	51.515
171	0.279852	5.41297	3.28413	51.6155
172	0.302596	5.42034	3.23315	51.7121
173	0.307085	5.42804	3.19541	51.8057
174	0.298443	5.4351	3.19342	51.8991
175	0.304317	5.44259	3.20541	51.9932
176	0.31763	5.45109	3.23327	52.0893
177	0.329602	5.46048	3.26376	52.1875
178	0.346707	5.47113	3.284	52.2871
179	0.345435	5.48168	3.31814	52.3891
180	0.347917	5.49239	3.30283	52.4898
181	0.356233	5.50369	3.29944	52.5901
182	0.361509	5.51537	3.28442	52.6892
183	0.37629	5.52811	3.30096	52.7893
184	0.366853	5.54013	3.30167	52.8893
185	0.363695	5.55189	3.31737	52.9903
186	0.347896	5.56248	3.34631	53.0932
187	0.336216	5.5722	3.35807	53.1968
188	0.330021	5.58146	3.35254	53.2999
189	0.332311	5.59087	3.36428	53.4036
190	0.341878	5.60097	3.3743	53.5079
191	0.341462	5.61102	3.38871	53.613
192	0.345589	5.62135	3.38909	53.718
193	0.342914	5.63148	3.40141	53.8236
194	0.336819	5.64115	3.37149	53.927
195	0.33215	5.65048	3.35427	54.0289
196	0.320484	5.65897	3.34912	54.1303
197	0.308842	5.66663	3.36245	54.2325
198	0.311094	5.67444	3.33938	54.3329
199	0.309198	5.68212	3.3189	54.4317
200	0.303742	5.68941	3.3116	54.5298
201	0.306968	5.69692	3.25046	54.6234
202	0.307894	5.7045	3.25287	54.7171
203	0.306211	5.71196	3.26177	54.8113
204	0.305883	5.71939	3.26777	54.9058
205	0.309463	5.72706	3.27587	55.0007
206	0.309713	5.73476	3.28375	55.096
207	0.311579	5.74257	3.3023	55.1925
208	0.31542	5.75065	3.31608	55.2898
209	0.306053	5.75808	3.32209	55.3873
210	0.30779	5.76562	3.35286	55.4868
211	0.304575	5.77294	3.35615	55.5864
212	0.299186	5.77989	3.3435	55.6849
213	0.298306	5.78678	3.33699	55.7828
214	0.293406	5.79333	3.36132	55.8823
215	0.290497	5.79969	3.37323	55.9823
216	0.286242	5.80575	3.37924	56.0827
217	0.290072	5.81209	3.38491	56.1832
218	0.288649	5.81832	3.37168	56.2827
219	0.281372	5.82407	3.33252	56.3794
220	0.280965	5.8298	3.27605	56.4721
221	0.286382	5.83589	3.24798	56.5629
222	0.286333	5.84198	3.25641	56.6541
223	0.286941	5.84811	3.2533	56.7449
224	0.28919	5.8544	3.23569	56.8345
225	0.286617	5.86051	3.2367	56.924
226	0.287864	5.86671	3.26575	57.0153
227	0.282997	5.87259	3.27125	57.1068
228	0.272218	5.87776	3.26936	57.1981
229	0.270945	5.88285	3.28784	57.2905
230	0.263756	5.88747	3.29957	57.3836
231	0.263591	5.89209	3.30232	57.4766
232	0.254921	5.89616	3.3159	57.5705
233	0.253391	5.90013	3.32704	57.6649
234	0.248983	5.90382	3.32495	57.759
235	0.239862	5.90693	3.32768	57.8532
236	0.22958	5.90939	3.32133	57.9468
237	0.226443	5.91166	3.26699	58.0368
238	0.223626	5.91377	3.21335	58.1232
239	0.227176	5.91612	3.16382	58.2062
240	0.226524	5.91845	3.10585	58.2855
241	0.227133	5.92083	3.11534	58.3653
242	0.222679	5.92294	3.08945	58.4434
243	0.22376	5.92514	3.06873	58.52
244	0.2197	5.92709	3.05695	58.5959
245	0.216459	5.92885	3.02859	58.6699
246	0.219219	5.93081	2.99706	58.7418
247	0.216126	5.93258	2.9714	58.812
248	0.21208	5.93412	2.95821	58.8813
249	0.206529	5.93532	2.93825	58.9494
250	0.205232	5.93646	2.91916	59.0162
251	0.205222	5.93762	2.90582	59.0822
252	0.20057	5.93851	2.84172	59.144
253	0.201614	5.93948	2.86019	59.2071
254	0.212225	5.94113	2.8936	59.2722
255	0.216435	5.94306	2.89179	59.3371
256	0.218199	5.94512	2.88335	59.4015
257	0.216874	5.9471	2.83475	59.4629
258	0.216076	5.94906	2.83884	59.5245
259	0.22053	5.9513	2.8364	59.5859
260	0.224642	5.95381	2.82993	59.6469
261	0.22913	5.95661	2.83705	59.7084
262	0.225023	5.95917	2.82411	59.769
263	0.222286	5.96157	2.83167	59.8301
264	0.220869	5.96389	2.8398	59.8916
265	0.214016	5.96581	2.8586	59.9543
266	0.215837	5.96786	2.88034	60.0183
267	0.212959	5.96974	2.9057	60.0838
268	0.212085	5.97158	2.91287	60.1497
269	0.212953	5.97349	2.87738	60.2134
270	0.219847	5.97583	2.85718	60.2759
271	0.212444	5.97773	2.85634	60.3382
272	0.211759	5.97961	2.80734	60.3976
273	0.219526	5.98196	2.80459	60.4569
274	0.221456	5.98445	2.79154	60.5153
275	0.216782	5.98666	2.78375	60.5732
276	0.210317	5.9885	2.77653	60.6307
277	0.207754	5.99019	2.76417	60.6874
278	0.207284	5.99187	2.74294	60.7429
279	0.203977	5.99337	2.72253	60.7971
280	0.207237	5.99508	2.71267	60.8507
281	0.205751	5.99671	2.70433	60.9039
282	0.203239	5.9982	2.71293	60.9576
283	0.201653	5.99961	2.69732	61.0103
284	0.197483	6.00079	2.69508	61.0629
285	0.187673	6.00141	2.71713	61.1168
286	0.182016	6.0017	2.70095	61.1698
287	0.182177	6.00203	2.66604	61.2207
288	0.176998	6.00206	2.6197	61.2689
289	0.176977	6.00212	2.57655	61.3146
290	0.177365	6.00221	2.56578	61.3596
291	0.172186	6.00202	2.54302	61.4034
292	0.163614	6.00134	2.54244	61.4472
293	0.160193	6.00049	2.50451	61.4888
294	0.154569	5.99933	2.52118	61.5313
295	0.159469	5.99848	2.52406	61.5741
296	0.16342	5.99787	2.52268	61.6169
297	0.162578	5.99723	2.52754	61.6599
298	0.169834	5.99704	2.5362	61.7035
299	0.168345	5.99677	2.50537	61.7453
300	0.164129	5.99628	2.49786	61.7867
301	0.160377	5.99559	2.51872	61.8294
302	0.161669	5.99499	2.51987	61.8721
303	0.171083	5.99495	2.53619	61.9159
304	0.180325	5.99546	2.56797	61.9614
305	0.185217	5.99625	2.58987	62.0082
306	0.18868	5.99726	2.60883	62.0561
307	0.188864	5.9983	2.59415	62.1032
308	0.189308	5.99937	2.58033	62.1495
309	0.186171	6.00027	2.58224	62.1959
310	0.182837	6.001	2.55431	62.2408
311	0.180423	6.0016	2.53793	62.2848
312	0.188175	6.00266	2.539	62.3288
313	0.196398	6.00419	2.5539	62.3737
314	0.204584	6.00619	2.53518	62.4175
315	0.21074	6.00854	2.53534	62.4614
316	0.212789	6.01102	2.53219	62.5051
317	0.213663	6.01356	2.5002	62.547
318	0.214002	6.01611	2.48155	62.5879
319	0.200703	6.01794	2.49192	62.6295
320	0.19774	6.01961	2.48249	62.6705
321	0.195319	6.02115	2.50487	62.7128
322	0.194176	6.02264	2.50609	62.7551
323	0.194612	6.02416	2.51673	62.7981
324	0.193435	6.02563	2.53088	62.8419
325	0.195895	6.02724	2.54457	62.8865
326	0.204682	6.02935	2.56346	62.9321
327	0.203012	6.03137	2.57756	62.9785
328	0.210747	6.03383	2.59855	63.026
329	0.221168	6.03686	2.61646	63.0746
330	0.220069	6.03984	2.60942	63.1227
331	0.222123	6.04294	2.58621	63.1696
332	0.226207	6.04626	2.59587	63.217
333	0.225836	6.04957	2.59487	63.2643
334	0.22802	6.053	2.58472	63.3111
335	0.222851	6.05615	2.58022	63.3577
336	0.225754	6.05947	2.57483	63.4039
337	0.22109	6.06253	2.57593	63.4503
338	0.215339	6.06529	2.57648	63.4966
339	0.216835	6.06813	2.57826	63.5431
340	0.215486	6.0709	2.56937	63.589
341	0.214005	6.0736	2.53529	63.6332
342	0.211858	6.07619	2.5184	63.6764
343	0.203609	6.07834	2.52269	63.7199
344	0.198729	6.08023	2.53922	63.7642
345	0.196509	6.08202	2.53223	63.8082
346	0.199037	6.08394	2.53393	63.8523
347	0.200441	6.08595	2.53023	63.8962
348	0.195221	6.08768	2.52941	63.9401
349	0.194479	6.08938	2.49953	63.9823
350	0.195682	6.09116	2.48793	64.024
351	0.195764	6.09294	2.49278	64.0659
352	0.19968	6.09495	2.49636	64.108
353	0.203167	6.09714	2.51029	64.1509
354	0.205626	6.09947	2.52995	64.1948
355	0.207374	6.10189	2.52905	64.2387
356	0.208055	6.10436	2.53771	64.2831
357	0.208771	6.10687	2.54765	64.3279
358	0.211195	6.10952	2.55847	64.3734
359	0.217766	6.11251	2.58342	64.4201
360	0.225139	6.11589	2.59401	64.4674
361	0.231838	6.11963	2.5876	64.5144
362	0.233323	6.12345	2.59422	64.5617
363	0.236725	6.12745	2.56582	64.6075
364	0.234063	6.13131	2.5331	64.6516
365	0.22814	6.13486	2.51961	64.6949
366	0.219266	6.13794	2.51659	64.7382
367	0.21743	6.14094	2.51396	64.7813
368	0.21611	6.14387	2.50567	64.8239
369	0.215716	6.14679	2.4971	64.8661
370	0.214791	6.14965	2.49034	64.908
371	0.216218	6.1526	2.47449	64.9491
372	0.216804	6.15558	2.46755	64.9898
373	0.225494	6.15901	2.48013	65.0311
374	0.234013	6.16289	2.47967	65.0725
375	0.235407	6.16683	2.47919	65.1138
376	0.240801	6.17105	2.44427	65.1533
377	0.24273	6.17537	2.4483	65.1931
378	0.247136	6.17992	2.44727	65.2328
379	0.245673	6.18439	2.41804	65.271
380	0.238815	6.18851	2.41064	65.3089
381	0.239445	6.19266	2.39197	65.3458
382	0.241648	6.19693	2.40037	65.3831
383	0.240712	6.20114	2.40425	65.4207
384	0.241307	6.20538	2.41945	65.4591
385	0.237422	6.20943	2.43816	65.4984
386	0.231275	6.21317	2.45309	65.5384
387	0.226078	6.21664	2.46455	65.5791
388	0.223668	6.21999	2.47022	65.6201
389	0.222058	6.22326	2.48084	65.6616
390	0.221292	6.22649	2.4937	65.7037
391	0.218412	6.22958	2.50611	65.7465
392	0.218866	6.2327	2.48734	65.7883
393	0.222146	6.23598	2.50179	65.8308
394	0.218975	6.23911	2.51435	65.874
395	0.217153	6.24214	2.4955	65.9163
396	0.216165	6.24513	2.508	65.9591
397	0.219521	6.24829	2.52606	66.0029
398	0.217761	6.25136	2.5141	66.046
399	0.215647	6.25433	2.51277	66.0891
400	0.218752	6.25746	2.51725	66.1324
401	0.219418	6.26062	2.53116	66.1764
402	0.222756	6.26395	2.53696	66.2206
403	0.221748	6.26723	2.52242	66.2642
404	0.221389	6.2705	2.53413	66.3083
405	0.217079	6.27355	2.53992	66.3527
406	0.216051	6.27655	2.54535	66.3973
407	0.21366	6.27944	2.55891	66.4426
408	0.220331	6.28266	2.57844	66.4889
409	0.222112	6.28597	2.57476	66.535
410	0.223117	6.28932	2.578	66.5812
411	0.216614	6.29236	2.57997	66.6275
412	0.208923	6.29503	2.59732	66.6746
413	0.203697	6.29744	2.59979	66.7219
414	0.200238	6.29968	2.60445	66.7693
415	0.196545	6.30175	2.58936	66.816
416	0.192866	6.30364	2.58844	66.8626
417	0.182098	6.30501	2.6207	66.9108
418	0.176785	6.30613	2.63172	66.9595
419	0.175029	6.30716	2.62926	67.0081
420	0.175662	6.30824	2.62403	67.0564
421	0.178674	6.30946	2.63536	67.1052
422	0.178478	6.31069	2.64063	67.1543
423	0.174822	6.31174	2.65689	67.2041
424	0.17116	6.31262	2.67443	67.2548
425	0.163721	6.31314	2.69846	67.3066
426	0.160661	6.31353	2.71191	67.359
427	0.161615	6.31397	2.72807	67.4121
428	0.15995	6.31434	2.73408	67.4656
429	0.158591	6.31465	2.72215	67.5184
430	0.163789	6.31522	2.72187	67.5711
431	0.168723	6.31603	2.71884	67.6237
432	0.171865	6.317	2.732	67.6769
433	0.16824	6.3178	2.72747	67.7298
434	0.159702	6.3182	2.72786	67.7828
435	0.157218	6.31848	2.71722	67.8352
436	0.155167	6.31868	2.70651	67.887
437	0.148849	6.31859	2.71876	67.9394
438	0.14793	6.31845	2.72635	67.9921
439	0.151361	6.31849	2.74453	68.0457
440	0.153764	6.31866	2.72964	68.0985
441	0.155302	6.3189	2.73805	68.1517
442	0.154904	6.31913	2.74689	68.2053
443	0.14829	6.31906	2.75583	68.2592
444	0.138244	6.31851	2.78142	68.3144
445	0.133986	6.31778	2.78428	68.3696
446	0.130118	6.31687	2.7934	68.4252
447	0.13065	6.316	2.7999	68.4811
448	0.130974	6.31515	2.79904	68.5369
449	0.131515	6.31434	2.79158	68.5924
450	0.125059	6.31323	2.81122	68.6487
451	0.119401	6.31187	2.83307	68.706
452	0.119141	6.31051	2.8425	68.7637
453	0.117886	6.3091	2.84202	68.8213
454	0.115754	6.30759	2.83659	68.8786
455	0.117984	6.30621	2.84371	68.9362
456	0.117113	6.30479	2.84322	68.9938
457	0.116555	6.30336	2.84012	69.0512
458	0.110556	6.30166	2.83688	69.1083
459	0.103721	6.29965	2.84041	69.1656
460	0.100623	6.29751	2.80161	69.2211
461	0.102386	6.29547	2.76242	69.2747
462	0.103518	6.29349	2.73747	69.3271
463	0.101795	6.29144	2.71247	69.3783
464	0.0964385	6.28915	2.70855	69.4293
465	0.0995663	6.28702	2.71848	69.4807
466	0.0975604	6.28481	2.69511	69.531
467	0.0954393	6.28251	2.69342	69.5812
468	0.0928378	6.28011	2.68527	69.631
469	0.0895694	6.27756	2.67173	69.6801
470	0.0867048	6.2749	2.68136	69.7297
471	0.0813432	6.272	2.68907	69.7796
472	0.0784367	6.26899	2.69274	69.8296
473	0.0742897	6.26579	2.68743	69.8794
474	0.0710585	6.26247	2.69584	69.9295
475	0.0668634	6.25896	2.69661	69.9797
476	0.0645864	6.25536	2.70951	70.0304
477	0.0669161	6.25189	2.701	70.0806
478	0.066924	6.24843	2.67652	70.1298
479	0.0669911	6.24498	2.67027	70.1786
480	0.0656086	6.24149	2.66282	70.227
481	0.0630679	6.2379	2.63887	70.2744
482	0.0641	6.23436	2.62653	70.3211
483	0.0677463	6.23101	2.61877	70.3675
484	0.0675429	6.22766	2.61014	70.4135
485	0.0644223	6.22418	2.5995	70.4589
486	0.0651397	6.22075	2.58791	70.5038
487	0.0662663	6.21738	2.5628	70.5476
488	0.0685627	6.21413	2.54693	70.5906
489	0.0680014	6.21087	2.54244	70.6335
490	0.0664253	6.20755	2.54628	70.6764
491	0.0683838	6.20433	2.55598	70.7198
492	0.0667732	6.20105	2.56749	70.7637
493	0.0650685	6.19771	2.57558	70.808
494	0.0658384	6.19441	2.57195	70.8521
495	0.0664406	6.19116	2.58333	70.8966
496	0.0697313	6.18806	2.58261	70.9411
497	0.0709246	6.18504	2.58581	70.9858
498	0.0708107	6.18201	2.58209	71.0302
499	0.0649955	6.17875	2.58755	71.0749
500	0.0639037	6.17544	2.57235	71.1189
501	0.0652906	6.17221	2.5764	71.163
502	0.0642998	6.16895	2.58139	71.2074
503	0.0650918	6.16573	2.57934	71.2516
504	0.0703894	6.16277	2.57962	71.2959
505	0.0731219	6.15993	2.5739	71.3398
506	0.0739679	6.15715	2.535	71.3821
507	0.0780128	6.15456	2.51331	71.4233
508	0.0808541	6.1521	2.49829	71.4639
509	0.0841397	6.1498	2.4948	71.5043
510	0.0859178	6.14759	2.48974	71.5444
511	0.0900313	6.14557	2.49551	71.5849
512	0.0932972	6.1437	2.50244	71.6256
513	0.0930211	6.14183	2.50642	71.6664
514	0.0907242	6.13987	2.51127	71.7075
515	0.090768	6.13792	2.51081	71.7486
516	0.0922425	6.13605	2.51104	71.7896
517	0.0964341	6.13437	2.51881	71.831
518	0.102052	6.13294	2.52495	71.8726
519	0.106385	6.13172	2.51617	71.9138
520	0.105895	6.13047	2.51985	71.9552
521	0.100849	6.12902	2.525	71.9968
522	0.0981077	6.12745	2.50873	72.0376
523	0.0945925	6.12574	2.50158	72.0782
524	0.09102	6.12389	2.50987	72.1191
525	0.090121	6.122	2.50698	72.1598
526	0.092619	6.12023	2.51699	72.201
527	0.0939407	6.11853	2.51084	72.2419
528	0.0943494	6.11685	2.48859	72.2818
529	0.090743	6.11503	2.48871	72.3217
530	0.0893671	6.11315	2.49375	72.3618
531	0.088983	6.11127	2.501	72.4022
532	0.0916295	6.10951	2.49619	72.4424
533	0.0942265	6.10787	2.49675	72.4826
534	0.0962341	6.10633	2.49766	72.5229
535	0.093887	6.10469	2.5026	72.5633
536	0.0938964	6.10306	2.50012	72.6036
537	0.0954093	6.10151	2.4968	72.6438
538	0.0934644	6.09988	2.4983	72.684
539	0.0927689	6.09823	2.49697	72.7242
540	0.0927738	6.09658	2.50316	72.7646
541	0.093154	6.09496	2.50548	72.8051
542	0.090578	6.09324	2.49777	72.8452
543	0.0877526	6.09141	2.47053	72.8842
544	0.0865803	6.08953	2.46727	72.923
545	0.0898182	6.08781	2.47836	72.9623
546	0.0925409	6.0862	2.48962	73.002
547	0.0942272	6.08468	2.49626	73.042
548	0.0944044	6.08317	2.50181	73.0823
549	0.0925016	6.08159	2.50434	73.1226
550	0.0904455	6.07993	2.49893	73.1627
551	0.0934894	6.0784	2.49021	73.2024
552	0.0952526	6.07696	2.4516	73.2405
553	0.0913166	6.07536	2.4315	73.2777
554	0.091227	6.07376	2.42005	73.3144
555	0.0933596	6.07226	2.40918	73.3506
556	0.0946074	6.07082	2.41475	73.3871
557	0.0977167	6.06953	2.42271	73.4239
558	0.100743	6.06836	2.43494	73.4612
559	0.102734	6.06729	2.43246	73.4984
560	0.0983648	6.06604	2.44197	73.536
561	0.0966417	6.06472	2.43494	73.5733
562	0.0982142	6.06348	2.42634	73.6102
563	0.098583	6.06226	2.42721	73.6471
564	0.101644	6.06117	2.43207	73.6843
565	0.101672	6.06009	2.43729	73.7216
566	0.102514	6.05906	2.44594	73.7593
567	0.101719	6.05799	2.45018	73.7972
568	0.099467	6.05684	2.45545	73.8353
569	0.096205	6.05556	2.46392	73.8737
570	0.0932119	6.05417	2.47343	73.9125
571	0.0942242	6.05282	2.48102	73.9517
572	0.0949528	6.05151	2.48956	73.9911
573	0.0949675	6.0502	2.48491	74.0304
574	0.0928683	6.04882	2.47297	74.0691
575	0.0886387	6.04726	2.45919	74.1073
576	0.0848894	6.04556	2.44262	74.1448
577	0.0815983	6.04373	2.42784	74.1816
578	0.0784872	6.04178	2.42548	74.2183
579	0.0755089	6.03971	2.41152	74.2545
580	0.0781341	6.03775	2.40642	74.2904
581	0.0793928	6.03586	2.39063	74.3257
582	0.0778294	6.03391	2.3941	74.3611
583	0.0797938	6.03205	2.40014	74.3967
584	0.0809516	6.03025	2.40245	74.4325
585	0.0789784	6.02837	2.40111	74.4682
586	0.0776341	6.02644	2.39745	74.5037
587	0.0781093	6.02454	2.39957	74.5393
588	0.0779018	6.02264	2.39932	74.5749
589	0.0771978	6.02072	2.40433	74.6106
590	0.078981	6.01888	2.41355	74.6468
591	0.0783062	6.01702	2.41919	74.6832
592	0.0796821	6.01522	2.4235	74.7197
593	0.0796352	6.01343	2.42325	74.7563
594	0.0808331	6.01169	2.41656	74.7925
595	0.0792285	6.0099	2.41521	74.8287
596	0.0791418	6.00811	2.4053	74.8644
597	0.0779572	6.00628	2.40837	74.9003
598	0.0774433	6.00443	2.41516	74.9365
599	0.0754483	6.00251	2.41851	74.9728
600	0.0736044	6.00052	2.42019	75.0091
601	0.0700818	5.9984	2.42366	75.0456
602	0.0672526	5.99617	2.42121	75.082
603	0.0667603	5.99392	2.42841	75.1186
604	0.066244	5.99167	2.43691	75.1556
605	0.0643732	5.98934	2.44349	75.1929
606	0.0642721	5.98702	2.44769	75.2303
607	0.0657983	5.98477	2.44194	75.2674
608	0.0694182	5.98267	2.44806	75.3048
609	0.0714116	5.98067	2.45332	75.3424
610	0.0723437	5.9787	2.46094	75.3803
611	0.0719882	5.97673	2.45581	75.418
612	0.0706594	5.97471	2.46189	75.4559
613	0.0738897	5.97283	2.47186	75.4942
614	0.0773502	5.9711	2.4775	75.5327
615	0.0761391	5.96932	2.47582	75.5712
616	0.0809983	5.96775	2.47801	75.6097
617	0.086497	5.9664	2.48851	75.6486
618	0.0884402	5.96514	2.49602	75.6878
619	0.0887616	5.9639	2.48723	75.7267
620	0.0894808	5.96269	2.49271	75.7657
621	0.0929262	5.96163	2.50157	75.8051
622	0.0927551	5.96056	2.50316	75.8445
623	0.0915597	5.95945	2.51618	75.8845
624	0.0910713	5.95833	2.51989	75.9246
625	0.0896249	5.95716	2.51282	75.9644
626	0.0900841	5.95601	2.51254	76.0041
627	0.0921037	5.95494	2.51156	76.0438
628	0.0899051	5.9538	2.51759	76.0837
629	0.0898568	5.95266	2.52208	76.1238
630	0.0901592	5.95153	2.52243	76.1639
631	0.0891841	5.95037	2.5271	76.2042
632	0.0880596	5.94918	2.52719	76.2444
633	0.0891973	5.94803	2.51899	76.2843
634	0.0898472	5.94691	2.51894	76.3242
635	0.0916584	5.94588	2.50288	76.3635
636	0.0948557	5.94497	2.49999	76.4026
637	0.0991662	5.94424	2.50333	76.4418
638	0.103561	5.94369	2.50989	76.4813
639	0.102092	5.94308	2.51781	76.521
640	0.103918	5.94255	2.52646	76.5611
641	0.101368	5.94193	2.5349	76.6015
642	0.104251	5.94142	2.54509	76.6423
643	0.104698	5.94093	2.54523	76.6831
644	0.103816	5.94042	2.54909	76.724
645	0.103279	5.93989	2.54984	76.7649
646	0.103106	5.93935	2.54891	76.8058
647	0.107545	5.939	2.55935	76.8471
648	0.108698	5.93869	2.56416	76.8885
649	0.108611	5.93838	2.56775	76.9301
650	0.110858	5.93817	2.56982	76.9717
651	0.111588	5.93799	2.57483	77.0135
652	0.112981	5.93786	2.58685	77.0558
653	0.110487	5.93765	2.59099	77.0982
654	0.105969	5.93726	2.60896	77.1412
655	0.103661	5.93678	2.61539	77.1845
656	0.100952	5.9362	2.62159	77.2281
657	0.100058	5.9356	2.61598	77.2714
658	0.0989142	5.93495	2.62365	77.3149
659	0.100286	5.93436	2.62118	77.3584
660	0.102925	5.93387	2.62443	77.4019
661	0.101665	5.93334	2.6327	77.4458
662	0.101444	5.93281	2.63663	77.4898
663	0.102973	5.93234	2.62661	77.5333
664	0.104484	5.93194	2.62632	77.5769
665	0.101421	5.93141	2.63078	77.6206
666	0.103069	5.93096	2.63926	77.6645
667	0.103603	5.93053	2.64757	77.7088
668	0.104586	5.93015	2.65266	77.7533
669	0.105835	5.92981	2.64375	77.7974
670	0.104777	5.92944	2.646	77.8416
671	0.103028	5.929	2.65003	77.8859
672	0.102865	5.92857	2.63516	77.9296
673	0.103154	5.92814	2.61484	77.9725
674	0.105487	5.92781	2.61196	78.0152
675	0.10538	5.92748	2.59642	78.0574
676	0.102022	5.92703	2.5731	78.0986
677	0.0975292	5.92641	2.57821	78.14
678	0.0967023	5.92576	2.5731	78.1812
679	0.0984761	5.92518	2.5681	78.2222
680	0.101423	5.92471	2.57459	78.2634
681	0.103958	5.92435	2.58074	78.3049
682	0.101271	5.92389	2.58797	78.3466
683	0.10133	5.92344	2.57582	78.3878
684	0.100065	5.92294	2.57331	78.4289
685	0.0998	5.92244	2.56353	78.4696
686	0.103438	5.92207	2.57561	78.5107
687	0.104367	5.92175	2.57949	78.552
688	0.109316	5.92162	2.58628	78.5935
689	0.112471	5.92161	2.59365	78.6353
690	0.113244	5.92164	2.58907	78.6769
691	0.112577	5.92164	2.59155	78.7185
692	0.112461	5.92164	2.6	78.7605
693	0.110176	5.92156	2.60668	78.8027
694	0.109372	5.92145	2.60972	78.845
695	0.107563	5.92127	2.60272	78.887
696	0.107817	5.92111	2.60767	78.9292
697	0.107342	5.92093	2.61568	78.9716
698	0.109478	5.92084	2.62225	79.0143
699	0.109652	5.92076	2.63049	79.0573
700	0.109057	5.92066	2.6393	79.1006
701	0.105361	5.92042	2.63536	79.1437
702	0.101969	5.92005	2.62866	79.1865
703	0.102999	5.91973	2.63015	79.2294
704	0.106659	5.91955	2.61849	79.2718
705	0.10633	5.91936	2.59715	79.3134
706	0.102627	5.91904	2.60226	79.3552
707	0.103224	5.91874	2.60942	79.3972
708	0.10242	5.91841	2.6118	79.4393
709	0.102259	5.91809	2.61531	79.4815
710	0.101256	5.91772	2.62035	79.5238
711	0.10259	5.91741	2.61475	79.566
712	0.101714	5.91708	2.60816	79.6078
713	0.101899	5.91675	2.60335	79.6495
714	0.0987787	5.91631	2.61139	79.6915
715	0.0987455	5.91587	2.61533	79.7335
716	0.0994133	5.91546	2.61913	79.7757
717	0.098815	5.91503	2.62392	79.8181
718	0.0965233	5.91451	2.63043	79.8607
719	0.0949587	5.91395	2.62455	79.903
720	0.0925834	5.9133	2.61953	79.9452
721	0.0925306	5.91265	2.61056	79.9869
722	0.0930134	5.91202	2.60933	80.0287
723	0.0929534	5.91139	2.60986	80.0704
724	0.090585	5.91068	2.61796	80.1124
725	0.0870331	5.90984	2.62293	80.1545
726	0.0839139	5.90889	2.6251	80.1968
727	0.0810321	5.90784	2.59383	80.2378
728	0.0823029	5.90684	2.5757	80.2782
729	0.0820383	5.90583	2.56051	80.3179
730	0.0836138	5.90489	2.54742	80.3572
731	0.083122	5.90393	2.52866	80.3958
732	0.0810051	5.90289	2.52969	80.4344
733	0.0798692	5.90182	2.5262	80.4728
734	0.0810254	5.9008	2.52816	80.5113
735	0.0808054	5.89977	2.52744	80.5498
736	0.0833786	5.89884	2.52989	80.5883
737	0.0825643	5.89789	2.52299	80.6266
738	0.0803537	5.89685	2.51685	80.6646
739	0.0812399	5.89586	2.51543	80.7026
740	0.0816267	5.89488	2.51553	80.7405
741	0.0825121	5.89394	2.52032	80.7786
742	0.0826022	5.893	2.52457	80.8169
743	0.0821932	5.89206	2.52478	80.8551
744	0.0799625	5.89104	2.52836	80.8935
745	0.0783537	5.88996	2.52068	80.9315
746	0.0762351	5.88881	2.50722	80.9691
747	0.0733457	5.88756	2.51322	81.0068
748	0.0716281	5.88624	2.51231	81.0446
749	0.0723921	5.88497	2.51498	81.0824
750	0.0722825	5.88369	2.51546	81.1202
751	0.0743749	5.88249	2.51953	81.1581
752	0.0746285	5.88131	2.52212	81.1961
753	0.0717982	5.88002	2.5284	81.2343
754	0.0695347	5.87866	2.52681	81.2725
755	0.0666893	5.8772	2.52062	81.3104
756	0.064717	5.87567	2.51732	81.3482
757	0.0650851	5.87416	2.51965	81.386
758	0.0647019	5.87264	2.50426	81.4233
759	0.0649852	5.87114	2.50264	81.4605
760	0.0647655	5.86963	2.49664	81.4975
761	0.0620253	5.86803	2.49972	81.5346
762	0.0631686	5.86647	2.48844	81.5712
763	0.061045	5.86485	2.48165	81.6076
764	0.0628034	5.86329	2.48215	81.644
765	0.0592672	5.8616	2.48458	81.6805
766	0.0601497	5.85996	2.48251	81.7169
767	0.0622136	5.85839	2.47927	81.7531
768	0.0607069	5.85677	2.48654	81.7896
769	0.0608319	5.85516	2.49251	81.8263
770	0.0606144	5.85355	2.49937	81.8633
771	0.061002	5.85196	2.49696	81.9001
772	0.0606825	5.85036	2.49125	81.9367
773	0.0629035	5.84884	2.49629	81.9735
774	0.0654628	5.84742	2.50025	82.0104
775	0.0658611	5.84602	2.49929	82.0473
776	0.0675515	5.84468	2.50799	82.0845
777	0.0664441	5.84331	2.51091	82.1217
778	0.0665051	5.84194	2.50591	82.1588
779	0.0652329	5.84054	2.50562	82.1959
780	0.0632915	5.83907	2.51233	82.2331
781	0.060387	5.83749	2.52243	82.2707
782	0.0579009	5.83584	2.53029	82.3086
783	0.0574291	5.83417	2.52857	82.3464
784	0.0586395	5.83255	2.52058	82.3839
785	0.0564077	5.83085	2.52259	82.4215
786	0.0568224	5.82918	2.51838	82.4589
787	0.0559929	5.82747	2.51816	82.4963
788	0.0542375	5.82571	2.52215	82.5338
789	0.0553763	5.824	2.52613	82.5714
790	0.0559261	5.82231	2.5192	82.6088
791	0.0572242	5.82067	2.52025	82.6462
792	0.0580587	5.81906	2.51569	82.6834
793	0.0591392	5.8175	2.51952	82.7207
794	0.0572015	5.81587	2.52009	82.7581
795	0.056117	5.81421	2.52651	82.7956
796	0.0533618	5.81245	2.53079	82.8333
797	0.0496026	5.81057	2.54235	82.8714
798	0.047871	5.80863	2.54459	82.9096
799	0.04912	5.80674	2.5529	82.948
800	0.0490513	5.80485	2.55541	82.9865
801	0.0493491	5.80298	2.56118	83.0252
802	0.0476708	5.80105	2.56674	83.0641
803	0.0466692	5.79909	2.57247	83.1031
804	0.0485025	5.7972	2.57971	83.1424
805	0.049795	5.79536	2.58635	83.182
806	0.0496622	5.79352	2.58723	83.2215
807	0.0495025	5.79168	2.5829	83.2608
808	0.0520686	5.78993	2.57945	83.3001
809	0.0550394	5.78829	2.58675	83.3395
810	0.0566281	5.78671	2.56964	83.3784
811	0.0593852	5.78524	2.55251	83.4166
812	0.0621481	5.78386	2.53944	83.4543
813	0.064697	5.78258	2.52496	83.4916
814	0.0661236	5.78135	2.5058	83.5281
815	0.0677511	5.78018	2.50271	83.5645
816	0.0683193	5.77903	2.50245	83.601
817	0.0694653	5.77793	2.50029	83.6373
818	0.070281	5.77686	2.49217	83.6733
819	0.0713804	5.77583	2.49385	83.7093
820	0.0726051	5.77485	2.49853	83.7456
821	0.0757778	5.77398	2.50318	83.7819
822	0.0760725	5.77313	2.50555	83.8183
823	0.0781797	5.77235	2.49609	83.8544
824	0.0768514	5.77153	2.48803	83.8902
825	0.0757446	5.77067	2.48768	83.926
826	0.07603	5.76983	2.47785	83.9614
827	0.0736706	5.76891	2.47809	83.9968
828	0.070473	5.76788	2.47505	84.0321
829	0.0661653	5.7667	2.47713	84.0675
830	0.063426	5.76543	2.48851	84.1032
831	0.0595635	5.76403	2.50337	84.1395
832	0.0568932	5.76255	2.51257	84.176
833	0.0556073	5.76102	2.51774	84.2127
834	0.0532847	5.75942	2.52191	84.2496
835	0.052206	5.75778	2.52138	84.2864
836	0.0509979	5.7561	2.51342	84.3229
837	0.0495237	5.75438	2.50689	84.3592
838	0.0474571	5.75259	2.49639	84.3951
839	0.0485669	5.75085	2.49584	84.4309
840	0.0497144	5.74914	2.49609	84.4668
841	0.0503532	5.74747	2.49451	84.5026
842	0.0495902	5.74577	2.48941	84.5382
843	0.0491239	5.74406	2.4912	84.5739
844	0.0529686	5.74248	2.49953	84.6098
845	0.0550728	5.74099	2.50524	84.6459
846	0.0564489	5.73954	2.50573	84.6821
847	0.0573145	5.73812	2.50012	84.718
848	0.0582658	5.73675	2.49312	84.7536
849	0.0566417	5.73532	2.49132	84.7892
850	0.058499	5.73395	2.49278	84.8249
851	0.0593974	5.73262	2.4923	84.8605
852	0.0586801	5.73128	2.49416	84.8961
853	0.0585598	5.72993	2.49294	84.9317
854	0.0581929	5.72857	2.49526	84.9674
855	0.0569941	5.72717	2.49616	85.0031
856	0.0557729	5.72574	2.49686	85.0387
857	0.0538715	5.72424	2.49987	85.0745
858	0.0531812	5.72272	2.50453	85.1105
859	0.0513135	5.72115	2.49554	85.1461
860	0.048698	5.71949	2.49645	85.1817
861	0.0486026	5.71783	2.49188	85.2171
862	0.0467216	5.71611	2.47935	85.2522
863	0.0453152	5.71434	2.4802	85.2872
864	0.0445979	5.71256	2.46736	85.3218
865	0.0434561	5.71074	2.45962	85.3561
866	0.0416926	5.70886	2.46545	85.3906
867	0.0434686	5.70705	2.47208	85.4253
868	0.0427247	5.70522	2.47594	85.4601
869	0.0433165	5.70341	2.48331	85.4952
870	0.0421724	5.70157	2.48994	85.5305
871	0.0397871	5.69965	2.49864	85.5661
872	0.0378777	5.69767	2.50229	85.6017
873	0.0345651	5.69558	2.50507	85.6375
874	0.0332367	5.69345	2.50938	85.6734
875	0.0328288	5.69131	2.50789	85.7092
876	0.031089	5.68912	2.50556	85.745
877	0.0292742	5.68687	2.50583	85.7807
878	0.0265154	5.68453	2.51032	85.8166
879	0.0267622	5.68221	2.51899	85.8527
880	0.0271969	5.6799	2.52599	85.8891
881	0.0263806	5.67757	2.50183	85.9246
882	0.0267585	5.67526	2.48052	85.9594
883	0.02699	5.67296	2.45877	85.9935
884	0.0269662	5.67066	2.45016	86.0273
885	0.0271031	5.66838	2.43561	86.0606
886	0.0263171	5.66607	2.43775	86.0939
887	0.0249305	5.66371	2.44248	86.1274
888	0.027068	5.66144	2.44729	86.161
889	0.0261581	5.65914	2.4484	86.1947
890	0.0252867	5.65681	2.44681	86.2283
891	0.0244696	5.65446	2.44962	86.2619
892	0.0236382	5.65209	2.45686	86.2959
893	0.0245139	5.64975	2.46013	86.3299
894	0.0259071	5.64746	2.46083	86.3639
895	0.0261097	5.64518	2.46686	86.3981
896	0.0266879	5.64293	2.45549	86.4319
897	0.0275155	5.64071	2.44779	86.4655
898	0.0290295	5.63854	2.45318	86.4992
899	0.0279003	5.63634	2.45451	86.533
900	0.0278215	5.63414	2.44555	86.5664
901	0.0288513	5.63198	2.44235	86.5997
902	0.0282022	5.62981	2.43244	86.6327
903	0.0276806	5.62761	2.41876	86.6652
904	0.0273798	5.62542	2.4093	86.6974
905	0.0269087	5.62321	2.39829	86.7293
906	0.0267357	5.621	2.3913	86.7609
907	0.0264947	5.61878	2.39066	86.7924
908	0.0266947	5.61658	2.38607	86.8238
909	0.0254402	5.61434	2.38324	86.8551
910	0.0242237	5.61206	2.38094	86.8863
911	0.0247135	5.60981	2.37597	86.9174
912	0.02377	5.60752	2.37144	86.9482
913	0.022091	5.60519	2.3779	86.9793
914	0.0209625	5.60282	2.37685	87.0104
915	0.0212738	5.60047	2.38346	87.0416
916	0.0197218	5.59807	2.39045	87.0731
917	0.0163513	5.59556	2.40081	87.1049
918	0.01649	5.59306	2.4033	87.1368
919	0.0146964	5.59051	2.40615	87.1688
920	0.0154384	5.58799	2.40593	87.2007
921	0.0142671	5.58543	2.40771	87.2327
922	0.0110543	5.58277	2.41601	87.265
923	0.0112347	5.58012	2.42057	87.2974
924	0.00926938	5.57741	2.42235	87.3298
925	0.0102145	5.57474	2.40563	87.3617
926	0.0119146	5.57212	2.40592	87.3936
927	0.0144233	5.5696	2.41111	87.4257
928	0.013765	5.56705	2.41527	87.4579
929	0.0126595	5.56448	2.41537	87.49
930	0.0133397	5.56193	2.4214	87.5224
931	0.0129574	5.55937	2.42458	87.5549
932	0.0140335	5.55685	2.42557	87.5873
933	0.0161377	5.55441	2.43359	87.6201
934	0.0183997	5.55204	2.43944	87.653
935	0.0217326	5.54979	2.44801	87.6862
936	0.0255584	5.54766	2.45564	87.7196
937	0.0292127	5.54566	2.46601	87.7534
938	0.0329897	5.54379	2.47046	87.7873
939	0.0357006	5.542	2.4804	87.8215
940	0.0370876	5.54027	2.48586	87.8558
941	0.0375388	5.53855	2.48693	87.8902
942	0.0379915	5.53686	2.49242	87.9248
943	0.0391823	5.5352	2.50019	87.9596
944	0.0403598	5.53359	2.50648	87.9946
945	0.0425209	5.53205	2.51078	88.0297
946	0.0427591	5.53052	2.51631	88.065
947	0.0429273	5.529	2.5217	88.1004
948	0.0438169	5.52751	2.52965	88.1361
949	0.0453856	5.52607	2.52792	88.1717
950	0.04765	5.52471	2.52869	88.2074
951	0.0516261	5.52349	2.53874	88.2433
952	0.0520762	5.52228	2.5365	88.2792
953	0.0520619	5.52107	2.53723	88.315
954	0.0526883	5.51988	2.54127	88.351
955	0.0527897	5.51871	2.54417	88.3871
956	0.0552132	5.51761	2.548	88.4233
957	0.0576182	5.51659	2.54838	88.4595
958	0.0585557	5.51561	2.55384	88.4958
959	0.0601597	5.51468	2.559	88.5323
960	0.0614697	5.51379	2.56623	88.569
961	0.0605127	5.51288	2.57089	88.6058
962	0.061374	5.512	2.5731	88.6427
963	0.0637568	5.51119	2.57761	88.6798
964	0.065066	5.51043	2.5754	88.7167
965	0.0656853	5.50969	2.57619	88.7537
966	0.065151	5.50894	2.57469	88.7906
967	0.0639429	5.50815	2.57826	88.8276
968	0.0634412	5.50735	2.56958	88.8643
969	0.0625609	5.50652	2.56897	88.901
970	0.0628017	5.5057	2.56298	88.9374
971	0.0643417	5.50493	2.55453	88.9736
972	0.0659516	5.50422	2.55715	89.0099
973	0.0669005	5.50354	2.55786	89.0461
974	0.0680636	5.5029	2.55558	89.0823
975	0.0687725	5.50228	2.55306	89.1184
976	0.0675234	5.50163	2.5499	89.1543
977	0.0693954	5.50103	2.55291	89.1904
978	0.0696472	5.50045	2.54244	89.2261
979	0.07253	5.49996	2.54583	89.2619
980	0.0758681	5.49958	2.54472	89.2976
981	0.0753869	5.49919	2.53294	89.333
982	0.0744813	5.49877	2.52461	89.3681
983	0.0709224	5.49824	2.52276	89.4031
984	0.0695111	5.49766	2.51565	89.4378
985	0.0702195	5.49711	2.51404	89.4725
986	0.0687974	5.49652	2.50777	89.507
987	0.069012	5.49593	2.50727	89.5415
988	0.0681181	5.49532	2.50287	89.5758
989	0.0690921	5.49474	2.50023	89.61
990	0.0694699	5.49418	2.4959	89.6441
991	0.0709689	5.49366	2.50372	89.6784
992	0.072189	5.49319	2.50436	89.7127
993	0.0710775	5.49268	2.50465	89.747
994	0.0704586	5.49215	2.50158	89.7812
995	0.0697145	5.49161	2.49678	89.8152
996	0.0697073	5.49106	2.49335	89.8492
997	0.0701147	5.49053	2.47639	89.8825
998	0.0698852	5.49	2.47721	89.9159
999	0.0696777	5.48945	2.47255	89.9491
1000	0.0687956	5.48889	2.46074	89.982
1001	0.0678549	5.48829	2.45146	90.0145
1002	0.0681744	5.48771	2.45223	90.0471
1003	0.069411	5.48717	2.45536	90.0797
1004	0.0680549	5.48659	2.4518	90.1122
1005	0.0683738	5.48602	2.45296	90.1448
1006	0.0701605	5.48551	2.46015	90.1775
1007	0.0708058	5.48502	2.46276	90.2104
1008	0.071509	5.48455	2.46662	90.2433
1009	0.071768	5.48409	2.46902	90.2763
1010	0.0723916	5.48366	2.46742	90.3093
1011	0.072391	5.48323	2.46285	90.3421
1012	0.0701998	5.48273	2.45937	90.3747
1013	0.0692095	5.4822	2.46162	90.4075
1014	0.0675473	5.48162	2.4642	90.4403
1015	0.0675652	5.48104	2.4642	90.4731
1016	0.068556	5.4805	2.46139	90.5058
1017	0.0692351	5.47998	2.45535	90.5383
1018	0.0689087	5.47945	2.45912	90.5709
1019	0.0688025	5.47892	2.46248	90.6036
1020	0.0701124	5.47843	2.46118	90.6362
1021	0.0694388	5.47792	2.45867	90.6688
1022	0.0670197	5.47734	2.45981	90.7014
1023	0.0670538	5.47676	2.45241	90.7337
1024	0.0645005	5.47611	2.44094	90.7657
1025	0.0628596	5.4754	2.43488	90.7975
1026	0.0624681	5.47468	2.4331	90.8292
1027	0.0617627	5.47395	2.43066	90.8608
1028	0.0621377	5.47323	2.42826	90.8924
1029	0.06171	5.47249	2.42659	90.9238
1030	0.0639166	5.47183	2.41537	90.955
1031	0.0634817	5.47116	2.40067	90.9856
1032	0.0656549	5.47055	2.40453	91.0164
1033	0.0659127	5.46996	2.40546	91.0472
1034	0.0667704	5.46939	2.40462	91.0779
1035	0.0668995	5.46883	2.40839	91.1088
1036	0.0676568	5.4683	2.41278	91.1398
1037	0.0638145	5.46765	2.41858	91.171
1038	0.0626755	5.46696	2.41341	91.202
1039	0.0613646	5.46623	2.40535	91.2327
1040	0.0605893	5.46549	2.40635	91.2635
1041	0.0587349	5.46469	2.40221	91.2941
1042	0.0573326	5.46384	2.39993	91.3246
1043	0.0585279	5.46304	2.40039	91.3552
1044	0.0596304	5.46227	2.40442	91.3858
1045	0.0576323	5.46144	2.40551	91.4165
1046	0.0570819	5.4606	2.40663	91.4472
1047	0.0593082	5.45983	2.40425	91.4779
1048	0.0608019	5.4591	2.39959	91.5084
1049	0.0615565	5.4584	2.39855	91.5388
1050	0.0621075	5.45772	2.39496	91.5691
1051	0.0619399	5.45704	2.39064	91.5993
1052	0.061758	5.45635	2.39185	91.6295
1053	0.0609346	5.45564	2.39072	91.6597
1054	0.0616414	5.45496	2.39052	91.6898
1055	0.0622897	5.45429	2.39283	91.72
1056	0.063911	5.45368	2.39624	91.7504
1057	0.0653436	5.45311	2.39805	91.7807
1058	0.0676898	5.45262	2.40077	91.8112
1059	0.0668196	5.4521	2.39492	91.8414
1060	0.0675783	5.4516	2.3939	91.8716
1061	0.0691071	5.45116	2.39595	91.9019
1062	0.0695345	5.45073	2.39835	91.9322
1063	0.0699461	5.45031	2.40122	91.9626
1064	0.0711224	5.44993	2.4067	91.9932
1065	0.0703476	5.44953	2.41097	92.0239
1066	0.0703947	5.44913	2.41051	92.0545
1067	0.0715882	5.44877	2.40308	92.085
1068	0.0732552	5.44847	2.40539	92.1155
1069	0.074264	5.44819	2.40424	92.1459
1070	0.074779	5.44793	2.40146	92.1763
1071	0.0740046	5.44765	2.40197	92.2066
1072	0.0745261	5.44739	2.39589	92.2368
1073	0.0733046	5.44709	2.38843	92.2667
1074	0.0710027	5.44673	2.38602	92.2966
1075	0.0694782	5.44631	2.38044	92.3263
1076	0.0673403	5.44584	2.3738	92.3557
1077	0.0676	5.44537	2.36853	92.385
1078	0.0693099	5.44496	2.3735	92.4145
1079	0.0702589	5.44458	2.37649	92.444
1080	0.0690172	5.44416	2.3801	92.4736
1081	0.068311	5.44372	2.38187	92.5033
1082	0.0687244	5.4433	2.37434	92.5328
1083	0.0698197	5.44291	2.37522	92.5622
1084	0.0711138	5.44256	2.37297	92.5916
1085	0.0729117	5.44227	2.37598	92.6211
1086	0.0730671	5.44198	2.37522	92.6505
1087	0.0724297	5.44168	2.36977	92.6798
1088	0.0715219	5.44134	2.37089	92.709
1089	0.0694996	5.44095	2.37771	92.7385
1090	0.0686468	5.44054	2.3783	92.768
1091	0.0678772	5.4401	2.3775	92.7975
1092	0.068513	5.43969	2.37553	92.8269
1093	0.0701161	5.43932	2.37365	92.8562
1094	0.0706309	5.43897	2.374	92.8856
1095	0.0703996	5.43862	2.37725	92.915
1096	0.0708408	5.43828	2.37216	92.9443
1097	0.0694813	5.4379	2.37757	92.9737
1098	0.0712182	5.43758	2.38333	93.0033
1099	0.0719542	5.43728	2.38418	93.0329
1100	0.0728068	5.437	2.38977	93.0627
1101	0.0725011	5.43672	2.39337	93.0925
1102	0.071361	5.4364	2.3912	93.1223
1103	0.0715745	5.4361	2.38712	93.152
1104	0.071745	5.4358	2.39045	93.1817
1105	0.071001	5.43547	2.39399	93.2116
1106	0.0700833	5.43513	2.39175	93.2414
1107	0.0713048	5.43482	2.39584	93.2713
1108	0.0712153	5.43451	2.39842	93.3012
1109	0.0691463	5.43413	2.39614	93.3311
1110	0.0659516	5.43367	2.4033	93.3612
1111	0.0623961	5.4331	2.41018	93.3915
1112	0.0595161	5.43244	2.40984	93.4218
1113	0.0592264	5.43178	2.40593	93.4519
1114	0.0581288	5.43108	2.40835	93.4822
1115	0.0568681	5.43035	2.40323	93.5122
1116	0.057706	5.42965	2.40136	93.5422
1117	0.0576086	5.42895	2.40562	93.5723
1118	0.0572372	5.42823	2.40891	93.6025
1119	0.0569561	5.42751	2.41335	93.6328
1120	0.0564777	5.42678	2.41732	93.6633
1121	0.0573256	5.42607	2.4204	93.6938
1122	0.0587401	5.42541	2.42428	93.7244
1123	0.0596521	5.42478	2.42235	93.7549
1124	0.0597446	5.42415	2.42376	93.7855
1125	0.0595016	5.42351	2.42769	93.8162
1126	0.0583901	5.42285	2.431	93.847
1127	0.0577224	5.42216	2.43337	93.8779
1128	0.058555	5.4215	2.43392	93.9087
1129	0.0592646	5.42087	2.43447	93.9396
1130	0.0599211	5.42026	2.43507	93.9705
1131	0.0606928	5.41967	2.434	94.0013
1132	0.060474	5.41907	2.42389	94.0318
1133	0.061496	5.41851	2.41927	94.0622
1134	0.0618761	5.41796	2.41393	94.0924
1135	0.0634128	5.41746	2.40775	94.1224
1136	0.0663843	5.41704	2.40967	94.1525
1137	0.0688904	5.41671	2.40881	94.1825
1138	0.068422	5.41636	2.40485	94.2124
1139	0.0693562	5.41604	2.40247	94.2423
1140	0.0711471	5.41577	2.40454	94.2721
1141	0.0711646	5.41551	2.40096	94.3019
1142	0.0709692	5.41524	2.3994	94.3316
1143	0.0718724	5.41499	2.3954	94.3612
1144	0.0731436	5.41479	2.39389	94.3908
1145	0.071634	5.41455	2.38929	94.4202
1146	0.0700744	5.41426	2.38457	94.4494
1147	0.0688498	5.41393	2.3809	94.4785
1148	0.0684389	5.41359	2.37745	94.5075
1149	0.067982	5.41325	2.37417	94.5365
1150	0.0674134	5.41288	2.37526	94.5654
1151	0.0656155	5.41247	2.37796	94.5944
1152	0.0654458	5.41205	2.37997	94.6235
1153	0.0649923	5.41162	2.37434	94.6524
1154	0.0651019	5.41119	2.37109	94.6812
1155	0.0670773	5.41082	2.36359	94.7097
1156	0.0647059	5.41039	2.36048	94.7382
1157	0.0640793	5.40994	2.3607	94.7667
1158	0.0619986	5.40942	2.36159	94.7951
1159	0.0620257	5.40891	2.35853	94.8235
1160	0.0628899	5.40843	2.36073	94.852
1161	0.0622279	5.40793	2.36642	94.8806
1162	0.0600212	5.40737	2.37275	94.9094
1163	0.060487	5.40682	2.37712	94.9383
1164	0.059514	5.40624	2.38128	94.9673
1165	0.0605854	5.4057	2.37939	94.9962
1166	0.0625963	5.40521	2.38493	95.0253
1167	0.0650293	5.4048	2.39069	95.0546
1168	0.0672063	5.40446	2.39519	95.084
1169	0.0699389	5.40419	2.40383	95.1136
1170	0.069236	5.40391	2.40739	95.1434
1171	0.0683228	5.4036	2.40519	95.173
1172	0.0706623	5.40336	2.41298	95.2029
1173	0.0713773	5.40314	2.40459	95.2325
1174	0.0722896	5.40295	2.4006	95.262
1175	0.074588	5.40283	2.39078	95.2913
1176	0.0757857	5.40275	2.38122	95.3202
1177	0.0753792	5.40265	2.382	95.3491
1178	0.0748935	5.40254	2.37959	95.378
1179	0.076351	5.40248	2.3777	95.4068
1180	0.0785843	5.40248	2.3801	95.4356
1181	0.0790949	5.40249	2.38185	95.4645
1182	0.0813861	5.40257	2.38382	95.4935
1183	0.0809899	5.40265	2.38125	95.5224
1184	0.08153	5.40274	2.37987	95.5512
1185	0.0788913	5.40275	2.37968	95.58
1186	0.0755661	5.40267	2.38558	95.609
1187	0.0744273	5.40255	2.3854	95.638
1188	0.0735383	5.40242	2.37676	95.6667
1189	0.0731688	5.40227	2.37471	95.6953
1190	0.0730408	5.40212	2.37006	95.7238
1191	0.0719586	5.40193	2.37029	95.7523
1192	0.0707067	5.40172	2.37306	95.7809
1193	0.0696729	5.40147	2.37326	95.8094
1194	0.0692564	5.40122	2.37418	95.838
1195	0.0692678	5.40096	2.37677	95.8667
1196	0.0682698	5.40068	2.38092	95.8955
1197	0.0679722	5.40039	2.3826	95.9243
1198	0.0680588	5.4001	2.38426	95.9531
1199	0.0675012	5.3998	2.38648	95.982
1200	0.0694715	5.39956	2.39016	96.011
1201	0.0726022	5.39941	2.39756	96.0402
1202	0.0754514	5.39934	2.40698	96.0697
1203	0.0764409	5.3993	2.41246	96.0993
1204	0.0754927	5.39924	2.41048	96.1289
1205	0.0758511	5.39918	2.40841	96.1584
1206	0.0748314	5.3991	2.40885	96.1879
1207	0.0721972	5.39894	2.4136	96.2175
1208	0.0697175	5.39872	2.41726	96.2472
1209	0.0670948	5.39842	2.42221	96.2771
1210	0.0645222	5.39804	2.43101	96.3072
1211	0.0631917	5.39763	2.42888	96.3372
1212	0.0618803	5.39718	2.42948	96.3673
1213	0.0615727	5.39673	2.43142	96.3974
1214	0.0617824	5.39628	2.4298	96.4274
1215	0.0622937	5.39585	2.42914	96.4574
1216	0.0610621	5.39538	2.42816	96.4874
1217	0.0621305	5.39495	2.43039	96.5174
1218	0.0638331	5.39456	2.41691	96.547
1219	0.0616566	5.39412	2.41784	96.5767
1220	0.0609988	5.39366	2.42245	96.6065
1221	0.0604141	5.39318	2.42302	96.6362
1222	0.059345	5.39267	2.42566	96.6661
1223	0.059685	5.39218	2.42982	96.6961
1224	0.058464	5.39165	2.43124	96.726
1225	0.0569616	5.39107	2.43133	96.756
1226	0.0562884	5.39048	2.43084	96.786
1227	0.0567243	5.38991	2.42681	96.8158
1228	0.0577536	5.38936	2.42604	96.8456
1229	0.0567562	5.38879	2.42025	96.8753
1230	0.0564946	5.38822	2.41579	96.9048
1231	0.056439	5.38764	2.41604	96.9343
1232	0.0588381	5.38713	2.41985	96.9639
1233	0.0587702	5.38662	2.41378	96.9933
1234	0.0587521	5.38611	2.41093	97.0226
1235	0.0576149	5.38557	2.41187	97.052
1236	0.0570701	5.38502	2.41207	97.0813
1237	0.0566342	5.38445	2.40935	97.1106
1238	0.0590349	5.38396	2.41204	97.1399
1239	0.0606502	5.38351	2.41444	97.1693
1240	0.0623588	5.38311	2.40853	97.1985
1241	0.0620222	5.38271	2.40447	97.2276
1242	0.0626156	5.38232	2.39819	97.2565
1243	0.0627579	5.38193	2.39897	97.2855
1244	0.0642128	5.38159	2.39954	97.3144
1245	0.0644141	5.38126	2.39915	97.3433
1246	0.0650074	5.38094	2.39835	97.3722
1247	0.0662836	5.38066	2.40012	97.4011
1248	0.0685096	5.38045	2.40335	97.4301
1249	0.0688085	5.38024	2.40466	97.4592
1250	0.0677478	5.38001	2.40531	97.4882
1251	0.067829	5.37978	2.40769	97.5173
1252	0.0675722	5.37954	2.4104	97.5465
1253	0.0661028	5.37926	2.41283	97.5757
1254	0.066155	5.37899	2.41714	97.6051
1255	0.0656724	5.3787	2.41864	97.6345
1256	0.0658034	5.37842	2.41962	97.6639
1257	0.0672636	5.37818	2.42473	97.6934
1258	0.0693669	5.378	2.43005	97.7231
1259	0.0703486	5.37784	2.42323	97.7526
1260	0.0703872	5.37769	2.42357	97.7821
1261	0.0702746	5.37754	2.4248	97.8116
1262	0.0710667	5.37741	2.42562	97.8411
1263	0.0711478	5.37729	2.41845	97.8704
1264	0.0709921	5.37716	2.41753	97.8997
1265	0.0717427	5.37705	2.41913	97.929
1266	0.0729905	5.37698	2.42079	97.9584
1267	0.0738892	5.37694	2.42251	97.9878
1268	0.0742834	5.3769	2.41966	98.0171
1269	0.0749861	5.37689	2.41908	98.0464
1270	0.0764601	5.37692	2.41636	98.0756
1271	0.0782798	5.377	2.41991	98.1049
1272	0.0786798	5.3771	2.42329	98.1343
1273	0.0774052	5.37715	2.42688	98.1638
1274	0.0769787	5.3772	2.42602	98.1932
1275	0.0779053	5.37728	2.42777	98.2227
1276	0.0775502	5.37734	2.42543	98.2521
1277	0.076359	5.37737	2.42703	98.2815
1278	0.0764871	5.37741	2.43225	98.3111
1279	0.0766326	5.37745	2.43653	98.3408
1280	0.0767458	5.3775	2.4425	98.3707
1281	0.0758351	5.37752	2.44492	98.4006
1282	0.0753377	5.37753	2.44728	98.4306
1283	0.0743453	5.37751	2.45152	98.4606
1284	0.0733263	5.37746	2.45569	98.4908
1285	0.0745453	5.37745	2.45802	98.5211
1286	0.075079	5.37745	2.45954	98.5514
1287	0.0743104	5.37744	2.46232	98.5817
1288	0.0734582	5.3774	2.46729	98.6122
1289	0.0733637	5.37736	2.47044	98.6427
1290	0.0726195	5.3773	2.46486	98.6731
1291	0.0725912	5.37724	2.46166	98.7034
1292	0.0732904	5.37719	2.45911	98.7336
1293	0.0713218	5.3771	2.46044	98.7639
1294	0.0695226	5.37696	2.45973	98.7941
1295	0.0689014	5.3768	2.45624	98.8242
1296	0.0682084	5.37662	2.45028	98.8541
1297	0.0689616	5.37646	2.44336	98.8839
1298	0.0690036	5.37631	2.44272	98.9136
1299	0.0695999	5.37617	2.43794	98.9432
1300	0.0693433	5.37603	2.43763	98.9727
1301	0.0686019	5.37586	2.43416	99.0022
1302	0.0690832	5.37572	2.43404	99.0316
1303	0.0708374	5.37562	2.43557	99.0611
1304	0.0727454	5.37557	2.43538	99.0905
1305	0.0752443	5.3756	2.43766	99.12
1306	0.0763526	5.37565	2.43728	99.1495
1307	0.0763191	5.37571	2.43456	99.1789
1308	0.0769593	5.37578	2.42907	99.2082
1309	0.0767241	5.37585	2.42632	99.2374
1310	0.0789362	5.37598	2.41342	99.2662
1311	0.0816033	5.37618	2.41997	99.2951
1312	0.0822612	5.37641	2.42198	99.3242
1313	0.0826718	5.37664	2.42604	99.3533
1314	0.0835705	5.3769	2.42411	99.3824
1315	0.0825974	5.37714	2.41725	99.4112
1316	0.0819978	5.37736	2.41267	99.44
1317	0.0799248	5.37752	2.40766	99.4686
1318	0.0790599	5.37766	2.39837	99.4969
1319	0.0807358	5.37784	2.39674	99.5252
1320	0.081057	5.37804	2.39592	99.5534
1321	0.0816286	5.37825	2.39818	99.5817
1322	0.0810891	5.37844	2.39894	99.61
1323	0.081326	5.37865	2.40198	99.6384
1324	0.0819471	5.37887	2.40494	99.6669
1325	0.0837955	5.37914	2.40998	99.6955
1326	0.0829896	5.3794	2.41513	99.7242
1327	0.0843514	5.37969	2.41947	99.753
1328	0.086055	5.38002	2.42519	99.782
1329	0.0866037	5.38037	2.42262	99.811
1330	0.0855146	5.3807	2.41905	99.8398
1331	0.0838942	5.38098	2.40864	99.8683
1332	0.0821542	5.38121	2.409	99.8968
1333	0.0805172	5.3814	2.40792	99.9253
1334	0.0806779	5.38159	2.39967	99.9535
1335	0.0816695	5.38181	2.39073	99.9815
1336	0.0806253	5.382	2.38263	100.009
1337	0.0814516	5.38222	2.37939	100.037
1338	0.0827746	5.38247	2.37408	100.064
1339	0.0827141	5.38272	2.36834	100.092
1340	0.0831046	5.38299	2.35945	100.119
1341	0.0832972	5.38325	2.35811	100.146
1342	0.0821548	5.38349	2.34666	100.173
1343	0.0822527	5.38373	2.34736	100.2
1344	0.0813121	5.38395	2.3494	100.226
1345	0.0802878	5.38414	2.352	100.253
1346	0.0807016	5.38434	2.35222	100.28
1347	0.0804844	5.38453	2.34889	100.307
1348	0.0798525	5.38471	2.34581	100.334
1349	0.0791522	5.38487	2.33768	100.36
1350	0.0778968	5.385	2.33549	100.386
1351	0.0776475	5.38512	2.3282	100.413
1352	0.0769798	5.38522	2.32949	100.439
1353	0.0763412	5.38531	2.32692	100.465
1354	0.0776943	5.38543	2.32969	100.491
1355	0.076872	5.38554	2.32928	100.517
1356	0.0782033	5.38567	2.33	100.544
1357	0.0788457	5.38583	2.3243	100.57
1358	0.0776324	5.38596	2.322	100.596
1359	0.075752	5.38603	2.31751	100.621
1360	0.0747895	5.38608	2.31847	100.647
1361	0.0748653	5.38613	2.31806	100.673
1362	0.0726745	5.38612	2.32349	100.699
1363	0.0724771	5.38611	2.3259	100.725
1364	0.0730329	5.38612	2.32796	100.751
1365	0.0747393	5.38617	2.33025	100.778
1366	0.0746094	5.38622	2.33366	100.804
1367	0.0735225	5.38623	2.33478	100.83
1368	0.0745651	5.38628	2.3338	100.856
1369	0.0749755	5.38634	2.33248	100.883
1370	0.0755618	5.38642	2.33087	100.909
1371	0.0768217	5.38653	2.33688	100.935
1372	0.0784372	5.38669	2.34171	100.961
1373	0.080576	5.3869	2.34828	100.988
1374	0.0786676	5.38706	2.35184	101.015
1375	0.0776181	5.3872	2.35475	101.042
1376	0.0764887	5.3873	2.35481	101.068
1377	0.0754037	5.38738	2.35188	101.095
1378	0.0762093	5.38748	2.35326	101.122
1379	0.0774946	5.38761	2.35093	101.148
1380	0.0806656	5.38784	2.35782	101.175
1381	0.0812355	5.38807	2.34534	101.202
1382	0.0809047	5.3883	2.33986	101.228
1383	0.080452	5.38852	2.3419	101.254
1384	0.0792715	5.3887	2.34523	101.281
1385	0.0781301	5.38886	2.34509	101.307
1386	0.0779484	5.38901	2.34362	101.334
1387	0.0779085	5.38916	2.33936	101.36
1388	0.0785354	5.38932	2.33681	101.386
1389	0.0795945	5.38952	2.33592	101.412
1390	0.079831	5.38972	2.33544	101.438
1391	0.0792691	5.38991	2.33592	101.465
1392	0.0797939	5.39012	2.33256	101.491
1393	0.0808981	5.39035	2.3261	101.517
1394	0.0831426	5.39064	2.3271	101.543
1395	0.0850288	5.39099	2.32334	101.568
1396	0.0851316	5.39134	2.31932	101.594
1397	0.0852144	5.39169	2.31014	101.619
1398	0.0825866	5.39197	2.30659	101.645
1399	0.0816466	5.39223	2.30067	101.67
1400	0.0795059	5.39243	2.30503	101.695
1401	0.0783168	5.3926	2.30642	101.721
1402	0.0764253	5.39271	2.30302	101.746
1403	0.0776703	5.39287	2.29911	101.771
1404	0.0793537	5.39307	2.2926	101.796
1405	0.079622	5.39327	2.29153	101.821
1406	0.0804814	5.3935	2.28916	101.846
1407	0.0808786	5.39374	2.28521	101.87
1408	0.0822383	5.39402	2.28546	101.895
1409	0.0822259	5.3943	2.28758	101.92
1410	0.0809529	5.39454	2.2816	101.945
1411	0.0799613	5.39476	2.28072	101.969
1412	0.0793574	5.39496	2.27879	101.994
1413	0.0790546	5.39515	2.28068	102.018
1414	0.0800785	5.39538	2.28086	102.043
1415	0.0800787	5.3956	2.27852	102.067
1416	0.0808971	5.39585	2.27546	102.092
1417	0.0803995	5.39608	2.2742	102.116
1418	0.0805539	5.39632	2.27477	102.141
1419	0.0799927	5.39654	2.27827	102.165
1420	0.0799375	5.39676	2.28157	102.19
1421	0.0805435	5.397	2.28253	102.214
1422	0.0805678	5.39724	2.28156	102.239
1423	0.0795167	5.39745	2.28419	102.263
1424	0.0802197	5.39768	2.28341	102.288
1425	0.0799553	5.39791	2.28597	102.313
1426	0.0800348	5.39814	2.28966	102.338
1427	0.0808749	5.39839	2.28149	102.362
1428	0.0810514	5.39864	2.27958	102.387
1429	0.0793216	5.39885	2.28379	102.411
1430	0.0782852	5.39903	2.28891	102.436
1431	0.0794731	5.39925	2.29136	102.461
1432	0.0802541	5.39949	2.29531	102.486
1433	0.0786237	5.39968	2.30078	102.511
1434	0.0772976	5.39984	2.3058	102.536
1435	0.0781443	5.40002	2.30972	102.561
1436	0.077977	5.4002	2.31233	102.586
1437	0.0787748	5.4004	2.31444	102.612
1438	0.0795569	5.40062	2.31833	102.637
1439	0.0786525	5.40082	2.31511	102.662
1440	0.0788372	5.40102	2.31622	102.688
1441	0.0760898	5.40115	2.32592	102.713
1442	0.0738239	5.40123	2.33386	102.739
1443	0.0722243	5.40126	2.32853	102.765
1444	0.0700556	5.40123	2.33296	102.791
1445	0.0706466	5.40122	2.33424	102.817
1446	0.0698473	5.40119	2.33594	102.843
1447	0.0684138	5.40112	2.3405	102.869
1448	0.0700813	5.4011	2.34274	102.895
1449	0.070986	5.4011	2.34203	102.921
1450	0.0725574	5.40115	2.34424	102.947
1451	0.0749058	5.40125	2.34439	102.973
1452	0.0775136	5.40143	2.34713	102.999
1453	0.0784859	5.40163	2.34454	103.025
1454	0.0798453	5.40187	2.34507	103.051
1455	0.0801038	5.40211	2.34525	103.077
1456	0.0811827	5.40239	2.34715	103.103
1457	0.0836509	5.40272	2.35196	103.129
1458	0.0854419	5.40311	2.35092	103.156
1459	0.0860484	5.40351	2.35283	103.182
1460	0.0838566	5.40386	2.35954	103.208
1461	0.0811292	5.40413	2.36538	103.235
1462	0.0786085	5.40434	2.37024	103.262
1463	0.0768143	5.4045	2.37723	103.288
1464	0.0758407	5.40464	2.38033	103.315
1465	0.0758302	5.40477	2.38188	103.342
1466	0.0756952	5.40491	2.38468	103.369
1467	0.0764961	5.40507	2.38677	103.396
1468	0.0768257	5.40523	2.38607	103.423
1469	0.0758153	5.40537	2.39157	103.451
1470	0.0744691	5.40547	2.39588	103.478
1471	0.0744478	5.40558	2.39542	103.505
1472	0.0765224	5.40574	2.4031	103.533
1473	0.076089	5.40589	2.40804	103.56
1474	0.0759577	5.40603	2.41355	103.588
1475	0.0760353	5.40618	2.4142	103.616
1476	0.0752394	5.40631	2.41545	103.644
1477	0.0756365	5.40645	2.41304	103.671
1478	0.076422	5.40661	2.41111	103.699
1479	0.0774869	5.40679	2.4166	103.727
1480	0.0771287	5.40697	2.41911	103.755
1481	0.0774182	5.40716	2.41994	103.782
1482	0.0772009	5.40734	2.42397	103.81
1483	0.0762018	5.4075	2.42579	103.838
1484	0.0749795	5.40762	2.4258	103.866
1485	0.0722835	5.40768	2.42903	103.894
1486	0.0696403	5.40767	2.43236	103.923
1487	0.0669557	5.40759	2.43651	103.951
1488	0.0640809	5.40743	2.44411	103.979
1489	0.0639559	5.40727	2.44858	104.008
1490	0.0646696	5.40714	2.45339	104.036
1491	0.0644906	5.40699	2.44601	104.065
1492	0.0643716	5.40685	2.44362	104.093
1493	0.0633712	5.40668	2.44345	104.122
1494	0.0632012	5.40651	2.44379	104.15
1495	0.0638191	5.40635	2.43919	104.178
1496	0.0645766	5.40621	2.43928	104.206
1497	0.0654107	5.4061	2.44064	104.235
1498	0.0651562	5.40598	2.44412	104.263
1499	0.0636801	5.40582	2.44461	104.291
1500	0.0641783	5.40568	2.44667	104.32
1501	0.0633087	5.40551	2.44783	104.348
1502	0.0605329	5.40528	2.45174	104.377
1503	0.0592542	5.40501	2.44976	104.405
1504	0.058287	5.40471	2.4514	104.434
1505	0.0569499	5.40439	2.45069	104.462
1506	0.0571566	5.40407	2.45161	104.491
1507	0.0567048	5.40374	2.45071	104.519
1508	0.0571115	5.40342	2.44965	104.548
1509	0.0569198	5.40309	2.44731	104.576
1510	0.0569843	5.40277	2.44829	104.604
1511	0.0570678	5.40245	2.44922	104.633
1512	0.0575224	5.40215	2.44897	104.661
1513	0.0571935	5.40183	2.45008	104.69
1514	0.0565087	5.4015	2.45157	104.718
1515	0.0566471	5.40118	2.44799	104.746
1516	0.0569805	5.40086	2.44182	104.774
1517	0.0567981	5.40054	2.43883	104.803
1518	0.0554007	5.40018	2.43556	104.831
1519	0.0557465	5.39984	2.43041	104.858
1520	0.0558611	5.39949	2.42556	104.886
1521	0.056693	5.39917	2.42628	104.914
1522	0.0565231	5.39885	2.4269	104.942
1523	0.0548521	5.39848	2.41971	104.969
1524	0.0519535	5.39805	2.42459	104.997
1525	0.0508738	5.39758	2.42498	105.024
1526	0.0498138	5.39709	2.42304	105.052
1527	0.0477348	5.39654	2.42706	105.08
1528	0.0476682	5.396	2.42485	105.107
1529	0.0472842	5.39544	2.42054	105.135
1530	0.046603	5.39487	2.42196	105.163
1531	0.0475326	5.39433	2.42313	105.19
1532	0.04649	5.39376	2.42555	105.218
1533	0.0456482	5.39316	2.42943	105.245
1534	0.0433359	5.39251	2.43649	105.273
1535	0.0429372	5.39185	2.43995	105.301
1536	0.0426708	5.39119	2.44124	105.329
1537	0.0430143	5.39053	2.43859	105.357
1538	0.043139	5.38988	2.44055	105.385
1539	0.0428765	5.38923	2.4439	105.413
1540	0.0436169	5.38859	2.44862	105.442
1541	0.0430393	5.38794	2.44821	105.47
1542	0.0406417	5.38723	2.45036	105.498
1543	0.0393969	5.38649	2.4491	105.526
1544	0.0394927	5.38575	2.44491	105.554
1545	0.0408324	5.38504	2.44364	105.582
1546	0.0407297	5.38434	2.43926	105.61
1547	0.040819	5.38364	2.44109	105.638
1548	0.0401791	5.38292	2.44263	105.666
1549	0.0398975	5.3822	2.44242	105.694
1550	0.0403752	5.38149	2.43953	105.722
1551	0.0424912	5.38084	2.44363	105.75
1552	0.0433976	5.38021	2.44036	105.778
1553	0.0441926	5.3796	2.43672	105.805
1554	0.0445325	5.379	2.43266	105.833
1555	0.045274	5.37842	2.42894	105.861
1556	0.0465414	5.37787	2.43252	105.888
1557	0.0466512	5.37732	2.4369	105.916
1558	0.0460787	5.37677	2.44227	105.944
1559	0.0465054	5.37622	2.44563	105.972
1560	0.045751	5.37566	2.4489	106
1561	0.0454437	5.37509	2.45122	106.028
1562	0.0458516	5.37453	2.44438	106.056
1563	0.0473453	5.37401	2.44151	106.084
1564	0.049462	5.37354	2.43967	106.111
1565	0.0503085	5.3731	2.43458	106.139
1566	0.0505472	5.37266	2.43022	106.167
1567	0.0515608	5.37225	2.42876	106.194
1568	0.0525078	5.37186	2.42736	106.221
1569	0.0536278	5.37151	2.42362	106.249
1570	0.0537189	5.37115	2.41567	106.276
1571	0.0543516	5.37082	2.415	106.303
1572	0.0556077	5.37051	2.41802	106.33
1573	0.0554398	5.3702	2.41899	106.357
1574	0.0557813	5.3699	2.42147	106.385
1575	0.0562796	5.36962	2.42171	106.412
1576	0.0579126	5.36938	2.41758	106.439
1577	0.0594862	5.36917	2.40922	106.466
1578	0.0605866	5.369	2.39917	106.493
1579	0.061109	5.36884	2.40017	106.519
1580	0.059699	5.36864	2.40103	106.546
1581	0.0602884	5.36846	2.40233	106.573
1582	0.0613238	5.3683	2.40322	106.599
1583	0.0615853	5.36816	2.40354	106.626
1584	0.0616956	5.36801	2.40083	106.653
1585	0.061625	5.36787	2.39372	106.679
1586	0.0609059	5.36771	2.39116	106.706
1587	0.0606763	5.36754	2.39064	106.732
1588	0.0600321	5.36736	2.39282	106.759
1589	0.0600037	5.36717	2.39679	106.785
1590	0.0614555	5.36703	2.39648	106.812
1591	0.0616721	5.36689	2.39389	106.838
1592	0.0612416	5.36674	2.39044	106.864
1593	0.0598255	5.36655	2.38843	106.891
1594	0.0592682	5.36636	2.38881	106.917
1595	0.0592172	5.36616	2.39007	106.943
1596	0.0578956	5.36593	2.38973	106.97
1597	0.05705	5.36568	2.38984	106.996
1598	0.0562299	5.3654	2.38699	107.022
1599	0.056478	5.36514	2.38667	107.048
1600	0.0570774	5.36489	2.38575	107.075
1601	0.0571613	5.36465	2.38679	107.101
1602	0.0553719	5.36436	2.38928	107.127
1603	0.0557823	5.36408	2.3881	107.153
1604	0.0565469	5.36382	2.38492	107.179
1605	0.055637	5.36354	2.38079	107.206
1606	0.0549425	5.36324	2.3691	107.231
1607	0.0548833	5.36294	2.35512	107.257
1608	0.0557493	5.36266	2.34852	107.282
1609	0.0564238	5.3624	2.34105	107.307
1610	0.0554803	5.36212	2.3398	107.332
1611	0.0555598	5.36184	2.33884	107.357
1612	0.0542386	5.36153	2.33975	107.382
1613	0.0534728	5.3612	2.33969	107.407
1614	0.0542392	5.36089	2.34421	107.432
1615	0.0542044	5.36058	2.34757	107.457
1616	0.0553592	5.3603	2.35128	107.482
1617	0.0563742	5.36005	2.35377	107.508
1618	0.0564211	5.3598	2.35173	107.533
1619	0.0566064	5.35955	2.34411	107.558
1620	0.0560833	5.35929	2.33808	107.583
1621	0.0552462	5.35901	2.32553	107.607
1622	0.0548556	5.35872	2.32573	107.632
1623	0.0557234	5.35845	2.32638	107.656
1624	0.0542104	5.35815	2.31828	107.681
1625	0.053868	5.35784	2.30564	107.705
1626	0.0549532	5.35755	2.30546	107.729
1627	0.0560711	5.3573	2.30182	107.753
1628	0.0567545	5.35706	2.30354	107.777
1629	0.0575116	5.35684	2.30464	107.801
1630	0.0575654	5.35662	2.30411	107.825
1631	0.0574358	5.35641	2.30296	107.849
1632	0.0567824	5.35617	2.30064	107.873
1633	0.0574473	5.35595	2.30295	107.897
1634	0.0579144	5.35575	2.29793	107.921
1635	0.0583225	5.35555	2.29789	107.944
1636	0.0589517	5.35538	2.2977	107.968
1637	0.0591025	5.3552	2.29917	107.992
1638	0.058454	5.35501	2.29558	108.016
1639	0.0583745	5.35482	2.289	108.039
1640	0.0573971	5.35461	2.28602	108.063
1641	0.0571941	5.35439	2.28511	108.086
1642	0.0577702	5.35418	2.28418	108.11
1643	0.057312	5.35397	2.28508	108.133
1644	0.056281	5.35373	2.28535	108.157
1645	0.0547382	5.35345	2.28324	108.18
1646	0.0533824	5.35314	2.28401	108.204
1647	0.052242	5.35281	2.28472	108.227
1648	0.0533257	5.3525	2.28237	108.251
1649	0.0553359	5.35224	2.28268	108.274
1650	0.0561156	5.352	2.28172	108.297
1651	0.0565119	5.35177	2.27486	108.321
1652	0.0576936	5.35157	2.27166	108.344
1653	0.0579083	5.35138	2.26266	108.367
1654	0.0581822	5.35119	2.25725	108.389
1655	0.0583595	5.35101	2.25109	108.412
1656	0.0593818	5.35085	2.24917	108.434
1657	0.0581443	5.35067	2.251	108.457
1658	0.0579125	5.35048	2.24964	108.479
1659	0.0592863	5.35032	2.247	108.502
1660	0.0596081	5.35017	2.24819	108.524
1661	0.0593748	5.35002	2.24747	108.547
1662	0.0590322	5.34986	2.24806	108.569
1663	0.0591605	5.3497	2.24913	108.592
1664	0.0590182	5.34954	2.25133	108.615
1665	0.0588908	5.34938	2.2498	108.637
1666	0.0582647	5.3492	2.25187	108.66
1667	0.0592571	5.34905	2.25179	108.682
1668	0.0592288	5.3489	2.25231	108.705
1669	0.0575942	5.34871	2.25605	108.727
1670	0.0570331	5.3485	2.25893	108.75
1671	0.056834	5.34829	2.26008	108.773
1672	0.0567878	5.34808	2.26149	108.796
1673	0.0562532	5.34786	2.2592	108.818
1674	0.056503	5.34765	2.26197	108.841
1675	0.0558921	5.34742	2.26419	108.864
1676	0.0565571	5.3472	2.26384	108.887
1677	0.0561056	5.34698	2.26449	108.91
1678	0.0551331	5.34673	2.26583	108.932
1679	0.0544109	5.34647	2.26872	108.955
1680	0.0541036	5.3462	2.27204	108.978
1681	0.0540957	5.34593	2.27547	109.002
1682	0.0532174	5.34564	2.27731	109.025
1683	0.0528165	5.34534	2.277	109.048
1684	0.052485	5.34503	2.27781	109.071
1685	0.0531418	5.34474	2.27835	109.094
1686	0.0553004	5.3445	2.28134	109.117
1687	0.0542458	5.34424	2.28308	109.14
1688	0.0514494	5.34391	2.29087	109.164
1689	0.0492925	5.34353	2.29469	109.187
1690	0.0471913	5.3431	2.2951	109.211
1691	0.0456666	5.34263	2.29761	109.235
1692	0.0444165	5.34213	2.29709	109.258
1693	0.0436091	5.34161	2.29776	109.282
1694	0.0439871	5.34111	2.29535	109.305
1695	0.0452479	5.34063	2.29971	109.329
1696	0.0459901	5.34017	2.30119	109.352
1697	0.0465963	5.33973	2.30323	109.376
1698	0.0463746	5.33929	2.30275	109.4
1699	0.0462811	5.33884	2.30417	109.424
1700	0.0474187	5.33842	2.30364	109.447
1701	0.0482211	5.33802	2.30481	109.471
1702	0.0485761	5.33763	2.30318	109.495
1703	0.0492408	5.33726	2.3031	109.518
1704	0.0502217	5.33691	2.30646	109.542
1705	0.0512845	5.33659	2.30669	109.566
1706	0.0506681	5.33625	2.30615	109.589
1707	0.0507742	5.33592	2.30716	109.613
1708	0.0500976	5.33557	2.30744	109.637
1709	0.0494326	5.33521	2.30677	109.661
1710	0.0501616	5.33486	2.30436	109.684
1711	0.0495521	5.3345	2.30871	109.708
1712	0.0487592	5.33412	2.31121	109.732
1713	0.0476634	5.33372	2.31412	109.756
1714	0.0467975	5.33329	2.31088	109.78
1715	0.0474005	5.33288	2.31105	109.803
1716	0.0485991	5.3325	2.31087	109.827
1717	0.0488205	5.33213	2.31395	109.851
1718	0.0492418	5.33177	2.31708	109.875
1719	0.0508829	5.33144	2.31517	109.899
1720	0.0524621	5.33116	2.31298	109.923
1721	0.053157	5.33089	2.31286	109.946
1722	0.0523219	5.33061	2.30616	109.97
1723	0.0523581	5.33032	2.30547	109.994
1724	0.0520738	5.33003	2.30706	110.017
1725	0.0525228	5.32975	2.31043	110.041
1726	0.0537035	5.3295	2.31137	110.065
1727	0.0546895	5.32927	2.31231	110.089
1728	0.0541586	5.32904	2.31442	110.113
1729	0.0543743	5.3288	2.31631	110.136
1730	0.0535982	5.32855	2.31843	110.16
1731	0.0535229	5.3283	2.3194	110.184
1732	0.0543733	5.32807	2.32177	110.208
1733	0.0556324	5.32787	2.32309	110.232
1734	0.0561988	5.32768	2.32053	110.256
1735	0.0551612	5.32747	2.32026	110.28
1736	0.0564704	5.3273	2.31854	110.304
1737	0.0562808	5.32711	2.3169	110.328
1738	0.056934	5.32695	2.31253	110.352
1739	0.0571072	5.32679	2.31031	110.375
1740	0.0566724	5.32661	2.31203	110.399
1741	0.0557118	5.32642	2.31255	110.423
1742	0.0563609	5.32624	2.31364	110.446
1743	0.0577756	5.3261	2.31349	110.47
1744	0.0586057	5.32598	2.31292	110.494
1745	0.0593201	5.32587	2.31075	110.517
1746	0.0595392	5.32577	2.30921	110.541
1747	0.0593561	5.32567	2.30748	110.565
1748	0.058488	5.32554	2.30722	110.588
1749	0.0569973	5.32539	2.31025	110.612
1750	0.0569299	5.32523	2.31126	110.636
1751	0.0563633	5.32505	2.31521	110.659
1752	0.0561932	5.32488	2.3173	110.683
1753	0.0558835	5.32469	2.31359	110.707
1754	0.0546687	5.32448	2.31656	110.73
1755	0.0529238	5.32423	2.31664	110.754
1756	0.0507483	5.32392	2.3151	110.778
1757	0.0489823	5.32358	2.31621	110.802
1758	0.0483704	5.32322	2.31693	110.825
1759	0.0479739	5.32285	2.31717	110.849
1760	0.0462707	5.32244	2.32031	110.873
1761	0.0457468	5.32202	2.3199	110.897
1762	0.0459891	5.32161	2.31868	110.921
1763	0.0457741	5.32119	2.31543	110.944
1764	0.0460615	5.32078	2.31761	110.968
1765	0.0451979	5.32035	2.31935	110.992
1766	0.0448601	5.31991	2.31622	111.015
1767	0.0453305	5.31948	2.31562	111.039
1768	0.046067	5.31908	2.31596	111.063
1769	0.0473149	5.3187	2.31642	111.086
1770	0.04696	5.31831	2.31614	111.11
1771	0.0456458	5.3179	2.31663	111.134
1772	0.0454241	5.31748	2.31587	111.157
1773	0.0461426	5.31707	2.31348	111.181
1774	0.0463057	5.31668	2.30443	111.204
1775	0.0464606	5.31628	2.30188	111.228
1776	0.0466216	5.31589	2.29813	111.251
1777	0.0463741	5.3155	2.29781	111.274
1778	0.0463586	5.3151	2.29583	111.297
1779	0.0456574	5.31469	2.29791	111.321
1780	0.0443333	5.31425	2.30266	111.344
1781	0.0436218	5.31379	2.30247	111.367
1782	0.0431593	5.31333	2.30483	111.39
1783	0.0419272	5.31283	2.30152	111.414
1784	0.0408298	5.31231	2.30095	111.437
1785	0.0409846	5.31179	2.30119	111.46
1786	0.0417675	5.31129	2.29832	111.483
1787	0.0424311	5.31081	2.29737	111.507
1788	0.0408434	5.31029	2.29834	111.53
1789	0.0392633	5.30974	2.29695	111.553
1790	0.0387755	5.30917	2.29708	111.576
1791	0.0378136	5.30859	2.29897	111.599
1792	0.0374642	5.30799	2.30122	111.622
1793	0.0371018	5.30739	2.30342	111.646
1794	0.0375602	5.3068	2.30362	111.669
1795	0.0378093	5.30621	2.30614	111.692
1796	0.0384881	5.30564	2.30805	111.716
1797	0.0397091	5.3051	2.30565	111.739
1798	0.040134	5.30458	2.30517	111.762
1799	0.0410748	5.30407	2.30364	111.786
1800	0.0425574	5.3036	2.30505	111.809
1801	0.0425381	5.30313	2.3052	111.832
1802	0.0418638	5.30265	2.30212	111.855
1803	0.0411406	5.30215	2.30089	111.878
1804	0.0403446	5.30163	2.30081	111.902
1805	0.0405677	5.30112	2.30106	111.925
1806	0.0417115	5.30063	2.30222	111.948
1807	0.0435178	5.30019	2.30484	111.971
1808	0.0450296	5.29978	2.30743	111.994
1809	0.0462167	5.29941	2.31146	112.018
1810	0.0476556	5.29906	2.31768	112.041
1811	0.0479689	5.29873	2.31933	112.065
1812	0.048379	5.2984	2.32052	112.089
1813	0.0482813	5.29808	2.32142	112.112
1814	0.0481743	5.29775	2.32214	112.136
1815	0.0481043	5.29742	2.32332	112.159
1816	0.0477185	5.29708	2.32181	112.183
1817	0.0464131	5.29671	2.32104	112.207
1818	0.0453629	5.29632	2.31656	112.23
1819	0.0450756	5.29592	2.31144	112.253
1820	0.0450857	5.29552	2.3091	112.277
1821	0.0441217	5.29511	2.31195	112.3
1822	0.044372	5.29469	2.31177	112.323
1823	0.0443503	5.29428	2.31329	112.347
1824	0.0452588	5.29389	2.31264	112.37
1825	0.0463549	5.29352	2.31139	112.393
1826	0.046886	5.29317	2.30907	112.417
1827	0.048862	5.29287	2.30808	112.44
1828	0.0508444	5.29261	2.30181	112.463
1829	0.0515491	5.29237	2.29829	112.486
1830	0.0519906	5.29214	2.29087	112.509
1831	0.052782	5.29193	2.28734	112.532
1832	0.0533958	5.29173	2.28922	112.554
1833	0.05275	5.29152	2.29245	112.577
1834	0.0520138	5.29129	2.29408	112.6
1835	0.0509486	5.29104	2.29635	112.623
1836	0.0507651	5.29079	2.29672	112.646
1837	0.0494428	5.2905	2.29793	112.669
1838	0.0483004	5.29019	2.30042	112.692
1839	0.0480813	5.28987	2.30279	112.715
1840	0.0483186	5.28956	2.30521	112.738
1841	0.0476848	5.28924	2.30686	112.761
1842	0.046907	5.2889	2.30969	112.784
1843	0.0464065	5.28854	2.31131	112.808
1844	0.045942	5.28818	2.31507	112.831
1845	0.0449123	5.28779	2.31327	112.854
1846	0.0449212	5.28741	2.30982	112.877
1847	0.0430159	5.28698	2.31153	112.901
1848	0.0408541	5.2865	2.31488	112.924
1849	0.0387905	5.28597	2.31676	112.947
1850	0.0389255	5.28545	2.31845	112.971
1851	0.0377828	5.2849	2.32079	112.994
1852	0.0376244	5.28435	2.32172	113.018
1853	0.0382591	5.28381	2.32413	113.041
1854	0.0385514	5.28328	2.32626	113.065
1855	0.0388746	5.28276	2.32784	113.088
1856	0.0383228	5.28223	2.33109	113.112
1857	0.038609	5.28171	2.33453	113.136
1858	0.039198	5.28119	2.33538	113.159
1859	0.0391468	5.28068	2.33829	113.183
1860	0.0384786	5.28016	2.33668	113.207
1861	0.0370947	5.2796	2.33411	113.231
1862	0.0367051	5.27903	2.33212	113.254
1863	0.0364224	5.27846	2.3351	113.278
1864	0.0369885	5.2779	2.33627	113.302
1865	0.0375012	5.27736	2.33608	113.325
1866	0.0367858	5.27679	2.33616	113.349
1867	0.0365608	5.27623	2.33878	113.373
1868	0.0365782	5.27566	2.34037	113.397
1869	0.0364337	5.2751	2.34044	113.42
1870	0.0373787	5.27455	2.34227	113.444
1871	0.0382152	5.27403	2.33957	113.468
1872	0.0383585	5.2735	2.3399	113.492
1873	0.038411	5.27298	2.33381	113.515
1874	0.0385251	5.27247	2.32535	113.539
1875	0.0378455	5.27194	2.31837	113.562
1876	0.0380912	5.27141	2.31441	113.585
1877	0.0375704	5.27088	2.30932	113.608
1878	0.037122	5.27033	2.31112	113.631
1879	0.0381254	5.26981	2.31577	113.655
1880	0.0400456	5.26933	2.31939	113.678
1881	0.0417143	5.26889	2.31974	113.701
1882	0.0427961	5.26848	2.31619	113.724
1883	0.0408542	5.26802	2.31451	113.747
1884	0.0397719	5.26754	2.31446	113.771
1885	0.0390334	5.26705	2.31262	113.794
1886	0.0366924	5.26649	2.31505	113.817
1887	0.0352677	5.26591	2.31884	113.84
1888	0.0345235	5.26531	2.32186	113.863
1889	0.0346758	5.26472	2.32125	113.887
1890	0.0346408	5.26412	2.31778	113.91
1891	0.0340666	5.26352	2.31719	113.933
1892	0.0332044	5.26289	2.31467	113.956
1893	0.0315699	5.26223	2.31792	113.979
1894	0.0323158	5.26158	2.31773	114.002
1895	0.0334197	5.26096	2.31847	114.026
1896	0.0328371	5.26033	2.31968	114.049
1897	0.0309591	5.25965	2.32246	114.072
1898	0.0291398	5.25894	2.32307	114.095
1899	0.0275103	5.25818	2.31957	114.118
1900	0.0269581	5.25742	2.31516	114.142
1901	0.026293	5.25664	2.31244	114.165
1902	0.0270382	5.25588	2.31062	114.188
1903	0.0275442	5.25513	2.31109	114.211
1904	0.0278045	5.25439	2.31092	114.233
1905	0.0284102	5.25366	2.31289	114.257
1906	0.0293716	5.25296	2.31276	114.28
1907	0.0296673	5.25226	2.31363	114.303
1908	0.0295528	5.25156	2.31472	114.326
1909	0.0296602	5.25087	2.3165	114.349
1910	0.0306615	5.25019	2.32016	114.372
1911	0.0316767	5.24955	2.32359	114.395
1912	0.0329967	5.24893	2.32316	114.418
1913	0.0330195	5.24831	2.32266	114.441
1914	0.0335048	5.24771	2.32057	114.465
1915	0.0336732	5.24711	2.31861	114.488
1916	0.0329118	5.24649	2.31918	114.511
1917	0.0328453	5.24587	2.31713	114.534
1918	0.0313619	5.24522	2.32048	114.557
1919	0.0319146	5.24459	2.32031	114.58
1920	0.0326729	5.24397	2.32075	114.603
1921	0.0323415	5.24334	2.32453	114.626
1922	0.0330403	5.24273	2.32484	114.65
1923	0.0334572	5.24213	2.324	114.673
1924	0.0335743	5.24154	2.32301	114.696
1925	0.0346636	5.24097	2.31807	114.719
1926	0.0352426	5.24041	2.31674	114.742
1927	0.0354366	5.23986	2.31476	114.765
1928	0.0347024	5.23929	2.31481	114.788
1929	0.0338627	5.2387	2.31122	114.811
1930	0.0331534	5.2381	2.30784	114.834
1931	0.0320101	5.23747	2.30351	114.856
1932	0.0307808	5.23682	2.30204	114.879
1933	0.0292876	5.23613	2.30175	114.902
1934	0.0299072	5.23546	2.29956	114.924
1935	0.0297798	5.23479	2.29817	114.947
1936	0.0294187	5.2341	2.29481	114.969
1937	0.0285219	5.2334	2.29458	114.992
1938	0.0276912	5.23268	2.29602	115.014
1939	0.0265058	5.23193	2.29674	115.037
1940	0.0265543	5.23119	2.29777	115.059
1941	0.0278632	5.23047	2.30173	115.082
1942	0.029637	5.2298	2.30368	115.104
1943	0.0306376	5.22915	2.30672	115.127
1944	0.0307672	5.22851	2.30758	115.15
1945	0.0314477	5.22788	2.30799	115.173
1946	0.0312468	5.22724	2.30874	115.195
1947	0.0310448	5.2266	2.30884	115.218
1948	0.0320071	5.22599	2.30706	115.241
1949	0.0321987	5.22538	2.30469	115.263
1950	0.0322449	5.22477	2.30476	115.286
1951	0.0333666	5.22419	2.30568	115.309
1952	0.0339622	5.22362	2.30393	115.331
1953	0.03421	5.22305	2.30802	115.354
1954	0.035311	5.22252	2.30994	115.377
1955	0.0348611	5.22197	2.30758	115.399
1956	0.0336883	5.2214	2.30462	115.422
1957	0.0329955	5.22081	2.30341	115.445
1958	0.0317432	5.2202	2.30415	115.467
1959	0.0308173	5.21956	2.29957	115.49
1960	0.0297308	5.2189	2.30075	115.512
1961	0.0288434	5.21822	2.30411	115.535
1962	0.0279424	5.21753	2.30014	115.557
1963	0.0277005	5.21682	2.29361	115.58
1964	0.0272651	5.21611	2.28916	115.602
1965	0.027511	5.2154	2.28775	115.624
1966	0.0289835	5.21473	2.29102	115.646
1967	0.0288632	5.21406	2.28992	115.668
1968	0.028804	5.21338	2.28546	115.691
1969	0.0287452	5.21271	2.28546	115.713
1970	0.0289901	5.21204	2.28655	115.735
1971	0.0297758	5.21139	2.28616	115.757
1972	0.0304966	5.21076	2.28554	115.779
1973	0.031253	5.21014	2.28524	115.801
1974	0.0321822	5.20955	2.28467	115.823
1975	0.0330458	5.20897	2.28558	115.845
1976	0.0329373	5.20839	2.27959	115.867
1977	0.0324232	5.20781	2.27057	115.889
1978	0.032054	5.20721	2.26123	115.911
