#	<x>	stDevX	<E>	stDevE
0	2.70813	0	9.60894	0
1	2.1114	2.40977	9.76182	9.68538
2	2.33161	3.37108	9.71751	13.7123
3	2.68224	4.25798	9.83927	16.8561
4	2.41434	4.89909	8.9347	19.1449
5	2.22262	5.39278	8.89994	21.154
6	1.82845	5.70339	8.87855	22.9695
7	1.32954	5.83002	8.4802	24.5132
8	0.772175	5.78272	9.43569	26.2593
9	0.248244	5.59463	8.98227	27.7617
10	-0.0622338	5.34325	8.52272	29.0532
11	0.119478	5.17006	8.5203	30.2868
12	0.20307	5.03869	8.13922	31.3691
13	0.310178	4.94971	7.57214	32.268
14	0.263603	4.85988	7.31605	33.0786
15	0.167117	4.7565	6.99763	33.7935
16	0.188171	4.6678	6.858	34.4623
17	0.292082	4.61106	5.90235	34.9015
18	0.307802	4.56375	6.24418	35.4175
19	0.297782	4.51926	6.19807	35.9194
20	0.334862	4.48718	6.3878	36.458
21	0.342203	4.46028	6.59368	37.0337
22	0.266366	4.42107	6.69963	37.6234
23	0.301111	4.39225	6.32146	38.1293
24	0.331758	4.37226	6.00119	38.5674
25	0.401277	4.36796	6.07815	39.0176
26	0.449722	4.37441	5.9405	39.4385
27	0.440065	4.3802	5.75098	39.8216
28	0.442886	4.38758	5.65213	40.1853
29	0.419285	4.39166	5.3636	40.4962
30	0.397881	4.39295	5.29784	40.7959
31	0.371909	4.39073	5.1948	41.0782
32	0.398129	4.39405	5.03804	41.3344
33	0.39291	4.39732	4.97148	41.5806
34	0.346851	4.39371	4.89218	41.8151
35	0.352653	4.39198	5.04355	42.0759
36	0.362088	4.39261	4.979	42.3269
37	0.317352	4.38681	4.94905	42.5737
38	0.274288	4.37506	5.03143	42.8342
39	0.301744	4.36855	5.15961	43.1148
40	0.309533	4.36405	5.32157	43.42
41	0.289954	4.35727	5.26498	43.7154
42	0.299041	4.3526	5.28937	44.0135
43	0.355554	4.357	5.25439	44.3053
44	0.327945	4.35778	5.3118	44.6046
45	0.263321	4.34961	5.04231	44.8633
46	0.197756	4.33265	5.13734	45.1353
47	0.14355	4.30875	5.31231	45.4315
48	0.143625	4.28579	5.32179	45.7278
49	0.137476	4.26285	5.23454	46.0105
50	0.132665	4.24008	5.2602	46.2956
51	0.139687	4.21911	5.16165	46.566
52	0.116531	4.19574	5.09703	46.8266
53	0.147463	4.17733	4.97176	47.0695
54	0.157084	4.16088	4.92752	47.306
55	0.209625	4.15201	4.93737	47.5433
56	0.249309	4.14881	4.76816	47.758
57	0.227963	4.1432	4.77857	47.9738
58	0.229823	4.13821	4.7877	48.1906
59	0.231417	4.1338	4.75901	48.4034
60	0.206508	4.12656	4.54647	48.589
61	0.178667	4.11621	4.38278	48.7541
62	0.15501	4.10331	4.45613	48.9289
63	0.157507	4.09118	4.51882	49.1117
64	0.17131	4.08116	4.56657	49.3004
65	0.159434	4.07008	4.55341	49.4875
66	0.118881	4.05447	4.6363	49.6846
67	0.101004	4.03716	4.66698	49.8852
68	0.147799	4.02589	4.55189	50.0718
69	0.184317	4.01933	4.5083	50.253
70	0.206777	4.01569	4.44727	50.427
71	0.206009	4.01222	4.42243	50.5981
72	0.216704	4.01021	4.41599	50.7685
73	0.220728	4.00888	4.36622	50.9332
74	0.184356	4.00358	4.32108	51.0927
75	0.155688	3.99524	4.41652	51.2633
76	0.158123	3.98746	4.37047	51.4285
77	0.161558	3.98033	4.36603	51.5933
78	0.14757	3.97188	4.24667	51.7447
79	0.147642	3.9637	4.10159	51.8801
80	0.138565	3.95476	4.19434	52.026
81	0.157052	3.94811	4.26651	52.18
82	0.181612	3.94436	4.21871	52.3288
83	0.168151	3.93933	4.27514	52.4839
84	0.158908	3.9335	4.11655	52.6218
85	0.169565	3.92902	4.07553	52.7555
86	0.168847	3.92463	3.88482	52.8691
87	0.165857	3.92011	3.73497	52.9672
88	0.178476	3.91709	3.64675	53.0565
89	0.196006	3.91606	3.6767	53.1497
90	0.224726	3.91815	3.68156	53.2439
91	0.222181	3.92007	3.70033	53.3406
92	0.193859	3.91916	3.8209	53.4503
93	0.177313	3.91667	3.87563	53.5659
94	0.164754	3.91304	3.95718	53.6901
95	0.158618	3.90893	4.01691	53.8205
96	0.176528	3.90677	4.03748	53.9531
97	0.199437	3.90703	4.04221	54.0862
98	0.201598	3.90761	3.9961	54.2148
99	0.203699	3.90849	3.99225	54.343
100	0.188077	3.90791	3.82544	54.4547
101	0.125005	3.90121	3.9952	54.5835
102	0.0864214	3.89089	4.01751	54.7144
103	0.0529446	3.87749	3.95855	54.8396
104	0.0372916	3.86278	3.94317	54.9633
105	-0.00592712	3.84412	4.04909	55.0973
106	-0.0520946	3.82127	4.10986	55.2371
107	-0.102525	3.79388	4.27969	55.3931
108	-0.145989	3.76268	4.36498	55.557
109	-0.148894	3.73157	4.31863	55.7161
110	-0.14539	3.70114	4.21163	55.8648
111	-0.159571	3.66971	4.2502	56.0169
112	-0.136626	3.64079	4.33965	56.1771
113	-0.101317	3.61548	4.35689	56.3387
114	-0.0617587	3.59413	4.38196	56.5022
115	-0.0274059	3.57621	4.46365	56.6729
116	-0.004602	3.5606	4.52396	56.8487
117	0.00244859	3.54584	4.52843	57.0245
118	0.00452058	3.53145	4.51636	57.1987
119	0.0241856	3.51902	4.4664	57.3679
120	0.0371005	3.50793	4.41838	57.5323
121	0.047688	3.49795	4.33056	57.6885
122	0.0519885	3.48848	4.2973	57.8413
123	0.0680811	3.48059	3.94342	57.9622
124	0.0751107	3.47344	3.9287	58.0818
125	0.0698726	3.46594	3.87184	58.1962
126	0.0515428	3.45694	3.81371	58.3056
127	0.0481443	3.44775	3.78929	58.4128
128	0.0471982	3.43861	3.82621	58.5233
129	0.0466008	3.42953	3.84457	58.6354
130	0.053051	3.42113	3.83841	58.747
131	0.0581415	3.41329	3.83925	58.8586
132	0.0619966	3.40589	3.89288	58.9749
133	0.0891709	3.40093	3.98421	59.099
134	0.121713	3.39884	4.09729	59.2327
135	0.146932	3.39896	4.16943	59.3723
136	0.161282	3.40036	4.19937	59.5143
137	0.186256	3.4039	4.30044	59.6646
138	0.189811	3.40777	4.35275	59.819
139	0.193932	3.41199	4.35694	59.9735
140	0.184679	3.41546	4.3294	60.1253
141	0.175339	3.41816	4.35319	60.2787
142	0.167951	3.42027	4.37676	60.4338
143	0.168816	3.42247	4.40985	60.5913
144	0.166673	3.42452	4.40305	60.7478
145	0.160379	3.42609	4.33569	60.8984
146	0.166813	3.4282	4.33396	61.0486
147	0.15145	3.42909	4.32827	61.198
148	0.149991	3.42989	4.31978	61.3464
149	0.151732	3.43086	4.34058	61.4962
150	0.142216	3.43109	4.33603	61.6452
151	0.137897	3.43101	4.33781	61.7942
152	0.148901	3.43185	4.37382	61.9457
153	0.161298	3.43372	4.41424	62.1001
154	0.172641	3.43652	4.46118	62.2579
155	0.178803	3.43983	4.46213	62.4155
156	0.170771	3.44251	4.45147	62.5718
157	0.158604	3.44425	4.49955	62.7315
158	0.177571	3.44751	4.51577	62.8922
159	0.179793	3.45095	4.53867	63.0543
160	0.189837	3.4552	4.57229	63.2186
161	0.203538	3.46053	4.62783	63.3869
162	0.221473	3.46726	4.67229	63.5582
163	0.233297	3.4749	4.72069	63.7328
164	0.237288	3.48283	4.75619	63.9097
165	0.221153	3.4895	4.69702	64.0816
166	0.214348	3.49564	4.61544	64.2467
167	0.208576	3.50133	4.64743	64.4138
168	0.197897	3.50619	4.6846	64.5834
169	0.19189	3.5106	4.70388	64.754
170	0.19262	3.51507	4.71113	64.9247
171	0.213567	3.52113	4.66733	65.0916
172	0.218507	3.52756	4.69776	65.2604
173	0.209973	3.53334	4.71973	65.4305
174	0.191635	3.53774	4.72759	65.6007
175	0.187422	3.54182	4.73377	65.771
176	0.180122	3.54535	4.68579	65.9372
177	0.198907	3.5503	4.68272	66.1027
178	0.2021	3.55549	4.63389	66.2643
179	0.20028	3.56054	4.65709	66.4271
180	0.200841	3.56564	4.65033	66.5891
181	0.213629	3.57167	4.64449	66.7502
182	0.223255	3.57841	4.64297	66.9109
183	0.229919	3.58563	4.60694	67.0685
184	0.231931	3.59299	4.59807	67.2251
185	0.238348	3.6008	4.51176	67.3751
186	0.227525	3.6078	4.50948	67.5246
187	0.221918	3.61439	4.49901	67.673
188	0.218741	3.62073	4.51064	67.8219
189	0.226134	3.62761	4.52935	67.9718
190	0.241754	3.63559	4.54586	68.1227
191	0.243612	3.6437	4.55233	68.2736
192	0.24131	3.65162	4.46545	68.4181
193	0.2365	3.65918	4.43481	68.56
194	0.235691	3.66667	4.40588	68.6996
195	0.23107	3.67382	4.43043	68.8407
196	0.22381	3.68043	4.38499	68.9782
197	0.21592	3.68648	4.34842	69.113
198	0.210479	3.69214	4.33157	69.2462
199	0.209499	3.69772	4.29827	69.377
200	0.191234	3.70201	4.25849	69.5047
201	0.182406	3.70568	4.18618	69.6271
202	0.16879	3.70841	4.11483	69.7443
203	0.164522	3.71084	4.09314	69.8599
204	0.16761	3.7135	4.09521	69.9754
205	0.169707	3.71632	4.04321	70.0872
206	0.172739	3.71935	3.99549	70.1956
207	0.172223	3.72235	3.93789	70.2999
208	0.175604	3.7256	3.96634	70.406
209	0.184434	3.72946	4.0098	70.515
210	0.182294	3.73317	4.03321	70.6255
211	0.183753	3.73699	4.05339	70.7372
212	0.170195	3.73988	4.08631	70.8511
213	0.160933	3.74215	4.12361	70.9674
214	0.14246	3.74317	4.16198	71.0861
215	0.1323	3.74352	4.1696	71.2052
216	0.122362	3.74321	4.19975	71.3261
217	0.12596	3.74317	4.15219	71.4437
218	0.1182	3.74262	4.11985	71.5589
219	0.115405	3.7419	4.10328	71.6728
220	0.111018	3.74092	4.11193	71.7872
221	0.109964	3.73989	4.13422	71.9029
222	0.111652	3.73899	4.14131	72.0189
223	0.11251	3.73817	4.10249	72.1322
224	0.112013	3.73734	4.05436	72.2422
225	0.111879	3.73653	4.00204	72.3485
226	0.106545	3.73538	3.97698	72.453
227	0.0944529	3.73346	3.97882	72.5576
228	0.0833517	3.73083	3.97661	72.6619
229	0.085201	3.72835	3.99276	72.7672
230	0.0818858	3.72568	3.97655	72.8713
231	0.0763183	3.72268	3.96044	72.9742
232	0.0843215	3.72023	3.98992	73.0789
233	0.0895562	3.71815	4.00259	73.1844
234	0.093593	3.71635	4.02127	73.2909
235	0.0933622	3.71457	4.03165	73.398
236	0.0879094	3.71246	4.05522	73.5065
237	0.0878796	3.71037	4.03526	73.6136
238	0.0951383	3.70877	3.99746	73.7181
239	0.107681	3.708	3.99159	73.8221
240	0.122285	3.7082	4.00738	73.9271
241	0.133539	3.70913	3.98019	74.0301
242	0.135634	3.7102	3.97186	74.1325
243	0.129167	3.71087	3.96464	74.2344
244	0.125805	3.71134	3.95653	74.3356
245	0.118674	3.71137	3.94942	74.4363
246	0.116855	3.71131	3.93186	74.5357
247	0.118456	3.71135	3.91608	74.6341
248	0.117511	3.71135	3.93992	74.7339
249	0.113186	3.7111	3.95501	74.8345
250	0.113107	3.71085	3.97266	74.9361
251	0.11395	3.71068	3.98761	75.0386
252	0.103537	3.70986	3.9994	75.1417
253	0.0953775	3.70855	4.01308	75.2455
254	0.0976571	3.70741	4.01479	75.3493
255	0.0961	3.70618	4.00805	75.4526
256	0.0972827	3.70505	4.00959	75.5558
257	0.098367	3.704	4.02349	75.6599
258	0.104394	3.70335	4.02845	75.7641
259	0.107854	3.70292	4.04267	75.869
260	0.109899	3.70264	4.05001	75.9743
261	0.114143	3.70263	4.00077	76.0764
262	0.121329	3.70308	3.99222	76.1779
263	0.124722	3.70375	3.99363	76.2794
264	0.122477	3.70429	4.00083	76.3812
265	0.12604	3.70506	4.01342	76.4836
266	0.128465	3.70599	4.01674	76.5861
267	0.127339	3.70685	3.98693	76.6867
268	0.121897	3.7074	3.97343	76.7864
269	0.117649	3.7077	3.94954	76.8845
270	0.125835	3.70851	3.97943	76.9844
271	0.122186	3.70911	3.96272	77.0831
272	0.118201	3.70947	3.93369	77.1799
273	0.113576	3.70957	3.93357	77.2767
274	0.107077	3.70929	3.95234	77.3745
275	0.0964565	3.70839	3.96261	77.4728
276	0.0846356	3.70679	3.9837	77.5722
277	0.0783479	3.70483	3.96061	77.6702
278	0.0810673	3.70305	3.95672	77.7678
279	0.0876402	3.70168	3.97139	77.8663
280	0.094995	3.70077	3.99921	77.9662
281	0.0880724	3.69946	3.99628	78.0659
282	0.080854	3.69774	4.00179	78.1658
283	0.0746256	3.69567	4.02754	78.2671
284	0.0675524	3.6932	4.0395	78.369
285	0.0598145	3.69029	4.04659	78.4713
286	0.054776	3.6871	4.05009	78.5736
287	0.0526431	3.68382	4.03332	78.6748
288	0.0488611	3.68033	3.98812	78.7732
289	0.0476517	3.67679	3.97247	78.8706
290	0.0535031	3.67362	3.99794	78.9694
291	0.0509074	3.67032	3.99208	79.0677
292	0.04783	3.66687	3.98115	79.1653
293	0.0437986	3.6632	3.95104	79.2611
294	0.0422963	3.65946	3.94885	79.3566
295	0.0495513	3.65617	3.95322	79.4523
296	0.047262	3.65277	3.9546	79.548
297	0.0565469	3.64993	3.98942	79.6455
298	0.063122	3.64748	4.01669	79.7446
299	0.0612749	3.64495	4.02484	79.844
300	0.0543969	3.64204	4.03697	79.944
301	0.0465903	3.6387	4.06655	80.0456
302	0.0473499	3.63543	4.08906	80.1484
303	0.0552087	3.63263	4.12198	80.2529
304	0.0703799	3.63071	4.16018	80.3595
305	0.0816798	3.62945	4.17499	80.4668
306	0.0857194	3.62844	4.18986	80.5748
307	0.0862626	3.62747	4.18397	80.6823
308	0.0818395	3.62626	4.17168	80.789
309	0.0800642	3.62497	4.14344	80.894
310	0.0789665	3.62363	4.1377	80.9985
311	0.0808021	3.6224	4.12237	81.102
312	0.0838678	3.62136	4.13335	81.206
313	0.0987537	3.62117	4.17596	81.3123
314	0.11053	3.62166	4.21557	81.4207
315	0.11068	3.62216	4.22205	81.5293
316	0.113276	3.62281	4.19665	81.6363
317	0.109962	3.62328	4.19574	81.7432
318	0.103837	3.62342	4.20321	81.8503
319	0.105818	3.62368	4.2086	81.9577
320	0.11502	3.62446	4.21885	82.0654
321	0.125247	3.62581	4.23257	82.1738
322	0.128514	3.62735	4.22782	82.2817
323	0.124513	3.62867	4.24131	82.3903
324	0.124869	3.63002	4.25102	82.4993
325	0.132182	3.63177	4.26755	82.6091
326	0.136719	3.63378	4.29768	82.7203
327	0.132902	3.63558	4.32047	82.8327
328	0.138429	3.63769	4.3336	82.9457
329	0.143963	3.64011	4.34296	83.059
330	0.141792	3.6424	4.3651	83.1734
331	0.143546	3.64479	4.38949	83.289
332	0.141108	3.64705	4.36019	83.4028
333	0.139627	3.64924	4.34054	83.5153
334	0.135468	3.65119	4.34558	83.628
335	0.134363	3.65309	4.35135	83.7409
336	0.13654	3.65511	4.33277	83.8526
337	0.139225	3.65728	4.32178	83.9636
338	0.140796	3.65953	4.31797	84.0742
339	0.13719	3.66159	4.31608	84.1845
340	0.129128	3.66321	4.33648	84.2959
341	0.120526	3.66438	4.35782	84.4082
342	0.107681	3.66485	4.39775	84.5225
343	0.0962398	3.66472	4.43975	84.639
344	0.0847983	3.66398	4.47185	84.757
345	0.0798327	3.66298	4.46943	84.8747
346	0.0795343	3.66198	4.44958	84.9912
347	0.0804235	3.66103	4.41532	85.1057
348	0.0773569	3.65993	4.3877	85.2186
349	0.0780072	3.65888	4.40683	85.3323
350	0.0777783	3.65783	4.41577	85.4464
351	0.0758121	3.65668	4.43635	85.5614
352	0.0666845	3.65505	4.4605	85.6775
353	0.0608972	3.65313	4.47913	85.7945
354	0.0634069	3.65136	4.44247	85.9093
355	0.0735748	3.65014	4.46398	86.0252
356	0.0793169	3.64923	4.44992	86.1402
357	0.0806256	3.6484	4.46429	86.2557
358	0.0940476	3.64828	4.51459	86.3738
359	0.105814	3.64879	4.5328	86.4926
360	0.118599	3.64998	4.53234	86.6113
361	0.129042	3.65173	4.50295	86.7283
362	0.127464	3.65339	4.4144	86.8404
363	0.116223	3.65446	4.39225	86.9513
364	0.107313	3.65508	4.32212	87.0583
365	0.0946862	3.65504	4.34276	87.1663
366	0.0844616	3.65447	4.34242	87.2742
367	0.0798034	3.65367	4.31981	87.3807
368	0.0789684	3.65283	4.32408	87.4874
369	0.0771475	3.65191	4.32907	87.5941
370	0.0765555	3.65097	4.32841	87.7008
371	0.0819621	3.65032	4.32674	87.8071
372	0.086552	3.64991	4.32268	87.9132
373	0.0894321	3.64966	4.31417	88.0187
374	0.0877775	3.64933	4.28925	88.1228
375	0.0852179	3.64887	4.26014	88.2252
376	0.0849485	3.64841	4.22168	88.3256
377	0.0870658	3.64807	4.19024	88.4242
378	0.086727	3.64771	4.15056	88.5207
379	0.0816041	3.64711	4.07103	88.613
380	0.0806503	3.64646	4.06222	88.7048
381	0.0831875	3.64594	4.04834	88.7958
382	0.0852924	3.64554	3.99651	88.8841
383	0.0864618	3.64521	3.95878	88.9703
384	0.0913312	3.64514	3.94741	89.0559
385	0.0938975	3.6452	3.93284	89.1407
386	0.0951151	3.64533	3.91738	89.2246
387	0.0934256	3.64537	3.91435	89.3083
388	0.0928796	3.6454	3.92049	89.3923
389	0.0908425	3.64533	3.92271	89.4763
390	0.0864902	3.64505	3.93173	89.5607
391	0.0762673	3.64425	3.94323	89.6455
392	0.0785349	3.64358	3.93924	89.7302
393	0.081667	3.64308	3.92257	89.8139
394	0.0755605	3.64227	3.94022	89.8984
395	0.0724413	3.64132	3.95538	89.9836
396	0.0738852	3.64044	3.96238	90.0691
397	0.0752089	3.63964	3.96346	90.1546
398	0.0740235	3.63879	3.9615	90.2399
399	0.07869	3.63818	3.96097	90.3251
400	0.0818378	3.63774	3.97229	90.4108
401	0.0869759	3.63755	3.97575	90.4967
402	0.0848046	3.63727	3.98037	90.5826
403	0.078842	3.63669	3.97352	90.6682
404	0.0785678	3.63611	3.96067	90.753
405	0.0820793	3.63571	3.94475	90.837
406	0.0723758	3.63483	3.94513	90.9209
407	0.0747117	3.63408	3.95883	91.0054
408	0.0748309	3.63334	3.97017	91.0905
409	0.0782923	3.63278	3.98034	91.1759
410	0.0790171	3.63226	3.97901	91.2612
411	0.081692	3.63188	3.99774	91.3474
412	0.0814213	3.63149	3.99797	91.4335
413	0.0760046	3.63085	4.01151	91.5202
414	0.0715334	3.62999	4.02423	91.6074
415	0.0703348	3.62908	4.02431	91.6946
416	0.0649377	3.62791	3.99978	91.7805
417	0.0565485	3.62634	4.00641	91.8666
418	0.0515232	3.62454	4.01928	91.9533
419	0.0482978	3.62258	4.01392	92.0397
420	0.0454906	3.6205	4.01328	92.1259
421	0.0402741	3.61818	4.02229	92.2125
422	0.0376514	3.61574	4.01149	92.2985
423	0.0414994	3.61349	4.02013	92.3849
424	0.042765	3.61132	4.00334	92.4703
425	0.0470324	3.60937	4.01141	92.5561
426	0.0515291	3.60764	4.00459	92.6415
427	0.0532492	3.606	4.00757	92.727
428	0.0495253	3.6042	4.01203	92.8126
429	0.0459069	3.60222	3.98769	92.8969
430	0.0471653	3.60032	3.94469	92.9791
431	0.0503911	3.59858	3.93549	93.0608
432	0.0509175	3.59688	3.91238	93.1413
433	0.0458086	3.59494	3.91234	93.2218
434	0.0387265	3.59267	3.93028	93.3031
435	0.0371082	3.59033	3.92648	93.3841
436	0.0348683	3.5879	3.9354	93.4654
437	0.0343577	3.58545	3.94363	93.5472
438	0.0392652	3.58324	3.96508	93.6298
439	0.0425946	3.58121	3.95842	93.7121
440	0.0467247	3.57937	3.97922	93.7953
441	0.0511361	3.57776	3.99557	93.8792
442	0.050245	3.57612	4.00596	93.9636
443	0.0461701	3.57428	4.01678	94.0483
444	0.0423548	3.57228	4.03529	94.1339
445	0.037873	3.57007	4.04598	94.2199
446	0.0384861	3.5679	4.04761	94.3059
447	0.0391081	3.56578	4.05455	94.3922
448	0.0386695	3.56363	4.03995	94.4777
449	0.0364412	3.5614	4.01123	94.5618
450	0.0303237	3.55888	4.02209	94.6463
451	0.0253443	3.55614	4.03064	94.7312
452	0.0266424	3.55347	4.03749	94.8163
453	0.0258585	3.55078	4.02825	94.9009
454	0.0258009	3.54809	4.03	94.9855
455	0.0300123	3.54561	4.04279	95.0706
456	0.0320912	3.54324	4.04895	95.156
457	0.0252035	3.54055	4.04667	95.2411
458	0.0176264	3.53752	4.05074	95.3264
459	0.0108058	3.53419	4.06658	95.4124
460	0.00577667	3.53063	4.07057	95.4984
461	-0.0013844	3.52675	4.07712	95.5847
462	-0.00802638	3.52258	4.07668	95.6709
463	-0.0147927	3.5181	4.09403	95.7579
464	-0.0175544	3.51351	4.09874	95.8449
465	-0.0213284	3.50876	4.1064	95.9323
466	-0.0239796	3.5039	4.11109	96.0198
467	-0.0263093	3.49895	4.09609	96.1065
468	-0.0268835	3.49398	4.07936	96.1924
469	-0.0319543	3.4888	4.06868	96.2777
470	-0.0381196	3.48335	4.05994	96.3625
471	-0.0403041	3.47781	4.04857	96.4467
472	-0.038026	3.47239	4.03792	96.5304
473	-0.0408928	3.46686	4.01308	96.6129
474	-0.0430587	3.46124	4.00932	96.6951
475	-0.0421099	3.45569	4.00456	96.7771
476	-0.0375274	3.45035	4.01049	96.8592
477	-0.0329014	3.44525	4.00927	96.9412
478	-0.0270291	3.44042	3.98181	97.022
479	-0.0259525	3.43566	3.95708	97.1015
480	-0.0289485	3.43078	3.94446	97.1804
481	-0.0272608	3.42598	3.93424	97.2587
482	-0.0210544	3.42148	3.92708	97.3367
483	-0.0197431	3.41706	3.92581	97.4146
484	-0.0173087	3.41276	3.92584	97.4924
485	-0.0159669	3.40853	3.93281	97.5704
486	-0.0163493	3.40429	3.92656	97.6482
487	-0.0156219	3.4001	3.92548	97.7258
488	-0.0128499	3.39605	3.91836	97.803
489	-0.0127905	3.39201	3.92148	97.8804
490	-0.0122057	3.38802	3.93384	97.9582
491	-0.00983405	3.38413	3.9294	98.0358
492	-0.00733008	3.38038	3.94092	98.1138
493	-0.00823737	3.37659	3.94034	98.1917
494	-0.00758233	3.37285	3.94943	98.2701
495	-0.00381902	3.36928	3.9502	98.3483
496	-0.00183672	3.36581	3.94314	98.4262
497	-0.00222857	3.36234	3.93139	98.5036
498	-0.00834406	3.3586	3.93465	98.581
499	-0.00960382	3.35482	3.93177	98.6582
500	-0.00924186	3.35106	3.93306	98.7354
501	-0.00923913	3.34732	3.93035	98.8125
502	-0.0107603	3.34352	3.9305	98.8895
503	-0.00928811	3.33979	3.92377	98.9661
504	-0.00832252	3.33612	3.9026	99.0418
505	-0.0098623	3.33239	3.884	99.1165
506	-0.0109321	3.32862	3.87562	99.1909
507	-0.010831	3.32487	3.88534	99.2656
508	-0.00604521	3.32134	3.90424	99.3411
509	-0.00145776	3.31803	3.90724	99.4167
510	0.00256978	3.3149	3.92211	99.4929
511	0.00572279	3.31192	3.93104	99.5695
512	0.00798576	3.30905	3.93669	99.6462
513	0.0056253	3.30608	3.95008	99.7235
514	0.00511223	3.3031	3.96367	99.8013
515	0.00844606	3.30028	3.97857	99.8797
516	0.0133973	3.29768	3.99657	99.9589
517	0.0196933	3.29536	4.01708	100.039
518	0.0242118	3.29326	4.03774	100.12
519	0.0242755	3.29116	4.05078	100.201
520	0.0171003	3.28875	4.05914	100.283
521	0.0129458	3.28617	4.03109	100.363
522	0.00779108	3.28338	4.03626	100.444
523	0.00350821	3.2804	4.046	100.524
524	0.0018772	3.27736	4.03743	100.605
525	-0.00151169	3.27419	4.05065	100.686
526	-0.0072784	3.27077	4.03586	100.766
527	-0.0107262	3.26721	4.03586	100.846
528	-0.0144691	3.2635	4.04744	100.927
529	-0.014778	3.25978	4.05784	101.008
530	-0.0141449	3.2561	4.06793	101.089
531	-0.012613	3.2525	4.06643	101.171
532	-0.010832	3.24898	4.08072	101.252
533	-0.0119515	3.24543	4.08419	101.334
534	-0.0113469	3.24191	4.08013	101.416
535	-0.0143877	3.23827	4.05822	101.497
536	-0.016626	3.23454	4.03703	101.576
537	-0.0196311	3.23069	4.03786	101.656
538	-0.0194214	3.22687	4.04447	101.736
539	-0.0197675	3.22303	4.04676	101.816
540	-0.0229778	3.21907	4.05948	101.896
541	-0.0289748	3.21486	4.05516	101.976
542	-0.0334619	3.21047	4.04634	102.056
543	-0.0346441	3.20604	4.02606	102.135
544	-0.0303929	3.2018	4.02638	102.213
545	-0.0321726	3.1975	4.02051	102.292
546	-0.0345322	3.19311	4.00952	102.37
547	-0.0378136	3.18858	4.01172	102.448
548	-0.042049	3.18389	4.02041	102.526
549	-0.0456865	3.17905	4.02198	102.604
550	-0.0432053	3.17433	4.021	102.682
551	-0.0414917	3.1697	4.01377	102.76
552	-0.0446826	3.16494	4.01545	102.838
553	-0.0473605	3.16007	4.01253	102.916
554	-0.0501567	3.1551	4.00256	102.993
555	-0.0522988	3.15005	3.99931	103.07
556	-0.0540765	3.14494	3.9969	103.147
557	-0.0557634	3.13977	4.00011	103.223
558	-0.0553279	3.13463	3.99831	103.3
559	-0.0587937	3.12935	3.9975	103.377
560	-0.0624802	3.12393	3.98582	103.453
561	-0.0616485	3.11855	3.95692	103.528
562	-0.0592273	3.11329	3.9492	103.602
563	-0.0564835	3.10816	3.9621	103.677
564	-0.0539825	3.10314	3.95947	103.752
565	-0.0565285	3.09803	3.96671	103.827
566	-0.0579278	3.09287	3.97577	103.903
567	-0.062363	3.08754	3.98982	103.978
568	-0.0628561	3.0822	3.98646	104.054
569	-0.0656525	3.07675	3.97478	104.129
570	-0.0649839	3.07134	3.96563	104.204
571	-0.0647501	3.06596	3.95	104.278
572	-0.0656642	3.06054	3.94661	104.352
573	-0.0681432	3.05504	3.9356	104.425
574	-0.0706815	3.04944	3.91614	104.498
575	-0.0746605	3.04369	3.91021	104.57
576	-0.0768015	3.03786	3.90453	104.642
577	-0.077571	3.03201	3.90415	104.714
578	-0.0822856	3.02598	3.91135	104.786
579	-0.0845511	3.01987	3.90578	104.858
580	-0.085616	3.01372	3.89601	104.929
581	-0.0855142	3.0076	3.88307	105
582	-0.0813711	3.00165	3.88866	105.071
583	-0.0782179	2.99585	3.89157	105.142
584	-0.0746301	2.99021	3.89331	105.213
585	-0.0710096	2.98473	3.90173	105.284
586	-0.0714439	2.97925	3.91277	105.356
587	-0.0720931	2.97375	3.91063	105.428
588	-0.0731039	2.96822	3.92275	105.5
589	-0.0707157	2.9628	3.92948	105.572
590	-0.0719096	2.95734	3.93079	105.645
591	-0.070624	2.95194	3.93536	105.717
592	-0.0679342	2.94667	3.92832	105.789
593	-0.0671296	2.94144	3.9281	105.861
594	-0.0665889	2.93624	3.91174	105.933
595	-0.0656654	2.9311	3.89426	106.003
596	-0.0639827	2.92603	3.8791	106.073
597	-0.064218	2.92096	3.86784	106.143
598	-0.068672	2.91572	3.87174	106.212
599	-0.0723048	2.91035	3.85708	106.281
600	-0.0773559	2.90477	3.87003	106.351
601	-0.0803463	2.89909	3.88215	106.421
602	-0.0790692	2.89348	3.887	106.491
603	-0.0812006	2.88778	3.88998	106.561
604	-0.0811539	2.8821	3.90136	106.631
605	-0.0789703	2.87652	3.89744	106.702
606	-0.0759903	2.87107	3.90444	106.772
607	-0.0749867	2.86568	3.91143	106.843
608	-0.0700493	2.86049	3.92332	106.914
609	-0.067211	2.85543	3.93783	106.986
610	-0.0645293	2.85049	3.94343	107.058
611	-0.0643408	2.84556	3.94228	107.13
612	-0.0614045	2.84077	3.95097	107.202
613	-0.0584828	2.8361	3.95214	107.274
614	-0.0599078	2.83138	3.94453	107.346
615	-0.0562154	2.82682	3.92554	107.417
616	-0.0536716	2.82237	3.93119	107.488
617	-0.0527083	2.81798	3.92052	107.559
618	-0.0514	2.81364	3.92806	107.63
619	-0.0507104	2.80934	3.93133	107.701
620	-0.0480177	2.80515	3.93063	107.772
621	-0.048836	2.80094	3.92536	107.843
622	-0.0506171	2.79667	3.92422	107.913
623	-0.0501944	2.79243	3.93162	107.984
624	-0.0482176	2.78827	3.93779	108.055
625	-0.0484672	2.78411	3.94742	108.127
626	-0.0455548	2.78007	3.95534	108.198
627	-0.0492164	2.7759	3.9701	108.271
628	-0.0528948	2.77159	3.97517	108.343
629	-0.0554546	2.76718	3.97416	108.415
630	-0.0568067	2.76273	3.96889	108.488
631	-0.0573058	2.75827	3.94719	108.559
632	-0.0554927	2.75389	3.93391	108.629
633	-0.0508782	2.7497	3.93972	108.7
634	-0.0434091	2.74582	3.95323	108.771
635	-0.038762	2.74213	3.95875	108.843
636	-0.0349667	2.73859	3.97185	108.915
637	-0.0306368	2.73524	3.96994	108.986
638	-0.0339202	2.73176	3.97565	109.058
639	-0.0343669	2.72827	3.97489	109.13
640	-0.0369985	2.72468	3.98467	109.203
641	-0.0354482	2.72117	3.99682	109.275
642	-0.0360601	2.71763	3.99845	109.348
643	-0.0390077	2.71399	3.99453	109.42
644	-0.0419652	2.71024	3.99094	109.493
645	-0.0452049	2.70636	3.98742	109.565
646	-0.0431967	2.70258	3.97222	109.636
647	-0.0410979	2.69888	3.9737	109.708
648	-0.0409483	2.6952	3.96613	109.779
649	-0.0399128	2.69156	3.96755	109.85
650	-0.035722	2.6881	3.97849	109.922
651	-0.033356	2.68474	3.96823	109.993
652	-0.0356227	2.68129	3.95921	110.063
653	-0.0395502	2.6777	3.96425	110.134
654	-0.0415782	2.67403	3.97623	110.206
655	-0.0426832	2.67033	3.97864	110.277
656	-0.0432793	2.66661	3.97381	110.348
657	-0.0420655	2.66295	3.97008	110.419
658	-0.0399293	2.65938	3.97104	110.49
659	-0.0373751	2.65591	3.9825	110.561
660	-0.0356268	2.65252	3.98868	110.632
661	-0.0366714	2.6491	3.98911	110.704
662	-0.0368982	2.64567	3.99428	110.776
663	-0.0373999	2.64223	3.98808	110.847
664	-0.0373225	2.6388	3.9801	110.918
665	-0.034864	2.63547	3.95647	110.988
666	-0.0337788	2.63219	3.93908	111.057
667	-0.0339183	2.62891	3.93289	111.126
668	-0.0299442	2.62579	3.9436	111.196
669	-0.0302727	2.62266	3.94077	111.265
670	-0.0338518	2.61941	3.92662	111.334
671	-0.0353897	2.61609	3.92096	111.402
672	-0.0371387	2.61272	3.9131	111.47
673	-0.0374056	2.60935	3.90829	111.538
674	-0.0385316	2.60593	3.90731	111.606
675	-0.0445987	2.6023	3.9168	111.674
676	-0.0511335	2.59841	3.93558	111.742
677	-0.0536996	2.59444	3.91324	111.81
678	-0.0572608	2.59033	3.89474	111.877
679	-0.0599985	2.58613	3.88968	111.944
680	-0.0614907	2.58188	3.8775	112.011
681	-0.0642846	2.57753	3.86184	112.076
682	-0.068501	2.57302	3.8766	112.143
683	-0.0690468	2.56851	3.88355	112.209
684	-0.0687987	2.56401	3.88823	112.276
685	-0.0677175	2.55956	3.89615	112.343
686	-0.0689463	2.55507	3.90256	112.41
687	-0.0673184	2.55065	3.90271	112.477
688	-0.0636583	2.54638	3.90659	112.544
689	-0.0630597	2.54213	3.90722	112.611
690	-0.0634505	2.53789	3.91267	112.679
691	-0.0629181	2.53366	3.91265	112.746
692	-0.0638345	2.52941	3.9094	112.813
693	-0.0641825	2.52516	3.9084	112.88
694	-0.0641682	2.52091	3.9002	112.947
695	-0.0628135	2.51672	3.89983	113.013
696	-0.0605882	2.51263	3.90521	113.08
697	-0.0594681	2.50858	3.90691	113.147
698	-0.0570748	2.50463	3.91134	113.214
699	-0.0549269	2.50077	3.91369	113.281
700	-0.0557149	2.49688	3.91186	113.348
701	-0.0583323	2.49291	3.91812	113.415
702	-0.0571196	2.48898	3.91546	113.482
703	-0.0521301	2.48525	3.92304	113.549
704	-0.0528068	2.48151	3.91154	113.616
705	-0.0559891	2.47765	3.90273	113.683
706	-0.0550296	2.47383	3.90288	113.749
707	-0.0555965	2.46999	3.90912	113.816
708	-0.0536529	2.46624	3.91694	113.882
709	-0.0527507	2.46253	3.92112	113.949
710	-0.0495216	2.45894	3.91585	114.016
711	-0.0476474	2.45543	3.9198	114.083
712	-0.0492759	2.45187	3.91847	114.15
713	-0.0502508	2.44827	3.92288	114.216
714	-0.0478076	2.44478	3.93222	114.284
715	-0.0443646	2.44141	3.9401	114.351
716	-0.0438841	2.43808	3.94637	114.419
717	-0.0464681	2.43465	3.93999	114.486
718	-0.0505881	2.43107	3.92818	114.553
719	-0.0552208	2.42733	3.93267	114.62
720	-0.0563916	2.42355	3.93398	114.687
721	-0.0600562	2.41964	3.94153	114.754
722	-0.0616016	2.41568	3.94093	114.821
723	-0.0629899	2.41167	3.94751	114.889
724	-0.064457	2.40762	3.95033	114.956
725	-0.0652971	2.40354	3.94982	115.023
726	-0.0636055	2.39953	3.93471	115.09
727	-0.0629057	2.39555	3.91541	115.156
728	-0.0642286	2.39153	3.91669	115.222
729	-0.0642236	2.38752	3.91765	115.288
730	-0.0668011	2.38342	3.9056	115.354
731	-0.0696324	2.37922	3.90745	115.42
732	-0.0710282	2.37498	3.90955	115.485
733	-0.0724773	2.37069	3.9093	115.551
734	-0.0733851	2.36637	3.90939	115.616
735	-0.0717082	2.36213	3.90918	115.682
736	-0.070416	2.35793	3.91014	115.748
737	-0.0699723	2.35376	3.92105	115.813
738	-0.0678631	2.34968	3.9324	115.88
739	-0.0682023	2.34559	3.92714	115.946
740	-0.0676893	2.34152	3.91478	116.011
741	-0.0665993	2.3375	3.89976	116.076
742	-0.0638678	2.33359	3.88068	116.141
743	-0.0651772	2.32963	3.8492	116.204
744	-0.0660942	2.32565	3.82133	116.266
745	-0.0656731	2.32169	3.8154	116.327
746	-0.0669121	2.31769	3.81073	116.389
747	-0.0685321	2.31364	3.81587	116.451
748	-0.0681332	2.30961	3.82047	116.512
749	-0.064816	2.30571	3.82666	116.575
750	-0.0614351	2.30193	3.82309	116.636
751	-0.0592998	2.29824	3.82625	116.698
752	-0.0579919	2.29461	3.82474	116.76
753	-0.05749	2.29099	3.82338	116.822
754	-0.0578664	2.28737	3.82604	116.884
755	-0.0579536	2.28376	3.81675	116.945
756	-0.0578839	2.28015	3.80823	117.007
757	-0.0590642	2.2765	3.7949	117.067
758	-0.0610983	2.27279	3.77614	117.127
759	-0.06502	2.26894	3.75392	117.186
760	-0.0680579	2.26498	3.74844	117.245
761	-0.0699514	2.26096	3.74393	117.304
762	-0.0696299	2.25696	3.74481	117.362
763	-0.0712472	2.25291	3.74659	117.421
764	-0.0721124	2.24884	3.75744	117.48
765	-0.0725674	2.24475	3.76956	117.54
766	-0.0712365	2.24072	3.77575	117.599
767	-0.0731385	2.23662	3.78586	117.659
768	-0.0721632	2.23257	3.79089	117.72
769	-0.0730274	2.22849	3.79312	117.78
770	-0.0714507	2.22448	3.79578	117.84
771	-0.0713757	2.22047	3.79719	117.901
772	-0.071865	2.21645	3.79937	117.961
773	-0.0717263	2.21244	3.80483	118.021
774	-0.0746668	2.20834	3.81553	118.082
775	-0.0790441	2.20408	3.82881	118.144
776	-0.0799667	2.1998	3.83338	118.205
777	-0.0823781	2.19543	3.81253	118.266
778	-0.0837831	2.19103	3.81497	118.327
779	-0.0856295	2.18656	3.82	118.388
780	-0.0883518	2.182	3.82948	118.449
781	-0.0920455	2.17732	3.83759	118.51
782	-0.0928101	2.17261	3.82097	118.571
783	-0.0961507	2.1678	3.81459	118.632
784	-0.0941936	2.16306	3.81068	118.692
785	-0.0920495	2.1584	3.81349	118.753
786	-0.0907987	2.1538	3.82035	118.813
787	-0.0914315	2.14918	3.81983	118.874
788	-0.0923478	2.14453	3.82077	118.935
789	-0.0944647	2.13982	3.79609	118.995
790	-0.0971569	2.13501	3.79117	119.054
791	-0.098959	2.13015	3.78282	119.113
792	-0.0993883	2.12528	3.77388	119.172
793	-0.100242	2.12039	3.77239	119.231
794	-0.101902	2.11545	3.7733	119.29
795	-0.105158	2.11039	3.78685	119.349
796	-0.110048	2.10518	3.80007	119.409
797	-0.111992	2.0999	3.80733	119.469
798	-0.111966	2.09462	3.81504	119.529
799	-0.109988	2.08943	3.8237	119.589
800	-0.109393	2.08426	3.829	119.65
801	-0.107945	2.07916	3.8265	119.711
802	-0.10665	2.0741	3.82366	119.771
803	-0.103843	2.06915	3.82205	119.831
804	-0.104361	2.06419	3.82549	119.892
805	-0.10395	2.05925	3.83117	119.952
806	-0.10187	2.0544	3.83216	120.013
807	-0.0986784	2.04966	3.82666	120.073
808	-0.0954071	2.04504	3.81866	120.133
809	-0.092946	2.04051	3.79227	120.192
810	-0.0916553	2.03604	3.77491	120.251
811	-0.0896532	2.03164	3.7671	120.309
812	-0.0889302	2.02728	3.75588	120.367
813	-0.0868793	2.02299	3.75186	120.424
814	-0.086234	2.01873	3.74404	120.481
815	-0.0845491	2.01454	3.71081	120.537
816	-0.0835616	2.01039	3.67489	120.592
817	-0.0823451	2.00628	3.65457	120.646
818	-0.0804981	2.00225	3.65671	120.7
819	-0.0803421	1.99822	3.64494	120.754
820	-0.0783843	1.99427	3.65232	120.808
821	-0.0730676	1.99051	3.66954	120.862
822	-0.0708263	1.98684	3.67175	120.917
823	-0.0718023	1.98313	3.67218	120.972
824	-0.072185	1.97942	3.65965	121.026
825	-0.074104	1.97565	3.65797	121.08
826	-0.0775086	1.97176	3.66398	121.134
827	-0.0795498	1.96781	3.66996	121.188
828	-0.0825788	1.96376	3.68176	121.243
829	-0.0827971	1.9597	3.68302	121.298
830	-0.0852737	1.95557	3.68307	121.353
831	-0.0878277	1.95135	3.66043	121.407
832	-0.0893715	1.94708	3.66139	121.461
833	-0.0897137	1.94281	3.66755	121.515
834	-0.0894109	1.93856	3.67128	121.569
835	-0.0895328	1.93431	3.67057	121.623
836	-0.0924445	1.92996	3.67039	121.677
837	-0.0922158	1.92562	3.67114	121.732
838	-0.0901932	1.92137	3.67357	121.786
839	-0.0908254	1.91709	3.6754	121.84
840	-0.0928982	1.91275	3.67687	121.895
841	-0.0971641	1.90827	3.67773	121.949
842	-0.0986885	1.90374	3.66937	122.003
843	-0.0972673	1.89927	3.6722	122.057
844	-0.0953931	1.89487	3.67526	122.111
845	-0.0920463	1.89058	3.6871	122.166
846	-0.0918297	1.88632	3.69525	122.221
847	-0.0938737	1.88198	3.70143	122.276
848	-0.092911	1.87769	3.71051	122.331
849	-0.0899191	1.8735	3.71572	122.386
850	-0.0891598	1.86935	3.71602	122.442
851	-0.088696	1.86522	3.71771	122.497
852	-0.0901292	1.86104	3.71679	122.553
853	-0.0893269	1.8569	3.722	122.608
854	-0.0898908	1.85274	3.72458	122.664
855	-0.0928536	1.84849	3.7315	122.72
856	-0.0951828	1.84416	3.73657	122.776
857	-0.0973387	1.83976	3.73994	122.832
858	-0.0984718	1.83534	3.7389	122.888
859	-0.101507	1.83081	3.72497	122.944
860	-0.102686	1.82625	3.7044	122.999
861	-0.10287	1.82169	3.69015	123.053
862	-0.104325	1.81709	3.68668	123.107
863	-0.102889	1.81254	3.68325	123.161
864	-0.101989	1.80802	3.67445	123.215
865	-0.100877	1.80356	3.66288	123.268
866	-0.101	1.79909	3.65257	123.321
867	-0.102895	1.79456	3.65566	123.374
868	-0.103896	1.79001	3.65726	123.427
869	-0.105814	1.7854	3.66309	123.481
870	-0.105655	1.78079	3.66546	123.534
871	-0.107077	1.77615	3.66924	123.587
872	-0.111318	1.77137	3.68447	123.641
873	-0.113287	1.76653	3.69278	123.695
874	-0.113374	1.76169	3.69709	123.75
875	-0.113402	1.75685	3.69563	123.804
876	-0.113116	1.75203	3.69674	123.858
877	-0.109911	1.74733	3.70223	123.912
878	-0.106681	1.74274	3.71005	123.967
879	-0.107085	1.73814	3.70688	124.022
880	-0.105445	1.73361	3.68584	124.075
881	-0.105803	1.72906	3.68649	124.129
882	-0.104432	1.72457	3.68	124.183
883	-0.1038	1.72011	3.68375	124.236
884	-0.102968	1.71568	3.68486	124.29
885	-0.103497	1.71124	3.67182	124.343
886	-0.100796	1.70689	3.6742	124.397
887	-0.0984724	1.70263	3.68129	124.45
888	-0.0985155	1.69837	3.6725	124.503
889	-0.0978587	1.69414	3.6738	124.556
890	-0.0971071	1.68994	3.6706	124.609
891	-0.0974773	1.68573	3.66953	124.662
892	-0.0979659	1.68151	3.65576	124.715
893	-0.0963805	1.67735	3.65622	124.767
894	-0.0945937	1.67325	3.65632	124.82
895	-0.0914985	1.66926	3.65134	124.872
896	-0.0914133	1.66528	3.64602	124.924
897	-0.0906088	1.66133	3.64084	124.976
898	-0.0912902	1.65737	3.63673	125.028
899	-0.0908752	1.65342	3.63346	125.08
900	-0.0897361	1.64952	3.63493	125.131
901	-0.0898742	1.64561	3.63986	125.183
902	-0.0887237	1.64175	3.6404	125.235
903	-0.0901453	1.63785	3.63825	125.287
904	-0.092306	1.63388	3.63805	125.339
905	-0.0942194	1.62985	3.64174	125.39
906	-0.0972094	1.62572	3.63925	125.442
907	-0.0981992	1.62157	3.64139	125.494
908	-0.100001	1.61736	3.64157	125.546
909	-0.0994392	1.61318	3.64097	125.597
910	-0.100662	1.60896	3.64014	125.649
911	-0.102755	1.60468	3.64506	125.701
912	-0.103438	1.60038	3.65172	125.753
913	-0.101761	1.59614	3.65726	125.805
914	-0.101787	1.59191	3.66222	125.857
915	-0.102792	1.58765	3.66909	125.91
916	-0.104874	1.58332	3.67081	125.962
917	-0.10556	1.57898	3.67138	126.015
918	-0.105647	1.57463	3.66722	126.067
919	-0.104635	1.57033	3.66409	126.12
920	-0.10646	1.56597	3.66797	126.172
921	-0.105999	1.56164	3.66112	126.224
922	-0.104673	1.55735	3.66207	126.276
923	-0.104798	1.55306	3.65728	126.328
924	-0.103097	1.54883	3.65414	126.38
925	-0.101225	1.54467	3.64913	126.432
926	-0.0999584	1.54056	3.63171	126.483
927	-0.0975474	1.53653	3.62334	126.534
928	-0.0953502	1.53258	3.60342	126.584
929	-0.0929506	1.52871	3.59554	126.634
930	-0.0933875	1.52483	3.58368	126.683
931	-0.0907547	1.52104	3.58708	126.732
932	-0.0871499	1.51737	3.59311	126.782
933	-0.0830937	1.51384	3.60247	126.832
934	-0.0777118	1.51049	3.62025	126.883
935	-0.0711783	1.50736	3.64561	126.934
936	-0.0657338	1.50441	3.66218	126.986
937	-0.0624597	1.50157	3.66923	127.038
938	-0.0601892	1.49881	3.67692	127.09
939	-0.0591281	1.49609	3.68193	127.143
940	-0.0603367	1.49333	3.68249	127.195
941	-0.0634908	1.49047	3.69072	127.248
942	-0.0659213	1.48753	3.6945	127.301
943	-0.0649473	1.48463	3.69752	127.354
944	-0.0634036	1.48179	3.70049	127.407
945	-0.0637137	1.47893	3.70329	127.46
946	-0.0628157	1.47611	3.69818	127.513
947	-0.0643708	1.47324	3.6941	127.566
948	-0.0647538	1.47037	3.66569	127.617
949	-0.0633899	1.46754	3.66018	127.669
950	-0.0607403	1.4648	3.66055	127.72
951	-0.0624094	1.46201	3.66686	127.772
952	-0.0616998	1.45925	3.67722	127.824
953	-0.0623403	1.45646	3.68735	127.877
954	-0.0629619	1.45367	3.6971	127.929
955	-0.0610575	1.45093	3.70476	127.982
956	-0.0606403	1.44822	3.70963	128.035
957	-0.0583312	1.44558	3.71146	128.088
958	-0.0570671	1.44298	3.70536	128.141
959	-0.0576824	1.44037	3.70456	128.194
960	-0.0579214	1.43775	3.6996	128.247
961	-0.0563483	1.43519	3.69612	128.299
962	-0.0543759	1.4327	3.70564	128.352
963	-0.0520687	1.43028	3.71427	128.405
964	-0.0495772	1.42794	3.71143	128.458
965	-0.0512489	1.42555	3.69473	128.51
966	-0.0524517	1.42313	3.6921	128.563
967	-0.0539395	1.42066	3.69092	128.615
968	-0.0560987	1.41813	3.6939	128.667
969	-0.056258	1.4156	3.69351	128.719
970	-0.0550817	1.4131	3.69357	128.772
971	-0.0546088	1.41062	3.6943	128.824
972	-0.0540149	1.40817	3.69036	128.876
973	-0.0526056	1.40576	3.66889	128.927
974	-0.0534734	1.40333	3.65873	128.978
975	-0.0538236	1.40089	3.65583	129.029
976	-0.0540463	1.39844	3.64738	129.08
977	-0.0507909	1.39611	3.64378	129.13
978	-0.0485613	1.39384	3.64123	129.181
979	-0.0449045	1.3917	3.64023	129.231
980	-0.0456254	1.38953	3.64251	129.282
981	-0.0477494	1.3873	3.64623	129.332
982	-0.0493388	1.38503	3.63666	129.382
983	-0.0499195	1.38273	3.61333	129.432
984	-0.0499218	1.38044	3.6104	129.481
985	-0.0513625	1.37811	3.5907	129.53
986	-0.0513935	1.37577	3.57937	129.578
987	-0.0507388	1.37346	3.57439	129.626
988	-0.0493112	1.3712	3.56759	129.674
989	-0.0506472	1.3689	3.54469	129.721
990	-0.0500477	1.36662	3.52917	129.768
991	-0.0490097	1.36438	3.51712	129.814
992	-0.0502756	1.3621	3.52216	129.861
993	-0.0502329	1.35982	3.52516	129.907
994	-0.0515902	1.3575	3.53231	129.954
995	-0.0515515	1.35519	3.53724	130.001
996	-0.0508993	1.3529	3.53852	130.047
997	-0.0501257	1.35064	3.54144	130.094
998	-0.0514776	1.34833	3.55021	130.142
999	-0.0531704	1.34598	3.55407	130.189
1000	-0.0531815	1.34363	3.5568	130.236
1001	-0.0519334	1.34132	3.55463	130.284
1002	-0.0509364	1.33904	3.55041	130.331
1003	-0.0513392	1.33676	3.54506	130.378
1004	-0.0521656	1.33445	3.54723	130.425
1005	-0.0524861	1.33213	3.54711	130.472
1006	-0.0537191	1.32978	3.54148	130.519
1007	-0.0531324	1.32745	3.54515	130.565
1008	-0.0527958	1.32513	3.54496	130.612
1009	-0.0540755	1.32277	3.55123	130.659
1010	-0.0545056	1.3204	3.55956	130.707
1011	-0.0575934	1.31794	3.56935	130.754
1012	-0.0596499	1.31542	3.57644	130.802
1013	-0.0606072	1.31287	3.58038	130.85
1014	-0.0607579	1.31032	3.57169	130.898
1015	-0.0603021	1.30778	3.57272	130.945
1016	-0.0585074	1.3053	3.57979	130.993
1017	-0.0580543	1.30285	3.58056	131.041
1018	-0.0577705	1.3004	3.57837	131.089
1019	-0.0562702	1.298	3.57637	131.137
1020	-0.0559622	1.29561	3.57819	131.184
1021	-0.0545121	1.29328	3.57638	131.232
1022	-0.0546923	1.29094	3.57754	131.28
1023	-0.0563756	1.28854	3.58438	131.328
1024	-0.057935	1.28611	3.58687	131.376
1025	-0.0584382	1.28366	3.58765	131.424
1026	-0.059733	1.28117	3.58361	131.472
1027	-0.0601409	1.27867	3.57498	131.519
1028	-0.0607804	1.27616	3.57583	131.567
1029	-0.0592354	1.27369	3.58255	131.614
1030	-0.0596044	1.27122	3.58364	131.662
1031	-0.0589431	1.26877	3.58584	131.71
1032	-0.0592334	1.26632	3.58999	131.758
1033	-0.0596261	1.26385	3.58984	131.806
1034	-0.0590896	1.26141	3.59121	131.854
1035	-0.0617706	1.25888	3.59397	131.902
1036	-0.0641214	1.25628	3.58122	131.949
1037	-0.0619098	1.25376	3.56375	131.996
1038	-0.0620314	1.25123	3.55336	132.043
1039	-0.0611805	1.24873	3.5536	132.09
1040	-0.0629202	1.24618	3.54485	132.136
1041	-0.0647343	1.24358	3.52939	132.182
1042	-0.0673694	1.2409	3.50795	132.227
1043	-0.0659286	1.23827	3.50022	132.272
1044	-0.0671055	1.2356	3.49903	132.317
1045	-0.0666999	1.23295	3.50257	132.362
1046	-0.0657274	1.23033	3.50325	132.407
1047	-0.0639822	1.22777	3.50005	132.452
1048	-0.0620413	1.22527	3.50346	132.497
1049	-0.0608628	1.22281	3.50674	132.543
1050	-0.0615072	1.22033	3.49109	132.587
1051	-0.0616787	1.21785	3.48686	132.632
1052	-0.0617984	1.21537	3.48514	132.676
1053	-0.0604285	1.21293	3.48681	132.721
1054	-0.0592685	1.21054	3.48413	132.765
1055	-0.0575951	1.20819	3.48313	132.809
1056	-0.0566866	1.20588	3.48539	132.854
1057	-0.0557461	1.20359	3.48578	132.898
1058	-0.0569115	1.20128	3.48095	132.942
1059	-0.0568381	1.19897	3.48201	132.986
1060	-0.0566427	1.19666	3.47724	133.031
1061	-0.0567801	1.19436	3.47238	133.074
1062	-0.0550864	1.19211	3.47756	133.118
1063	-0.0540696	1.18989	3.47692	133.163
1064	-0.0547841	1.18766	3.47343	133.206
1065	-0.0550969	1.18541	3.46027	133.25
1066	-0.0553724	1.18316	3.4522	133.293
1067	-0.0560884	1.1809	3.45716	133.337
1068	-0.0572032	1.17859	3.4606	133.38
1069	-0.0584102	1.17626	3.45538	133.423
1070	-0.0587162	1.17392	3.4523	133.467
1071	-0.0594639	1.17156	3.4541	133.51
1072	-0.0620036	1.16912	3.4501	133.553
1073	-0.0650824	1.16659	3.45525	133.596
1074	-0.0670024	1.164	3.46354	133.64
1075	-0.0696659	1.16134	3.46912	133.683
1076	-0.0695971	1.15868	3.47596	133.727
1077	-0.0681872	1.15607	3.47436	133.771
1078	-0.0678991	1.15347	3.47031	133.815
1079	-0.0682918	1.15086	3.47063	133.858
1080	-0.0682511	1.14825	3.47104	133.902
1081	-0.067128	1.14568	3.46349	133.945
1082	-0.0645274	1.14319	3.45997	133.989
1083	-0.0611864	1.14081	3.45492	134.032
1084	-0.0614252	1.13842	3.44626	134.075
1085	-0.0614726	1.13603	3.43214	134.117
1086	-0.0616791	1.13364	3.42471	134.159
1087	-0.0635281	1.13119	3.43074	134.201
1088	-0.0660539	1.12867	3.44022	134.244
1089	-0.0664766	1.12614	3.44347	134.287
1090	-0.0671303	1.12359	3.44977	134.33
1091	-0.0687318	1.121	3.45213	134.373
1092	-0.0696152	1.11838	3.45721	134.416
1093	-0.0716074	1.11571	3.46429	134.459
1094	-0.072112	1.11302	3.47032	134.503
1095	-0.0726599	1.11032	3.47296	134.546
1096	-0.0729	1.10762	3.47521	134.59
1097	-0.0735255	1.10489	3.47546	134.633
1098	-0.075112	1.10213	3.47918	134.677
1099	-0.0749646	1.09937	3.48434	134.721
1100	-0.0762251	1.09657	3.49223	134.765
1101	-0.0760008	1.09379	3.49916	134.809
1102	-0.0760066	1.091	3.50216	134.853
1103	-0.0745467	1.08827	3.50735	134.898
1104	-0.0757271	1.0855	3.50936	134.942
1105	-0.0762105	1.08272	3.50948	134.987
1106	-0.0748423	1.07998	3.51417	135.032
1107	-0.0742134	1.07726	3.51781	135.076
1108	-0.0742138	1.07455	3.5214	135.121
1109	-0.0759202	1.07179	3.52282	135.166
1110	-0.0785232	1.06895	3.52897	135.211
1111	-0.0816196	1.06603	3.5396	135.256
1112	-0.0834261	1.06305	3.54754	135.302
1113	-0.0839422	1.06006	3.54176	135.347
1114	-0.0860502	1.05701	3.53526	135.393
1115	-0.0855373	1.05397	3.53503	135.438
1116	-0.084884	1.05096	3.53462	135.483
1117	-0.0855347	1.04794	3.53613	135.528
1118	-0.0862629	1.04489	3.53671	135.573
1119	-0.0848415	1.04189	3.53762	135.618
1120	-0.083972	1.03892	3.53988	135.664
1121	-0.0831273	1.03598	3.54133	135.709
1122	-0.081593	1.03308	3.53074	135.754
1123	-0.0811582	1.0302	3.52606	135.798
1124	-0.0821301	1.0273	3.52928	135.843
1125	-0.0830775	1.02437	3.5278	135.888
1126	-0.0838533	1.02142	3.52161	135.933
1127	-0.0837425	1.01847	3.5102	135.977
1128	-0.0834523	1.01554	3.50349	136.021
1129	-0.0836256	1.0126	3.50516	136.065
1130	-0.0850166	1.00963	3.5057	136.109
1131	-0.0851227	1.00665	3.5029	136.153
1132	-0.083489	1.00373	3.49709	136.197
1133	-0.0826917	1.00083	3.49145	136.241
1134	-0.0828056	0.997937	3.48718	136.284
1135	-0.0785595	0.995168	3.49475	136.328
1136	-0.0766212	0.992459	3.49568	136.372
1137	-0.0762192	0.989765	3.49274	136.415
1138	-0.0760836	0.987077	3.49414	136.459
1139	-0.0755671	0.984408	3.49374	136.502
1140	-0.0756467	0.981738	3.49026	136.546
1141	-0.076923	0.979033	3.48775	136.589
1142	-0.0757364	0.976366	3.47912	136.632
1143	-0.0759249	0.973696	3.46774	136.675
1144	-0.0772564	0.970989	3.45812	136.718
1145	-0.0782068	0.968256	3.45611	136.76
1146	-0.0798611	0.965477	3.46005	136.803
1147	-0.0813698	0.962657	3.46572	136.845
1148	-0.0821793	0.959815	3.46811	136.888
1149	-0.0825469	0.956964	3.47057	136.931
1150	-0.0850422	0.954043	3.47381	136.974
1151	-0.0849683	0.951127	3.47642	137.017
1152	-0.0851633	0.948208	3.47656	137.06
1153	-0.084627	0.945308	3.47674	137.103
1154	-0.0829968	0.942457	3.47293	137.146
1155	-0.08352	0.939595	3.46478	137.188
1156	-0.0842774	0.936712	3.46661	137.231
1157	-0.0830636	0.933868	3.4706	137.274
1158	-0.0802494	0.931109	3.47837	137.317
1159	-0.0789257	0.928392	3.48373	137.36
1160	-0.0775	0.925719	3.48899	137.403
1161	-0.0775717	0.923046	3.49226	137.446
1162	-0.0764185	0.92041	3.49616	137.49
1163	-0.0763973	0.917776	3.50004	137.533
1164	-0.0785714	0.915082	3.49514	137.577
1165	-0.0799478	0.912349	3.49696	137.62
1166	-0.0797431	0.909625	3.49435	137.663
1167	-0.0807472	0.906875	3.49199	137.706
1168	-0.0815264	0.904103	3.49835	137.75
1169	-0.0822865	0.901313	3.49795	137.793
1170	-0.0840907	0.898472	3.50269	137.837
1171	-0.08303	0.895664	3.50851	137.88
1172	-0.083119	0.892857	3.49953	137.924
1173	-0.0817048	0.890093	3.49181	137.967
1174	-0.0789764	0.887412	3.47663	138.01
1175	-0.0778144	0.884767	3.46936	138.052
1176	-0.0767754	0.882154	3.47536	138.095
1177	-0.0765773	0.87955	3.47941	138.138
1178	-0.0751955	0.876988	3.47723	138.18
1179	-0.0730663	0.87449	3.47811	138.223
1180	-0.0716734	0.872036	3.47821	138.266
1181	-0.0687787	0.869667	3.47453	138.308
1182	-0.0675924	0.867336	3.4746	138.351
1183	-0.0666279	0.865034	3.47902	138.394
1184	-0.0682037	0.862689	3.48115	138.436
1185	-0.0706948	0.860274	3.48097	138.479
1186	-0.0709222	0.857854	3.47487	138.521
1187	-0.0721122	0.855402	3.46885	138.564
1188	-0.0724709	0.852941	3.46572	138.606
1189	-0.0728015	0.850474	3.46078	138.648
1190	-0.0738797	0.847977	3.46036	138.69
1191	-0.0752508	0.845443	3.45326	138.732
1192	-0.076548	0.842873	3.43711	138.773
1193	-0.0775966	0.840276	3.43606	138.815
1194	-0.0781371	0.837665	3.43864	138.856
1195	-0.0804076	0.834991	3.44284	138.898
1196	-0.0831035	0.832242	3.4511	138.939
1197	-0.0854999	0.829425	3.4573	138.981
1198	-0.087552	0.826552	3.45827	139.023
1199	-0.0883059	0.82366	3.46454	139.065
1200	-0.0893391	0.82074	3.4588	139.107
1201	-0.0894073	0.817821	3.44543	139.149
1202	-0.0902379	0.814881	3.44476	139.19
1203	-0.0904677	0.811937	3.43799	139.231
1204	-0.0904702	0.808995	3.42262	139.272
1205	-0.0912201	0.806034	3.41191	139.313
1206	-0.0938672	0.803	3.40764	139.353
1207	-0.0958738	0.79991	3.39678	139.393
1208	-0.0989108	0.796736	3.39959	139.433
1209	-0.101119	0.793501	3.38861	139.473
1210	-0.10357	0.790199	3.39026	139.513
1211	-0.105117	0.786855	3.38884	139.553
1212	-0.105478	0.783504	3.39086	139.592
1213	-0.104701	0.780177	3.39135	139.632
1214	-0.104696	0.776854	3.39295	139.672
1215	-0.104422	0.773542	3.39022	139.712
1216	-0.102277	0.770293	3.39371	139.752
1217	-0.0994291	0.76713	3.39706	139.792
1218	-0.0986922	0.76399	3.39678	139.832
1219	-0.0976538	0.760882	3.40074	139.872
1220	-0.0971969	0.75779	3.39168	139.912
1221	-0.0964648	0.754722	3.3878	139.951
1222	-0.098499	0.751598	3.37616	139.991
1223	-0.100444	0.748421	3.37952	140.03
1224	-0.101302	0.745223	3.38057	140.069
1225	-0.101778	0.742014	3.37704	140.109
1226	-0.101066	0.738827	3.37364	140.148
1227	-0.100401	0.735663	3.37302	140.187
1228	-0.099812	0.732518	3.37537	140.226
1229	-0.0988434	0.729403	3.37147	140.265
1230	-0.0987322	0.726294	3.37075	140.305
1231	-0.0982759	0.723201	3.36131	140.343
1232	-0.0995628	0.720073	3.36315	140.382
1233	-0.100898	0.716911	3.36281	140.421
1234	-0.101736	0.713727	3.35993	140.46
1235	-0.101138	0.710563	3.35504	140.498
1236	-0.100025	0.707433	3.35621	140.537
1237	-0.0980698	0.704361	3.35288	140.576
1238	-0.0972536	0.701315	3.33798	140.614
1239	-0.0963212	0.698298	3.33781	140.652
1240	-0.0963863	0.695282	3.34247	140.69
1241	-0.095412	0.692296	3.34204	140.728
1242	-0.0947	0.689333	3.34498	140.766
1243	-0.0927492	0.686427	3.35025	140.805
1244	-0.0926776	0.683526	3.35448	140.843
1245	-0.0913929	0.680664	3.34529	140.882
1246	-0.0890318	0.677871	3.33432	140.92
1247	-0.0863137	0.675157	3.34236	140.958
1248	-0.0836923	0.67252	3.34796	140.996
1249	-0.0813368	0.669952	3.34567	141.034
1250	-0.0791924	0.667446	3.34262	141.072
1251	-0.0798471	0.664924	3.32854	141.11
1252	-0.0801794	0.662395	3.32688	141.148
1253	-0.0788362	0.659905	3.33041	141.186
1254	-0.0793394	0.657404	3.32918	141.223
1255	-0.0772818	0.654962	3.33538	141.261
1256	-0.074998	0.652588	3.34313	141.299
1257	-0.0741905	0.650237	3.34683	141.337
1258	-0.0738789	0.647898	3.35189	141.376
1259	-0.0753585	0.645519	3.35279	141.414
1260	-0.0763729	0.643113	3.35735	141.453
1261	-0.0745505	0.640761	3.36072	141.491
1262	-0.0752755	0.63839	3.36517	141.53
1263	-0.0741179	0.636054	3.36423	141.568
1264	-0.0718589	0.633783	3.36804	141.607
1265	-0.0684904	0.631609	3.37553	141.646
1266	-0.066603	0.629489	3.3717	141.685
1267	-0.0647618	0.627423	3.37145	141.724
1268	-0.0632953	0.6254	3.37035	141.763
1269	-0.0632777	0.623379	3.3636	141.801
1270	-0.0628356	0.621372	3.36353	141.84
1271	-0.0629989	0.619362	3.36991	141.878
1272	-0.0644956	0.617312	3.37565	141.917
1273	-0.0654872	0.615236	3.37689	141.956
1274	-0.0644915	0.61319	3.3718	141.995
1275	-0.0660544	0.611101	3.37027	142.034
1276	-0.0672945	0.608979	3.37509	142.072
1277	-0.0674796	0.606854	3.37999	142.111
1278	-0.0681375	0.604713	3.37934	142.15
1279	-0.0663916	0.602622	3.38437	142.189
1280	-0.06607	0.600541	3.37883	142.228
1281	-0.0649758	0.598493	3.38259	142.267
1282	-0.0646185	0.596457	3.38255	142.306
1283	-0.0636411	0.594449	3.38894	142.345
1284	-0.0621615	0.592485	3.39656	142.385
1285	-0.0619686	0.590527	3.39853	142.424
1286	-0.0620658	0.588569	3.40547	142.464
1287	-0.0640339	0.586557	3.41479	142.504
1288	-0.0663271	0.584483	3.41811	142.544
1289	-0.0684587	0.582351	3.41867	142.584
1290	-0.0685838	0.580217	3.41609	142.623
1291	-0.0684365	0.57809	3.4195	142.663
1292	-0.0715259	0.575878	3.42729	142.703
1293	-0.0743035	0.573591	3.43626	142.744
1294	-0.075104	0.571283	3.43722	142.784
1295	-0.0749695	0.568981	3.43736	142.825
1296	-0.0728493	0.56674	3.43194	142.865
1297	-0.0720328	0.564523	3.4291	142.905
1298	-0.0721417	0.562305	3.42125	142.945
1299	-0.072319	0.560084	3.41643	142.985
1300	-0.0726223	0.557856	3.4169	143.024
1301	-0.0728123	0.555625	3.41079	143.064
1302	-0.0722586	0.553411	3.40532	143.103
1303	-0.0699968	0.551261	3.39855	143.143
1304	-0.0671345	0.549193	3.40124	143.182
1305	-0.065011	0.547184	3.40848	143.221
1306	-0.0639968	0.545205	3.41276	143.261
1307	-0.0636685	0.543237	3.41146	143.301
1308	-0.0642279	0.541255	3.40701	143.34
1309	-0.0628415	0.539313	3.40061	143.379
1310	-0.0609962	0.537424	3.39653	143.418
1311	-0.0611359	0.535532	3.38212	143.457
1312	-0.0609807	0.533646	3.37372	143.496
1313	-0.060151	0.531784	3.37025	143.534
1314	-0.0616138	0.529884	3.36397	143.572
1315	-0.0632924	0.527938	3.35294	143.61
1316	-0.0644486	0.525963	3.34641	143.648
1317	-0.0645528	0.523986	3.33898	143.685
1318	-0.0632953	0.522045	3.33989	143.723
1319	-0.0623284	0.520133	3.33675	143.76
1320	-0.0616174	0.518241	3.33568	143.797
1321	-0.0624514	0.516329	3.331	143.835
1322	-0.0635032	0.514388	3.32825	143.872
1323	-0.0620311	0.51249	3.32286	143.909
1324	-0.0615113	0.510608	3.32051	143.946
1325	-0.0624147	0.508702	3.32699	143.983
1326	-0.0629282	0.506783	3.33261	144.02
1327	-0.0641205	0.504834	3.33743	144.057
1328	-0.0650002	0.502862	3.33615	144.095
1329	-0.0674428	0.500824	3.33647	144.132
1330	-0.0686717	0.498754	3.33358	144.169
1331	-0.0689827	0.496678	3.3377	144.207
1332	-0.0680463	0.494629	3.34069	144.244
1333	-0.0674968	0.492596	3.34446	144.281
1334	-0.0658755	0.490609	3.34937	144.319
1335	-0.0643859	0.488665	3.35426	144.357
1336	-0.0634264	0.486748	3.3571	144.395
1337	-0.0626623	0.484854	3.35565	144.432
1338	-0.0628165	0.482957	3.35365	144.47
1339	-0.0623378	0.481075	3.34902	144.508
1340	-0.0637563	0.479155	3.35132	144.545
1341	-0.0638184	0.477235	3.34787	144.583
1342	-0.0654918	0.475271	3.35613	144.621
1343	-0.0665202	0.473281	3.36203	144.659
1344	-0.0681496	0.471247	3.36892	144.697
1345	-0.0681246	0.469216	3.36861	144.735
1346	-0.0688313	0.467167	3.36955	144.773
1347	-0.0702798	0.465081	3.37117	144.811
1348	-0.0709155	0.462978	3.36434	144.849
1349	-0.0710748	0.460873	3.36519	144.887
1350	-0.0718367	0.458749	3.3646	144.925
1351	-0.0728745	0.456598	3.36754	144.963
1352	-0.0741022	0.454416	3.3651	145.001
1353	-0.0750097	0.45221	3.36497	145.038
1354	-0.0761735	0.449975	3.35812	145.076
1355	-0.075999	0.447746	3.35177	145.114
1356	-0.0768406	0.445496	3.34381	145.151
1357	-0.0783848	0.443206	3.33238	145.188
1358	-0.0804883	0.44086	3.3336	145.225
1359	-0.0820382	0.438475	3.33678	145.262
1360	-0.0821528	0.436088	3.34193	145.299
1361	-0.083216	0.433674	3.34575	145.337
1362	-0.0829902	0.431267	3.34951	145.374
1363	-0.0822259	0.428884	3.35163	145.411
1364	-0.082977	0.426482	3.35188	145.449
1365	-0.0824823	0.424095	3.35352	145.486
1366	-0.0827017	0.421704	3.35663	145.524
1367	-0.0828592	0.41931	3.35735	145.562
1368	-0.0815232	0.416955	3.36067	145.599
1369	-0.0807485	0.414622	3.35923	145.637
1370	-0.0787865	0.412344	3.3545	145.674
1371	-0.0768587	0.410119	3.35432	145.712
1372	-0.0752762	0.407939	3.35266	145.749
1373	-0.0757026	0.405749	3.35741	145.787
1374	-0.075641	0.403563	3.36298	145.824
1375	-0.0776685	0.401323	3.37113	145.862
1376	-0.0784347	0.399065	3.37696	145.9
1377	-0.0770413	0.396845	3.38115	145.938
1378	-0.0758608	0.394659	3.3802	145.977
1379	-0.0733007	0.392544	3.38753	146.015
1380	-0.0725542	0.39045	3.38633	146.053
1381	-0.0725968	0.388357	3.38587	146.091
1382	-0.0728477	0.386258	3.38731	146.13
1383	-0.0729592	0.384158	3.38705	146.168
1384	-0.0738746	0.382036	3.38701	146.206
1385	-0.0749831	0.379884	3.38769	146.244
1386	-0.0726318	0.377798	3.38295	146.282
1387	-0.0706009	0.375768	3.38535	146.321
1388	-0.0697855	0.373761	3.39004	146.359
1389	-0.0706678	0.371732	3.39346	146.397
1390	-0.0696286	0.369732	3.39543	146.436
1391	-0.0678348	0.367781	3.39977	146.474
1392	-0.0654245	0.365897	3.40075	146.513
1393	-0.0632757	0.364072	3.39728	146.551
1394	-0.061118	0.362306	3.40042	146.59
1395	-0.0605431	0.360556	3.39933	146.628
1396	-0.0617291	0.358776	3.40003	146.667
1397	-0.0632842	0.356956	3.3996	146.705
1398	-0.0646692	0.3551	3.3863	146.743
1399	-0.0642993	0.353256	3.38383	146.781
1400	-0.0641133	0.351417	3.36742	146.819
1401	-0.0646818	0.349565	3.36202	146.856
1402	-0.0651932	0.347701	3.35339	146.893
1403	-0.0666139	0.3458	3.34075	146.93
1404	-0.0681492	0.343859	3.3363	146.967
1405	-0.0676856	0.341933	3.32613	147.003
1406	-0.0664316	0.340041	3.31911	147.04
1407	-0.0661428	0.338158	3.31731	147.076
1408	-0.0664911	0.336267	3.31839	147.112
1409	-0.0657937	0.334397	3.314	147.148
1410	-0.0644015	0.332564	3.30825	147.184
1411	-0.0641802	0.330739	3.30789	147.22
1412	-0.0645437	0.328906	3.31077	147.256
1413	-0.0645209	0.327074	3.31645	147.292
1414	-0.0644444	0.325246	3.31968	147.328
1415	-0.0624524	0.323473	3.31812	147.364
1416	-0.0613071	0.32173	3.31452	147.4
1417	-0.060487	0.320011	3.31582	147.437
1418	-0.0611476	0.318276	3.31947	147.473
1419	-0.0616226	0.316529	3.31906	147.509
1420	-0.0610142	0.3148	3.31738	147.545
1421	-0.0605057	0.313085	3.31524	147.581
1422	-0.0597214	0.311393	3.3144	147.617
1423	-0.0593981	0.30971	3.31512	147.653
1424	-0.0606085	0.307996	3.31514	147.689
1425	-0.0596291	0.30631	3.31714	147.725
1426	-0.0590537	0.30464	3.31886	147.761
1427	-0.0594808	0.30296	3.31609	147.797
1428	-0.0603392	0.301258	3.31318	147.833
1429	-0.059484	0.29958	3.30183	147.869
1430	-0.0573216	0.297961	3.3039	147.904
1431	-0.0579638	0.296326	3.30137	147.94
1432	-0.0599411	0.29464	3.30563	147.976
1433	-0.0602721	0.292946	3.30489	148.011
1434	-0.0594282	0.291276	3.30691	148.047
1435	-0.0591813	0.289613	3.3087	148.083
1436	-0.0580472	0.287982	3.30773	148.119
1437	-0.0581992	0.286347	3.29435	148.154
1438	-0.0595276	0.284679	3.28669	148.189
1439	-0.0608584	0.282977	3.28831	148.224
1440	-0.0636732	0.281202	3.29569	148.26
1441	-0.0663563	0.279358	3.29987	148.295
1442	-0.06952	0.277432	3.31226	148.331
1443	-0.071055	0.275467	3.31943	148.367
1444	-0.0721657	0.273473	3.32689	148.403
1445	-0.0737159	0.271441	3.33351	148.44
1446	-0.075549	0.269362	3.3372	148.476
1447	-0.0737584	0.267331	3.3402	148.512
1448	-0.0723175	0.26534	3.34255	148.549
1449	-0.0708047	0.26339	3.34352	148.586
1450	-0.0691284	0.261485	3.34539	148.622
1451	-0.0675385	0.259623	3.34458	148.659
1452	-0.0652005	0.257824	3.33868	148.695
1453	-0.0632787	0.256076	3.33416	148.732
1454	-0.0607858	0.254395	3.33748	148.768
1455	-0.0588895	0.252765	3.33872	148.804
1456	-0.0567892	0.251191	3.34339	148.841
1457	-0.0550223	0.249665	3.3458	148.877
1458	-0.0534854	0.248179	3.34554	148.914
1459	-0.0523213	0.246726	3.34056	148.95
1460	-0.0536507	0.245238	3.32963	148.987
1461	-0.0544012	0.243732	3.31809	149.022
1462	-0.0550598	0.24221	3.30754	149.058
1463	-0.0546663	0.240699	3.29427	149.093
1464	-0.0542229	0.239201	3.29005	149.128
1465	-0.0531437	0.237731	3.28418	149.163
1466	-0.0522539	0.236287	3.27968	149.198
1467	-0.0516509	0.234859	3.27558	149.233
1468	-0.0510379	0.233448	3.27663	149.267
1469	-0.0509114	0.232041	3.27824	149.302
1470	-0.0500791	0.230657	3.28039	149.337
1471	-0.0481778	0.229323	3.28385	149.372
1472	-0.0480636	0.227993	3.29085	149.407
1473	-0.0465612	0.226704	3.29464	149.442
1474	-0.0446242	0.225465	3.30161	149.477
1475	-0.0440591	0.224243	3.3056	149.512
1476	-0.0418165	0.223079	3.30744	149.548
1477	-0.0392675	0.221983	3.30644	149.583
1478	-0.0384095	0.220909	3.29057	149.618
1479	-0.0373382	0.219864	3.28014	149.653
1480	-0.0389008	0.21878	3.28508	149.688
1481	-0.0392995	0.217685	3.28767	149.723
1482	-0.0406954	0.216556	3.28981	149.758
1483	-0.0430871	0.215365	3.29276	149.793
1484	-0.0450485	0.214123	3.29394	149.828
1485	-0.0469831	0.212833	3.29672	149.863
1486	-0.049345	0.211482	3.30336	149.898
1487	-0.0518376	0.210068	3.3	149.933
1488	-0.05159	0.208661	3.30205	149.969
1489	-0.0522101	0.207239	3.30074	150.004
1490	-0.0524675	0.205811	3.2915	150.039
1491	-0.0538538	0.204348	3.28091	150.073
1492	-0.0526119	0.202919	3.28388	150.108
1493	-0.0512964	0.201524	3.28613	150.143
1494	-0.0507748	0.200144	3.28842	150.178
1495	-0.0508606	0.198763	3.29093	150.213
1496	-0.0522736	0.197346	3.29455	150.247
1497	-0.0542619	0.195878	3.29921	150.283
1498	-0.055471	0.194381	3.29695	150.318
1499	-0.0564001	0.19286	3.29693	150.353
1500	-0.058051	0.191298	3.29915	150.388
1501	-0.0606627	0.18967	3.30004	150.423
1502	-0.0635305	0.187969	3.30128	150.458
1503	-0.0665737	0.18619	3.30496	150.493
1504	-0.0676687	0.184385	3.30678	150.528
1505	-0.0687548	0.182552	3.30417	150.563
1506	-0.0688822	0.180718	3.29948	150.599
1507	-0.0678392	0.178912	3.29721	150.633
1508	-0.0666427	0.177137	3.2974	150.668
1509	-0.0669406	0.175357	3.30131	150.704
1510	-0.0680272	0.173549	3.30015	150.739
1511	-0.0665558	0.171781	3.30691	150.774
1512	-0.067411	0.169992	3.31105	150.809
1513	-0.0660827	0.168238	3.29675	150.844
1514	-0.0668009	0.166467	3.28619	150.879
1515	-0.0669674	0.164692	3.28103	150.913
1516	-0.0685638	0.162878	3.28147	150.948
1517	-0.0675273	0.161092	3.27868	150.982
1518	-0.0669252	0.159322	3.27217	151.016
1519	-0.0684488	0.157515	3.27394	151.051
1520	-0.0685736	0.155705	3.26924	151.085
1521	-0.0695577	0.153872	3.26495	151.119
1522	-0.0710389	0.152002	3.2652	151.153
1523	-0.0709372	0.150135	3.26598	151.187
1524	-0.0707522	0.148275	3.26768	151.221
1525	-0.0706511	0.146418	3.26703	151.255
1526	-0.0718504	0.144532	3.27095	151.289
1527	-0.0719073	0.142646	3.27386	151.324
1528	-0.0724181	0.140748	3.27675	151.358
1529	-0.0703135	0.138905	3.27758	151.392
1530	-0.0706631	0.137054	3.27165	151.426
1531	-0.070499	0.135209	3.26973	151.46
1532	-0.0728306	0.133306	3.27204	151.495
1533	-0.0737866	0.131379	3.27422	151.529
1534	-0.0739931	0.129448	3.27634	151.563
1535	-0.0729163	0.127546	3.28008	151.597
1536	-0.0721227	0.125666	3.28224	151.632
1537	-0.0719456	0.123791	3.2764	151.666
1538	-0.0714727	0.121929	3.27369	151.7
1539	-0.0726185	0.12004	3.26477	151.734
1540	-0.0750118	0.118091	3.25822	151.768
1541	-0.0764698	0.116106	3.25274	151.802
1542	-0.07625	0.114128	3.25107	151.835
1543	-0.0751817	0.112178	3.25288	151.869
1544	-0.0773745	0.110174	3.25593	151.902
1545	-0.0790925	0.108127	3.25754	151.936
1546	-0.0804159	0.106048	3.26222	151.97
1547	-0.0813992	0.103946	3.2579	152.004
1548	-0.0824348	0.101819	3.25851	152.037
1549	-0.0816772	0.0997119	3.25558	152.071
1550	-0.0822051	0.0975931	3.26113	152.105
1551	-0.0827661	0.0954614	3.26682	152.139
1552	-0.0844678	0.093288	3.2712	152.173
1553	-0.084773	0.0911082	3.27071	152.207
1554	-0.0848483	0.0889279	3.26904	152.241
1555	-0.0842412	0.0867645	3.27069	152.275
1556	-0.0850361	0.0845823	3.27578	152.309
1557	-0.084263	0.082421	3.27852	152.343
1558	-0.0855181	0.0802294	3.276	152.377
1559	-0.0867854	0.0780071	3.27573	152.411
1560	-0.0862462	0.0757999	3.27971	152.445
1561	-0.0841448	0.0736473	3.28509	152.48
1562	-0.0819563	0.0715514	3.28901	152.514
1563	-0.0806567	0.0694897	3.29204	152.549
1564	-0.0801784	0.0674414	3.29044	152.583
1565	-0.0784425	0.0654383	3.29582	152.618
1566	-0.0778309	0.0634519	3.29557	152.652
1567	-0.0769789	0.0614883	3.28879	152.687
1568	-0.0761401	0.0595471	3.28521	152.721
1569	-0.074852	0.0576397	3.28451	152.755
1570	-0.0732585	0.0557736	3.28864	152.789
1571	-0.072321	0.0539324	3.28864	152.824
1572	-0.0714897	0.0521133	3.29176	152.858
1573	-0.0717431	0.050289	3.29518	152.893
1574	-0.0719966	0.0484595	3.2962	152.927
1575	-0.071227	0.0466505	3.29892	152.962
1576	-0.0709939	0.0448486	3.30078	152.996
1577	-0.0721699	0.0430182	3.30308	153.031
1578	-0.0735555	0.041154	3.30211	153.066
1579	-0.0739104	0.0392822	3.30198	153.1
1580	-0.0740813	0.0374072	3.30162	153.135
1581	-0.0743849	0.0355258	3.30257	153.17
1582	-0.0741227	0.0336522	3.30299	153.204
1583	-0.0744544	0.0317715	3.30374	153.239
1584	-0.0736017	0.0299133	3.30255	153.273
1585	-0.0732774	0.0280645	3.30248	153.308
1586	-0.0739129	0.0262008	3.30298	153.343
1587	-0.0739176	0.0243383	3.30373	153.377
1588	-0.0727882	0.0225052	3.29804	153.412
1589	-0.0730953	0.0206656	3.2891	153.446
1590	-0.0733484	0.0188208	3.28948	153.48
1591	-0.0740329	0.01696	3.29421	153.515
1592	-0.0730668	0.0151245	3.29648	153.549
1593	-0.0732903	0.0132847	3.29648	153.583
1594	-0.0742769	0.0114213	3.30144	153.618
1595	-0.0753739	0.00953158	3.30096	153.652
1596	-0.0756053	0.00763728	3.30095	153.687
1597	-0.0757046	0.00574168	3.30288	153.721
1598	-0.0756486	0.00384868	3.3016	153.756
1599	-0.0762757	0.00194118	3.30503	153.791
1600	-0.0775819	2.23361e-06	3.31008	153.825
1601	-0.0776565	0.00193736	3.30767	153.86
1602	-0.0776075	0.00387452	3.30952	153.895
1603	-0.0789162	0.00584315	3.31582	153.929
1604	-0.0805977	0.0078525	3.32278	153.964
1605	-0.0807185	0.00986362	3.32789	153.999
1606	-0.0810099	0.0118808	3.33013	154.035
1607	-0.0803608	0.0138805	3.32942	154.07
1608	-0.0816036	0.0159099	3.32934	154.105
1609	-0.0826525	0.0179642	3.32815	154.14
1610	-0.0830407	0.0200269	3.31932	154.175
1611	-0.0828737	0.0220842	3.31593	154.21
1612	-0.0829041	0.0241409	3.31528	154.244
1613	-0.0833467	0.0262074	3.31678	154.279
1614	-0.0824749	0.0282509	3.31759	154.314
1615	-0.0821136	0.0302842	3.31571	154.349
1616	-0.0816857	0.0323056	3.31347	154.383
1617	-0.0818385	0.0343296	3.31323	154.418
1618	-0.0822022	0.0363613	3.31002	154.452
1619	-0.0821874	0.0383914	3.30539	154.487
1620	-0.082914	0.0404383	3.30767	154.521
1621	-0.0829944	0.042486	3.29938	154.556
1622	-0.0837867	0.044552	3.30062	154.59
1623	-0.0848429	0.046643	3.3061	154.624
1624	-0.0845969	0.0487266	3.30951	154.659
1625	-0.0848618	0.0508155	3.3091	154.693
1626	-0.0862675	0.0529379	3.31426	154.728
1627	-0.0873156	0.0550851	3.31915	154.763
1628	-0.0877384	0.0572413	3.32353	154.798
1629	-0.0874674	0.0593896	3.32555	154.833
1630	-0.0874871	0.061537	3.32565	154.867
1631	-0.0880783	0.0636978	3.32928	154.902
1632	-0.0898015	0.0658998	3.32868	154.937
1633	-0.091195	0.068135	3.32556	154.972
1634	-0.0927402	0.070407	3.32182	155.007
1635	-0.0940538	0.0727101	3.32202	155.042
1636	-0.0954071	0.0750453	3.31964	155.076
1637	-0.0946747	0.0773609	3.32167	155.111
1638	-0.0943534	0.0796672	3.32515	155.146
1639	-0.0935368	0.081952	3.32513	155.181
1640	-0.0928321	0.084218	3.32721	155.216
1641	-0.093088	0.0864889	3.32636	155.25
1642	-0.0929452	0.0887549	3.32923	155.285
1643	-0.0939548	0.0910444	3.33079	155.32
1644	-0.0943939	0.0933434	3.33236	155.355
1645	-0.0943006	0.0956387	3.33738	155.39
1646	-0.0931252	0.0979036	3.33413	155.425
1647	-0.0927318	0.100158	3.33008	155.46
1648	-0.09154	0.102381	3.32063	155.495
1649	-0.0911807	0.104594	3.31761	155.529
1650	-0.0913814	0.10681	3.31401	155.564
1651	-0.0910014	0.109016	3.31237	155.598
1652	-0.0914557	0.111232	3.3122	155.633
1653	-0.0910922	0.113438	3.30577	155.667
1654	-0.0917678	0.115659	3.29833	155.701
1655	-0.0921892	0.117888	3.29543	155.735
1656	-0.0910506	0.120089	3.29892	155.769
1657	-0.089598	0.122252	3.30296	155.803
1658	-0.0885069	0.124388	3.3077	155.837
1659	-0.0890634	0.126536	3.31093	155.872
1660	-0.0905507	0.128719	3.31529	155.906
1661	-0.0922483	0.130942	3.31846	155.94
1662	-0.0932534	0.133189	3.31759	155.975
1663	-0.0926819	0.13542	3.31932	156.009
1664	-0.090913	0.137607	3.32562	156.044
1665	-0.0908848	0.139792	3.3265	156.079
1666	-0.092379	0.142012	3.33013	156.113
1667	-0.0933653	0.144255	3.33074	156.148
1668	-0.0938509	0.146508	3.33504	156.183
1669	-0.0943032	0.148771	3.33861	156.218
1670	-0.0946642	0.151042	3.33634	156.253
1671	-0.0949393	0.153318	3.33633	156.288
1672	-0.0930728	0.155547	3.34079	156.323
1673	-0.0931631	0.157777	3.3423	156.358
1674	-0.0919366	0.159975	3.33981	156.393
1675	-0.0919209	0.162172	3.34232	156.428
1676	-0.0907281	0.164339	3.34305	156.463
1677	-0.0914064	0.16652	3.33785	156.497
1678	-0.0917031	0.168708	3.33762	156.532
1679	-0.0933675	0.170935	3.33102	156.567
1680	-0.0944642	0.173188	3.33106	156.602
1681	-0.094159	0.175431	3.3275	156.636
1682	-0.0940233	0.177671	3.32833	156.671
1683	-0.0921611	0.179863	3.33146	156.705
1684	-0.0923786	0.182059	3.32529	156.74
1685	-0.0931657	0.184274	3.32772	156.775
1686	-0.0934451	0.186494	3.32643	156.809
1687	-0.0942732	0.188732	3.32538	156.844
1688	-0.0951937	0.190992	3.32063	156.878
1689	-0.0968976	0.193292	3.32134	156.912
1690	-0.0981183	0.19562	3.32059	156.947
1691	-0.0975172	0.197932	3.32083	156.981
1692	-0.097102	0.200233	3.32135	157.015
1693	-0.096758	0.202524	3.32157	157.05
1694	-0.0975702	0.204834	3.32075	157.084
1695	-0.0977982	0.207147	3.3167	157.118
1696	-0.0966851	0.209433	3.31433	157.152
1697	-0.0965995	0.211715	3.31538	157.187
1698	-0.0957739	0.213975	3.31772	157.221
1699	-0.094808	0.216211	3.32082	157.255
1700	-0.0944849	0.218438	3.32439	157.289
1701	-0.0920149	0.220603	3.33323	157.324
1702	-0.0904385	0.22273	3.33557	157.359
1703	-0.09043	0.224854	3.33405	157.393
1704	-0.0897935	0.226962	3.33679	157.428
1705	-0.0906879	0.229091	3.33929	157.463
1706	-0.090427	0.231212	3.34096	157.497
1707	-0.0894615	0.233308	3.34472	157.532
1708	-0.0895109	0.235405	3.34383	157.567
1709	-0.0893382	0.237496	3.34521	157.602
1710	-0.0895153	0.23959	3.34817	157.637
1711	-0.089334	0.241678	3.34786	157.672
1712	-0.0887342	0.243751	3.34547	157.706
1713	-0.0887032	0.245822	3.34633	157.741
1714	-0.0885973	0.247889	3.34467	157.776
1715	-0.0888023	0.24996	3.347	157.811
1716	-0.0875348	0.251999	3.34807	157.846
1717	-0.0857403	0.253994	3.35135	157.881
1718	-0.0847592	0.255964	3.35345	157.916
1719	-0.0854189	0.257948	3.3491	157.95
1720	-0.0858418	0.259942	3.3497	157.985
1721	-0.0865385	0.261951	3.34684	158.02
1722	-0.0868926	0.263968	3.34583	158.055
1723	-0.0856555	0.265954	3.34333	158.089
1724	-0.0841931	0.267903	3.34622	158.124
1725	-0.0840994	0.269849	3.34813	158.159
1726	-0.0837286	0.271786	3.35151	158.194
1727	-0.0827123	0.273696	3.34965	158.229
1728	-0.0822183	0.275594	3.34575	158.263
1729	-0.0812622	0.277467	3.34906	158.298
1730	-0.0807817	0.279328	3.3503	158.333
1731	-0.0796287	0.28116	3.35104	158.368
1732	-0.0797628	0.282995	3.35213	158.403
1733	-0.0786395	0.284801	3.35675	158.437
1734	-0.0782292	0.286597	3.35682	158.472
1735	-0.0771826	0.288366	3.35929	158.507
1736	-0.0773262	0.290138	3.3631	158.542
1737	-0.0777653	0.291919	3.36443	158.577
1738	-0.0788637	0.293726	3.36817	158.613
1739	-0.0781252	0.295514	3.36832	158.648
1740	-0.0762567	0.297256	3.37156	158.683
1741	-0.075377	0.298976	3.37246	158.718
1742	-0.0748031	0.300682	3.37167	158.754
1743	-0.0741745	0.302371	3.36832	158.789
1744	-0.0747934	0.304075	3.36372	158.824
1745	-0.0748802	0.305779	3.35494	158.859
1746	-0.0738535	0.307458	3.35258	158.893
1747	-0.0737416	0.309134	3.35248	158.928
1748	-0.0746225	0.310829	3.35461	158.963
1749	-0.0757975	0.312552	3.35711	158.998
1750	-0.0764943	0.31429	3.35066	159.032
1751	-0.0771051	0.316042	3.34895	159.067
1752	-0.0772093	0.317795	3.34593	159.101
1753	-0.0786982	0.319583	3.34295	159.136
1754	-0.0798196	0.321397	3.34087	159.17
1755	-0.0792412	0.323196	3.3386	159.205
1756	-0.078264	0.324971	3.34078	159.239
1757	-0.0800633	0.326787	3.34041	159.273
1758	-0.0820985	0.328651	3.34245	159.308
1759	-0.0824674	0.330523	3.33327	159.342
1760	-0.0827676	0.332401	3.33203	159.376
1761	-0.0824504	0.334271	3.33302	159.41
1762	-0.0831991	0.336157	3.32906	159.444
1763	-0.0829774	0.338037	3.32655	159.478
1764	-0.0821466	0.339896	3.32124	159.512
1765	-0.0811828	0.341731	3.31643	159.546
1766	-0.0803646	0.343545	3.30767	159.58
1767	-0.0804699	0.345362	3.30762	159.613
1768	-0.0803677	0.347174	3.30857	159.647
1769	-0.0812747	0.349008	3.30941	159.68
1770	-0.0818141	0.350853	3.31053	159.714
1771	-0.0831737	0.352729	3.3126	159.747
1772	-0.0821075	0.354579	3.31463	159.781
1773	-0.0818592	0.356422	3.31314	159.815
1774	-0.081802	0.358263	3.31119	159.848
1775	-0.0826713	0.360123	3.30746	159.882
1776	-0.0839464	0.362013	3.30955	159.915
1777	-0.0864728	0.363961	3.31632	159.949
1778	-0.0879421	0.365943	3.31921	159.983
1779	-0.0902268	0.367978	3.32842	160.017
1780	-0.0915297	0.370043	3.3341	160.051
1781	-0.0921455	0.372122	3.33171	160.085
1782	-0.0921169	0.374198	3.32989	160.119
1783	-0.0917497	0.376265	3.33278	160.153
1784	-0.0907595	0.378307	3.32409	160.187
1785	-0.0911428	0.380358	3.32872	160.22
1786	-0.0925926	0.382441	3.33078	160.254
1787	-0.0933722	0.384542	3.33419	160.288
1788	-0.0944083	0.386666	3.33716	160.323
1789	-0.09507	0.388804	3.33695	160.357
1790	-0.0948661	0.390937	3.33553	160.391
1791	-0.0935624	0.393037	3.3392	160.425
1792	-0.0925796	0.395113	3.3422	160.459
1793	-0.0909612	0.39715	3.34312	160.493
1794	-0.0892244	0.399145	3.34324	160.527
1795	-0.0895529	0.401147	3.34188	160.562
1796	-0.0899671	0.403157	3.34319	160.596
1797	-0.0893042	0.40515	3.3439	160.63
1798	-0.0896125	0.40715	3.34433	160.664
1799	-0.0897154	0.409151	3.34386	160.698
1800	-0.0893561	0.411142	3.33603	160.732
1801	-0.0893196	0.413132	3.33408	160.766
1802	-0.0883389	0.415097	3.33448	160.8
1803	-0.0872086	0.417035	3.33631	160.834
1804	-0.0860258	0.418944	3.33451	160.868
1805	-0.0839102	0.420802	3.34149	160.902
1806	-0.081921	0.422612	3.34801	160.936
1807	-0.0806402	0.424391	3.35264	160.971
1808	-0.0813296	0.426185	3.35683	161.005
1809	-0.0831411	0.428021	3.36296	161.04
1810	-0.0850838	0.429902	3.36988	161.075
1811	-0.0871354	0.43183	3.37393	161.109
1812	-0.0882057	0.433782	3.36781	161.144
1813	-0.0889026	0.435749	3.36363	161.179
1814	-0.0906036	0.437755	3.35961	161.213
1815	-0.0917493	0.439787	3.35601	161.247
1816	-0.0918429	0.44182	3.35862	161.282
1817	-0.0916638	0.443848	3.36043	161.316
1818	-0.0912634	0.445865	3.36001	161.351
1819	-0.0906166	0.447866	3.36036	161.385
1820	-0.0889671	0.449828	3.35963	161.42
1821	-0.0875241	0.451754	3.35199	161.454
1822	-0.085992	0.453644	3.34907	161.488
1823	-0.0842796	0.455492	3.34732	161.522
1824	-0.0824422	0.457297	3.34708	161.556
1825	-0.0815752	0.45908	3.34846	161.59
1826	-0.0821481	0.460876	3.34904	161.624
1827	-0.0823239	0.462675	3.3495	161.658
1828	-0.0817915	0.46446	3.35219	161.693
1829	-0.0824744	0.466261	3.35471	161.727
1830	-0.0839793	0.468096	3.35871	161.761
1831	-0.085549	0.469966	3.35675	161.795
1832	-0.0862302	0.471852	3.35388	161.83
1833	-0.0877718	0.473772	3.34891	161.864
1834	-0.0892834	0.475727	3.34574	161.898
1835	-0.0909357	0.477719	3.34687	161.932
1836	-0.091554	0.479724	3.34812	161.966
1837	-0.0915869	0.48173	3.34886	162
1838	-0.0925876	0.483757	3.34936	162.034
1839	-0.0942368	0.485822	3.35086	162.068
1840	-0.0945309	0.487893	3.351	162.102
1841	-0.0961687	0.490001	3.35306	162.136
1842	-0.0981823	0.492154	3.35623	162.17
1843	-0.0995557	0.494338	3.35444	162.205
1844	-0.100668	0.496548	3.35833	162.239
1845	-0.1024	0.498796	3.36405	162.273
1846	-0.103173	0.501061	3.36595	162.307
1847	-0.104159	0.503348	3.35827	162.342
1848	-0.105833	0.505672	3.36129	162.376
1849	-0.107368	0.508031	3.3644	162.41
1850	-0.109057	0.510428	3.36948	162.445
1851	-0.109383	0.512831	3.36889	162.479
1852	-0.108405	0.515211	3.36703	162.514
1853	-0.107887	0.517577	3.3651	162.548
1854	-0.107248	0.519927	3.36588	162.582
1855	-0.106693	0.522263	3.36644	162.617
1856	-0.106521	0.524593	3.36586	162.651
1857	-0.108003	0.526957	3.36904	162.685
1858	-0.108651	0.529335	3.36757	162.72
1859	-0.108446	0.531706	3.36375	162.754
1860	-0.10854	0.534079	3.35914	162.788
1861	-0.108082	0.53644	3.35433	162.822
1862	-0.107401	0.538783	3.3536	162.856
1863	-0.106848	0.541113	3.35583	162.89
1864	-0.106621	0.543436	3.35616	162.924
1865	-0.106677	0.54576	3.35682	162.958
1866	-0.106932	0.548088	3.35891	162.992
1867	-0.106206	0.550398	3.35865	163.026
1868	-0.105126	0.552681	3.35325	163.06
1869	-0.104245	0.554944	3.3534	163.094
1870	-0.102783	0.557171	3.35408	163.128
1871	-0.101555	0.559369	3.35339	163.162
1872	-0.101752	0.56157	3.3552	163.196
1873	-0.102156	0.563779	3.353	163.23
1874	-0.10227	0.56599	3.35356	163.264
1875	-0.102873	0.568214	3.35675	163.298
1876	-0.102417	0.570426	3.36036	163.332
1877	-0.100819	0.5726	3.36404	163.366
1878	-0.100387	0.574763	3.3669	163.4
1879	-0.100768	0.576934	3.36435	163.434
1880	-0.102276	0.579138	3.3617	163.468
1881	-0.103042	0.581359	3.35969	163.502
1882	-0.103583	0.583591	3.35409	163.536
1883	-0.105555	0.585867	3.35533	163.57
1884	-0.106438	0.588163	3.35398	163.604
1885	-0.106321	0.590455	3.35532	163.638
1886	-0.104669	0.592707	3.36005	163.672
1887	-0.103674	0.594936	3.36384	163.706
1888	-0.103005	0.597147	3.36488	163.74
1889	-0.101524	0.599324	3.36543	163.774
1890	-0.102169	0.601515	3.36204	163.808
1891	-0.102352	0.603708	3.3596	163.842
1892	-0.10176	0.605887	3.35451	163.876
1893	-0.102503	0.608082	3.35367	163.91
1894	-0.104724	0.610327	3.35692	163.944
1895	-0.106871	0.612619	3.36407	163.978
1896	-0.108653	0.614952	3.36742	164.012
1897	-0.108994	0.617291	3.37004	164.046
1898	-0.110123	0.619655	3.37315	164.08
1899	-0.109536	0.622004	3.37072	164.114
1900	-0.109215	0.624345	3.36962	164.148
1901	-0.108992	0.626679	3.37038	164.182
1902	-0.10803	0.628991	3.37374	164.217
1903	-0.108074	0.631302	3.3774	164.251
1904	-0.107595	0.633601	3.37998	164.285
1905	-0.107806	0.635903	3.37751	164.32
1906	-0.107613	0.6382	3.37571	164.354
1907	-0.106948	0.640481	3.37446	164.388
1908	-0.106186	0.642743	3.37668	164.422
1909	-0.104984	0.644976	3.37633	164.456
1910	-0.104842	0.647205	3.37832	164.491
1911	-0.104809	0.649432	3.37658	164.525
1912	-0.104733	0.651656	3.37399	164.559
1913	-0.105506	0.653897	3.37178	164.593
1914	-0.105996	0.656148	3.37319	164.627
1915	-0.106524	0.65841	3.37469	164.661
1916	-0.104912	0.660634	3.37734	164.695
1917	-0.10354	0.662825	3.37408	164.73
1918	-0.103822	0.665022	3.37693	164.764
1919	-0.103848	0.667218	3.37959	164.798
1920	-0.103692	0.66941	3.38164	164.832
1921	-0.103245	0.67159	3.38384	164.867
1922	-0.101961	0.67374	3.38078	164.901
1923	-0.10093	0.675865	3.37805	164.935
1924	-0.100493	0.67798	3.37869	164.969
1925	-0.101319	0.680112	3.37676	165.003
1926	-0.101809	0.682254	3.37539	165.037
1927	-0.102536	0.684412	3.37091	165.071
1928	-0.103201	0.686584	3.36845	165.105
1929	-0.103886	0.68877	3.36503	165.139
1930	-0.104906	0.690978	3.36453	165.173
1931	-0.103966	0.693164	3.3598	165.206
1932	-0.10344	0.695337	3.35649	165.24
1933	-0.103015	0.697499	3.35287	165.274
1934	-0.10317	0.699664	3.3542	165.307
1935	-0.104046	0.701848	3.35622	165.341
1936	-0.105497	0.704063	3.3588	165.374
1937	-0.105919	0.706287	3.35873	165.408
1938	-0.105104	0.708491	3.36124	165.442
1939	-0.10429	0.710676	3.36358	165.475
1940	-0.104405	0.712862	3.36708	165.509
1941	-0.104937	0.715059	3.3682	165.543
1942	-0.10473	0.71725	3.36569	165.577
1943	-0.104481	0.719435	3.3646	165.61
1944	-0.105214	0.721635	3.3628	165.644
1945	-0.104858	0.723826	3.362	165.678
1946	-0.105259	0.726025	3.36197	165.711
1947	-0.105299	0.728224	3.35733	165.745
1948	-0.104955	0.730414	3.35724	165.778
1949	-0.104464	0.732592	3.35968	165.812
1950	-0.10401	0.734758	3.36221	165.846
1951	-0.103175	0.736905	3.36262	165.879
1952	-0.102699	0.73904	3.36561	165.913
1953	-0.103842	0.741199	3.36916	165.947
1954	-0.104053	0.743362	3.37121	165.98
1955	-0.10456	0.745536	3.35955	166.014
1956	-0.10516	0.747722	3.35999	166.048
1957	-0.105968	0.749925	3.3605	166.081
1958	-0.106552	0.752141	3.36192	166.115
1959	-0.105993	0.754343	3.36332	166.148
1960	-0.105713	0.756537	3.35875	166.182
1961	-0.105579	0.758727	3.35668	166.215
1962	-0.105585	0.760917	3.35827	166.249
1963	-0.104122	0.763072	3.3608	166.282
1964	-0.103744	0.765217	3.36229	166.316
1965	-0.103723	0.767362	3.35893	166.349
1966	-0.103632	0.769503	3.35889	166.383
1967	-0.103796	0.771646	3.35808	166.416
1968	-0.104367	0.773802	3.35791	166.449
1969	-0.103545	0.775938	3.35795	166.483
1970	-0.102527	0.77805	3.36006	166.516
1971	-0.101678	0.780142	3.35671	166.55
1972	-0.101268	0.782223	3.34158	166.583
1973	-0.101145	0.784301	3.34134	166.616
1974	-0.101299	0.786382	3.32821	166.648
1975	-0.100446	0.788442	3.32103	166.681
1976	-0.101107	0.790516	3.31755	166.713
1977	-0.101393	0.792595	3.3138	166.746
1978	-0.10204	0.794688	3.30818	166.778
