#	<x>	stDevX	<E>	stDevE
0	2.02422	0	2.9023	0
1	1.8386	1.93141	3.21616	3.05923
2	1.64238	2.59517	3.37806	4.4767
3	1.66444	3.10454	3.23233	5.51175
4	1.55741	3.49082	3.55234	6.51248
5	1.22143	3.70758	3.06738	7.21079
6	1.20066	3.90139	3.42394	7.96872
7	0.960364	4.00484	2.98195	8.51749
8	0.728836	4.0347	2.46688	8.86911
9	0.441002	3.9838	2.57272	9.23822
10	0.304905	3.9052	2.80812	9.65995
11	0.503666	3.89369	3.11128	10.1471
12	0.601809	3.91436	3.32944	10.6702
13	0.611094	3.94056	3.25021	11.1497
14	0.573224	3.95968	3.22608	11.6039
15	0.536425	3.97234	3.35733	12.0732
16	0.36222	3.94651	3.59333	12.5811
17	0.36946	3.9266	3.23834	12.9897
18	0.286479	3.89176	3.13526	13.3629
19	0.290046	3.86169	3.11054	13.7205
20	0.276529	3.83224	3.14176	14.0757
21	0.250669	3.80059	3.15985	14.4259
22	0.245069	3.77088	3.17997	14.7719
23	0.198907	3.73472	3.22238	15.1185
24	0.257035	3.71281	3.28515	15.4696
25	0.23783	3.68937	3.23069	15.8027
26	0.254728	3.67119	3.1254	16.109
27	0.273995	3.65836	3.08743	16.4025
28	0.242678	3.6413	3.13274	16.6991
29	0.248499	3.62684	3.09594	16.984
30	0.1941	3.60414	2.91022	17.2313
31	0.187504	3.58185	2.71087	17.4404
32	0.207286	3.56442	2.64531	17.636
33	0.220145	3.55042	2.52047	17.8085
34	0.231189	3.53936	2.33636	17.9491
35	0.218912	3.52726	2.21291	18.0689
36	0.225992	3.51725	2.20815	18.188
37	0.258242	3.51327	2.24307	18.3127
38	0.253838	3.50926	2.21442	18.4327
39	0.219987	3.5006	2.15385	18.5431
40	0.248346	3.49704	2.05831	18.6388
41	0.238594	3.49256	1.92455	18.7145
42	0.223502	3.48637	1.85231	18.78
43	0.230033	3.48174	1.82534	18.8424
44	0.269132	3.4834	1.83289	18.9069
45	0.264374	3.48473	1.88321	18.9795
46	0.210847	3.4787	1.88076	19.0523
47	0.165774	3.46673	1.92265	19.1317
48	0.133899	3.45085	1.9553	19.216
49	0.11319	3.43273	1.92447	19.2963
50	0.127957	3.41733	1.97345	19.3836
51	0.115951	3.40089	1.97136	19.4708
52	0.0972834	3.38251	2.01058	19.5633
53	0.09623	3.36461	1.92625	19.6445
54	0.104342	3.3484	1.76962	19.7049
55	0.100383	3.33221	1.71417	19.7584
56	0.122622	3.31948	1.76651	19.8193
57	0.119599	3.30681	1.7767	19.882
58	0.113748	3.29384	1.79694	19.9477
59	0.117658	3.2818	1.81949	20.0165
60	0.12395	3.27098	1.76889	20.0792
61	0.109874	3.25878	1.78094	20.1436
62	0.0870689	3.24411	1.73175	20.2021
63	0.0794153	3.22892	1.73169	20.261
64	0.101337	3.21685	1.76015	20.3236
65	0.100339	3.20502	1.73096	20.3829
66	0.0734894	3.19029	1.75715	20.4456
67	0.0579818	3.17408	1.72428	20.5045
68	0.0781567	3.16067	1.66608	20.5567
69	0.101925	3.15044	1.70873	20.6142
70	0.0831435	3.13829	1.73902	20.6756
71	0.0776172	3.12582	1.60636	20.7215
72	0.0848194	3.11449	1.54963	20.7612
73	0.102619	3.10552	1.52801	20.7988
74	0.108542	3.09747	1.52762	20.8368
75	0.115377	3.09045	1.50479	20.8726
76	0.107641	3.08277	1.46616	20.9044
77	0.13039	3.07787	1.49064	20.9394
78	0.119042	3.07189	1.45957	20.9713
79	0.0939394	3.06331	1.39825	20.9969
80	0.0979721	3.0554	1.3385	21.0163
81	0.101464	3.04808	1.32908	21.0352
82	0.127758	3.04382	1.32875	21.0546
83	0.157933	3.043	1.37672	21.0798
84	0.133185	3.03962	1.38322	21.106
85	0.148334	3.03801	1.30217	21.124
86	0.143201	3.03597	1.31952	21.1443
87	0.156386	3.03544	1.3088	21.164
88	0.173829	3.03686	1.27947	21.1809
89	0.158527	3.03675	1.24483	21.1948
90	0.161007	3.03699	1.22191	21.2067
91	0.190935	3.04042	1.28722	21.2258
92	0.194047	3.04422	1.30972	21.2477
93	0.208696	3.04957	1.34244	21.2734
94	0.216493	3.05574	1.32685	21.2977
95	0.209129	3.06119	1.34837	21.3246
96	0.201518	3.06589	1.33233	21.3501
97	0.203899	3.07086	1.32866	21.3755
98	0.221062	3.07757	1.34856	21.4033
99	0.22169	3.08436	1.33169	21.4296
100	0.234881	3.09246	1.36236	21.4592
101	0.226385	3.09972	1.34856	21.4876
102	0.175954	3.10204	1.48341	21.5296
103	0.153492	3.10221	1.463	21.5696
104	0.153964	3.1025	1.45025	21.6085
105	0.166244	3.10405	1.42044	21.6446
106	0.152285	3.1043	1.4541	21.6841
107	0.131832	3.10265	1.46441	21.7247
108	0.11742	3.09972	1.50836	21.7695
109	0.116638	3.09679	1.48738	21.8124
110	0.111848	3.09351	1.46435	21.8532
111	0.123693	3.09143	1.50081	21.8975
112	0.12052	3.08913	1.4444	21.9365
113	0.132444	3.08802	1.47371	21.9784
114	0.148676	3.08849	1.50012	22.0227
115	0.161791	3.09022	1.53014	22.0699
116	0.172336	3.09296	1.54774	22.1187
117	0.171352	3.09565	1.53191	22.166
118	0.170614	3.0983	1.51362	22.2116
119	0.15746	3.09979	1.50268	22.2562
120	0.163848	3.10189	1.49957	22.3006
121	0.162444	3.1039	1.50434	22.3454
122	0.159038	3.10565	1.52088	22.3917
123	0.17114	3.10851	1.55893	22.4414
124	0.160406	3.11044	1.56364	22.4915
125	0.153884	3.11182	1.56627	22.5418
126	0.152381	3.11312	1.54792	22.5904
127	0.146947	3.11396	1.57024	22.6409
128	0.149516	3.11508	1.60043	22.694
129	0.148204	3.11612	1.59542	22.7466
130	0.15245	3.11756	1.5982	22.7994
131	0.143504	3.11826	1.60652	22.8528
132	0.155607	3.12005	1.60638	22.9062
133	0.15504	3.12182	1.5496	22.9546
134	0.14542	3.12279	1.50261	22.9989
135	0.136999	3.12308	1.46918	23.0403
136	0.136586	3.12337	1.42733	23.0782
137	0.129643	3.12311	1.39219	23.1131
138	0.152137	3.12479	1.43844	23.152
139	0.174318	3.12838	1.49851	23.1959
140	0.174935	3.13202	1.52173	23.2418
141	0.160859	3.1345	1.55277	23.2903
142	0.161637	3.13707	1.56741	23.3399
143	0.162398	3.13972	1.5415	23.3873
144	0.16394	3.14252	1.54049	23.4346
145	0.168154	3.14568	1.52288	23.4803
146	0.161698	3.14833	1.47169	23.5218
147	0.164707	3.15124	1.48126	23.5641
148	0.172294	3.15479	1.49114	23.6072
149	0.182528	3.15918	1.5111	23.6519
150	0.19214	3.16435	1.54362	23.6992
151	0.187834	3.16918	1.54498	23.7465
152	0.189538	3.17415	1.52724	23.7923
153	0.192504	3.17936	1.51246	23.837
154	0.204768	3.18555	1.50733	23.8811
155	0.204544	3.19171	1.49901	23.9246
156	0.206257	3.198	1.51681	23.9694
157	0.203241	3.20405	1.53246	24.0155
158	0.194701	3.20941	1.55965	24.0636
159	0.197656	3.21501	1.57979	24.1133
160	0.197628	3.2206	1.58054	24.1629
161	0.196788	3.22612	1.59054	24.2133
162	0.197301	3.23167	1.6092	24.265
163	0.205747	3.23788	1.61849	24.3173
164	0.208453	3.2443	1.62545	24.3702
165	0.213596	3.2511	1.59956	24.4209
166	0.212881	3.25783	1.61987	24.473
167	0.212406	3.26452	1.62039	24.5252
168	0.21069	3.27106	1.61612	24.5769
169	0.203722	3.27706	1.59235	24.6267
170	0.194204	3.28233	1.61463	24.6781
171	0.194569	3.28762	1.63717	24.7312
172	0.199343	3.29327	1.65866	24.7858
173	0.216166	3.30019	1.67712	24.8416
174	0.211065	3.30671	1.67279	24.897
175	0.199683	3.31237	1.67557	24.9526
176	0.18998	3.31729	1.65392	25.0063
177	0.194398	3.32254	1.62511	25.0579
178	0.200275	3.32823	1.5961	25.1071
179	0.213149	3.33487	1.61471	25.1577
180	0.209135	3.34119	1.61319	25.2081
181	0.205028	3.34721	1.61184	25.2582
182	0.204206	3.35316	1.59099	25.3068
183	0.206328	3.35925	1.567	25.3535
184	0.207086	3.36539	1.55843	25.3996
185	0.20409	3.37131	1.55592	25.4453
186	0.207559	3.37747	1.5594	25.4913
187	0.214086	3.38409	1.55583	25.5369
188	0.206771	3.39018	1.54024	25.5814
189	0.207142	3.39628	1.55251	25.6267
190	0.209675	3.40255	1.56074	25.6725
191	0.223979	3.40985	1.57918	25.7196
192	0.237824	3.41813	1.61121	25.7689
193	0.236506	3.42629	1.63115	25.8195
194	0.230972	3.43403	1.6355	25.8704
195	0.229435	3.44165	1.62177	25.9202
196	0.222647	3.44877	1.60122	25.9685
197	0.207059	3.45478	1.59685	26.0163
198	0.205319	3.46065	1.59674	26.0641
199	0.202847	3.46634	1.55552	26.1089
200	0.20354	3.47207	1.54908	26.1532
201	0.200034	3.47754	1.54033	26.1968
202	0.19116	3.48239	1.53983	26.2404
203	0.18806	3.48703	1.54055	26.2839
204	0.193828	3.49206	1.56659	26.3292
205	0.196541	3.49727	1.55438	26.3735
206	0.196316	3.50247	1.53254	26.4163
207	0.195094	3.50757	1.50131	26.4569
208	0.198902	3.51294	1.48855	26.4965
209	0.202979	3.51858	1.46444	26.5345
210	0.202395	3.52417	1.44176	26.5709
211	0.208148	3.53015	1.45215	26.6079
212	0.206633	3.53602	1.45991	26.6455
213	0.208672	3.54202	1.46594	26.6834
214	0.200687	3.54746	1.47981	26.7223
215	0.193563	3.55242	1.47739	26.7609
216	0.188885	3.55706	1.45392	26.7979
217	0.183947	3.56136	1.45206	26.8348
218	0.175607	3.56509	1.44107	26.8709
219	0.177061	3.56893	1.41675	26.9053
220	0.168445	3.57219	1.41552	26.9397
221	0.162998	3.57508	1.41838	26.9742
222	0.16044	3.57781	1.42447	27.0091
223	0.169076	3.58113	1.44294	27.0452
224	0.178126	3.58504	1.4496	27.0817
225	0.188156	3.58963	1.47515	27.1199
226	0.196481	3.59476	1.46304	27.1573
227	0.205017	3.60045	1.44942	27.1937
228	0.210384	3.60649	1.4403	27.2295
229	0.217342	3.61297	1.43815	27.2651
230	0.2189	3.61955	1.43476	27.3005
231	0.221444	3.62628	1.43144	27.3356
232	0.221084	3.63298	1.44972	27.3719
233	0.218709	3.63951	1.44614	27.408
234	0.22667	3.64654	1.45979	27.4449
235	0.228236	3.65367	1.44202	27.4806
236	0.22683	3.66069	1.42835	27.5154
237	0.217365	3.66708	1.44307	27.5511
238	0.213225	3.6732	1.44913	27.5872
239	0.214614	3.67939	1.46156	27.624
240	0.220137	3.68593	1.48427	27.6623
241	0.227938	3.69296	1.50221	27.7017
242	0.231761	3.70022	1.51884	27.7421
243	0.233863	3.70761	1.50138	27.7813
244	0.232146	3.71486	1.48547	27.8195
245	0.236427	3.72238	1.4986	27.8585
246	0.232938	3.72966	1.5121	27.8983
247	0.226569	3.73652	1.53137	27.9393
248	0.222467	3.74311	1.54212	27.9809
249	0.217326	3.74936	1.54715	28.0227
250	0.217968	3.75565	1.55462	28.065
251	0.21886	3.76198	1.57033	28.1082
252	0.220788	3.76842	1.58866	28.1525
253	0.219612	3.77478	1.60166	28.1976
254	0.212986	3.78071	1.59099	28.2419
255	0.208175	3.78633	1.59604	28.2864
256	0.200077	3.79144	1.59146	28.3307
257	0.198802	3.79647	1.56298	28.373
258	0.195762	3.8013	1.55124	28.4146
259	0.195044	3.80609	1.55452	28.4564
260	0.198222	3.81106	1.55479	28.498
261	0.199173	3.81609	1.54583	28.5391
262	0.200041	3.82117	1.54974	28.5804
263	0.192278	3.82576	1.54931	28.6216
264	0.18385	3.82984	1.53499	28.6619
265	0.169736	3.83305	1.56384	28.7039
266	0.161169	3.83573	1.55724	28.7454
267	0.153846	3.83798	1.54654	28.7862
268	0.157195	3.84043	1.55301	28.8274
269	0.157024	3.84288	1.5398	28.8677
270	0.15934	3.84547	1.55295	28.9087
271	0.157896	3.84798	1.5443	28.9492
272	0.15845	3.85052	1.53989	28.9893
273	0.162287	3.8533	1.53613	29.0292
274	0.166391	3.85633	1.52836	29.0686
275	0.173411	3.85978	1.53911	29.1085
276	0.176198	3.8634	1.54924	29.149
277	0.169012	3.86659	1.55351	29.1898
278	0.162943	3.86941	1.56216	29.231
279	0.161263	3.87214	1.55095	29.2714
280	0.157793	3.87467	1.54498	29.3115
281	0.159928	3.87732	1.53417	29.3508
282	0.162769	3.88015	1.54952	29.3911
283	0.164179	3.88306	1.54244	29.4308
284	0.160518	3.88576	1.54721	29.4708
285	0.157193	3.88826	1.55524	29.5112
286	0.154381	3.8906	1.54352	29.5509
287	0.151535	3.89278	1.53816	29.5902
288	0.151246	3.89494	1.53752	29.6294
289	0.148051	3.89693	1.55058	29.6694
290	0.149343	3.89899	1.55555	29.7096
291	0.144752	3.90078	1.55955	29.7499
292	0.143474	3.90251	1.54705	29.7895
293	0.138986	3.90398	1.55737	29.8297
294	0.132476	3.90508	1.55521	29.8696
295	0.124043	3.9057	1.55789	29.9097
296	0.118973	3.90604	1.56147	29.9499
297	0.117129	3.90627	1.55582	29.9898
298	0.121171	3.90675	1.55294	30.0294
299	0.116695	3.90698	1.54779	30.0687
300	0.12114	3.90748	1.56221	30.1088
301	0.124386	3.90817	1.57545	30.1496
302	0.121959	3.90874	1.55929	30.1894
303	0.117089	3.90903	1.56624	30.2295
304	0.117267	3.90934	1.5747	30.2701
305	0.117866	3.90969	1.5896	30.3115
306	0.123803	3.9104	1.60857	30.3539
307	0.133527	3.91166	1.62742	30.3973
308	0.136103	3.91307	1.63235	30.441
309	0.136109	3.9145	1.64031	30.485
310	0.133042	3.91575	1.6368	30.5288
311	0.133646	3.91704	1.6347	30.5724
312	0.137662	3.91857	1.63814	30.6161
313	0.137917	3.92012	1.63228	30.6594
314	0.13639	3.92158	1.62956	30.7025
315	0.136912	3.92308	1.6181	30.745
316	0.140894	3.92481	1.62181	30.7875
317	0.145463	3.9268	1.61464	30.8296
318	0.142136	3.9286	1.60015	30.8709
319	0.143165	3.93047	1.59545	30.9118
320	0.140945	3.93222	1.59106	30.9524
321	0.134547	3.93361	1.59675	30.9933
322	0.132878	3.93492	1.59701	31.0342
323	0.138731	3.93655	1.60762	31.0756
324	0.14329	3.93845	1.58961	31.1159
325	0.14244	3.9403	1.57042	31.1552
326	0.139756	3.942	1.56106	31.1938
327	0.140014	3.94373	1.56637	31.2327
328	0.141227	3.94552	1.57229	31.2719
329	0.145472	3.94755	1.5803	31.3115
330	0.145029	3.94956	1.58254	31.3512
331	0.145879	3.95162	1.58505	31.3909
332	0.145933	3.95369	1.57979	31.4303
333	0.142434	3.95557	1.57263	31.4693
334	0.145698	3.95762	1.55475	31.5073
335	0.147458	3.95978	1.54113	31.5444
336	0.152329	3.9622	1.54325	31.5817
337	0.153291	3.96468	1.5419	31.6188
338	0.150776	3.96702	1.54154	31.6559
339	0.153169	3.9695	1.515	31.6915
340	0.154	3.97202	1.51129	31.7268
341	0.154527	3.97457	1.51631	31.7624
342	0.154935	3.97714	1.52362	31.7984
343	0.151285	3.97952	1.52393	31.8343
344	0.143959	3.9815	1.52032	31.87
345	0.138638	3.9832	1.53367	31.9064
346	0.133478	3.98463	1.54259	31.9432
347	0.136152	3.9862	1.5555	31.9807
348	0.138181	3.98789	1.56989	32.0189
349	0.13668	3.9895	1.5602	32.0565
350	0.142338	3.99142	1.57143	32.0947
351	0.141534	3.99329	1.57743	32.1331
352	0.138109	3.99499	1.57318	32.1713
353	0.134463	3.9965	1.58373	32.2101
354	0.133443	3.99795	1.59374	32.2493
355	0.138166	3.99966	1.59723	32.2886
356	0.140209	4.00148	1.59518	32.3278
357	0.143599	4.00348	1.59719	32.367
358	0.151869	4.00592	1.61355	32.4071
359	0.15608	4.00859	1.61393	32.4471
360	0.15575	4.01123	1.61002	32.4869
361	0.15922	4.01406	1.61698	32.527
362	0.166183	4.01725	1.62132	32.5672
363	0.172308	4.02076	1.63137	32.608
364	0.175185	4.02443	1.62605	32.6484
365	0.176775	4.02817	1.62089	32.6885
366	0.169241	4.03151	1.61036	32.728
367	0.161275	4.03444	1.60052	32.7669
368	0.15657	4.03713	1.58934	32.8053
369	0.152551	4.0396	1.59434	32.8438
370	0.157884	4.04235	1.59187	32.8822
371	0.154589	4.04494	1.58446	32.9201
372	0.152332	4.0474	1.58503	32.958
373	0.150644	4.04978	1.58038	32.9956
374	0.14843	4.05205	1.54986	33.0317
375	0.15053	4.05442	1.5459	33.0674
376	0.152962	4.05692	1.54351	33.1031
377	0.155128	4.05953	1.54774	33.1389
378	0.157989	4.06229	1.55677	33.1751
379	0.159656	4.06514	1.55425	33.2112
380	0.166782	4.06835	1.56398	33.2477
381	0.173654	4.07191	1.57804	33.2849
382	0.172947	4.07543	1.58281	33.3223
383	0.169075	4.07875	1.5814	33.3596
384	0.17406	4.08232	1.58961	33.3972
385	0.17646	4.08601	1.59227	33.435
386	0.17452	4.0896	1.59406	33.4728
387	0.178396	4.09339	1.60039	33.5109
388	0.179562	4.09723	1.60064	33.549
389	0.175865	4.10088	1.60188	33.5871
390	0.170996	4.10428	1.59509	33.6248
391	0.169005	4.10758	1.58453	33.6619
392	0.168247	4.11084	1.55412	33.6974
393	0.166025	4.11399	1.54348	33.7324
394	0.164387	4.11705	1.53347	33.7668
395	0.164929	4.12014	1.50976	33.8001
396	0.16523	4.12325	1.50639	33.8331
397	0.165078	4.12634	1.50835	33.8662
398	0.161004	4.12923	1.51487	33.8996
399	0.161631	4.13215	1.52316	33.9333
400	0.162743	4.13512	1.53154	33.9675
401	0.163663	4.13814	1.53615	34.0018
402	0.163083	4.14113	1.53734	34.0362
403	0.164795	4.1442	1.53044	34.0702
404	0.168082	4.14744	1.53561	34.1044
405	0.16915	4.15073	1.53797	34.1388
406	0.16813	4.15396	1.53909	34.1731
407	0.164734	4.15702	1.53653	34.2073
408	0.161847	4.15994	1.54105	34.2416
409	0.159312	4.16274	1.54249	34.276
410	0.155926	4.16537	1.54526	34.3105
411	0.156815	4.16804	1.54245	34.3449
412	0.15392	4.17056	1.54555	34.3793
413	0.15713	4.17325	1.55613	34.4143
414	0.155919	4.17588	1.55167	34.449
415	0.150949	4.17826	1.55984	34.484
416	0.148223	4.18051	1.56534	34.5193
417	0.144942	4.1826	1.56713	34.5547
418	0.142809	4.18458	1.56807	34.59
419	0.14567	4.18671	1.57475	34.6256
420	0.143835	4.18875	1.58577	34.6618
421	0.140323	4.19062	1.5913	34.6982
422	0.141065	4.19252	1.58928	34.7344
423	0.141482	4.19445	1.583	34.7703
424	0.142783	4.19644	1.57777	34.8059
425	0.142873	4.19844	1.57756	34.8415
426	0.142839	4.20044	1.57553	34.8769
427	0.143674	4.20247	1.57778	34.9124
428	0.143607	4.20451	1.57975	34.948
429	0.140715	4.20641	1.57665	34.9834
430	0.142079	4.20837	1.57777	35.0188
431	0.142638	4.21036	1.57435	35.054
432	0.140197	4.21224	1.5779	35.0893
433	0.137537	4.21399	1.58452	35.1249
434	0.143669	4.21604	1.58946	35.1607
435	0.148404	4.21831	1.60044	35.197
436	0.153324	4.22082	1.60768	35.2336
437	0.152961	4.22331	1.60823	35.2702
438	0.148682	4.22559	1.60985	35.3069
439	0.143388	4.22763	1.61579	35.3438
440	0.144469	4.22971	1.60396	35.3801
441	0.140766	4.23163	1.59972	35.4161
442	0.140163	4.23351	1.60335	35.4523
443	0.142052	4.23548	1.60654	35.4886
444	0.145948	4.23764	1.61118	35.5251
445	0.148694	4.23993	1.61182	35.5616
446	0.148524	4.24222	1.61401	35.5981
447	0.147536	4.24445	1.61127	35.6345
448	0.14085	4.24637	1.60943	35.6707
449	0.140937	4.2483	1.60625	35.7068
450	0.141609	4.25026	1.60199	35.7426
451	0.142434	4.25226	1.60047	35.7784
452	0.14514	4.25438	1.60353	35.8142
453	0.146479	4.25657	1.59804	35.8497
454	0.146137	4.25875	1.5956	35.8851
455	0.145638	4.2609	1.59878	35.9206
456	0.145277	4.26303	1.59965	35.9561
457	0.142661	4.26504	1.58198	35.9908
458	0.142044	4.26703	1.57443	36.0251
459	0.147046	4.26925	1.58048	36.0596
460	0.151204	4.27166	1.57573	36.0938
461	0.153155	4.27416	1.57834	36.1282
462	0.160825	4.27702	1.5752	36.1624
463	0.160626	4.27986	1.55627	36.1956
464	0.158708	4.28262	1.54546	36.2284
465	0.156677	4.28528	1.54267	36.2609
466	0.154543	4.28785	1.54036	36.2934
467	0.15299	4.29034	1.54098	36.3258
468	0.15031	4.29271	1.5372	36.3581
469	0.150871	4.2951	1.5415	36.3905
470	0.148723	4.29739	1.53224	36.4224
471	0.148067	4.29965	1.53401	36.4545
472	0.151913	4.30209	1.52882	36.4862
473	0.149808	4.30444	1.52187	36.5176
474	0.146577	4.30663	1.52223	36.549
475	0.148893	4.30893	1.51841	36.5802
476	0.147855	4.31118	1.51088	36.611
477	0.145927	4.31335	1.51253	36.6419
478	0.146193	4.31553	1.51734	36.6729
479	0.145926	4.31769	1.51904	36.7041
480	0.144125	4.31978	1.52616	36.7355
481	0.146809	4.32198	1.53232	36.7672
482	0.146304	4.32417	1.53191	36.7988
483	0.145534	4.32631	1.53302	36.8304
484	0.144553	4.32842	1.53322	36.8621
485	0.144408	4.33051	1.52781	36.8935
486	0.146029	4.33269	1.52671	36.9247
487	0.146552	4.33488	1.52946	36.9561
488	0.145182	4.33701	1.53537	36.9878
489	0.141531	4.33898	1.54051	37.0196
490	0.141596	4.34095	1.54086	37.0514
491	0.142239	4.34296	1.53852	37.0831
492	0.141616	4.34493	1.52882	37.1144
493	0.143175	4.34697	1.5123	37.1448
494	0.142306	4.34898	1.52103	37.1757
495	0.142592	4.351	1.52715	37.2067
496	0.146066	4.35317	1.53163	37.238
497	0.148887	4.35547	1.53204	37.2693
498	0.149841	4.35782	1.52689	37.3002
499	0.151988	4.36026	1.52705	37.3312
500	0.15553	4.36285	1.52416	37.3621
501	0.156241	4.36548	1.5199	37.3927
502	0.153531	4.36799	1.51436	37.423
503	0.152593	4.37045	1.50799	37.453
504	0.154504	4.373	1.51442	37.4833
505	0.157664	4.37568	1.51862	37.5138
506	0.157505	4.37836	1.51899	37.5442
507	0.155192	4.38094	1.52037	37.5747
508	0.153973	4.38346	1.5184	37.6051
509	0.154683	4.38601	1.51923	37.6355
510	0.15557	4.3886	1.52215	37.666
511	0.159807	4.39138	1.53374	37.697
512	0.162425	4.39427	1.5355	37.728
513	0.163751	4.39722	1.53153	37.7589
514	0.166946	4.4003	1.53006	37.7896
515	0.168557	4.40346	1.53088	37.8204
516	0.171852	4.40676	1.53668	37.8514
517	0.169671	4.40996	1.53482	37.8823
518	0.167994	4.41308	1.53331	37.9131
519	0.166835	4.41615	1.52755	37.9436
520	0.16662	4.41921	1.52011	37.9738
521	0.171782	4.4225	1.52671	38.0042
522	0.176511	4.42599	1.53577	38.035
523	0.177281	4.42951	1.54333	38.0661
524	0.176885	4.43301	1.53618	38.0969
525	0.175972	4.43646	1.54276	38.128
526	0.174152	4.43984	1.54215	38.1589
527	0.173488	4.44319	1.54329	38.19
528	0.172384	4.44648	1.54249	38.2209
529	0.17038	4.44968	1.5429	38.2519
530	0.170245	4.45288	1.53846	38.2826
531	0.172839	4.45619	1.54283	38.3135
532	0.171517	4.45944	1.54598	38.3445
533	0.167371	4.4625	1.5493	38.3756
534	0.165216	4.46547	1.55363	38.4069
535	0.164056	4.46839	1.55206	38.4381
536	0.164779	4.47134	1.55275	38.4693
537	0.168395	4.47445	1.56057	38.5008
538	0.171713	4.47769	1.55841	38.5322
539	0.170442	4.48088	1.5581	38.5636
540	0.167271	4.48393	1.55676	38.5949
541	0.164439	4.48686	1.55969	38.6263
542	0.164883	4.4898	1.56194	38.6577
543	0.163369	4.49268	1.56356	38.6892
544	0.163988	4.49558	1.56423	38.7207
545	0.163909	4.49847	1.56885	38.7524
546	0.159535	4.50118	1.56792	38.784
547	0.155536	4.50372	1.56924	38.8156
548	0.154037	4.50619	1.569	38.8472
549	0.152566	4.5086	1.56935	38.8788
550	0.152865	4.51102	1.57337	38.9105
551	0.150603	4.51335	1.57319	38.9422
552	0.150927	4.51568	1.5694	38.9737
553	0.150031	4.51798	1.56838	39.0052
554	0.146706	4.52014	1.56417	39.0364
555	0.14712	4.52231	1.54514	39.0669
556	0.144926	4.52439	1.53395	39.0968
557	0.144891	4.52647	1.52902	39.1265
558	0.142893	4.52847	1.52587	39.156
559	0.141347	4.5304	1.5246	39.1854
560	0.142269	4.53237	1.52379	39.2148
561	0.143127	4.53437	1.52946	39.2445
562	0.144249	4.53642	1.53502	39.2743
563	0.142099	4.53839	1.53779	39.3042
564	0.137985	4.54017	1.5419	39.3343
565	0.134899	4.54183	1.5414	39.3643
566	0.134871	4.54349	1.53855	39.3942
567	0.135011	4.54516	1.54343	39.4243
568	0.135841	4.54686	1.54893	39.4546
569	0.132927	4.54844	1.55407	39.485
570	0.133209	4.55003	1.55621	39.5156
571	0.132846	4.55161	1.56058	39.5463
572	0.13371	4.55322	1.56744	39.5772
573	0.130193	4.55469	1.57247	39.6084
574	0.130867	4.55619	1.56795	39.6393
575	0.129517	4.55763	1.56998	39.6703
576	0.128453	4.55903	1.57543	39.7015
577	0.129387	4.56047	1.56976	39.7324
578	0.126838	4.5618	1.57459	39.7635
579	0.123426	4.563	1.58439	39.795
580	0.118656	4.56399	1.58987	39.8267
581	0.113644	4.56478	1.58871	39.8584
582	0.109902	4.56542	1.59511	39.8902
583	0.110225	4.56607	1.59704	39.9222
584	0.107255	4.56661	1.5965	39.954
585	0.106211	4.5671	1.59952	39.986
586	0.104196	4.56751	1.59518	40.0178
587	0.104037	4.56792	1.57638	40.0487
588	0.106471	4.56843	1.57748	40.0797
589	0.107389	4.56898	1.57509	40.1106
590	0.105876	4.56947	1.5725	40.1413
591	0.107993	4.57005	1.57124	40.172
592	0.110157	4.57072	1.57148	40.2026
593	0.11172	4.57146	1.56675	40.2331
594	0.110842	4.57216	1.56642	40.2635
595	0.112068	4.57292	1.5653	40.2938
596	0.110716	4.57362	1.56648	40.3242
597	0.111861	4.57437	1.56518	40.3544
598	0.114753	4.57525	1.56892	40.3848
599	0.114297	4.5761	1.56135	40.4149
600	0.113162	4.57691	1.55379	40.4447
601	0.112878	4.57771	1.54945	40.4742
602	0.114011	4.57856	1.53881	40.5033
603	0.1161	4.57949	1.53785	40.5323
604	0.114734	4.58037	1.54046	40.5615
605	0.116087	4.58131	1.54039	40.5906
606	0.114563	4.58219	1.54192	40.6197
607	0.113697	4.58303	1.54388	40.6489
608	0.115368	4.58394	1.53758	40.6778
609	0.112894	4.58476	1.53624	40.7067
610	0.111482	4.58552	1.53634	40.7355
611	0.109467	4.5862	1.5401	40.7645
612	0.107979	4.58682	1.54439	40.7936
613	0.105578	4.58735	1.54142	40.8226
614	0.107489	4.58795	1.54753	40.8518
615	0.110755	4.58869	1.55373	40.8812
616	0.111421	4.58946	1.5495	40.9104
617	0.110396	4.59019	1.54133	40.9393
618	0.109509	4.59088	1.54374	40.9683
619	0.110831	4.59163	1.54952	40.9975
620	0.109846	4.59234	1.55108	41.0267
621	0.110303	4.59308	1.54907	41.0558
622	0.111837	4.59387	1.55039	41.085
623	0.110618	4.59462	1.55041	41.1141
624	0.11216	4.59543	1.55507	41.1434
625	0.11182	4.59623	1.55876	41.1728
626	0.110876	4.59699	1.56116	41.2024
627	0.108847	4.59768	1.55671	41.2317
628	0.108901	4.59837	1.54871	41.2606
629	0.10825	4.59903	1.54153	41.2893
630	0.110613	4.59979	1.5439	41.318
631	0.110061	4.60053	1.54069	41.3466
632	0.111284	4.60132	1.53825	41.3751
633	0.113076	4.60218	1.53766	41.4035
634	0.111443	4.60298	1.53134	41.4317
635	0.113077	4.60385	1.53399	41.4599
636	0.112655	4.6047	1.53558	41.4882
637	0.112635	4.60555	1.5382	41.5166
638	0.114103	4.60646	1.53171	41.5447
639	0.116268	4.60746	1.53568	41.5729
640	0.117432	4.6085	1.53439	41.6011
641	0.120889	4.60969	1.53645	41.6293
642	0.121142	4.61088	1.53546	41.6575
643	0.123091	4.61215	1.53918	41.6858
644	0.121929	4.61338	1.54128	41.7141
645	0.121189	4.61457	1.54514	41.7426
646	0.12076	4.61576	1.54889	41.7713
647	0.119991	4.61691	1.54939	41.7999
648	0.122465	4.61816	1.55411	41.8287
649	0.120454	4.61933	1.55062	41.8573
650	0.118318	4.62042	1.55206	41.886
651	0.120164	4.62159	1.55048	41.9146
652	0.119044	4.62271	1.55409	41.9433
653	0.119951	4.62386	1.55527	41.972
654	0.119675	4.62501	1.5587	42.0009
655	0.117969	4.62609	1.56163	42.0298
656	0.121389	4.62731	1.5635	42.0588
657	0.124252	4.62863	1.56589	42.0879
658	0.124549	4.62997	1.56367	42.1169
659	0.121284	4.63119	1.56646	42.1459
660	0.119064	4.63232	1.57267	42.1752
661	0.120697	4.63351	1.57286	42.2045
662	0.121624	4.63474	1.57205	42.2337
663	0.120564	4.63593	1.57223	42.2629
664	0.119064	4.63706	1.57435	42.2922
665	0.118576	4.63817	1.57074	42.3213
666	0.120743	4.63937	1.57069	42.3504
667	0.122846	4.64065	1.57071	42.3794
668	0.123175	4.64195	1.5693	42.4084
669	0.120928	4.64316	1.56639	42.4373
670	0.120244	4.64434	1.56611	42.4661
671	0.120424	4.64553	1.5695	42.495
672	0.119091	4.64667	1.57027	42.524
673	0.11793	4.64776	1.57276	42.553
674	0.117056	4.64883	1.57659	42.5822
675	0.117605	4.64991	1.57954	42.6114
676	0.115891	4.65093	1.5823	42.6407
677	0.113425	4.65186	1.58198	42.67
678	0.112999	4.65277	1.57906	42.6992
679	0.115095	4.65376	1.57678	42.7283
680	0.113775	4.65471	1.5697	42.757
681	0.112658	4.65561	1.55376	42.7852
682	0.109816	4.6564	1.5479	42.8131
683	0.107651	4.65712	1.54543	42.8409
684	0.107981	4.65785	1.54251	42.8685
685	0.10674	4.65853	1.53956	42.896
686	0.107537	4.65924	1.5387	42.9235
687	0.1084	4.65999	1.54031	42.951
688	0.105973	4.66064	1.53899	42.9785
689	0.105627	4.66129	1.54264	43.0061
690	0.104871	4.6619	1.54139	43.0336
691	0.105115	4.66253	1.54224	43.0611
692	0.107651	4.66326	1.54579	43.0887
693	0.109132	4.66404	1.54401	43.1163
694	0.113384	4.66499	1.54861	43.144
695	0.114808	4.66599	1.55015	43.1718
696	0.112356	4.6669	1.55217	43.1996
697	0.112966	4.66783	1.55911	43.2276
698	0.114634	4.66883	1.56444	43.2559
699	0.114659	4.66983	1.56299	43.284
700	0.114947	4.67084	1.56324	43.3122
701	0.114989	4.67185	1.55342	43.34
702	0.11681	4.67294	1.5571	43.3679
703	0.118033	4.67407	1.5555	43.3957
704	0.118888	4.67523	1.55737	43.4236
705	0.120834	4.67647	1.55806	43.4514
706	0.120131	4.67768	1.55975	43.4794
707	0.117479	4.67879	1.56732	43.5075
708	0.114915	4.67981	1.57392	43.536
709	0.116425	4.68088	1.57691	43.5645
710	0.117065	4.68198	1.56256	43.5924
711	0.116735	4.68307	1.55357	43.62
712	0.11564	4.68411	1.5535	43.6476
713	0.114661	4.68513	1.54586	43.6749
714	0.116563	4.68621	1.54996	43.7023
715	0.116745	4.6873	1.54559	43.7295
716	0.11889	4.68847	1.55164	43.757
717	0.1213	4.68973	1.54482	43.7842
718	0.122966	4.69106	1.54661	43.8114
719	0.124058	4.69242	1.55107	43.8388
720	0.12353	4.69377	1.55497	43.8663
721	0.124692	4.69516	1.55942	43.8939
722	0.124466	4.69654	1.55257	43.9213
723	0.125482	4.69796	1.55518	43.9487
724	0.123499	4.69931	1.55824	43.9763
725	0.12072	4.70055	1.55401	44.0037
726	0.119235	4.70174	1.55304	44.031
727	0.118592	4.70291	1.54473	44.058
728	0.118025	4.70406	1.54194	44.0849
729	0.116788	4.70516	1.54142	44.1117
730	0.114876	4.70619	1.54447	44.1387
731	0.113572	4.70717	1.54601	44.1657
732	0.111339	4.70807	1.54996	44.1928
733	0.110203	4.70893	1.55264	44.22
734	0.111626	4.70985	1.54551	44.2469
735	0.110359	4.71072	1.5421	44.2737
736	0.110292	4.71159	1.53501	44.3002
737	0.111131	4.71248	1.52782	44.3264
738	0.113837	4.71348	1.52904	44.3526
739	0.113059	4.71446	1.52137	44.3786
740	0.112203	4.7154	1.52361	44.4046
741	0.113276	4.71638	1.52778	44.4308
742	0.113602	4.71737	1.52836	44.4569
743	0.113799	4.71837	1.53196	44.4832
744	0.115067	4.71942	1.53641	44.5096
745	0.11318	4.72041	1.53665	44.536
746	0.114699	4.72144	1.52308	44.562
747	0.114699	4.72248	1.51639	44.5876
748	0.113455	4.72347	1.51012	44.613
749	0.113689	4.72448	1.50873	44.6384
750	0.11205	4.72542	1.50824	44.6637
751	0.109388	4.72627	1.5079	44.689
752	0.106035	4.72699	1.51082	44.7143
753	0.104043	4.72765	1.5081	44.7396
754	0.103127	4.72827	1.51124	44.765
755	0.103253	4.7289	1.50648	44.7901
756	0.102131	4.72949	1.49827	44.815
757	0.099314	4.72998	1.49091	44.8396
758	0.100762	4.73052	1.48796	44.864
759	0.101797	4.7311	1.48812	44.8885
760	0.102393	4.73171	1.48582	44.9129
761	0.103154	4.73234	1.48474	44.9372
762	0.102366	4.73294	1.48513	44.9615
763	0.103058	4.73358	1.48502	44.9858
764	0.101391	4.73415	1.48689	45.0101
765	0.100526	4.73469	1.47361	45.034
766	0.100196	4.73522	1.45879	45.0573
767	0.10206	4.73582	1.44729	45.0802
768	0.103788	4.73649	1.44617	45.103
769	0.102282	4.7371	1.44172	45.1257
770	0.101359	4.73768	1.43904	45.1482
771	0.100005	4.73821	1.43943	45.1708
772	0.0998494	4.73874	1.44228	45.1934
773	0.100291	4.73928	1.44259	45.2161
774	0.103367	4.73994	1.45023	45.239
775	0.105699	4.74068	1.45501	45.2621
776	0.1061	4.74143	1.45389	45.2851
777	0.107037	4.74222	1.44668	45.3079
778	0.108938	4.74308	1.44884	45.3307
779	0.109515	4.74397	1.44682	45.3534
780	0.111234	4.74491	1.44865	45.3762
781	0.113493	4.74593	1.45377	45.3992
782	0.112761	4.74693	1.45592	45.4222
783	0.112408	4.74792	1.45865	45.4454
784	0.112389	4.74891	1.45982	45.4685
785	0.111433	4.74986	1.46378	45.4918
786	0.11062	4.75079	1.46431	45.5151
787	0.110223	4.7517	1.46234	45.5383
788	0.108217	4.75254	1.46291	45.5615
789	0.108061	4.75338	1.46334	45.5847
790	0.108163	4.75422	1.4618	45.6079
791	0.106024	4.75499	1.4602	45.631
792	0.104567	4.7557	1.45905	45.654
793	0.10503	4.75644	1.46082	45.6771
794	0.102895	4.75709	1.46334	45.7003
795	0.0989268	4.75761	1.46907	45.7236
796	0.0983834	4.75811	1.46375	45.7468
797	0.100474	4.75869	1.46155	45.7699
798	0.104026	4.75939	1.46706	45.7931
799	0.105284	4.76014	1.46091	45.8161
800	0.105224	4.76089	1.46148	45.8392
801	0.103963	4.76159	1.46411	45.8623
802	0.10327	4.76227	1.46435	45.8854
803	0.102127	4.76291	1.46889	45.9087
804	0.0992279	4.76345	1.47268	45.932
805	0.099182	4.76399	1.47068	45.9553
806	0.0994858	4.76454	1.46962	45.9786
807	0.100203	4.76512	1.47087	46.0019
808	0.0995059	4.76567	1.47454	46.0253
809	0.0981356	4.76618	1.47826	46.0488
810	0.0983851	4.7667	1.47264	46.0721
811	0.0996905	4.76726	1.47506	46.0955
812	0.0993773	4.76782	1.47859	46.119
813	0.100603	4.76841	1.48357	46.1427
814	0.10255	4.76908	1.48732	46.1665
815	0.104593	4.76982	1.48958	46.1903
816	0.106225	4.77062	1.48622	46.214
817	0.107364	4.77146	1.47656	46.2374
818	0.109821	4.77238	1.47248	46.2606
819	0.112971	4.77342	1.46759	46.2837
820	0.112887	4.77445	1.46678	46.3067
821	0.111629	4.77544	1.46806	46.3297
822	0.109847	4.77637	1.46676	46.3527
823	0.109405	4.77728	1.45898	46.3754
824	0.110122	4.77822	1.45597	46.398
825	0.110374	4.77917	1.45586	46.4205
826	0.108399	4.78005	1.46103	46.4433
827	0.106902	4.78088	1.46164	46.466
828	0.109357	4.78179	1.462	46.4887
829	0.109359	4.78271	1.46063	46.5114
830	0.110408	4.78366	1.45991	46.5341
831	0.110574	4.78462	1.45494	46.5566
832	0.111283	4.7856	1.45357	46.579
833	0.112245	4.78662	1.44777	46.6012
834	0.111412	4.78761	1.44834	46.6234
835	0.109006	4.78852	1.45091	46.6457
836	0.105906	4.78932	1.45563	46.6681
837	0.10452	4.79007	1.45939	46.6907
838	0.101838	4.79073	1.46313	46.7134
839	0.100813	4.79136	1.46198	46.736
840	0.0984927	4.79191	1.46322	46.7587
841	0.0970322	4.79241	1.46386	46.7813
842	0.0960774	4.79287	1.46302	46.804
843	0.0949891	4.79331	1.45826	46.8264
844	0.0948508	4.79373	1.45569	46.8488
845	0.0924949	4.79408	1.45836	46.8713
846	0.0936104	4.79447	1.45127	46.8934
847	0.0955506	4.79492	1.44026	46.9152
848	0.0959452	4.79539	1.42768	46.9366
849	0.0923772	4.79574	1.41795	46.9576
850	0.0885528	4.79596	1.41277	46.9785
851	0.0893258	4.79621	1.39983	46.9989
852	0.0896721	4.79646	1.39526	47.0191
853	0.0897199	4.79673	1.3936	47.0392
854	0.0883196	4.79694	1.39168	47.0593
855	0.0879375	4.79715	1.3851	47.0792
856	0.0878919	4.79735	1.38013	47.0988
857	0.0890204	4.7976	1.37536	47.1183
858	0.0888091	4.79783	1.36917	47.1376
859	0.0875936	4.79803	1.36736	47.1568
860	0.0874286	4.79823	1.36337	47.1759
861	0.0879322	4.79844	1.36356	47.195
862	0.0878684	4.79865	1.36834	47.2142
863	0.0865984	4.79882	1.36869	47.2335
864	0.0839337	4.7989	1.36665	47.2526
865	0.0834737	4.79897	1.36705	47.2718
866	0.0824277	4.799	1.3649	47.2909
867	0.0791998	4.79893	1.36162	47.3099
868	0.0771736	4.79878	1.35812	47.3287
869	0.0768699	4.79863	1.35785	47.3475
870	0.0765975	4.79847	1.36067	47.3665
871	0.0774221	4.79834	1.36445	47.3855
872	0.0768533	4.7982	1.36453	47.4045
873	0.0768825	4.79806	1.36368	47.4235
874	0.0770783	4.79792	1.36364	47.4425
875	0.0761536	4.79776	1.36322	47.4615
876	0.0766989	4.79761	1.36241	47.4805
877	0.0763284	4.79746	1.3612	47.4994
878	0.0746178	4.79724	1.3659	47.5184
879	0.0729433	4.79698	1.36617	47.5375
880	0.0729458	4.79671	1.36176	47.5564
881	0.0711279	4.79639	1.35797	47.5751
882	0.0705308	4.79605	1.36023	47.5939
883	0.0729967	4.79579	1.36483	47.6129
884	0.074857	4.7956	1.36691	47.632
885	0.075585	4.79543	1.36857	47.6511
886	0.076332	4.7953	1.36848	47.6702
887	0.0777058	4.7952	1.37217	47.6894
888	0.0762247	4.79506	1.37031	47.7085
889	0.0759518	4.79492	1.36057	47.7273
890	0.0754707	4.79476	1.36266	47.7462
891	0.0756227	4.7946	1.35978	47.7649
892	0.0757556	4.79445	1.35967	47.7837
893	0.0750768	4.79428	1.36167	47.8025
894	0.0749767	4.79411	1.36722	47.8215
895	0.0767768	4.794	1.36934	47.8405
896	0.0780423	4.79394	1.37256	47.8597
897	0.0761284	4.79381	1.37526	47.8789
898	0.0759464	4.79368	1.3747	47.8982
899	0.0766288	4.79357	1.37704	47.9174
900	0.076918	4.79347	1.37833	47.9368
901	0.0766877	4.79337	1.37599	47.956
902	0.077095	4.79328	1.3754	47.9752
903	0.0792216	4.79326	1.37655	47.9945
904	0.0814795	4.79333	1.37816	48.0138
905	0.0815563	4.79339	1.37902	48.0331
906	0.0822668	4.79348	1.3818	48.0525
907	0.0814975	4.79355	1.38284	48.0719
908	0.0815734	4.79362	1.38303	48.0913
909	0.0809323	4.79366	1.38864	48.1109
910	0.0802126	4.79369	1.3905	48.1306
911	0.0803675	4.79373	1.38915	48.1502
912	0.0789386	4.79371	1.38849	48.1698
913	0.0782736	4.79368	1.3819	48.1891
914	0.0784631	4.79366	1.38464	48.2086
915	0.0757293	4.79354	1.38954	48.2282
916	0.0755179	4.79342	1.39293	48.2479
917	0.0746255	4.79328	1.3949	48.2676
918	0.075228	4.79315	1.39736	48.2874
919	0.0746948	4.79301	1.39949	48.3073
920	0.073256	4.79282	1.39724	48.3272
921	0.0728453	4.79262	1.40198	48.3471
922	0.073404	4.79244	1.40663	48.3672
923	0.0716466	4.79221	1.41194	48.3875
924	0.0704199	4.79193	1.41452	48.4078
925	0.0689816	4.79161	1.41865	48.4283
926	0.0687173	4.79129	1.41681	48.4487
927	0.0669667	4.79091	1.41697	48.4691
928	0.0668031	4.79052	1.41273	48.4894
929	0.0673182	4.79015	1.41083	48.5096
930	0.0675483	4.78979	1.41074	48.5298
931	0.0675755	4.78944	1.40623	48.5498
932	0.0682257	4.78911	1.40333	48.5697
933	0.0696897	4.78882	1.40013	48.5895
934	0.0712857	4.7886	1.40087	48.6093
935	0.0741439	4.78846	1.40579	48.6293
936	0.0750377	4.78836	1.40467	48.6493
937	0.0746514	4.78824	1.39733	48.6689
938	0.0744518	4.78813	1.3986	48.6887
939	0.0734658	4.78798	1.39499	48.7083
940	0.0735509	4.78783	1.38623	48.7276
941	0.0718895	4.78763	1.39017	48.747
942	0.0714117	4.78742	1.39005	48.7664
943	0.0707667	4.78719	1.38673	48.7857
944	0.0708317	4.78696	1.38518	48.805
945	0.072894	4.7868	1.38818	48.8243
946	0.0743934	4.78669	1.38975	48.8437
947	0.0754133	4.78662	1.3918	48.8631
948	0.0768694	4.78659	1.39182	48.8825
949	0.0770263	4.78657	1.39242	48.902
950	0.0775847	4.78657	1.39096	48.9214
951	0.0790719	4.78662	1.38773	48.9407
952	0.0792922	4.78668	1.38769	48.9599
953	0.0809376	4.78679	1.39189	48.9793
954	0.0810699	4.78691	1.3939	48.9988
955	0.08056	4.78701	1.3933	49.0182
956	0.0800515	4.7871	1.38715	49.0374
957	0.0797067	4.78718	1.3829	49.0565
958	0.0795379	4.78725	1.38277	49.0756
959	0.0805713	4.78736	1.38224	49.0947
960	0.080129	4.78745	1.38548	49.1138
961	0.0798974	4.78754	1.38767	49.133
962	0.0810654	4.78767	1.39012	49.1523
963	0.0813593	4.7878	1.39393	49.1717
964	0.0834347	4.78801	1.39691	49.1912
965	0.0851401	4.78827	1.39519	49.2106
966	0.0861918	4.78857	1.39583	49.23
967	0.0866416	4.78888	1.39422	49.2494
968	0.0855134	4.78916	1.39746	49.2689
969	0.0837288	4.78938	1.4015	49.2885
970	0.083335	4.78958	1.40444	49.3082
971	0.0831888	4.78979	1.40798	49.328
972	0.082794	4.78998	1.40669	49.3477
973	0.0824532	4.79017	1.40589	49.3674
974	0.0805064	4.79029	1.40949	49.3872
975	0.0791506	4.79037	1.4094	49.4071
976	0.0778289	4.79041	1.40953	49.4269
977	0.076483	4.79041	1.41154	49.4467
978	0.0765616	4.79041	1.4104	49.4665
979	0.0787114	4.79048	1.40904	49.4863
980	0.0806059	4.79061	1.40934	49.5061
981	0.0809708	4.79076	1.40687	49.5258
982	0.0823985	4.79095	1.4045	49.5454
983	0.0814858	4.79111	1.40426	49.565
984	0.0803379	4.79124	1.40045	49.5844
985	0.0798338	4.79135	1.39949	49.6038
986	0.0824916	4.79155	1.39839	49.6232
987	0.0839135	4.7918	1.39978	49.6426
988	0.0857477	4.7921	1.40192	49.6621
989	0.0846475	4.79237	1.40198	49.6816
990	0.0848654	4.79265	1.40305	49.7011
991	0.0843654	4.79291	1.40224	49.7206
992	0.0836776	4.79316	1.40307	49.74
993	0.0841063	4.79341	1.40585	49.7596
994	0.0842044	4.79367	1.4081	49.7792
995	0.0827988	4.79389	1.41018	49.7989
996	0.0839135	4.79415	1.41428	49.8187
997	0.0842668	4.79441	1.41484	49.8386
998	0.0847299	4.79469	1.41348	49.8583
999	0.0847946	4.79498	1.412	49.8781
1000	0.0852053	4.79528	1.41075	49.8977
1001	0.0838189	4.79553	1.41171	49.9174
1002	0.0844097	4.79581	1.40732	49.937
1003	0.0843884	4.79608	1.4022	49.9563
1004	0.0844987	4.79636	1.40275	49.9757
1005	0.0839608	4.79663	1.40182	49.9951
1006	0.083925	4.79689	1.40399	50.0145
1007	0.0825362	4.79711	1.40521	50.034
1008	0.0809096	4.79728	1.41009	50.0536
1009	0.0814129	4.79747	1.4114	50.0732
1010	0.0809084	4.79764	1.41007	50.0928
1011	0.0809605	4.79782	1.41364	50.1124
1012	0.0801271	4.79797	1.41201	50.1321
1013	0.0798979	4.79811	1.41167	50.1517
1014	0.0800434	4.79826	1.40467	50.1711
1015	0.0809422	4.79844	1.40773	50.1905
1016	0.0808599	4.79861	1.40733	50.21
1017	0.0805169	4.79878	1.40792	50.2294
1018	0.0813949	4.79898	1.40634	50.2489
1019	0.0814424	4.79918	1.40457	50.2682
1020	0.0780884	4.79927	1.41206	50.2878
1021	0.0780436	4.79936	1.41542	50.3074
1022	0.0779193	4.79945	1.41906	50.3272
1023	0.0787012	4.79957	1.41881	50.347
1024	0.0806363	4.79975	1.42065	50.3668
1025	0.0807388	4.79993	1.41708	50.3865
1026	0.0808075	4.80012	1.41944	50.4062
1027	0.0794772	4.80026	1.42191	50.4261
1028	0.0810116	4.80045	1.42489	50.446
1029	0.0807159	4.80064	1.42419	50.4659
1030	0.0798581	4.8008	1.42265	50.4857
1031	0.0788235	4.80093	1.42538	50.5056
1032	0.0767467	4.80099	1.42759	50.5256
1033	0.0740713	4.80097	1.42875	50.5456
1034	0.0743879	4.80097	1.42466	50.5654
1035	0.0741447	4.80095	1.42402	50.5853
1036	0.0740434	4.80094	1.42284	50.605
1037	0.0726058	4.80088	1.42434	50.6249
1038	0.0733572	4.80085	1.42513	50.6447
1039	0.073943	4.80083	1.42548	50.6646
1040	0.0742124	4.80083	1.42622	50.6844
1041	0.0737527	4.80081	1.42841	50.7044
1042	0.074334	4.80081	1.42772	50.7243
1043	0.0747421	4.80082	1.42231	50.744
1044	0.0750419	4.80085	1.41731	50.7635
1045	0.0720539	4.80078	1.42219	50.7832
1046	0.0709982	4.80068	1.42298	50.803
1047	0.0704104	4.80057	1.42276	50.8227
1048	0.0694433	4.80043	1.42029	50.8423
1049	0.0684532	4.80025	1.41232	50.8617
1050	0.068355	4.80008	1.40893	50.8809
1051	0.0677379	4.79989	1.41115	50.9003
1052	0.0669637	4.79967	1.41278	50.9196
1053	0.0656054	4.79942	1.41335	50.939
1054	0.0642584	4.79912	1.41428	50.9584
1055	0.0660514	4.79888	1.41315	50.9777
1056	0.0668686	4.79867	1.41166	50.997
1057	0.0656667	4.79842	1.40616	51.0162
1058	0.067217	4.79822	1.40628	51.0353
1059	0.0660911	4.79799	1.40508	51.0544
1060	0.0657203	4.79775	1.40384	51.0734
1061	0.0657934	4.79751	1.40487	51.0925
1062	0.0668524	4.7973	1.40364	51.1115
1063	0.0682201	4.79714	1.40507	51.1305
1064	0.0687743	4.79699	1.40484	51.1496
1065	0.0691752	4.79686	1.40364	51.1686
1066	0.0711629	4.7968	1.40526	51.1876
1067	0.0696567	4.79668	1.40387	51.2066
1068	0.068034	4.79652	1.39968	51.2255
1069	0.0682255	4.79636	1.40046	51.2443
1070	0.0677851	4.7962	1.40223	51.2633
1071	0.0678727	4.79603	1.40506	51.2823
1072	0.067772	4.79587	1.40584	51.3013
1073	0.0682203	4.79572	1.40917	51.3204
1074	0.0678251	4.79556	1.40917	51.3395
1075	0.0670733	4.79537	1.40441	51.3584
1076	0.067674	4.79521	1.40592	51.3774
1077	0.0673203	4.79504	1.40757	51.3965
1078	0.0665803	4.79484	1.40904	51.4156
1079	0.0668533	4.79466	1.41087	51.4347
1080	0.0672449	4.79449	1.40611	51.4537
1081	0.0670015	4.79431	1.40636	51.4726
1082	0.0660449	4.7941	1.40758	51.4916
1083	0.0644187	4.79385	1.41097	51.5107
1084	0.0648247	4.79361	1.40874	51.5298
1085	0.0648925	4.79337	1.40853	51.5488
1086	0.0643309	4.79312	1.40567	51.5677
1087	0.0651838	4.79289	1.40558	51.5866
1088	0.0662331	4.7927	1.40485	51.6055
1089	0.0664618	4.79251	1.40441	51.6243
1090	0.0683056	4.79239	1.40567	51.6432
1091	0.069945	4.79231	1.40645	51.6622
1092	0.0705407	4.79225	1.40391	51.681
1093	0.0703255	4.79219	1.40036	51.6997
1094	0.0711272	4.79215	1.40256	51.7185
1095	0.0711578	4.79211	1.40301	51.7373
1096	0.071618	4.79209	1.40423	51.7561
1097	0.0689999	4.79199	1.40594	51.7749
1098	0.0676276	4.79185	1.41009	51.7939
1099	0.0678639	4.79172	1.41084	51.8129
1100	0.0668776	4.79156	1.41432	51.832
1101	0.0675694	4.79142	1.41631	51.8511
1102	0.0668521	4.79126	1.41637	51.8703
1103	0.0667713	4.7911	1.41711	51.8894
1104	0.0675497	4.79097	1.41643	51.9086
1105	0.0664297	4.7908	1.41879	51.9277
1106	0.0650458	4.79059	1.42184	51.947
1107	0.0642649	4.79036	1.42075	51.9663
1108	0.0649178	4.79015	1.42401	51.9856
1109	0.0657927	4.78997	1.42441	52.0049
1110	0.0638391	4.78973	1.42751	52.0243
1111	0.0629922	4.78947	1.42809	52.0438
1112	0.0627594	4.7892	1.42685	52.0632
1113	0.0634943	4.78895	1.42933	52.0826
1114	0.0624723	4.78867	1.43161	52.1021
1115	0.0615689	4.78837	1.43291	52.1217
1116	0.0621304	4.78809	1.43275	52.1412
1117	0.0618325	4.7878	1.43267	52.1607
1118	0.061222	4.78749	1.43289	52.1803
1119	0.0607242	4.78717	1.43473	52.1998
1120	0.0623834	4.78689	1.44004	52.2195
1121	0.0628554	4.78664	1.44309	52.2394
1122	0.0629191	4.78639	1.44416	52.2592
1123	0.063297	4.78614	1.44544	52.2791
1124	0.062568	4.78588	1.44569	52.2989
1125	0.0624661	4.78562	1.44627	52.3188
1126	0.0620976	4.78535	1.44823	52.3387
1127	0.0634804	4.78512	1.44738	52.3586
1128	0.0638096	4.7849	1.4474	52.3785
1129	0.064186	4.78469	1.44824	52.3984
1130	0.0655935	4.78453	1.44899	52.4183
1131	0.0649387	4.78434	1.44881	52.4382
1132	0.0652721	4.78417	1.44568	52.458
1133	0.0646357	4.78398	1.44374	52.4778
1134	0.0625266	4.78373	1.44719	52.4976
1135	0.0619627	4.78346	1.44445	52.5173
1136	0.0622192	4.78321	1.44354	52.5371
1137	0.0624606	4.78296	1.44075	52.5567
1138	0.0637692	4.78275	1.44056	52.5763
1139	0.0639598	4.78255	1.44235	52.5959
1140	0.0633514	4.78233	1.44099	52.6155
1141	0.0630948	4.7821	1.43865	52.6351
1142	0.0627373	4.78186	1.43313	52.6544
1143	0.0621802	4.78161	1.4291	52.6737
1144	0.0643731	4.78143	1.42799	52.6929
1145	0.066306	4.7813	1.42412	52.7119
1146	0.0677909	4.78122	1.42198	52.731
1147	0.0677675	4.78114	1.42222	52.75
1148	0.0683616	4.78107	1.42452	52.769
1149	0.0684415	4.78101	1.41648	52.7878
1150	0.0677294	4.78093	1.4141	52.8066
1151	0.0673324	4.78084	1.41428	52.8253
1152	0.0676745	4.78076	1.41412	52.8441
1153	0.0673047	4.78067	1.4149	52.8628
1154	0.0657786	4.78054	1.41955	52.8817
1155	0.0641322	4.78036	1.42068	52.9006
1156	0.0640434	4.78018	1.41562	52.9194
1157	0.0639568	4.77999	1.41208	52.938
1158	0.0625629	4.77977	1.41549	52.9568
1159	0.0620219	4.77953	1.41785	52.9756
1160	0.0610022	4.77926	1.41964	52.9944
1161	0.061777	4.77902	1.42081	53.0133
1162	0.0632751	4.77882	1.42561	53.0323
1163	0.0634472	4.77863	1.42926	53.0514
1164	0.0630444	4.77842	1.42712	53.0704
1165	0.0620559	4.77819	1.42876	53.0895
1166	0.0606147	4.77792	1.4241	53.1084
1167	0.059912	4.77763	1.41681	53.1272
1168	0.0614145	4.77738	1.41414	53.1458
1169	0.0618704	4.77715	1.41375	53.1644
1170	0.0621047	4.77693	1.41109	53.1829
1171	0.0603465	4.77665	1.41511	53.2016
1172	0.0601857	4.77637	1.415	53.2202
1173	0.0606013	4.77611	1.41812	53.2389
1174	0.0597773	4.77582	1.42102	53.2577
1175	0.0602184	4.77555	1.42357	53.2766
1176	0.0605955	4.77528	1.42628	53.2955
1177	0.0604396	4.77502	1.42705	53.3145
1178	0.0610492	4.77477	1.42493	53.3334
1179	0.0615436	4.77454	1.42342	53.3522
1180	0.0606979	4.77429	1.42047	53.371
1181	0.0613539	4.77405	1.42324	53.3898
1182	0.0610706	4.77381	1.42403	53.4086
1183	0.061473	4.77358	1.42266	53.4274
1184	0.0617553	4.77336	1.41706	53.446
1185	0.0624762	4.77316	1.41691	53.4646
1186	0.0631866	4.77299	1.4187	53.4833
1187	0.0622023	4.77278	1.42169	53.502
1188	0.062598	4.77259	1.42211	53.5208
1189	0.0641439	4.77245	1.42498	53.5396
1190	0.063498	4.77228	1.4263	53.5584
1191	0.0640032	4.77214	1.42466	53.5772
1192	0.0636519	4.77198	1.42331	53.596
1193	0.063811	4.77183	1.42391	53.6147
1194	0.0623803	4.77164	1.4255	53.6335
1195	0.0604604	4.77139	1.42483	53.6523
1196	0.0610223	4.77116	1.42728	53.6711
1197	0.0628339	4.77099	1.43139	53.6901
1198	0.0624977	4.7708	1.42995	53.709
1199	0.0637841	4.77066	1.43052	53.7279
1200	0.06474	4.77054	1.43073	53.7468
1201	0.0635202	4.77039	1.43018	53.7657
1202	0.0636337	4.77024	1.42912	53.7846
1203	0.0642518	4.77011	1.42779	53.8034
1204	0.0642426	4.76998	1.42622	53.8221
1205	0.0631415	4.76982	1.4281	53.8409
1206	0.0608951	4.7696	1.4315	53.8598
1207	0.0592064	4.76933	1.432	53.8787
1208	0.059089	4.76906	1.43184	53.8976
1209	0.0603488	4.76882	1.43404	53.9166
1210	0.0619241	4.76863	1.43525	53.9356
1211	0.0633838	4.76849	1.43423	53.9545
1212	0.0647981	4.76838	1.43393	53.9734
1213	0.0637632	4.76825	1.43616	53.9924
1214	0.0646553	4.76814	1.43803	54.0115
1215	0.0639792	4.76802	1.43952	54.0305
1216	0.06373	4.76789	1.43674	54.0495
1217	0.0617788	4.7677	1.43971	54.0686
1218	0.0603082	4.76747	1.4387	54.0876
1219	0.0591157	4.76721	1.44121	54.1067
1220	0.0593091	4.76696	1.43868	54.1257
1221	0.0581617	4.76667	1.43807	54.1447
1222	0.0573427	4.76636	1.43965	54.1637
1223	0.0585294	4.76609	1.44294	54.1828
1224	0.0593189	4.76584	1.44613	54.202
1225	0.060064	4.76561	1.44581	54.2212
1226	0.0616459	4.76543	1.44488	54.2404
1227	0.064026	4.76532	1.45194	54.2597
1228	0.0649329	4.76523	1.45014	54.279
1229	0.0625494	4.76508	1.45512	54.2984
1230	0.0620185	4.76491	1.45477	54.3178
1231	0.0624582	4.76476	1.45484	54.3372
1232	0.0625683	4.76461	1.45307	54.3566
1233	0.060927	4.76441	1.45545	54.376
1234	0.061374	4.76423	1.45231	54.3953
1235	0.060186	4.76401	1.45152	54.4146
1236	0.0599992	4.76379	1.45084	54.4338
1237	0.0602474	4.76358	1.44985	54.453
1238	0.0607019	4.76339	1.44998	54.4723
1239	0.059832	4.76316	1.44675	54.4914
1240	0.0597466	4.76294	1.44396	54.5104
1241	0.059627	4.76272	1.4458	54.5295
1242	0.0593647	4.76248	1.44375	54.5485
1243	0.0591083	4.76225	1.43977	54.5674
1244	0.0583587	4.76199	1.43826	54.5862
1245	0.0580744	4.76172	1.43681	54.605
1246	0.058656	4.76148	1.43429	54.6237
1247	0.0594886	4.76125	1.43412	54.6425
1248	0.0592588	4.76102	1.43548	54.6612
1249	0.0595275	4.7608	1.43661	54.68
1250	0.0596913	4.76059	1.43597	54.6987
1251	0.0604225	4.7604	1.43194	54.7173
1252	0.0599619	4.76019	1.42776	54.7358
1253	0.0600769	4.75999	1.4235	54.7542
1254	0.0594823	4.75977	1.41833	54.7724
1255	0.059053	4.75954	1.41795	54.7906
1256	0.0603526	4.75935	1.41216	54.8086
1257	0.0616728	4.7592	1.40936	54.8266
1258	0.0628887	4.75908	1.40778	54.8445
1259	0.0637123	4.75899	1.41074	54.8625
1260	0.0640569	4.75891	1.40769	54.8804
1261	0.0643426	4.75883	1.40625	54.8982
1262	0.0640991	4.75876	1.40673	54.916
1263	0.0645243	4.75869	1.40404	54.9338
1264	0.0641778	4.75861	1.40222	54.9515
1265	0.0638391	4.75853	1.39908	54.9691
1266	0.0645391	4.75846	1.39799	54.9867
1267	0.0668882	4.75847	1.40157	55.0044
1268	0.0691322	4.75853	1.40266	55.0221
1269	0.0691347	4.7586	1.39679	55.0396
1270	0.0684744	4.75865	1.39906	55.0572
1271	0.0684368	4.7587	1.40177	55.0749
1272	0.0683518	4.75874	1.40395	55.0926
1273	0.0678305	4.75878	1.40619	55.1103
1274	0.0669263	4.75878	1.40936	55.1282
1275	0.0674656	4.75881	1.4128	55.1462
1276	0.0687222	4.75887	1.41543	55.1642
1277	0.0693684	4.75895	1.41864	55.1823
1278	0.0693816	4.75903	1.41903	55.2004
1279	0.0681411	4.75907	1.42098	55.2185
1280	0.0683189	4.75913	1.42319	55.2367
1281	0.0688501	4.75919	1.41869	55.2548
1282	0.0683173	4.75925	1.41902	55.2729
1283	0.068022	4.75929	1.41942	55.291
1284	0.0682367	4.75934	1.4229	55.3091
1285	0.0683065	4.7594	1.41858	55.3272
1286	0.067944	4.75944	1.41723	55.3452
1287	0.067259	4.75947	1.41647	55.3632
1288	0.0683426	4.75953	1.41832	55.3812
1289	0.0693219	4.75961	1.41481	55.3991
1290	0.0693732	4.7597	1.41676	55.4171
1291	0.070101	4.75981	1.41806	55.4351
1292	0.0706104	4.75993	1.41975	55.4532
1293	0.0712865	4.76008	1.41801	55.4711
1294	0.0716739	4.76023	1.41916	55.4892
1295	0.0733836	4.76043	1.41955	55.5072
1296	0.0734707	4.76064	1.4182	55.5252
1297	0.0730396	4.76083	1.41929	55.5432
1298	0.0720997	4.761	1.41997	55.5612
1299	0.0721195	4.76117	1.41935	55.5792
1300	0.0717564	4.76133	1.41582	55.5971
1301	0.0727312	4.76152	1.41287	55.6149
1302	0.0725494	4.7617	1.41357	55.6327
1303	0.0702038	4.76182	1.41747	55.6506
1304	0.0682816	4.76188	1.41839	55.6685
1305	0.0678305	4.76194	1.41641	55.6864
1306	0.0668514	4.76197	1.41147	55.7042
1307	0.0660896	4.76197	1.40691	55.7218
1308	0.0653102	4.76196	1.4017	55.7392
1309	0.064805	4.76193	1.39632	55.7565
1310	0.0637987	4.76188	1.39602	55.7738
1311	0.0623525	4.76179	1.39788	55.7911
1312	0.0620193	4.76168	1.40084	55.8085
1313	0.0624138	4.76159	1.40045	55.8259
1314	0.0605313	4.76145	1.40209	55.8434
1315	0.0603904	4.76131	1.40071	55.8608
1316	0.0608868	4.76118	1.40114	55.8782
1317	0.0603099	4.76104	1.40161	55.8956
1318	0.0607349	4.7609	1.40307	55.913
1319	0.0600898	4.76075	1.40461	55.9305
1320	0.0623346	4.76067	1.41006	55.9481
1321	0.0637741	4.76062	1.41309	55.9658
1322	0.0640004	4.76058	1.413	55.9835
1323	0.0645188	4.76056	1.41283	56.0012
1324	0.0643692	4.76053	1.40855	56.0188
1325	0.0639846	4.76049	1.40153	56.0361
1326	0.0630427	4.76043	1.39443	56.0533
1327	0.0630372	4.76037	1.39392	56.0704
1328	0.062637	4.7603	1.39361	56.0876
1329	0.062771	4.76023	1.39285	56.1047
1330	0.0629291	4.76016	1.39465	56.1218
1331	0.0624824	4.76009	1.39435	56.1389
1332	0.0616202	4.75999	1.39574	56.1561
1333	0.0598987	4.75985	1.39981	56.1734
1334	0.0603084	4.75972	1.4022	56.1907
1335	0.0601904	4.75958	1.40457	56.2081
1336	0.0603097	4.75945	1.40605	56.2256
1337	0.0607885	4.75934	1.40755	56.243
1338	0.0608078	4.75922	1.40762	56.2605
1339	0.0601431	4.75909	1.40424	56.2778
1340	0.0596584	4.75894	1.40343	56.2952
1341	0.0593438	4.75879	1.40454	56.3126
1342	0.0588154	4.75863	1.40681	56.33
1343	0.0580525	4.75844	1.40653	56.3474
1344	0.0583213	4.75826	1.40817	56.3648
1345	0.057496	4.75806	1.40876	56.3823
1346	0.0580978	4.75788	1.41036	56.3998
1347	0.0586378	4.75771	1.40961	56.4173
1348	0.0571832	4.7575	1.40861	56.4347
1349	0.0570137	4.75729	1.40584	56.452
1350	0.056655	4.75708	1.40031	56.4692
1351	0.0575899	4.75688	1.39465	56.4863
1352	0.0583253	4.75671	1.39422	56.5033
1353	0.0588157	4.75655	1.39337	56.5203
1354	0.0598896	4.75643	1.39463	56.5373
1355	0.0599911	4.7563	1.39544	56.5544
1356	0.0603963	4.75619	1.39514	56.5714
1357	0.0599136	4.75606	1.39638	56.5885
1358	0.0594978	4.75593	1.39896	56.6056
1359	0.0598493	4.7558	1.39563	56.6226
1360	0.0601565	4.75569	1.39323	56.6396
1361	0.0606013	4.75558	1.39093	56.6565
1362	0.060613	4.75548	1.3871	56.6733
1363	0.0601501	4.75537	1.38416	56.69
1364	0.0603343	4.75526	1.383	56.7067
1365	0.0594347	4.75513	1.3833	56.7233
1366	0.0613459	4.75505	1.38606	56.7401
1367	0.0608569	4.75495	1.38679	56.7568
1368	0.0602908	4.75485	1.3894	56.7736
1369	0.0592809	4.75471	1.38818	56.7904
1370	0.0596529	4.75459	1.38601	56.8071
1371	0.0600013	4.75448	1.38343	56.8238
1372	0.0591139	4.75434	1.38263	56.8404
1373	0.0589255	4.7542	1.38414	56.857
1374	0.0592519	4.75407	1.38208	56.8736
1375	0.0578278	4.7539	1.38084	56.8902
1376	0.0569559	4.75371	1.37683	56.9066
1377	0.0567412	4.75352	1.3771	56.9231
1378	0.0561114	4.75331	1.37891	56.9396
1379	0.0555401	4.75308	1.38141	56.9561
1380	0.0563408	4.75287	1.38391	56.9728
1381	0.0572417	4.75269	1.38631	56.9894
1382	0.0584381	4.75255	1.38642	57.0061
1383	0.0589972	4.75242	1.38551	57.0227
1384	0.0585013	4.75227	1.38489	57.0394
1385	0.0579119	4.75212	1.38419	57.056
1386	0.0579535	4.75196	1.38439	57.0726
1387	0.0579694	4.7518	1.3832	57.0891
1388	0.0583138	4.75166	1.38331	57.1057
1389	0.0590029	4.75153	1.38139	57.1222
1390	0.0585789	4.75139	1.38346	57.1388
1391	0.057702	4.75124	1.38437	57.1554
1392	0.0567929	4.75105	1.38309	57.1719
1393	0.0562681	4.75086	1.38346	57.1884
1394	0.0564035	4.75066	1.38366	57.205
1395	0.055501	4.75045	1.38532	57.2216
1396	0.0552252	4.75022	1.38422	57.2381
1397	0.0543921	4.74998	1.37905	57.2545
1398	0.0556061	4.74977	1.381	57.271
1399	0.0564792	4.74958	1.38013	57.2874
1400	0.056203	4.74939	1.38193	57.3039
1401	0.0545708	4.74915	1.38477	57.3204
1402	0.0546915	4.74892	1.38638	57.337
1403	0.0569196	4.74875	1.39069	57.3537
1404	0.0588768	4.74863	1.39086	57.3704
1405	0.0601233	4.74855	1.38691	57.387
1406	0.0609144	4.74848	1.38549	57.4035
1407	0.0600331	4.7484	1.38624	57.4201
1408	0.058246	4.74826	1.3874	57.4367
1409	0.0575551	4.74811	1.38547	57.4532
1410	0.0565646	4.74794	1.38574	57.4697
1411	0.0570771	4.74778	1.38616	57.4863
1412	0.0566638	4.7476	1.38496	57.5028
1413	0.0558887	4.74741	1.38392	57.5192
1414	0.0561666	4.74723	1.37823	57.5355
1415	0.0553026	4.74702	1.37775	57.5518
1416	0.0542718	4.74679	1.38001	57.5682
1417	0.0550175	4.74658	1.3806	57.5845
1418	0.0564776	4.7464	1.38342	57.601
1419	0.0563185	4.74623	1.38296	57.6174
1420	0.0562821	4.74605	1.38578	57.6339
1421	0.0566346	4.74588	1.38718	57.6504
1422	0.0572885	4.74574	1.38834	57.6669
1423	0.0570101	4.74558	1.39136	57.6836
1424	0.0569379	4.74542	1.39367	57.7002
1425	0.0570012	4.74527	1.39488	57.7169
1426	0.0564069	4.7451	1.39678	57.7337
1427	0.057356	4.74496	1.39771	57.7505
1428	0.0569907	4.7448	1.39927	57.7673
1429	0.0583353	4.74469	1.39847	57.7841
1430	0.0578032	4.74456	1.40058	57.8009
1431	0.0579881	4.74444	1.40201	57.8178
1432	0.0573362	4.74429	1.40327	57.8346
1433	0.057004	4.74415	1.40399	57.8516
1434	0.0577301	4.74402	1.40552	57.8685
1435	0.0572329	4.74388	1.40278	57.8854
1436	0.0565054	4.74372	1.39481	57.902
1437	0.0568623	4.74357	1.39254	57.9186
1438	0.057319	4.74343	1.39158	57.9352
1439	0.0569115	4.74328	1.39091	57.9517
1440	0.0560733	4.74311	1.39288	57.9683
1441	0.0564898	4.74296	1.39356	57.9849
1442	0.0570037	4.74282	1.39348	58.0015
1443	0.0564387	4.74266	1.39453	58.0181
1444	0.0542167	4.74244	1.39917	58.0348
1445	0.0530033	4.7422	1.40239	58.0516
1446	0.0529423	4.74195	1.40124	58.0684
1447	0.0540914	4.74174	1.40377	58.0852
1448	0.0547961	4.74154	1.40331	58.102
1449	0.0550016	4.74135	1.39814	58.1187
1450	0.0535504	4.74112	1.40053	58.1355
1451	0.0529376	4.74088	1.40229	58.1522
1452	0.0507694	4.74058	1.40587	58.1691
1453	0.0489167	4.74023	1.40957	58.1861
1454	0.0478938	4.73986	1.41144	58.2031
1455	0.0464756	4.73945	1.41247	58.2201
1456	0.0464345	4.73904	1.41228	58.2371
1457	0.04558	4.73861	1.4148	58.2542
1458	0.0451931	4.73817	1.41143	58.2712
1459	0.0458992	4.73775	1.41104	58.2882
1460	0.0458242	4.73733	1.40746	58.305
1461	0.0461878	4.73692	1.4066	58.3219
1462	0.0473719	4.73654	1.40837	58.3388
1463	0.0476463	4.73616	1.40693	58.3556
1464	0.0476306	4.73579	1.40164	58.3723
1465	0.0492519	4.73546	1.40305	58.389
1466	0.0495388	4.73514	1.40391	58.4058
1467	0.0501243	4.73484	1.4063	58.4226
1468	0.0519382	4.73458	1.41065	58.4395
1469	0.0526066	4.73435	1.41193	58.4565
1470	0.0527553	4.73411	1.41136	58.4734
1471	0.0513323	4.73384	1.41173	58.4903
1472	0.0505929	4.73355	1.41327	58.5073
1473	0.0502329	4.73326	1.41538	58.5243
1474	0.0498142	4.73295	1.41648	58.5413
1475	0.0511726	4.73268	1.41949	58.5585
1476	0.0518614	4.73243	1.41948	58.5756
1477	0.0519845	4.73218	1.41822	58.5926
1478	0.0526711	4.73195	1.42031	58.6098
1479	0.0533952	4.73174	1.42015	58.6269
1480	0.054411	4.73155	1.42147	58.644
1481	0.0546335	4.73138	1.42115	58.6611
1482	0.054803	4.73121	1.42393	58.6783
1483	0.053677	4.73101	1.42666	58.6956
1484	0.0537849	4.73081	1.42891	58.7129
1485	0.0526949	4.73058	1.43242	58.7303
1486	0.0530977	4.73037	1.4259	58.7475
1487	0.0536402	4.73017	1.42587	58.7648
1488	0.0535165	4.72997	1.42594	58.782
1489	0.0533343	4.72977	1.42535	58.7992
1490	0.0524153	4.72954	1.42341	58.8163
1491	0.0511829	4.72928	1.42232	58.8334
1492	0.0508354	4.72901	1.42057	58.8505
1493	0.0486421	4.72869	1.42425	58.8676
1494	0.0476927	4.72834	1.42425	58.8848
1495	0.0456883	4.72794	1.42127	58.9018
1496	0.0441693	4.7275	1.42206	58.9189
1497	0.0420859	4.72701	1.42666	58.9361
1498	0.0402336	4.72648	1.43067	58.9534
1499	0.0378684	4.72588	1.43411	58.9708
1500	0.0382228	4.72529	1.434	58.9881
1501	0.0383279	4.72471	1.43187	59.0055
1502	0.038133	4.72412	1.43129	59.0227
1503	0.0381353	4.72353	1.43161	59.04
1504	0.0377727	4.72294	1.43208	59.0573
1505	0.0388208	4.72237	1.42872	59.0745
1506	0.0390546	4.72181	1.43031	59.0918
1507	0.0396443	4.72127	1.43083	59.109
1508	0.0394412	4.72072	1.433	59.1263
1509	0.0397372	4.72018	1.433	59.1436
1510	0.0400615	4.71965	1.43292	59.1609
1511	0.0402378	4.71912	1.43157	59.1782
1512	0.0397723	4.71858	1.43047	59.1954
1513	0.0386127	4.71802	1.42937	59.2126
1514	0.0367368	4.71741	1.43353	59.2299
1515	0.0361847	4.71678	1.43544	59.2472
1516	0.0354004	4.71613	1.43534	59.2645
1517	0.03597	4.71551	1.43655	59.2819
1518	0.0355663	4.71487	1.43553	59.2992
1519	0.0358098	4.71423	1.43484	59.3165
1520	0.0360031	4.71361	1.43636	59.3338
1521	0.0358502	4.71298	1.43531	59.3511
1522	0.0349955	4.71233	1.43636	59.3684
1523	0.033738	4.71165	1.43598	59.3857
1524	0.0344998	4.71099	1.43584	59.403
1525	0.0346859	4.71033	1.43467	59.4203
1526	0.0357474	4.7097	1.43429	59.4375
1527	0.0364434	4.7091	1.43354	59.4547
1528	0.0360434	4.70848	1.43333	59.4719
1529	0.0364364	4.70787	1.43221	59.4891
1530	0.0367018	4.70727	1.43201	59.5063
1531	0.0368697	4.70668	1.42899	59.5234
1532	0.0360717	4.70607	1.42842	59.5404
1533	0.0357068	4.70544	1.42855	59.5575
1534	0.0354603	4.70482	1.42596	59.5745
1535	0.0350929	4.70418	1.42249	59.5914
1536	0.0353235	4.70355	1.423	59.6083
1537	0.0355135	4.70293	1.42393	59.6252
1538	0.0335952	4.70226	1.42923	59.6423
1539	0.0335293	4.70159	1.43118	59.6594
1540	0.0337259	4.70092	1.43199	59.6765
1541	0.0333286	4.70024	1.43114	59.6936
1542	0.0350334	4.69961	1.43175	59.7107
1543	0.0363486	4.69902	1.43582	59.7279
1544	0.0375042	4.69845	1.43911	59.7452
1545	0.0370609	4.69787	1.43984	59.7625
1546	0.0366132	4.69729	1.44255	59.7798
1547	0.0359459	4.69668	1.44524	59.7973
1548	0.0367686	4.6961	1.44718	59.8147
1549	0.0382563	4.69556	1.45023	59.8323
1550	0.0379732	4.69501	1.45221	59.8499
1551	0.0380305	4.69446	1.45433	59.8675
1552	0.0371593	4.6939	1.45472	59.8851
1553	0.0356047	4.69329	1.45437	59.9027
1554	0.0348792	4.69267	1.45309	59.9203
1555	0.0352225	4.69205	1.45376	59.9379
1556	0.0358754	4.69145	1.45343	59.9555
1557	0.0358821	4.69086	1.44849	59.973
1558	0.0341781	4.69022	1.45101	59.9905
1559	0.0343607	4.68959	1.4515	60.008
1560	0.0349063	4.68897	1.44993	60.0255
1561	0.0340543	4.68833	1.44943	60.0429
1562	0.03448	4.6877	1.44954	60.0604
1563	0.0334692	4.68705	1.44963	60.0778
1564	0.032449	4.68637	1.45024	60.0953
1565	0.0327331	4.68571	1.44807	60.1127
1566	0.0326727	4.68504	1.44808	60.1301
1567	0.0317634	4.68434	1.44909	60.1475
1568	0.0311262	4.68364	1.45041	60.165
1569	0.0309273	4.68293	1.45236	60.1825
1570	0.0303759	4.6822	1.44968	60.1999
1571	0.0295404	4.68146	1.44863	60.2173
1572	0.0286384	4.68069	1.45028	60.2347
1573	0.0290003	4.67994	1.45069	60.2521
1574	0.0298571	4.67921	1.44974	60.2695
1575	0.030723	4.6785	1.44741	60.2868
1576	0.0313982	4.6778	1.44472	60.3041
1577	0.0313546	4.67711	1.44636	60.3214
1578	0.0312858	4.67642	1.44742	60.3387
1579	0.0312225	4.67572	1.44821	60.3561
1580	0.0317821	4.67505	1.45033	60.3735
1581	0.031521	4.67436	1.44874	60.3908
1582	0.0325958	4.6737	1.44903	60.4081
1583	0.0346011	4.6731	1.45076	60.4255
1584	0.0347052	4.6725	1.45116	60.4429
1585	0.0346771	4.67189	1.44973	60.4602
1586	0.0350719	4.6713	1.44755	60.4775
1587	0.0352235	4.67072	1.44319	60.4947
1588	0.0356386	4.67014	1.4431	60.5119
1589	0.035744	4.66957	1.44288	60.529
1590	0.0354336	4.66899	1.44288	60.5462
1591	0.0349736	4.6684	1.44265	60.5633
1592	0.0347702	4.66781	1.44176	60.5804
1593	0.0359081	4.66724	1.44384	60.5976
1594	0.0361158	4.66669	1.44556	60.6148
1595	0.0366703	4.66614	1.44797	60.632
1596	0.0369954	4.66561	1.44958	60.6493
1597	0.0370594	4.66507	1.44841	60.6666
1598	0.0376183	4.66456	1.44986	60.6839
1599	0.0377962	4.66404	1.45035	60.7012
1600	0.0374358	4.66352	1.45043	60.7184
1601	0.0364097	4.66298	1.45126	60.7357
1602	0.0366967	4.66244	1.45197	60.7531
1603	0.0361279	4.66189	1.45412	60.7704
1604	0.0360306	4.66134	1.45514	60.7878
1605	0.0352736	4.66077	1.45295	60.8051
1606	0.0342728	4.66017	1.4521	60.8224
1607	0.0339724	4.65957	1.45006	60.8397
1608	0.0344051	4.65898	1.45048	60.8569
1609	0.035432	4.65842	1.45045	60.8742
1610	0.0354829	4.65786	1.45044	60.8914
1611	0.0361527	4.65731	1.45227	60.9087
1612	0.0357737	4.65676	1.45486	60.9261
1613	0.0347584	4.65618	1.45641	60.9434
1614	0.033195	4.65557	1.45832	60.9609
1615	0.033815	4.65497	1.45798	60.9783
1616	0.034564	4.65439	1.45669	60.9956
1617	0.0345705	4.65381	1.45295	61.0129
1618	0.0340659	4.65322	1.45261	61.0302
1619	0.0334378	4.65262	1.44736	61.0473
1620	0.0337838	4.65202	1.44571	61.0643
1621	0.034171	4.65143	1.4461	61.0814
1622	0.0344935	4.65086	1.44404	61.0985
1623	0.0348401	4.65029	1.44125	61.1154
1624	0.0341642	4.64971	1.44231	61.1324
1625	0.0328991	4.64909	1.44577	61.1494
1626	0.0331099	4.64849	1.4472	61.1665
1627	0.031681	4.64785	1.45152	61.1837
1628	0.0320194	4.64721	1.45324	61.2009
1629	0.0324872	4.64659	1.45445	61.2182
1630	0.0325333	4.64597	1.4541	61.2354
1631	0.0331246	4.64537	1.45415	61.2526
1632	0.032418	4.64475	1.4561	61.2699
1633	0.03182	4.64412	1.45602	61.2872
1634	0.0311403	4.64347	1.45508	61.3044
1635	0.0311596	4.64282	1.45548	61.3217
1636	0.0308715	4.64216	1.4557	61.3389
1637	0.0301313	4.64149	1.45474	61.3561
1638	0.0309348	4.64084	1.45614	61.3734
1639	0.0312676	4.6402	1.45759	61.3907
1640	0.0317703	4.63957	1.4576	61.4079
1641	0.0312766	4.63893	1.45829	61.4252
1642	0.0309777	4.63828	1.45839	61.4425
1643	0.0306698	4.63763	1.45958	61.4598
1644	0.0294484	4.63694	1.46133	61.4772
1645	0.028559	4.63624	1.46272	61.4945
1646	0.0281552	4.63553	1.45941	61.5118
1647	0.0284595	4.63482	1.45889	61.5291
1648	0.0285297	4.63412	1.45803	61.5463
1649	0.02846	4.63342	1.45942	61.5636
1650	0.0278198	4.6327	1.4585	61.5809
1651	0.0271335	4.63196	1.45681	61.5981
1652	0.0268405	4.63122	1.45507	61.6152
1653	0.0274715	4.6305	1.45344	61.6323
1654	0.0279602	4.62979	1.45023	61.6494
1655	0.0278212	4.62907	1.44508	61.6663
1656	0.0275481	4.62836	1.43986	61.683
1657	0.0274102	4.62763	1.43667	61.6997
1658	0.0276067	4.62692	1.43615	61.7164
1659	0.0284849	4.62622	1.43645	61.733
1660	0.0289663	4.62554	1.43367	61.7496
1661	0.0304635	4.6249	1.43374	61.7662
1662	0.0310674	4.62427	1.43429	61.7828
1663	0.0312396	4.62365	1.43162	61.7993
1664	0.0315156	4.62303	1.43021	61.8158
1665	0.0310111	4.6224	1.42738	61.8322
1666	0.0313258	4.62178	1.42621	61.8486
1667	0.0314411	4.62117	1.42463	61.865
1668	0.0316844	4.62056	1.42496	61.8813
1669	0.0306877	4.61993	1.4263	61.8977
1670	0.0304234	4.61929	1.42637	61.9141
1671	0.031521	4.61868	1.42856	61.9305
1672	0.0322281	4.61809	1.42908	61.9469
1673	0.0321445	4.61749	1.43095	61.9634
1674	0.0321257	4.6169	1.42988	61.9798
1675	0.0314212	4.61629	1.42675	61.9962
1676	0.0314452	4.61568	1.4244	62.0125
1677	0.0328259	4.61511	1.42691	62.0288
1678	0.0322093	4.61452	1.42779	62.0452
1679	0.0325464	4.61394	1.42913	62.0616
1680	0.0326504	4.61337	1.42831	62.078
1681	0.0316956	4.61277	1.42966	62.0944
1682	0.0309612	4.61215	1.43036	62.1108
1683	0.0316796	4.61156	1.43081	62.1272
1684	0.032078	4.61097	1.4324	62.1437
1685	0.0322132	4.61039	1.43295	62.1601
1686	0.0323109	4.60981	1.43311	62.1766
1687	0.0321631	4.60923	1.43439	62.1931
1688	0.0322917	4.60865	1.43497	62.2096
1689	0.032022	4.60806	1.43507	62.2261
1690	0.0317532	4.60747	1.43447	62.2426
1691	0.0319646	4.60689	1.43256	62.259
1692	0.0312589	4.60629	1.42949	62.2754
1693	0.0312603	4.60569	1.43067	62.2917
1694	0.0302918	4.60507	1.42794	62.308
1695	0.0302118	4.60444	1.42743	62.3243
1696	0.0309114	4.60384	1.4293	62.3407
1697	0.0314976	4.60325	1.43076	62.357
1698	0.0320187	4.60267	1.43004	62.3734
1699	0.031117	4.60207	1.42916	62.3897
1700	0.0304324	4.60146	1.42715	62.4059
1701	0.0296777	4.60082	1.42616	62.4222
1702	0.0283406	4.60016	1.42857	62.4385
1703	0.0278106	4.59948	1.42773	62.4547
1704	0.028287	4.59882	1.42637	62.471
1705	0.0285284	4.59816	1.42474	62.4871
1706	0.0289255	4.59752	1.42508	62.5033
1707	0.0291493	4.59688	1.42534	62.5195
1708	0.0292168	4.59624	1.42501	62.5357
1709	0.0299433	4.59562	1.42642	62.5519
1710	0.0299096	4.595	1.42696	62.5681
1711	0.0299624	4.59438	1.42529	62.5843
1712	0.0310275	4.59379	1.42782	62.6005
1713	0.0304007	4.59319	1.42817	62.6167
1714	0.0314806	4.59261	1.42978	62.633
1715	0.0319691	4.59204	1.43126	62.6493
1716	0.0330151	4.5915	1.43376	62.6657
1717	0.0329448	4.59096	1.43313	62.682
1718	0.0329261	4.59042	1.43314	62.6983
1719	0.0323904	4.58987	1.43489	62.7147
1720	0.0311652	4.58929	1.43617	62.7311
1721	0.031531	4.58871	1.43649	62.7475
1722	0.0326261	4.58817	1.43631	62.7639
1723	0.0330774	4.58763	1.43512	62.7803
1724	0.0329793	4.5871	1.43492	62.7966
1725	0.0318059	4.58654	1.43586	62.813
1726	0.0313377	4.58596	1.4343	62.8293
1727	0.0311222	4.58539	1.43254	62.8456
1728	0.0310082	4.58481	1.42962	62.8618
1729	0.0305979	4.58422	1.42927	62.878
1730	0.02933	4.5836	1.43064	62.8942
1731	0.0289018	4.58297	1.42976	62.9104
1732	0.030198	4.58237	1.42976	62.9266
1733	0.0310532	4.5818	1.43018	62.9428
1734	0.0304266	4.58121	1.43178	62.959
1735	0.0304685	4.58062	1.43283	62.9753
1736	0.0302688	4.58003	1.43301	62.9915
1737	0.0299544	4.57943	1.43558	63.0078
1738	0.0304345	4.57884	1.43764	63.0242
1739	0.0309714	4.57827	1.43884	63.0406
1740	0.030923	4.5777	1.4387	63.0569
1741	0.0315696	4.57714	1.43904	63.0733
1742	0.0307374	4.57656	1.44003	63.0897
1743	0.0302385	4.57598	1.44048	63.1061
1744	0.0312841	4.57541	1.441	63.1225
1745	0.0321135	4.57487	1.44175	63.139
1746	0.0319725	4.57433	1.44129	63.1554
1747	0.0324091	4.57379	1.443	63.1718
1748	0.0326242	4.57327	1.44512	63.1883
1749	0.033289	4.57276	1.44335	63.2048
1750	0.0330658	4.57224	1.443	63.2212
1751	0.0328229	4.57172	1.44097	63.2376
1752	0.0328875	4.5712	1.43528	63.2538
1753	0.0318106	4.57066	1.4346	63.27
1754	0.0320287	4.57012	1.43441	63.2862
1755	0.0325273	4.5696	1.43469	63.3025
1756	0.0336226	4.5691	1.4361	63.3187
1757	0.0339552	4.56861	1.43652	63.335
1758	0.0349033	4.56814	1.43693	63.3512
1759	0.0344234	4.56767	1.4373	63.3675
1760	0.0351203	4.56721	1.43756	63.3837
1761	0.034959	4.56675	1.43946	63.4
1762	0.0346051	4.56627	1.43804	63.4163
1763	0.0340383	4.56579	1.43606	63.4325
1764	0.0333323	4.56529	1.43806	63.4488
1765	0.033064	4.56479	1.44005	63.4651
1766	0.0329808	4.56428	1.43585	63.4813
1767	0.0328631	4.56377	1.43558	63.4975
1768	0.0322862	4.56325	1.43805	63.5137
1769	0.0311275	4.5627	1.43955	63.53
1770	0.0303147	4.56213	1.4412	63.5463
1771	0.0305862	4.56157	1.44284	63.5626
1772	0.0298289	4.56099	1.44432	63.579
1773	0.0291259	4.5604	1.44586	63.5954
1774	0.0288127	4.5598	1.44487	63.6118
1775	0.0283087	4.55919	1.44409	63.6281
1776	0.0281865	4.55857	1.44262	63.6445
1777	0.028756	4.55797	1.44406	63.6608
1778	0.028765	4.55738	1.44333	63.6771
1779	0.0283546	4.55677	1.44275	63.6934
1780	0.0283707	4.55616	1.44452	63.7098
1781	0.0286455	4.55556	1.44576	63.7262
1782	0.0289891	4.55497	1.44549	63.7425
1783	0.0286625	4.55437	1.44479	63.7589
1784	0.0278151	4.55376	1.44556	63.7752
1785	0.0285315	4.55316	1.44553	63.7916
1786	0.0287034	4.55256	1.44359	63.8079
1787	0.0287141	4.55197	1.44511	63.8242
1788	0.0288456	4.55138	1.44337	63.8405
1789	0.0288323	4.55079	1.44392	63.8568
1790	0.0284061	4.55019	1.4438	63.8731
1791	0.0274656	4.54957	1.44407	63.8893
1792	0.0267353	4.54893	1.44514	63.9057
1793	0.0250812	4.54826	1.44944	63.9221
1794	0.024643	4.54757	1.4504	63.9385
1795	0.0238681	4.54687	1.45112	63.9549
1796	0.0236686	4.54616	1.45243	63.9714
1797	0.0245023	4.54548	1.45357	63.9879
1798	0.0245958	4.5448	1.45302	64.0044
1799	0.0253901	4.54413	1.45492	64.0209
1800	0.0262207	4.54349	1.45552	64.0374
1801	0.0255339	4.54283	1.45138	64.0538
1802	0.0251415	4.54216	1.44761	64.0701
1803	0.025119	4.5415	1.44551	64.0864
1804	0.0246979	4.54082	1.44431	64.1026
1805	0.0243952	4.54014	1.4454	64.1189
1806	0.0248147	4.53946	1.44359	64.1351
1807	0.0249997	4.5388	1.44192	64.1513
1808	0.025311	4.53814	1.44116	64.1674
1809	0.0265543	4.53751	1.4439	64.1837
1810	0.0278388	4.53691	1.44423	64.1999
1811	0.0274352	4.5363	1.44463	64.2161
1812	0.0270342	4.53569	1.44679	64.2324
1813	0.0271874	4.53508	1.44661	64.2486
1814	0.0279442	4.53448	1.4474	64.2649
1815	0.0279548	4.53389	1.44829	64.2812
1816	0.0279249	4.5333	1.44565	64.2974
1817	0.0269981	4.53269	1.44474	64.3136
1818	0.0257908	4.53204	1.44532	64.3298
1819	0.026736	4.53143	1.44521	64.346
1820	0.0285043	4.53085	1.4487	64.3623
1821	0.0304066	4.53032	1.45095	64.3786
1822	0.031615	4.52982	1.45125	64.3949
1823	0.0326476	4.52934	1.45279	64.4113
1824	0.0324086	4.52886	1.45425	64.4277
1825	0.0321176	4.52837	1.45481	64.4441
1826	0.0327721	4.5279	1.45552	64.4605
1827	0.0322563	4.52741	1.45598	64.4769
1828	0.0329427	4.52695	1.45592	64.4934
1829	0.0325665	4.52647	1.45847	64.5098
1830	0.0315807	4.52597	1.45639	64.5262
1831	0.0312825	4.52547	1.45268	64.5426
1832	0.0308802	4.52496	1.45001	64.5588
1833	0.0303138	4.52443	1.45221	64.5751
1834	0.0304161	4.52391	1.45113	64.5914
1835	0.0300011	4.52338	1.44801	64.6076
1836	0.029994	4.52285	1.44459	64.6237
1837	0.0292129	4.5223	1.44568	64.6399
1838	0.0296565	4.52176	1.4465	64.656
1839	0.0310486	4.52126	1.4491	64.6722
1840	0.031599	4.52077	1.44886	64.6884
1841	0.0319444	4.52028	1.44781	64.7046
1842	0.0304304	4.51977	1.44964	64.7208
1843	0.0293115	4.51922	1.45029	64.737
1844	0.0294596	4.51868	1.4494	64.7532
1845	0.0296586	4.51815	1.44844	64.7694
1846	0.02793	4.51758	1.44993	64.7856
1847	0.027172	4.51699	1.45136	64.8018
1848	0.0269304	4.51639	1.45327	64.8181
1849	0.0257898	4.51577	1.45576	64.8344
1850	0.0251163	4.51514	1.45422	64.8507
1851	0.0239805	4.51448	1.4537	64.867
1852	0.023719	4.51381	1.45366	64.8833
1853	0.0235724	4.51314	1.45457	64.8995
1854	0.0230234	4.51246	1.45415	64.9158
1855	0.0222406	4.51176	1.45606	64.9321
1856	0.0225517	4.51107	1.4546	64.9484
1857	0.02178	4.51036	1.45425	64.9646
1858	0.0208614	4.50963	1.45456	64.9809
1859	0.0206164	4.5089	1.45282	64.9971
1860	0.0201407	4.50815	1.45324	65.0133
1861	0.0193446	4.50739	1.45385	65.0296
1862	0.018853	4.50662	1.45659	65.0459
1863	0.0190643	4.50585	1.45544	65.0621
1864	0.0188521	4.50508	1.45362	65.0783
1865	0.0188613	4.50431	1.45365	65.0946
1866	0.019351	4.50355	1.45412	65.1108
1867	0.0199768	4.50281	1.45515	65.127
1868	0.0207049	4.50208	1.4565	65.1433
1869	0.0218123	4.50138	1.45691	65.1595
1870	0.0228859	4.50071	1.4585	65.1759
1871	0.0234693	4.50005	1.45808	65.1921
1872	0.0236853	4.4994	1.45707	65.2084
1873	0.0223666	4.49871	1.4595	65.2247
1874	0.0224581	4.49803	1.45952	65.241
1875	0.0229188	4.49736	1.4585	65.2573
1876	0.0242544	4.49673	1.45741	65.2736
1877	0.0257032	4.49612	1.45917	65.2899
1878	0.0263053	4.49553	1.45869	65.3061
1879	0.0267527	4.49496	1.45863	65.3224
1880	0.026291	4.49437	1.45514	65.3386
1881	0.0252446	4.49375	1.45568	65.3548
1882	0.0248978	4.49314	1.45512	65.371
1883	0.0254903	4.49253	1.45649	65.3872
1884	0.0251912	4.49192	1.45791	65.4034
1885	0.0253226	4.49131	1.45852	65.4196
1886	0.0250473	4.4907	1.45668	65.4358
1887	0.0249382	4.49008	1.4548	65.452
1888	0.0238825	4.48945	1.45528	65.4681
1889	0.0224105	4.48877	1.45563	65.4843
1890	0.0224612	4.4881	1.45506	65.5005
1891	0.0224772	4.48743	1.45681	65.5166
1892	0.0222123	4.48676	1.45668	65.5328
1893	0.0234083	4.48611	1.45405	65.5489
1894	0.0241881	4.48549	1.45044	65.5649
1895	0.0243133	4.48486	1.44745	65.5809
1896	0.0245725	4.48424	1.44768	65.5968
1897	0.023555	4.4836	1.44754	65.6128
1898	0.0233649	4.48296	1.44842	65.6287
1899	0.0221638	4.48229	1.45122	65.6448
1900	0.0212352	4.4816	1.45089	65.6608
1901	0.0216708	4.48092	1.45213	65.6768
1902	0.0210084	4.48022	1.45419	65.6929
1903	0.022382	4.47956	1.45574	65.709
1904	0.0221583	4.47889	1.45586	65.7251
1905	0.0218774	4.47822	1.45528	65.7412
1906	0.0215906	4.47754	1.4536	65.7572
1907	0.0214291	4.47686	1.44974	65.7732
1908	0.0230966	4.47621	1.4517	65.7892
1909	0.0232379	4.47557	1.44944	65.8051
1910	0.0217894	4.4749	1.4517	65.8211
1911	0.0220403	4.47423	1.4495	65.8371
1912	0.0213909	4.47355	1.44668	65.8529
1913	0.0218316	4.47288	1.4436	65.8687
1914	0.0221581	4.47222	1.44258	65.8845
1915	0.0233985	4.47159	1.44522	65.9003
1916	0.0245515	4.47099	1.44647	65.9161
1917	0.0243622	4.47038	1.44596	65.932
1918	0.0242973	4.46977	1.44672	65.9478
1919	0.0245205	4.46916	1.44749	65.9637
1920	0.0247194	4.46856	1.44755	65.9795
1921	0.024534	4.46796	1.44848	65.9954
1922	0.0237724	4.46734	1.4512	66.0113
1923	0.0236611	4.46672	1.45281	66.0273
1924	0.0234417	4.4661	1.45267	66.0433
1925	0.0244109	4.46549	1.45321	66.0592
1926	0.0251185	4.46491	1.45392	66.0752
1927	0.025339	4.46433	1.45426	66.0912
1928	0.0255872	4.46375	1.45118	66.1071
1929	0.0254795	4.46318	1.44984	66.123
1930	0.0252794	4.4626	1.44855	66.1388
1931	0.0250857	4.46201	1.44548	66.1546
1932	0.0243503	4.46141	1.4443	66.1703
1933	0.0247983	4.46082	1.44428	66.186
1934	0.0242479	4.46022	1.44534	66.2018
1935	0.0243021	4.45962	1.44489	66.2175
1936	0.0245458	4.45903	1.446	66.2333
1937	0.0248955	4.45844	1.44517	66.249
1938	0.0248232	4.45786	1.43964	66.2646
1939	0.024378	4.45726	1.43904	66.2802
1940	0.024774	4.45668	1.43751	66.2958
1941	0.0246112	4.45609	1.43302	66.3112
1942	0.0245073	4.4555	1.43457	66.3267
1943	0.0245009	4.45491	1.4333	66.3422
1944	0.024597	4.45432	1.43018	66.3575
1945	0.0236467	4.45371	1.42956	66.3729
1946	0.0231709	4.45309	1.42895	66.3882
1947	0.0223838	4.45246	1.4271	66.4035
1948	0.0225415	4.45183	1.4254	66.4188
1949	0.0227698	4.4512	1.42311	66.434
1950	0.0227646	4.45058	1.42283	66.4492
1951	0.022133	4.44994	1.41989	66.4643
1952	0.0205203	4.44926	1.42083	66.4794
1953	0.0198262	4.44857	1.42195	66.4946
1954	0.0199886	4.44789	1.42171	66.5097
1955	0.0203737	4.44721	1.42158	66.5248
1956	0.0209586	4.44655	1.41961	66.5399
1957	0.0206929	4.44588	1.41495	66.5549
1958	0.0203682	4.44521	1.41161	66.5698
1959	0.0208026	4.44455	1.41187	66.5847
1960	0.0198955	4.44386	1.41424	66.5997
1961	0.0197373	4.44318	1.41362	66.6146
1962	0.0201797	4.4425	1.4105	66.6295
1963	0.0204402	4.44183	1.40853	66.6443
1964	0.0201905	4.44116	1.40757	66.6591
1965	0.0198594	4.44047	1.40562	66.6739
1966	0.02019	4.4398	1.40522	66.6886
1967	0.0205172	4.43914	1.40599	66.7033
1968	0.020855	4.43848	1.4055	66.7181
1969	0.0200687	4.4378	1.40489	66.7328
1970	0.0190146	4.43711	1.40598	66.7475
1971	0.0186485	4.4364	1.40614	66.7623
1972	0.0177536	4.43568	1.40609	66.777
1973	0.0178424	4.43496	1.40424	66.7917
1974	0.0182229	4.43424	1.40548	66.8064
1975	0.0182669	4.43353	1.4066	66.8211
1976	0.0179009	4.43282	1.40251	66.8358
1977	0.0177075	4.43209	1.40019	66.8504
1978	0.0175572	4.43137	1.39923	66.8649
