#	<x>	stDevX	<E>	stDevE
0	0.695696	0	-1.43198	0
1	0.412681	0.554189	-0.179421	0.805703
2	0.237038	0.634235	0.75498	0.403723
3	0.229132	0.681799	0.957792	0.0438931
4	0.482463	0.822804	1.16707	0.507376
5	0.42774	0.926012	0.912553	0.812809
6	0.424674	1.01809	0.757623	1.0283
7	0.324547	1.06954	0.776181	1.22855
8	0.194107	1.07734	0.737704	1.39929
9	0.130987	1.06772	0.712074	1.54937
10	0.192672	1.07855	0.742844	1.69826
11	0.177078	1.08587	0.791322	1.85143
12	0.314477	1.13071	1.04375	2.06314
13	0.249098	1.15697	1.15537	2.29155
14	0.219251	1.17529	1.20602	2.52035
15	0.172066	1.18216	1.28056	2.75574
16	0.08792	1.16979	1.2371	2.96977
17	0.0756343	1.15613	1.1471	3.15386
18	0.024189	1.13244	1.22499	3.34803
19	0.0524411	1.11673	1.2511	3.54046
20	0.017807	1.09497	1.29146	3.73449
21	0.0380967	1.07895	1.28495	3.92042
22	0.069709	1.07054	1.34917	4.11335
23	0.00996755	1.05098	1.41322	4.31296
24	0.0203952	1.03464	1.3991	4.50366
25	0.0431528	1.02366	1.42491	4.69376
26	0.0581902	1.01626	1.37226	4.86858
27	0.0818228	1.01381	1.32613	5.03023
28	0.0866507	1.01263	1.27774	5.17904
29	0.0769818	1.01002	1.25825	5.32089
30	0.048536	1.00272	1.21261	5.45152
31	0.0555889	0.997115	1.11709	5.56283
32	0.0306603	0.987627	1.12561	5.67352
33	0.0253581	0.977726	1.10975	5.77953
34	0.017589	0.967005	1.12086	5.88557
35	0.00337791	0.954424	1.12303	5.99017
36	-0.00746373	0.940591	1.14415	6.09649
37	-0.0391239	0.922209	1.17166	6.20549
38	-0.0114585	0.908813	1.1806	6.31414
39	0.00438247	0.89836	1.16494	6.41864
40	0.015202	0.88996	1.10267	6.51196
41	0.00231515	0.879916	1.07367	6.59957
42	0.00237245	0.870228	1.05021	6.68251
43	0.023805	0.864063	1.04154	6.76315
44	0.00659869	0.855602	1.00745	6.83781
45	0.00801464	0.847628	1.02526	6.91426
46	0.00216767	0.839073	1.04107	6.99216
47	0.0115582	0.832126	0.995951	7.06276
48	0.00917964	0.825068	0.957203	7.12718
49	0.0320915	0.821438	0.965959	7.19225
50	0.0483948	0.820218	0.973485	7.25778
51	0.0411564	0.818101	0.969159	7.32214
52	0.0416648	0.816165	0.957673	7.38438
53	0.0157692	0.810843	0.945262	7.44442
54	0.0203881	0.806299	0.962515	7.5063
55	0.00286128	0.799579	0.989099	7.5712
56	0.0201506	0.795306	0.978856	7.6342
57	0.0360664	0.793236	0.961995	7.69448
58	0.0270551	0.790094	0.905427	7.74701
59	0.0163894	0.785693	0.920141	7.80108
60	0.0295801	0.783091	0.942264	7.85759
61	0.0237998	0.779853	0.957953	7.91569
62	0.00233816	0.774031	0.950068	7.97238
63	-0.0115796	0.766621	0.909202	8.02361
64	-0.0126549	0.759236	0.852424	8.06754
65	-0.0289518	0.750015	0.82964	8.10848
66	-0.0168873	0.742435	0.836203	8.15006
67	-0.0385212	0.732401	0.861139	8.19447
68	-0.0478222	0.721438	0.874765	8.24029
69	-0.0332651	0.712394	0.841067	8.28189
70	-0.0380747	0.702945	0.810511	8.31971
71	-0.0640647	0.690618	0.837014	8.3605
72	-0.0663242	0.678228	0.81492	8.39857
73	-0.0609007	0.666661	0.780545	8.43253
74	-0.0582675	0.655579	0.783653	8.46677
75	-0.0492251	0.645701	0.800278	8.50283
76	-0.0535072	0.635492	0.793504	8.538
77	-0.0419558	0.626738	0.81514	8.57551
78	-0.0479815	0.617446	0.821466	8.6136
79	-0.0500631	0.608062	0.808243	8.65008
80	-0.0418649	0.599721	0.815437	8.68723
81	-0.0356823	0.592182	0.815956	8.72431
82	-0.0451427	0.583723	0.821863	8.76191
83	-0.0258151	0.57748	0.829943	8.80025
84	-0.0128109	0.572732	0.838187	8.83932
85	-0.0176553	0.567539	0.836094	8.87802
86	-0.0235695	0.561794	0.825804	8.91547
87	-0.0330947	0.555122	0.824357	8.95264
88	-0.0293759	0.548934	0.821896	8.9894
89	-0.0241445	0.543379	0.796596	9.02339
90	-0.0263725	0.537669	0.772821	9.05479
91	-0.0301748	0.531643	0.775337	9.08639
92	-0.0195977	0.526787	0.782981	9.11869
93	-0.0179089	0.52217	0.786615	9.15128
94	-0.0233984	0.517056	0.792808	9.18441
95	-0.0232465	0.512024	0.784997	9.21666
96	-0.0234396	0.507038	0.797728	9.2501
97	-0.0240008	0.50206	0.799764	9.28365
98	-0.0137131	0.498172	0.778798	9.315
99	0.00699504	0.496396	0.783217	9.34671
100	0.00706986	0.494658	0.762317	9.37627
101	0.0110266	0.493337	0.753594	9.4049
102	0.00920969	0.491863	0.742888	9.43243
103	-0.014272	0.488123	0.771206	9.46267
104	-0.0187188	0.483998	0.781729	9.49386
105	-0.0195695	0.479839	0.793189	9.52608
106	-0.0097527	0.476675	0.805287	9.55937
107	-0.00217252	0.474275	0.772911	9.58945
108	0.00558311	0.472647	0.760319	9.61826
109	0.00419704	0.470912	0.745812	9.64563
110	0.0120907	0.469948	0.740557	9.67246
111	0.0155935	0.469331	0.739925	9.69917
112	0.0212545	0.469259	0.74317	9.72615
113	0.0222021	0.469285	0.733082	9.75213
114	0.0189604	0.469018	0.724573	9.77729
115	0.0313429	0.469908	0.744609	9.80426
116	0.0465088	0.472194	0.760265	9.83262
117	0.0411967	0.473982	0.753265	9.86027
118	0.0441255	0.476031	0.740041	9.88666
119	0.0378279	0.477499	0.733819	9.91243
120	0.0322173	0.478455	0.732213	9.93802
121	0.0230775	0.478587	0.742441	9.96449
122	0.0312786	0.479463	0.751615	9.99173
123	0.0277285	0.480021	0.757658	10.0194
124	0.0335386	0.481101	0.75596	10.047
125	0.0341694	0.482235	0.734345	10.0725
126	0.0317722	0.483156	0.700021	10.0949
127	0.0380183	0.484627	0.703087	10.1176
128	0.041455	0.486396	0.707785	10.1407
129	0.0323212	0.48736	0.715803	10.1645
130	0.0268898	0.487851	0.731258	10.1896
131	0.0298817	0.488604	0.737734	10.2152
132	0.0302772	0.489394	0.742036	10.2411
133	0.0297426	0.490138	0.742146	10.267
134	0.0330911	0.49117	0.716767	10.2906
135	0.0398441	0.492778	0.715199	10.3141
136	0.0463591	0.494936	0.714747	10.3375
137	0.0485879	0.497274	0.718786	10.3612
138	0.0575205	0.500356	0.712539	10.3844
139	0.0539841	0.503125	0.720342	10.4081
140	0.0638686	0.50671	0.720373	10.4319
141	0.0716478	0.510927	0.700856	10.454
142	0.0718398	0.515136	0.70345	10.4762
143	0.0763995	0.519701	0.70476	10.4986
144	0.0835898	0.524837	0.698506	10.5204
145	0.0848636	0.530048	0.703202	10.5425
146	0.080228	0.534849	0.709449	10.5652
147	0.078218	0.539459	0.716138	10.5883
148	0.0730188	0.54362	0.717466	10.6115
149	0.067108	0.547278	0.727149	10.6355
150	0.0686318	0.551041	0.731122	10.6598
151	0.0630274	0.554333	0.741164	10.6848
152	0.0619902	0.557526	0.744836	10.7101
153	0.0571536	0.560315	0.749841	10.7357
154	0.0487532	0.56242	0.762874	10.7623
155	0.0515574	0.564741	0.766196	10.7891
156	0.0600007	0.567724	0.754883	10.815
157	0.0590323	0.570618	0.760132	10.8412
158	0.0525511	0.572986	0.766957	10.8679
159	0.0490439	0.575069	0.771784	10.895
160	0.0429575	0.576667	0.776002	10.9222
161	0.0425164	0.578225	0.76862	10.9489
162	0.0441961	0.579911	0.759171	10.9747
163	0.0456514	0.581705	0.753583	11.0001
164	0.0444743	0.583402	0.753855	11.0254
165	0.048018	0.585369	0.758889	11.0511
166	0.0505048	0.58752	0.763603	11.0771
167	0.0563412	0.590114	0.772022	11.1036
168	0.0547132	0.592572	0.778979	11.1307
169	0.0584324	0.595305	0.779519	11.1577
170	0.0606152	0.598194	0.778219	11.1846
171	0.0629913	0.601252	0.772623	11.2109
172	0.0612429	0.604164	0.783015	11.238
173	0.0647067	0.607327	0.793457	11.2659
174	0.0630292	0.61035	0.797774	11.2939
175	0.0753295	0.614286	0.808933	11.3228
176	0.0742684	0.618125	0.807828	11.3515
177	0.0705049	0.621665	0.814047	11.3806
178	0.0668377	0.624918	0.817305	11.4099
179	0.0737469	0.628671	0.81244	11.4387
180	0.0761044	0.632583	0.815772	11.4677
181	0.0738193	0.636309	0.809959	11.4962
182	0.0664739	0.639478	0.814041	11.5249
183	0.0568995	0.641931	0.820931	11.5541
184	0.0562018	0.644324	0.821217	11.5832
185	0.0602474	0.647004	0.805131	11.6111
186	0.055357	0.649319	0.809298	11.6392
187	0.0617892	0.652093	0.802922	11.6667
188	0.0678424	0.655297	0.793093	11.6935
189	0.0656647	0.65833	0.778771	11.7192
190	0.0620955	0.661095	0.787492	11.7455
191	0.0604603	0.663732	0.794121	11.7722
192	0.0570741	0.666117	0.79486	11.7989
193	0.0611084	0.668783	0.795035	11.8255
194	0.0659273	0.671784	0.787664	11.8516
195	0.0615736	0.674464	0.785186	11.8774
196	0.0632737	0.677255	0.78838	11.9034
197	0.0634283	0.680047	0.794261	11.9298
198	0.065721	0.682992	0.799362	11.9564
199	0.0656924	0.685925	0.802109	11.9832
200	0.0646873	0.688776	0.809693	12.0105
201	0.061981	0.691428	0.80827	12.0376
202	0.0637004	0.694191	0.811119	12.0649
203	0.0698652	0.697376	0.809379	12.0919
204	0.065888	0.700272	0.816502	12.1194
205	0.065864	0.703156	0.809245	12.1464
206	0.0679781	0.706177	0.811602	12.1734
207	0.0653922	0.709009	0.81009	12.2003
208	0.0634281	0.711696	0.807258	12.2269
209	0.0626392	0.71432	0.799616	12.253
210	0.0645215	0.717064	0.804213	12.2793
211	0.0700813	0.720181	0.804985	12.3056
212	0.0733782	0.723512	0.807671	12.332
213	0.0771502	0.727089	0.809761	12.3585
214	0.0790168	0.730781	0.80934	12.3849
215	0.0825326	0.734698	0.805001	12.411
216	0.0795233	0.738397	0.803602	12.4369
217	0.0766289	0.741887	0.802669	12.4627
218	0.073237	0.745137	0.807585	12.4888
219	0.0756931	0.748541	0.805099	12.5147
220	0.0715444	0.751655	0.809851	12.5408
221	0.0695399	0.754624	0.806039	12.5667
222	0.0707026	0.757662	0.812116	12.5928
223	0.0677508	0.760493	0.813442	12.6191
224	0.0702493	0.763482	0.813315	12.6452
225	0.0705181	0.766479	0.817493	12.6716
226	0.0675331	0.769268	0.815614	12.6978
227	0.0660956	0.771955	0.821419	12.7243
228	0.0627175	0.77441	0.825402	12.751
229	0.0622485	0.776828	0.830464	12.7781
230	0.0566283	0.77887	0.823259	12.8045
231	0.0631673	0.781335	0.830627	12.8315
232	0.0608954	0.783644	0.828537	12.8582
233	0.0610295	0.785956	0.832023	12.8851
234	0.0625105	0.788358	0.835533	12.9121
235	0.0617096	0.790702	0.837851	12.9393
236	0.0641936	0.7932	0.837769	12.9664
237	0.0634674	0.795644	0.838872	12.9935
238	0.0656665	0.798224	0.838183	13.0205
239	0.0647383	0.800736	0.84503	13.0479
240	0.059921	0.802932	0.851857	13.0756
241	0.0582145	0.805013	0.85523	13.1036
242	0.0570223	0.807012	0.845002	13.1308
243	0.058877	0.809125	0.842747	13.1578
244	0.0619997	0.811432	0.836953	13.1844
245	0.0592717	0.813559	0.831714	13.2106
246	0.0654685	0.816074	0.824339	13.2363
247	0.0606231	0.818276	0.816756	13.2614
248	0.0608741	0.820487	0.814984	13.2864
249	0.0595045	0.822607	0.814659	13.3114
250	0.0579781	0.824626	0.810576	13.336
251	0.0555776	0.826489	0.806412	13.3603
252	0.0577705	0.828485	0.808712	13.3847
253	0.0592522	0.830569	0.80986	13.4092
254	0.0594595	0.832662	0.810782	13.4336
255	0.0587064	0.834702	0.8043	13.4576
256	0.0579132	0.836689	0.801754	13.4815
257	0.0554267	0.838516	0.797674	13.505
258	0.0526948	0.84017	0.797085	13.5284
259	0.0537912	0.841888	0.798257	13.5519
260	0.0520187	0.843494	0.794673	13.5751
261	0.0506985	0.845015	0.796805	13.5984
262	0.042042	0.846001	0.808991	13.6224
263	0.04154	0.846955	0.809022	13.6464
264	0.0400972	0.84782	0.806617	13.6701
265	0.0404224	0.848704	0.80914	13.694
266	0.0361905	0.84933	0.80936	13.7179
267	0.0357074	0.849927	0.800743	13.7412
268	0.031695	0.850281	0.792579	13.764
269	0.0292307	0.850486	0.791478	13.7866
270	0.0239838	0.850376	0.790698	13.8092
271	0.0301319	0.850641	0.793684	13.8319
272	0.0279837	0.850777	0.790452	13.8544
273	0.0341346	0.851288	0.797998	13.8773
274	0.0313288	0.85163	0.795452	13.9001
275	0.0362081	0.852267	0.801478	13.9231
276	0.0374783	0.85298	0.80558	13.9463
277	0.039097	0.853791	0.805832	13.9696
278	0.0403729	0.854678	0.807963	13.9929
279	0.0422476	0.855676	0.813383	14.0165
280	0.0400097	0.85654	0.813036	14.04
281	0.0363636	0.857187	0.81307	14.0635
282	0.0326943	0.857617	0.814035	14.0871
283	0.0342814	0.858141	0.806135	14.1101
284	0.0353112	0.858728	0.79353	14.1323
285	0.0377133	0.859457	0.783212	14.1539
286	0.0340935	0.859972	0.790197	14.1759
287	0.032895	0.860418	0.794981	14.1981
288	0.0340772	0.860934	0.788962	14.2199
289	0.0338275	0.861437	0.789745	14.2418
290	0.0313124	0.861793	0.791165	14.2637
291	0.0341422	0.862316	0.790905	14.2855
292	0.0336988	0.862813	0.789494	14.3072
293	0.0340996	0.863335	0.780822	14.3284
294	0.0333573	0.863814	0.777016	14.3494
295	0.0299425	0.864096	0.776831	14.3703
296	0.0363737	0.864752	0.778966	14.3912
297	0.0361602	0.865396	0.779073	14.4122
298	0.0345363	0.865947	0.7769	14.433
299	0.034185	0.866478	0.777313	14.4538
300	0.031933	0.866879	0.772399	14.4743
301	0.034783	0.867446	0.769559	14.4946
302	0.0381274	0.868205	0.764367	14.5146
303	0.0398656	0.869063	0.761989	14.5344
304	0.0410608	0.869989	0.767623	14.5546
305	0.0423834	0.87099	0.767246	14.5746
306	0.045885	0.87219	0.772609	14.595
307	0.0500201	0.873623	0.780596	14.6157
308	0.0524009	0.875189	0.784319	14.6367
309	0.0544293	0.876867	0.784695	14.6576
310	0.0591959	0.878812	0.78647	14.6787
311	0.057397	0.880651	0.789322	14.6998
312	0.0587841	0.882565	0.786442	14.7208
313	0.0538003	0.884194	0.782794	14.7415
314	0.0542019	0.885843	0.773526	14.7616
315	0.0508623	0.887302	0.771427	14.7817
316	0.0502616	0.888724	0.764512	14.8013
317	0.0488022	0.890062	0.753816	14.8203
318	0.0487239	0.891394	0.748835	14.839
319	0.0508907	0.892845	0.748018	14.8576
320	0.051718	0.89434	0.745442	14.876
321	0.0515392	0.895822	0.738112	14.8941
322	0.0502256	0.897229	0.731292	14.9117
323	0.0522259	0.898745	0.729784	14.9292
324	0.0520986	0.900251	0.727555	14.9466
325	0.0436583	0.901287	0.742161	14.9648
326	0.0449355	0.902394	0.741853	14.9829
327	0.0413229	0.903299	0.73545	15.0006
328	0.0408385	0.904178	0.736755	15.0185
329	0.0412694	0.905079	0.734356	15.0361
330	0.0381073	0.905807	0.739131	15.054
331	0.0404914	0.906664	0.745987	15.0723
332	0.0428533	0.907651	0.749345	15.0907
333	0.0392478	0.90844	0.753524	15.1093
334	0.0381462	0.909168	0.755212	15.128
335	0.0401465	0.910005	0.757209	15.1468
336	0.0421342	0.910949	0.756767	15.1656
337	0.042305	0.911903	0.757495	15.1843
338	0.0413131	0.912801	0.758631	15.2031
339	0.039901	0.913622	0.763379	15.2221
340	0.0407337	0.914488	0.762155	15.2411
341	0.0398596	0.915307	0.7633	15.2601
342	0.0427058	0.916278	0.762084	15.279
343	0.0409711	0.917155	0.756972	15.2976
344	0.0426705	0.918122	0.75132	15.3158
345	0.0453875	0.919235	0.744437	15.3337
346	0.0415589	0.920141	0.742061	15.3514
347	0.0404782	0.920989	0.731119	15.3686
348	0.0383071	0.92172	0.73248	15.3857
349	0.0344089	0.922242	0.736452	15.4031
350	0.0318754	0.92263	0.73822	15.4206
351	0.0297959	0.922909	0.73992	15.4381
352	0.0265967	0.923018	0.743111	15.4558
353	0.0275319	0.923178	0.740574	15.4733
354	0.0242503	0.923166	0.74348	15.491
355	0.023346	0.923108	0.741342	15.5085
356	0.023957	0.923084	0.743501	15.5261
357	0.0207359	0.922891	0.745996	15.5438
358	0.0201521	0.922671	0.74348	15.5614
359	0.0178921	0.922334	0.749166	15.5793
360	0.0201323	0.922117	0.752057	15.5973
361	0.0214199	0.92197	0.754277	15.6154
362	0.0265339	0.922094	0.761599	15.6338
363	0.0254174	0.92216	0.762118	15.6523
364	0.0265177	0.922286	0.76358	15.6708
365	0.0303617	0.922613	0.767054	15.6895
366	0.0324649	0.923051	0.766708	15.7081
367	0.0356448	0.923655	0.765428	15.7266
368	0.0336075	0.924153	0.768062	15.7453
369	0.0338209	0.924663	0.770229	15.7641
370	0.0307842	0.925015	0.770117	15.7828
371	0.0275801	0.925203	0.768124	15.8014
372	0.0244399	0.925229	0.764782	15.8198
373	0.0224475	0.925153	0.760704	15.838
374	0.0226487	0.92509	0.758829	15.856
375	0.0235084	0.925073	0.75027	15.8736
376	0.0234845	0.925057	0.753226	15.8914
377	0.0216882	0.92495	0.757736	15.9093
378	0.021902	0.924855	0.75349	15.927
379	0.0232266	0.924831	0.754341	15.9447
380	0.0236013	0.924827	0.755813	15.9625
381	0.0239282	0.924842	0.758428	15.9804
382	0.0241775	0.92487	0.756508	15.9982
383	0.0249626	0.924941	0.756236	16.016
384	0.0275147	0.925142	0.748726	16.0333
385	0.0296859	0.925455	0.747204	16.0506
386	0.0269426	0.92563	0.748815	16.0679
387	0.0242931	0.925671	0.748132	16.0852
388	0.0272716	0.925864	0.750197	16.1025
389	0.0273168	0.926061	0.75037	16.1199
390	0.0256216	0.926173	0.748228	16.1371
391	0.0276687	0.92639	0.744145	16.1541
392	0.0274148	0.926595	0.74056	16.1709
393	0.0290124	0.926881	0.743235	16.1878
394	0.0306848	0.927252	0.744051	16.2047
395	0.0299184	0.927585	0.745253	16.2217
396	0.028203	0.927832	0.745186	16.2387
397	0.0257914	0.92796	0.748294	16.2558
398	0.0237867	0.927989	0.745881	16.2727
399	0.0225031	0.927955	0.745617	16.2896
400	0.0234258	0.927968	0.742916	16.3064
401	0.0262691	0.928125	0.743497	16.3232
402	0.0244276	0.928191	0.741683	16.3399
403	0.0221927	0.928147	0.7449	16.3567
404	0.021435	0.928067	0.745152	16.3736
405	0.0219614	0.928015	0.74717	16.3905
406	0.0198435	0.927859	0.749022	16.4075
407	0.0218751	0.927806	0.750481	16.4245
408	0.0232959	0.927824	0.751235	16.4416
409	0.0255746	0.927956	0.755403	16.4588
410	0.0228321	0.927954	0.757455	16.4761
411	0.0199275	0.927811	0.758966	16.4935
412	0.0180072	0.927575	0.75907	16.5109
413	0.0158112	0.927233	0.756233	16.5281
414	0.012501	0.92673	0.75549	16.5453
415	0.0142739	0.926317	0.749989	16.5621
416	0.0116347	0.925778	0.74985	16.579
417	0.0111069	0.925215	0.748709	16.5958
418	0.0109314	0.924646	0.751019	16.6127
419	0.00947855	0.92401	0.749506	16.6294
420	0.00787959	0.923298	0.750756	16.6463
421	0.00679338	0.922536	0.754092	16.6633
422	0.00633692	0.921755	0.754611	16.6802
423	0.00567967	0.920946	0.754108	16.6972
424	0.00520403	0.920116	0.755172	16.7142
425	0.00176247	0.919124	0.762108	16.7315
426	0.00155872	0.918124	0.764088	16.7488
427	0.00212659	0.917156	0.76308	16.7661
428	0.00310891	0.916239	0.760371	16.7833
429	0.00380945	0.915359	0.758099	16.8003
430	0.00262842	0.914426	0.75621	16.8173
431	0.00373063	0.913548	0.754906	16.8341
432	0.00503205	0.912737	0.758991	16.8511
433	0.0047122	0.911913	0.760991	16.8683
434	0.00565223	0.911137	0.760649	16.8853
435	0.00560399	0.910362	0.757492	16.9022
436	0.00660714	0.909638	0.755535	16.919
437	0.0049135	0.908836	0.756849	16.9359
438	0.00634222	0.908105	0.759014	16.9528
439	0.00772396	0.907443	0.760539	16.9698
440	0.00590267	0.906697	0.759461	16.9867
441	0.00494218	0.905907	0.758316	17.0035
442	0.00198176	0.904981	0.761677	17.0205
443	0.00356449	0.904132	0.759601	17.0374
444	0.00551676	0.903379	0.75712	17.0541
445	0.00627991	0.902665	0.756169	17.0708
446	0.00508634	0.901898	0.75825	17.0876
447	0.00517567	0.901137	0.759797	17.1044
448	0.00547094	0.900393	0.761422	17.1213
449	0.00683529	0.899716	0.759641	17.1381
450	0.00876303	0.899133	0.759602	17.1548
451	0.00730917	0.898483	0.756878	17.1714
452	0.00491387	0.897724	0.756652	17.188
453	0.00339876	0.896896	0.758888	17.2047
454	0.00266023	0.896037	0.762607	17.2215
455	0.00353211	0.895221	0.765813	17.2385
456	0.00687239	0.894564	0.765018	17.2554
457	0.00776144	0.893952	0.763302	17.2723
458	0.00448733	0.893189	0.767115	17.2892
459	0.00213363	0.892319	0.766463	17.3062
460	0.00270232	0.891478	0.768974	17.3232
461	0.00112665	0.890567	0.765181	17.3401
462	0.000773749	0.889643	0.76262	17.3568
463	0.00157225	0.888759	0.759007	17.3733
464	-0.000106492	0.8878	0.759413	17.3898
465	-0.000843735	0.88681	0.760849	17.4064
466	-0.00121821	0.885805	0.763085	17.4231
467	-0.00384628	0.884683	0.764394	17.4398
468	-0.00334117	0.883587	0.759345	17.4562
469	-0.00144905	0.882582	0.760524	17.4727
470	-0.000749654	0.881612	0.761037	17.4892
471	-0.00153581	0.880609	0.761062	17.5057
472	-0.00174612	0.879599	0.75603	17.522
473	-0.00108606	0.878623	0.756277	17.5382
474	-0.00284218	0.87757	0.758138	17.5546
475	-0.00157619	0.876577	0.760909	17.571
476	0.00141174	0.875724	0.763153	17.5875
477	0.00037735	0.874827	0.75963	17.6038
478	0.000245203	0.873926	0.760451	17.6202
479	0.000665435	0.873048	0.758734	17.6365
480	-0.00198007	0.872051	0.761716	17.6529
481	-0.00406921	0.870963	0.757709	17.6691
482	-0.0035471	0.869902	0.757268	17.6852
483	-0.00419706	0.868814	0.749665	17.701
484	-0.00266771	0.867798	0.746892	17.7167
485	-0.00345403	0.866751	0.745126	17.7322
486	-0.00448205	0.865659	0.744967	17.7478
487	-0.00339316	0.86462	0.740715	17.7631
488	-0.00465978	0.863527	0.733648	17.7781
489	-0.00576751	0.862387	0.726171	17.7928
490	-0.00534173	0.861269	0.728515	17.8075
491	-0.00492143	0.860174	0.730716	17.8224
492	-0.00465251	0.859093	0.729632	17.8372
493	-0.00620249	0.857946	0.73133	17.852
494	-0.00483339	0.856864	0.732366	17.8669
495	-0.00239999	0.855894	0.729312	17.8816
496	-0.000234915	0.855023	0.724099	17.8961
497	0.000776899	0.854201	0.725368	17.9106
498	-0.000474874	0.853325	0.724346	17.9251
499	0.000225365	0.852483	0.722741	17.9395
500	0.000281094	0.851646	0.721533	17.9538
501	0.00409656	0.850982	0.725045	17.9683
502	0.00562365	0.850388	0.724101	17.9827
503	0.00701555	0.849858	0.721669	17.997
504	0.00630151	0.849298	0.724434	18.0114
505	0.0072673	0.848782	0.724014	18.0258
506	0.00648378	0.848234	0.71621	18.0398
507	0.00650467	0.847689	0.718553	18.054
508	0.00654383	0.847147	0.719128	18.0681
509	0.00652283	0.846606	0.720885	18.0823
510	0.0054771	0.846021	0.722407	18.0966
511	0.00554806	0.845441	0.717629	18.1106
512	0.00589904	0.844879	0.711307	18.1243
513	0.00820928	0.84442	0.709607	18.138
514	0.00605586	0.843868	0.708541	18.1516
515	0.00336851	0.843199	0.711727	18.1654
516	0.00304393	0.842519	0.710004	18.179
517	0.00216874	0.841802	0.712088	18.1927
518	0.00216616	0.841087	0.71466	18.2066
519	0.00392585	0.840452	0.717718	18.2205
520	0.00613213	0.839915	0.718838	18.2346
521	0.00781116	0.839453	0.718703	18.2485
522	0.0058048	0.838905	0.717195	18.2624
523	0.00376691	0.83827	0.716759	18.2763
524	0.00419795	0.837656	0.714512	18.2901
525	0.00563822	0.837106	0.709798	18.3037
526	0.00545729	0.836551	0.711046	18.3173
527	0.00562909	0.836004	0.711486	18.3309
528	0.00879267	0.835597	0.71453	18.3446
529	0.00820066	0.835166	0.713039	18.3583
530	0.00603608	0.834642	0.709421	18.3718
531	0.0073457	0.834177	0.708214	18.3852
532	0.00602044	0.833656	0.704756	18.3985
533	0.00559232	0.833119	0.704424	18.4117
534	0.00589996	0.832596	0.70545	18.425
535	0.00626698	0.832091	0.705988	18.4383
536	0.00635527	0.831591	0.706932	18.4517
537	0.00731185	0.831134	0.708058	18.465
538	0.00719322	0.830674	0.705713	18.4783
539	0.00745484	0.830226	0.706753	18.4916
540	0.00676072	0.829751	0.706641	18.5049
541	0.00741438	0.829304	0.70321	18.518
542	0.00779739	0.828876	0.700865	18.531
543	0.00785088	0.828452	0.694309	18.5438
544	0.00848629	0.828056	0.690433	18.5563
545	0.00902909	0.827685	0.684183	18.5686
546	0.00692708	0.827225	0.682246	18.5808
547	0.00644184	0.826746	0.679279	18.5929
548	0.00516534	0.826214	0.681003	18.605
549	0.00293118	0.825589	0.682784	18.6172
550	0.00260799	0.824952	0.683471	18.6294
551	0.00268882	0.82432	0.684092	18.6416
552	0.0022939	0.823673	0.683711	18.6539
553	0.00340603	0.823076	0.684829	18.6661
554	0.00201379	0.822421	0.68578	18.6784
555	0.00167749	0.821753	0.689074	18.6908
556	0.000384623	0.821033	0.690013	18.7033
557	-0.00101865	0.820255	0.687657	18.7156
558	-0.00103892	0.819478	0.683816	18.7278
559	-0.00288935	0.818626	0.680982	18.7399
560	-0.00212576	0.817807	0.676498	18.7517
561	-0.00395382	0.816914	0.674985	18.7635
562	-0.00542396	0.815961	0.67506	18.7753
563	-0.00603617	0.814985	0.676523	18.7871
564	-0.00501956	0.814053	0.676247	18.7989
565	-0.00542715	0.813107	0.678912	18.8109
566	-0.00482546	0.812189	0.679077	18.8228
567	-0.00386863	0.811313	0.681027	18.8348
568	-0.00563725	0.810365	0.679295	18.8467
569	-0.00350999	0.809508	0.68168	18.8587
570	-0.00465441	0.808605	0.684159	18.8709
571	-0.00520755	0.807682	0.683775	18.883
572	-0.00299042	0.806853	0.68082	18.8949
573	-0.00321379	0.806017	0.681708	18.9069
574	-0.00168786	0.805247	0.682524	18.9189
575	-0.000339185	0.804535	0.682222	18.9309
576	0.000473705	0.803858	0.683978	18.943
577	-0.00286137	0.803045	0.683383	18.955
578	-0.00368752	0.802199	0.68418	18.9671
579	-0.00489077	0.801305	0.685991	18.9792
580	-0.00559158	0.800385	0.687906	18.9914
581	-0.00520404	0.799483	0.690685	19.0037
582	-0.00538695	0.798575	0.688786	19.016
583	-0.00524101	0.797676	0.682194	19.0279
584	-0.00393966	0.796832	0.67378	19.0395
585	-0.00533159	0.795933	0.674816	19.0511
586	-0.00617577	0.795001	0.673978	19.0627
587	-0.00664838	0.794052	0.669999	19.0741
588	-0.00702704	0.793089	0.667241	19.0854
589	-0.00956791	0.792025	0.666767	19.0967
590	-0.0111291	0.790898	0.666516	19.108
591	-0.0129026	0.789701	0.664665	19.1191
592	-0.0114345	0.788567	0.663325	19.1302
593	-0.010168	0.787487	0.65917	19.1412
594	-0.0123344	0.786321	0.658506	19.1521
595	-0.013125	0.785125	0.656749	19.1629
596	-0.0135387	0.783915	0.656621	19.1737
597	-0.0123112	0.782757	0.654062	19.1845
598	-0.0123151	0.781602	0.651116	19.1951
599	-0.0120208	0.780461	0.64767	19.2055
600	-0.0134311	0.779265	0.642249	19.2157
601	-0.0131235	0.778084	0.642236	19.2259
602	-0.0132966	0.776899	0.639151	19.236
603	-0.0120326	0.775767	0.638146	19.2461
604	-0.0117563	0.774649	0.633797	19.2559
605	-0.010806	0.773572	0.631555	19.2657
606	-0.0107616	0.772499	0.628187	19.2753
607	-0.00988383	0.771464	0.623354	19.2847
608	-0.00999091	0.770427	0.618631	19.294
609	-0.00931723	0.76942	0.61338	19.303
610	-0.0105566	0.768364	0.607723	19.3118
611	-0.011301	0.767281	0.605286	19.3205
612	-0.0126489	0.766145	0.605551	19.3292
613	-0.0137432	0.764968	0.603228	19.3378
614	-0.0144351	0.763765	0.603397	19.3464
615	-0.0155275	0.762521	0.605129	19.3551
616	-0.016554	0.761238	0.603817	19.3637
617	-0.0157526	0.759989	0.606516	19.3724
618	-0.0147305	0.758785	0.609693	19.3813
619	-0.0172017	0.757483	0.613931	19.3903
620	-0.015617	0.756248	0.61162	19.3992
621	-0.015571	0.755017	0.612141	19.4082
622	-0.0168712	0.753736	0.609994	19.417
623	-0.0189942	0.752373	0.608624	19.4258
624	-0.0184716	0.751034	0.609983	19.4347
625	-0.0174942	0.749736	0.611349	19.4436
626	-0.0190434	0.748379	0.609798	19.4524
627	-0.0184412	0.747048	0.609739	19.4613
628	-0.0187305	0.745709	0.613007	19.4703
629	-0.0175963	0.744417	0.615691	19.4793
630	-0.0177859	0.743121	0.616885	19.4885
631	-0.0181822	0.741811	0.616012	19.4975
632	-0.0178387	0.740517	0.615738	19.5066
633	-0.0194581	0.739162	0.614863	19.5157
634	-0.0199216	0.73779	0.614087	19.5247
635	-0.0208531	0.736385	0.611955	19.5336
636	-0.0203325	0.735003	0.613036	19.5425
637	-0.0213125	0.733584	0.613164	19.5515
638	-0.0192816	0.732249	0.61498	19.5605
639	-0.0195163	0.730906	0.616098	19.5696
640	-0.0193332	0.729574	0.615908	19.5786
641	-0.0184059	0.72828	0.616404	19.5877
642	-0.0171222	0.72704	0.61889	19.5969
643	-0.0167712	0.725816	0.618434	19.606
644	-0.0151052	0.72466	0.619701	19.6152
645	-0.0144118	0.723533	0.62161	19.6245
646	-0.0127336	0.722474	0.621619	19.6338
647	-0.0114487	0.721468	0.622324	19.6431
648	-0.0111925	0.720474	0.624653	19.6525
649	-0.0089833	0.719568	0.62626	19.6619
650	-0.0106146	0.7186	0.628571	19.6715
651	-0.0107285	0.71763	0.63059	19.6811
652	-0.0114583	0.716633	0.630259	19.6907
653	-0.0106458	0.71567	0.630703	19.7003
654	-0.00958953	0.71475	0.630825	19.7099
655	-0.00941748	0.713838	0.630372	19.7195
656	-0.0107707	0.712876	0.629532	19.729
657	-0.008783	0.711992	0.627203	19.7385
658	-0.0110824	0.711022	0.629445	19.748
659	-0.0117636	0.710026	0.62873	19.7575
660	-0.0142045	0.708937	0.628266	19.767
661	-0.0125994	0.707913	0.628832	19.7765
662	-0.0138531	0.706842	0.628033	19.786
663	-0.0139118	0.705771	0.627912	19.7955
664	-0.0121621	0.70477	0.629268	19.805
665	-0.013185	0.703731	0.629109	19.8145
666	-0.0148805	0.702628	0.630128	19.824
667	-0.0124101	0.701623	0.63021	19.8336
668	-0.0119469	0.700638	0.631628	19.8432
669	-0.0119794	0.699653	0.633719	19.8528
670	-0.0106445	0.698722	0.635873	19.8626
671	-0.00942684	0.697839	0.634687	19.8723
672	-0.00814199	0.697007	0.633439	19.8819
673	-0.00739106	0.696206	0.634045	19.8916
674	-0.00750593	0.695403	0.635531	19.9013
675	-0.00740911	0.694604	0.635236	19.9111
676	-0.0073187	0.693811	0.636001	19.9208
677	-0.0069766	0.693032	0.638421	19.9306
678	-0.00723995	0.692244	0.638378	19.9404
679	-0.00795471	0.691431	0.637285	19.9502
680	-0.00736291	0.690642	0.636133	19.9599
681	-0.00694201	0.689871	0.636615	19.9697
682	-0.00719519	0.689091	0.637187	19.9794
683	-0.00723424	0.688311	0.635308	19.9891
684	-0.00798828	0.687505	0.634755	19.9988
685	-0.00604975	0.686773	0.63706	20.0085
686	-0.00540454	0.686068	0.637926	20.0183
687	-0.00582783	0.685348	0.638496	20.0281
688	-0.00546921	0.684643	0.637895	20.0379
689	-0.00865248	0.683818	0.640465	20.0477
690	-0.0105859	0.682921	0.638842	20.0575
691	-0.00981151	0.682056	0.641273	20.0674
692	-0.0113495	0.681133	0.641603	20.0773
693	-0.0131372	0.680145	0.641871	20.0872
694	-0.0136645	0.679138	0.642257	20.0971
695	-0.0121759	0.67819	0.643406	20.1071
696	-0.0132704	0.677201	0.643485	20.117
697	-0.0131857	0.676218	0.645532	20.127
698	-0.0124514	0.675264	0.644952	20.137
699	-0.0145515	0.674233	0.647228	20.1471
700	-0.0160554	0.673146	0.649249	20.1572
701	-0.0133734	0.672163	0.653325	20.1675
702	-0.0142606	0.671148	0.651088	20.1778
703	-0.0140875	0.670141	0.652741	20.188
704	-0.0135298	0.669157	0.653536	20.1983
705	-0.0123344	0.66822	0.653731	20.2086
706	-0.0137124	0.667233	0.652323	20.2189
707	-0.0138922	0.66624	0.653516	20.2291
708	-0.0139675	0.665247	0.653155	20.2394
709	-0.0139838	0.664254	0.653453	20.2497
710	-0.0148593	0.663231	0.655438	20.26
711	-0.0159089	0.66217	0.656036	20.2704
712	-0.0162128	0.661099	0.656311	20.2807
713	-0.0175779	0.659979	0.659182	20.2912
714	-0.0192618	0.658798	0.662466	20.3018
715	-0.0200255	0.657591	0.663515	20.3124
716	-0.0193441	0.656411	0.665196	20.3231
717	-0.0190964	0.655242	0.663622	20.3337
718	-0.0206867	0.654016	0.661181	20.3442
719	-0.020706	0.652791	0.661569	20.3547
720	-0.0201397	0.651589	0.6628	20.3653
721	-0.0182301	0.650461	0.665422	20.3759
722	-0.019129	0.6493	0.66676	20.3866
723	-0.0173335	0.648209	0.666898	20.3973
724	-0.0166839	0.647143	0.668929	20.4081
725	-0.0156384	0.646118	0.668156	20.4189
726	-0.0163096	0.645069	0.668556	20.4296
727	-0.0169773	0.643998	0.670252	20.4404
728	-0.0160161	0.642964	0.671354	20.4513
729	-0.0162955	0.641921	0.671114	20.4621
730	-0.0162121	0.640883	0.672125	20.4729
731	-0.0170132	0.639818	0.67262	20.4838
732	-0.0185423	0.638697	0.673889	20.4947
733	-0.0199762	0.637526	0.675518	20.5057
734	-0.0205529	0.636335	0.675242	20.5167
735	-0.0211415	0.635124	0.673253	20.5275
736	-0.0224506	0.633868	0.671673	20.5383
737	-0.0235886	0.632571	0.67183	20.5492
738	-0.0243088	0.63125	0.673303	20.56
739	-0.0227724	0.629987	0.676191	20.571
740	-0.021011	0.628791	0.678145	20.582
741	-0.018857	0.627676	0.678539	20.593
742	-0.0184946	0.626576	0.679613	20.6041
743	-0.0172229	0.625524	0.680076	20.6152
744	-0.0150069	0.624555	0.676257	20.6261
745	-0.0163095	0.623541	0.672972	20.637
746	-0.0175478	0.622482	0.672446	20.6477
747	-0.0173366	0.621433	0.672278	20.6585
748	-0.0173239	0.620386	0.669285	20.6692
749	-0.0182813	0.619306	0.668985	20.6798
750	-0.0166468	0.618287	0.670052	20.6905
751	-0.0170312	0.617255	0.668749	20.7011
752	-0.0164498	0.616247	0.669802	20.7118
753	-0.0157195	0.615266	0.670157	20.7225
754	-0.0150171	0.614313	0.670427	20.7331
755	-0.0148845	0.613366	0.670218	20.7438
756	-0.0151281	0.612412	0.669303	20.7544
757	-0.0165411	0.611408	0.671045	20.7651
758	-0.0154696	0.610445	0.672683	20.7758
759	-0.0171466	0.609422	0.671148	20.7865
760	-0.0175958	0.608384	0.667858	20.7971
761	-0.0180304	0.607333	0.666588	20.8076
762	-0.0166939	0.606331	0.667879	20.8181
763	-0.0157447	0.605366	0.66701	20.8286
764	-0.0163825	0.604378	0.668181	20.8391
765	-0.0153885	0.603429	0.670641	20.8498
766	-0.0147226	0.602504	0.670774	20.8604
767	-0.0154467	0.601556	0.670928	20.871
768	-0.0138905	0.600664	0.673383	20.8817
769	-0.0146415	0.599747	0.672732	20.8924
770	-0.0156589	0.598795	0.673957	20.9031
771	-0.0147924	0.597876	0.675134	20.9139
772	-0.0149166	0.596953	0.671193	20.9245
773	-0.0144841	0.596048	0.668033	20.935
774	-0.0151033	0.595121	0.666327	20.9454
775	-0.0170221	0.594127	0.664803	20.9558
776	-0.0162241	0.593164	0.665443	20.9662
777	-0.0176735	0.59215	0.665728	20.9766
778	-0.0162064	0.59119	0.668908	20.9871
779	-0.0174624	0.590186	0.671397	20.9977
780	-0.0171194	0.589197	0.670629	21.0082
781	-0.0155965	0.588263	0.672208	21.0188
782	-0.0151029	0.587348	0.674237	21.0295
783	-0.0146121	0.586453	0.675101	21.0402
784	-0.0150483	0.585543	0.675733	21.0509
785	-0.0149245	0.584638	0.674935	21.0616
786	-0.013697	0.583779	0.675901	21.0723
787	-0.0134364	0.582931	0.676773	21.083
788	-0.0144972	0.582046	0.677376	21.0938
789	-0.0145332	0.581161	0.677355	21.1045
790	-0.0154757	0.580244	0.678692	21.1153
791	-0.0136746	0.579393	0.680265	21.1261
792	-0.0130963	0.578563	0.680358	21.137
793	-0.0123671	0.577761	0.681433	21.1478
794	-0.012075	0.57697	0.682473	21.1587
795	-0.0131525	0.576142	0.684503	21.1697
796	-0.0150269	0.575249	0.686503	21.1808
797	-0.0156038	0.574336	0.687284	21.1918
798	-0.0154179	0.573432	0.68721	21.2029
799	-0.0167229	0.572483	0.685899	21.2138
800	-0.0170921	0.571523	0.684375	21.2248
801	-0.0152289	0.570629	0.682656	21.2357
802	-0.0166561	0.569687	0.685304	21.2466
803	-0.0190829	0.56866	0.687424	21.2576
804	-0.0188373	0.567644	0.687639	21.2687
805	-0.0192872	0.566613	0.687391	21.2797
806	-0.0186069	0.565608	0.687087	21.2907
807	-0.018516	0.564607	0.686169	21.3016
808	-0.0175648	0.563642	0.686456	21.3126
809	-0.0172103	0.56269	0.686184	21.3236
810	-0.0166261	0.56176	0.686779	21.3345
811	-0.0174002	0.560804	0.687987	21.3455
812	-0.019296	0.559783	0.690339	21.3566
813	-0.0188381	0.558779	0.688842	21.3676
814	-0.0185357	0.557788	0.688663	21.3787
815	-0.0175826	0.556831	0.691604	21.3898
816	-0.0178046	0.555868	0.692594	21.4009
817	-0.0167068	0.554945	0.694708	21.4121
818	-0.0176025	0.553992	0.695543	21.4233
819	-0.0175713	0.553041	0.695758	21.4346
820	-0.0164219	0.552132	0.695465	21.4458
821	-0.0188403	0.55114	0.698128	21.4571
822	-0.0199377	0.550111	0.699798	21.4684
823	-0.0199995	0.549081	0.699738	21.4798
824	-0.0197911	0.54806	0.701645	21.4912
825	-0.0212521	0.546989	0.702024	21.5026
826	-0.0218725	0.545899	0.702615	21.514
827	-0.0213886	0.544827	0.701844	21.5254
828	-0.0214059	0.543755	0.702669	21.5368
829	-0.020765	0.542708	0.703865	21.5483
830	-0.0211911	0.541647	0.70449	21.5598
831	-0.0205484	0.54061	0.705406	21.5713
832	-0.0200017	0.539593	0.705294	21.5828
833	-0.0198277	0.538583	0.706096	21.5943
834	-0.0215406	0.537516	0.708353	21.6058
835	-0.0220361	0.536433	0.707961	21.6174
836	-0.0225084	0.535336	0.706547	21.6289
837	-0.0229256	0.534225	0.70589	21.6404
838	-0.0220961	0.533145	0.705901	21.6519
839	-0.0228601	0.532039	0.705896	21.6633
840	-0.0234907	0.530914	0.703581	21.6747
841	-0.023542	0.529788	0.70397	21.6861
842	-0.0224792	0.5287	0.703781	21.6975
843	-0.0231115	0.527592	0.704848	21.7089
844	-0.0232145	0.526482	0.706503	21.7203
845	-0.0223675	0.525403	0.707957	21.7318
846	-0.0223181	0.524326	0.709561	21.7434
847	-0.0236776	0.523205	0.710276	21.7549
848	-0.0240561	0.522072	0.709969	21.7665
849	-0.0229603	0.520978	0.708604	21.778
850	-0.0226891	0.519895	0.710147	21.7895
851	-0.0220056	0.518837	0.709044	21.801
852	-0.0229503	0.517747	0.708585	21.8125
853	-0.0236167	0.516637	0.70779	21.824
854	-0.0236541	0.515526	0.705211	21.8353
855	-0.0232299	0.514432	0.702669	21.8466
856	-0.0244988	0.513296	0.699027	21.8577
857	-0.0246603	0.512156	0.697288	21.8688
858	-0.0267875	0.510944	0.697496	21.8798
859	-0.0263709	0.509749	0.696831	21.8909
860	-0.0275286	0.508515	0.696067	21.9019
861	-0.0286867	0.507244	0.697679	21.9129
862	-0.029735	0.505939	0.698902	21.924
863	-0.0292388	0.504652	0.698843	21.9351
864	-0.0285463	0.503391	0.698395	21.9462
865	-0.030049	0.50208	0.698169	21.9572
866	-0.0287349	0.500815	0.69961	21.9683
867	-0.0283005	0.499567	0.700905	21.9795
868	-0.0275427	0.498346	0.699078	21.9905
869	-0.0275576	0.497126	0.699262	22.0016
870	-0.0270718	0.495924	0.698271	22.0126
871	-0.0268016	0.494733	0.69883	22.0237
872	-0.0272327	0.493529	0.698852	22.0347
873	-0.0282309	0.492292	0.697823	22.0457
874	-0.0280099	0.491065	0.698124	22.0567
875	-0.0287613	0.489814	0.699361	22.0677
876	-0.0286399	0.488568	0.697785	22.0787
877	-0.0292473	0.487303	0.698695	22.0897
878	-0.0287447	0.486058	0.697771	22.1007
879	-0.0286255	0.484817	0.698159	22.1116
880	-0.0287767	0.483573	0.699286	22.1227
881	-0.0294431	0.482309	0.699848	22.1337
882	-0.0297467	0.481035	0.697642	22.1446
883	-0.0299486	0.479757	0.698264	22.1556
884	-0.0309645	0.478446	0.699516	22.1666
885	-0.0314704	0.477119	0.697407	22.1775
886	-0.0319846	0.475777	0.697603	22.1884
887	-0.0330135	0.474402	0.698744	22.1994
888	-0.0348867	0.472966	0.700434	22.2104
889	-0.0354156	0.471514	0.70128	22.2214
890	-0.0364488	0.470029	0.701537	22.2324
891	-0.0372233	0.468521	0.698667	22.2433
892	-0.0376469	0.466999	0.697876	22.2542
893	-0.0369342	0.465504	0.698603	22.2652
894	-0.0370179	0.464007	0.699432	22.2761
895	-0.0343938	0.4626	0.702666	22.2871
896	-0.0336762	0.461219	0.704801	22.2982
897	-0.0345556	0.45981	0.704999	22.3094
898	-0.0342896	0.458411	0.705549	22.3205
899	-0.0335005	0.457041	0.705976	22.3316
900	-0.0334451	0.455674	0.705957	22.3427
901	-0.0335893	0.454303	0.703939	22.3538
902	-0.0345086	0.452904	0.703549	22.3648
903	-0.0351812	0.451485	0.705753	22.3759
904	-0.0341149	0.450102	0.706436	22.387
905	-0.0339457	0.448727	0.702218	22.398
906	-0.0333391	0.447373	0.70305	22.409
907	-0.0340979	0.445996	0.704178	22.42
908	-0.0349559	0.444592	0.704594	22.4311
909	-0.0359853	0.443156	0.705633	22.4421
910	-0.0374002	0.441674	0.708265	22.4533
911	-0.03696	0.440209	0.707594	22.4644
912	-0.0375376	0.438727	0.707491	22.4755
913	-0.0366853	0.437274	0.707592	22.4866
914	-0.0369798	0.435813	0.703929	22.4976
915	-0.0366651	0.434365	0.702404	22.5085
916	-0.0378474	0.432879	0.70343	22.5195
917	-0.0377658	0.431398	0.703892	22.5304
918	-0.0371022	0.42994	0.705213	22.5414
919	-0.0371999	0.428481	0.706208	22.5525
920	-0.0365278	0.427045	0.70609	22.5635
921	-0.0363777	0.425617	0.704465	22.5744
922	-0.0363816	0.424189	0.702927	22.5853
923	-0.0354036	0.422796	0.702825	22.5962
924	-0.0343923	0.421437	0.701984	22.6071
925	-0.033778	0.420101	0.702169	22.618
926	-0.0347799	0.418733	0.704304	22.6289
927	-0.0351666	0.417353	0.704104	22.6398
928	-0.0346516	0.415993	0.704301	22.6507
929	-0.0344909	0.414639	0.703868	22.6616
930	-0.0346028	0.413283	0.704965	22.6726
931	-0.0336437	0.41196	0.705349	22.6835
932	-0.0353027	0.410584	0.706272	22.6945
933	-0.036048	0.409186	0.70485	22.7054
934	-0.0366703	0.407768	0.703181	22.7162
935	-0.0381774	0.406303	0.702704	22.7271
936	-0.0398291	0.404786	0.703756	22.7379
937	-0.0389216	0.403301	0.703899	22.7488
938	-0.0388625	0.401818	0.701049	22.7596
939	-0.0391233	0.40033	0.701432	22.7703
940	-0.0399867	0.398814	0.701809	22.7811
941	-0.0397474	0.397308	0.701885	22.7919
942	-0.0399656	0.395797	0.70328	22.8027
943	-0.0403799	0.394274	0.703489	22.8135
944	-0.0395728	0.392779	0.700641	22.8242
945	-0.0381288	0.391332	0.700979	22.8349
946	-0.0378745	0.389896	0.70089	22.8457
947	-0.0370037	0.388489	0.699323	22.8563
948	-0.0364808	0.387101	0.698101	22.8669
949	-0.0357331	0.385739	0.698959	22.8776
950	-0.0347615	0.38441	0.697537	22.8882
951	-0.0336623	0.383117	0.697876	22.8988
952	-0.0328425	0.381853	0.696616	22.9093
953	-0.0332835	0.380576	0.695469	22.9198
954	-0.0327325	0.379318	0.695537	22.9303
955	-0.0318394	0.378091	0.694723	22.9408
956	-0.0323407	0.376849	0.693815	22.9512
957	-0.032123	0.375615	0.693435	22.9617
958	-0.0318627	0.374391	0.692247	22.972
959	-0.0326064	0.373144	0.69262	22.9824
960	-0.0337035	0.371864	0.694385	22.9929
961	-0.0345823	0.370556	0.694777	23.0033
962	-0.034267	0.36926	0.691566	23.0137
963	-0.0351212	0.367938	0.687862	23.0239
964	-0.0347126	0.366631	0.687397	23.0341
965	-0.0337787	0.365355	0.687696	23.0443
966	-0.0343751	0.364061	0.689586	23.0545
967	-0.0341157	0.362777	0.691285	23.0648
968	-0.0327664	0.361538	0.691797	23.0752
969	-0.0319519	0.360327	0.690931	23.0854
970	-0.0319302	0.359117	0.690449	23.0957
971	-0.0313305	0.357928	0.690569	23.106
972	-0.0308002	0.356758	0.689871	23.1162
973	-0.0317988	0.355556	0.691651	23.1265
974	-0.0311569	0.354377	0.692278	23.1368
975	-0.0298286	0.353241	0.692947	23.1471
976	-0.0295132	0.352117	0.693305	23.1575
977	-0.0287363	0.351018	0.693504	23.1678
978	-0.0297497	0.349889	0.694752	23.1782
979	-0.0308708	0.348725	0.696559	23.1886
980	-0.0313505	0.347547	0.696856	23.199
981	-0.0313882	0.346369	0.696686	23.2095
982	-0.0307958	0.345211	0.696653	23.2199
983	-0.0296668	0.344091	0.697349	23.2303
984	-0.029348	0.342981	0.697575	23.2407
985	-0.0303091	0.341843	0.694305	23.251
986	-0.0299166	0.340718	0.693326	23.2613
987	-0.0298668	0.339596	0.694555	23.2717
988	-0.0293115	0.338493	0.694226	23.282
989	-0.0284873	0.337417	0.694257	23.2923
990	-0.0283032	0.336348	0.693329	23.3025
991	-0.0290399	0.335257	0.69389	23.3128
992	-0.0296356	0.334149	0.694413	23.3231
993	-0.0297806	0.333037	0.694982	23.3334
994	-0.0298735	0.331923	0.69547	23.3438
995	-0.0297948	0.330813	0.696385	23.3541
996	-0.0300561	0.329696	0.697092	23.3645
997	-0.0293739	0.328601	0.697726	23.3748
998	-0.0293966	0.327507	0.694635	23.3851
999	-0.0294355	0.326413	0.694686	23.3954
1000	-0.0298168	0.325308	0.695341	23.4057
1001	-0.0304124	0.324186	0.697359	23.416
1002	-0.031145	0.323041	0.697497	23.4264
1003	-0.031192	0.321897	0.698704	23.4368
1004	-0.0315097	0.320743	0.698592	23.4471
1005	-0.0311134	0.319604	0.695306	23.4574
1006	-0.0309904	0.318469	0.694724	23.4676
1007	-0.0304823	0.317351	0.694654	23.4779
1008	-0.0314925	0.316203	0.695758	23.4881
1009	-0.0318604	0.315045	0.697025	23.4984
1010	-0.0325774	0.313865	0.698589	23.5088
1011	-0.0325187	0.312688	0.6989	23.5191
1012	-0.0320031	0.311529	0.6985	23.5295
1013	-0.0322868	0.310362	0.699396	23.5398
1014	-0.0321292	0.309202	0.700378	23.5502
1015	-0.0320175	0.308045	0.700229	23.5606
1016	-0.0325193	0.306875	0.70148	23.571
1017	-0.0330037	0.30569	0.700613	23.5814
1018	-0.033014	0.304507	0.701463	23.5918
1019	-0.0331713	0.30332	0.702519	23.6022
1020	-0.032581	0.302152	0.70178	23.6126
1021	-0.0329056	0.300975	0.703469	23.6231
1022	-0.0331117	0.299794	0.703975	23.6335
1023	-0.0326855	0.298627	0.703532	23.644
1024	-0.0327388	0.297459	0.703181	23.6544
1025	-0.0332745	0.296276	0.704065	23.6649
1026	-0.0325395	0.295117	0.705513	23.6753
1027	-0.0332468	0.293937	0.70689	23.6859
1028	-0.033495	0.29275	0.703936	23.6963
1029	-0.033869	0.291554	0.700621	23.7066
1030	-0.0340971	0.290351	0.698888	23.7169
1031	-0.0345434	0.289136	0.696893	23.7271
1032	-0.0352127	0.287901	0.696725	23.7373
1033	-0.035023	0.286673	0.697317	23.7475
1034	-0.0354483	0.285433	0.696738	23.7577
1035	-0.0353637	0.284197	0.698138	23.7679
1036	-0.0347788	0.282981	0.698204	23.7781
1037	-0.0341615	0.281785	0.698822	23.7884
1038	-0.0339855	0.280596	0.698823	23.7986
1039	-0.0334112	0.279425	0.699104	23.8088
1040	-0.0340786	0.278235	0.70052	23.8191
1041	-0.034754	0.277026	0.700784	23.8294
1042	-0.0349905	0.27581	0.699105	23.8396
1043	-0.0355209	0.274579	0.698911	23.8498
1044	-0.0359181	0.273338	0.699588	23.86
1045	-0.035245	0.272118	0.701074	23.8703
1046	-0.0352844	0.270898	0.701347	23.8806
1047	-0.0353468	0.269677	0.701666	23.8909
1048	-0.0352257	0.268462	0.701071	23.9011
1049	-0.0341774	0.26728	0.701311	23.9114
1050	-0.0348101	0.26608	0.702041	23.9216
1051	-0.0344097	0.264893	0.701776	23.9319
1052	-0.0349417	0.263691	0.703474	23.9422
1053	-0.0338179	0.262525	0.703771	23.9525
1054	-0.0337944	0.26136	0.702901	23.9628
1055	-0.0338489	0.260196	0.702964	23.9731
1056	-0.0356425	0.258977	0.705763	23.9835
1057	-0.0366014	0.25773	0.70717	23.9939
1058	-0.0358487	0.256507	0.707716	24.0043
1059	-0.0365332	0.255265	0.7082	24.0147
1060	-0.0373633	0.253998	0.706894	24.0251
1061	-0.0376024	0.252725	0.704753	24.0354
1062	-0.037887	0.251445	0.704489	24.0457
1063	-0.0374886	0.250178	0.704774	24.056
1064	-0.0393224	0.248856	0.706257	24.0664
1065	-0.0401279	0.247511	0.706468	24.0767
1066	-0.0398217	0.246177	0.705784	24.087
1067	-0.0393413	0.244858	0.704711	24.0973
1068	-0.040383	0.243509	0.705124	24.1076
1069	-0.0405023	0.242158	0.705768	24.1179
1070	-0.0417511	0.24077	0.707207	24.1283
1071	-0.0417029	0.239385	0.707126	24.1386
1072	-0.0422077	0.237985	0.707179	24.149
1073	-0.0417581	0.236601	0.706884	24.1593
1074	-0.0410407	0.23524	0.708275	24.1696
1075	-0.041096	0.233878	0.705708	24.1799
1076	-0.0416101	0.232502	0.705473	24.1902
1077	-0.0399948	0.231177	0.707064	24.2005
1078	-0.0413289	0.229812	0.707087	24.2108
1079	-0.0412826	0.22845	0.707899	24.2211
1080	-0.0411092	0.227095	0.706836	24.2314
1081	-0.0429911	0.225684	0.708932	24.2418
1082	-0.0430041	0.224274	0.705775	24.252
1083	-0.0420778	0.222893	0.703919	24.2622
1084	-0.0420528	0.221514	0.704478	24.2724
1085	-0.0424363	0.220125	0.703887	24.2826
1086	-0.041547	0.218764	0.704875	24.2928
1087	-0.0413007	0.217412	0.704815	24.303
1088	-0.0415417	0.216054	0.703922	24.3132
1089	-0.040689	0.214723	0.705176	24.3234
1090	-0.0405012	0.213399	0.705958	24.3336
1091	-0.0405787	0.212074	0.704703	24.3438
1092	-0.0409303	0.21074	0.705606	24.354
1093	-0.0410662	0.209403	0.705939	24.3642
1094	-0.041559	0.208052	0.707262	24.3745
1095	-0.0424162	0.206676	0.70886	24.3848
1096	-0.0416618	0.205325	0.710679	24.3951
1097	-0.0406711	0.204005	0.710283	24.4054
1098	-0.0393334	0.202726	0.71117	24.4158
1099	-0.0390231	0.201458	0.710228	24.4261
1100	-0.0386642	0.200202	0.710239	24.4364
1101	-0.0377773	0.198973	0.709508	24.4467
1102	-0.0377287	0.197748	0.709336	24.457
1103	-0.0375564	0.196528	0.709834	24.4672
1104	-0.0378895	0.1953	0.710129	24.4775
1105	-0.0377655	0.194077	0.710937	24.4878
1106	-0.0376998	0.192857	0.710246	24.4981
1107	-0.0374307	0.191646	0.709819	24.5084
1108	-0.0392575	0.190381	0.710355	24.5187
1109	-0.0389303	0.189127	0.710189	24.5289
1110	-0.0378227	0.187908	0.711238	24.5392
1111	-0.0377595	0.186692	0.71208	24.5496
1112	-0.0370066	0.185499	0.711629	24.5599
1113	-0.0360246	0.184337	0.712545	24.5702
1114	-0.0372729	0.183139	0.714547	24.5806
1115	-0.0373199	0.18194	0.714031	24.5909
1116	-0.0376632	0.180733	0.715796	24.6013
1117	-0.0366525	0.179556	0.715629	24.6117
1118	-0.0370609	0.178368	0.714835	24.6221
1119	-0.0370983	0.177181	0.714927	24.6325
1120	-0.0366743	0.176007	0.715339	24.6428
1121	-0.0366803	0.174834	0.716257	24.6532
1122	-0.0367983	0.173659	0.717293	24.6637
1123	-0.0368299	0.172483	0.717826	24.6741
1124	-0.0362387	0.171327	0.71896	24.6846
1125	-0.0371424	0.170144	0.720038	24.6951
1126	-0.0375769	0.16895	0.720792	24.7056
1127	-0.0365343	0.167788	0.720062	24.7161
1128	-0.0360917	0.16664	0.717339	24.7265
1129	-0.0368757	0.16547	0.71803	24.7369
1130	-0.0370468	0.164296	0.718559	24.7473
1131	-0.0370393	0.163123	0.719323	24.7578
1132	-0.0369791	0.161953	0.719146	24.7682
1133	-0.0380951	0.160751	0.7195	24.7786
1134	-0.0375948	0.159564	0.719875	24.7891
1135	-0.0373127	0.158388	0.720671	24.7996
1136	-0.036763	0.157228	0.721375	24.81
1137	-0.0365988	0.156075	0.722588	24.8206
1138	-0.0369405	0.154912	0.723199	24.8311
1139	-0.0372605	0.153741	0.722217	24.8416
1140	-0.0377737	0.152556	0.722461	24.8521
1141	-0.0377532	0.151373	0.722503	24.8626
1142	-0.037969	0.150184	0.721828	24.8731
1143	-0.0379276	0.148998	0.71978	24.8835
1144	-0.03781	0.147816	0.718699	24.8938
1145	-0.03761	0.146641	0.717603	24.9042
1146	-0.0373554	0.145474	0.715683	24.9144
1147	-0.0370658	0.144317	0.714655	24.9247
1148	-0.0367531	0.143171	0.714871	24.9349
1149	-0.0374574	0.142005	0.71657	24.9452
1150	-0.0380612	0.140822	0.716829	24.9555
1151	-0.0387738	0.139619	0.717866	24.9658
1152	-0.0381507	0.138435	0.717627	24.9761
1153	-0.0393476	0.137217	0.717589	24.9864
1154	-0.0394041	0.135999	0.715765	24.9967
1155	-0.0389863	0.134794	0.713663	25.0068
1156	-0.0370641	0.133647	0.713192	25.017
1157	-0.0360206	0.132531	0.713373	25.0272
1158	-0.0357277	0.131425	0.714946	25.0374
1159	-0.0353246	0.130332	0.715897	25.0476
1160	-0.0362258	0.129213	0.716231	25.0578
1161	-0.0347518	0.128138	0.715902	25.068
1162	-0.0346069	0.127069	0.715566	25.0782
1163	-0.0346293	0.126	0.715528	25.0884
1164	-0.0345787	0.124933	0.716068	25.0986
1165	-0.0345007	0.123869	0.715918	25.1088
1166	-0.0355977	0.122775	0.715956	25.119
1167	-0.0359941	0.12167	0.715538	25.1292
1168	-0.036405	0.120553	0.713065	25.1393
1169	-0.0357938	0.119456	0.71291	25.1494
1170	-0.0358288	0.118358	0.710906	25.1595
1171	-0.0359491	0.117258	0.710248	25.1695
1172	-0.0356446	0.116168	0.710556	25.1795
1173	-0.0352201	0.115091	0.709234	25.1895
1174	-0.035975	0.113993	0.708212	25.1994
1175	-0.0364596	0.112882	0.70788	25.2093
1176	-0.0355456	0.111798	0.70581	25.2192
1177	-0.0365411	0.110687	0.704888	25.229
1178	-0.0367337	0.10957	0.705156	25.2389
1179	-0.0379822	0.108419	0.706314	25.2487
1180	-0.0372325	0.10729	0.704852	25.2585
1181	-0.036335	0.106188	0.705976	25.2684
1182	-0.0365166	0.105082	0.705504	25.2782
1183	-0.0372179	0.103956	0.70484	25.288
1184	-0.0363581	0.102857	0.704422	25.2978
1185	-0.03597	0.101769	0.703483	25.3076
1186	-0.0355864	0.100694	0.702935	25.3173
1187	-0.0351872	0.0996314	0.701815	25.327
1188	-0.0339698	0.0986048	0.701677	25.3367
1189	-0.0343987	0.0975666	0.701154	25.3464
1190	-0.0345623	0.0965246	0.702057	25.3561
1191	-0.0356525	0.0954519	0.702433	25.3658
1192	-0.0356356	0.0943807	0.702673	25.3755
1193	-0.0349396	0.0933304	0.702097	25.3852
1194	-0.0350772	0.0922771	0.701274	25.3949
1195	-0.0344876	0.0912418	0.702668	25.4046
1196	-0.0337391	0.0902289	0.702634	25.4143
1197	-0.0345379	0.0891938	0.703058	25.424
1198	-0.0346901	0.0881552	0.703982	25.4337
1199	-0.0347105	0.0871169	0.702662	25.4434
1200	-0.0333842	0.0861178	0.702989	25.4531
1201	-0.0330694	0.0851285	0.70231	25.4627
1202	-0.0324703	0.0841574	0.702753	25.4724
1203	-0.0319467	0.0832022	0.703341	25.4821
1204	-0.0317591	0.0822531	0.703176	25.4918
1205	-0.0304526	0.0813425	0.704768	25.5015
1206	-0.0310529	0.0804154	0.702489	25.5112
1207	-0.0306961	0.0794993	0.701088	25.5208
1208	-0.0297248	0.0786119	0.701544	25.5304
1209	-0.0296876	0.0777264	0.701641	25.54
1210	-0.030398	0.0768211	0.700832	25.5496
1211	-0.0304221	0.075916	0.700071	25.5592
1212	-0.0297144	0.0750319	0.698019	25.5687
1213	-0.0296824	0.0741494	0.696723	25.5781
1214	-0.0293549	0.0732771	0.696597	25.5876
1215	-0.0290788	0.0724135	0.696496	25.597
1216	-0.0299847	0.0715246	0.697226	25.6065
1217	-0.0304532	0.070623	0.697254	25.616
1218	-0.0317405	0.0696853	0.698286	25.6255
1219	-0.0331241	0.0687088	0.698207	25.635
1220	-0.0325126	0.0677507	0.698655	25.6445
1221	-0.0317364	0.0668155	0.699671	25.654
1222	-0.0316746	0.0658828	0.700089	25.6635
1223	-0.0316217	0.0649524	0.701003	25.6731
1224	-0.031859	0.064016	0.701244	25.6826
1225	-0.0316573	0.0630862	0.701011	25.6922
1226	-0.0310064	0.0621757	0.701065	25.7017
1227	-0.0316778	0.0612468	0.701471	25.7112
1228	-0.0325526	0.0602937	0.700694	25.7208
1229	-0.033274	0.0593208	0.701297	25.7303
1230	-0.0338343	0.0583328	0.69984	25.7398
1231	-0.0342919	0.0573326	0.698218	25.7492
1232	-0.0347999	0.0563187	0.698936	25.7587
1233	-0.0353884	0.0552889	0.69954	25.7682
1234	-0.0353875	0.05426	0.700296	25.7777
1235	-0.0352379	0.0532361	0.70125	25.7872
1236	-0.0344804	0.0522346	0.702919	25.7968
1237	-0.0334958	0.051262	0.704447	25.8064
1238	-0.0340696	0.0502738	0.704846	25.816
1239	-0.0337422	0.0492957	0.705638	25.8256
1240	-0.0335467	0.0483239	0.707088	25.8353
1241	-0.0347859	0.0473178	0.70823	25.845
1242	-0.0350522	0.046305	0.708651	25.8547
1243	-0.0350913	0.0452919	0.70952	25.8644
1244	-0.035182	0.044277	0.710406	25.8741
1245	-0.0364433	0.0432272	0.712162	25.8839
1246	-0.0363958	0.0421797	0.71251	25.8937
1247	-0.037266	0.0411083	0.712298	25.9035
1248	-0.0382255	0.0400107	0.712617	25.9133
1249	-0.0378495	0.0389246	0.713714	25.9231
1250	-0.0384862	0.0378213	0.714446	25.9329
1251	-0.0381311	0.036729	0.714737	25.9428
1252	-0.0379401	0.035643	0.714932	25.9526
1253	-0.0371071	0.0345813	0.716286	25.9625
1254	-0.0362727	0.0335441	0.717502	25.9724
1255	-0.0369967	0.0324872	0.71876	25.9824
1256	-0.0366093	0.0314421	0.719547	25.9923
1257	-0.0367549	0.0303938	0.719648	26.0023
1258	-0.0371523	0.0293351	0.719473	26.0122
1259	-0.0370381	0.0282804	0.718329	26.0221
1260	-0.0361259	0.0272523	0.719202	26.0321
1261	-0.0353183	0.0262477	0.719171	26.042
1262	-0.0351651	0.0252482	0.719309	26.0519
1263	-0.035281	0.0242463	0.719994	26.0619
1264	-0.0352057	0.0232472	0.719165	26.0718
1265	-0.0350186	0.0222542	0.71913	26.0817
1266	-0.0353799	0.0212519	0.719255	26.0916
1267	-0.0347546	0.0202679	0.720088	26.1015
1268	-0.0352289	0.0192714	0.719724	26.1115
1269	-0.0352293	0.0182756	0.718595	26.1213
1270	-0.0348572	0.0172911	0.719292	26.1312
1271	-0.0352729	0.0162957	0.719555	26.1411
1272	-0.0342912	0.0153286	0.72069	26.1511
1273	-0.0341277	0.0143668	0.719886	26.161
1274	-0.0338194	0.0134144	0.718783	26.1708
1275	-0.03496	0.0124308	0.720267	26.1807
1276	-0.0346511	0.0114567	0.721118	26.1907
1277	-0.0345261	0.0104868	0.720065	26.2006
1278	-0.0346339	0.00951466	0.720875	26.2105
1279	-0.0340189	0.00856046	0.721409	26.2204
1280	-0.034107	0.00760454	0.722423	26.2304
1281	-0.0340814	0.00665009	0.722749	26.2403
1282	-0.0343439	0.00568905	0.722848	26.2503
1283	-0.0347853	0.00471645	0.721522	26.2602
1284	-0.0346497	0.00374839	0.722211	26.2701
1285	-0.0335805	0.00281089	0.72347	26.2801
1286	-0.0341445	0.0018584	0.724729	26.29
1287	-0.0344349	0.000898561	0.724217	26.3
1288	-0.0341672	5.30795e-05	0.723651	26.31
1289	-0.0332936	0.00097967	0.724344	26.3199
1290	-0.0323256	0.00187861	0.723323	26.3299
1291	-0.0318046	0.00276237	0.722659	26.3398
1292	-0.0318447	0.00364656	0.720918	26.3496
1293	-0.0323053	0.00454287	0.721389	26.3595
1294	-0.0317453	0.00542293	0.72209	26.3694
1295	-0.0316027	0.00629835	0.722026	26.3793
1296	-0.0317568	0.00717738	0.722888	26.3892
1297	-0.032259	0.00806967	0.723318	26.3991
1298	-0.0335005	0.0089957	0.724995	26.409
1299	-0.0344503	0.00994735	0.726205	26.419
1300	-0.0352331	0.01092	0.726925	26.429
1301	-0.0359674	0.0119122	0.726703	26.439
1302	-0.0355049	0.0128908	0.726835	26.449
1303	-0.0353349	0.013864	0.72718	26.459
1304	-0.0352824	0.014835	0.727989	26.469
1305	-0.0341337	0.0157735	0.729287	26.4791
1306	-0.0345672	0.0167233	0.729748	26.4891
1307	-0.0334829	0.0176423	0.730347	26.4992
1308	-0.0326728	0.0185383	0.73048	26.5092
1309	-0.0326511	0.019433	0.731079	26.5193
1310	-0.0331638	0.0203412	0.732133	26.5294
1311	-0.0341222	0.0212751	0.733425	26.5396
1312	-0.0338361	0.0222004	0.734348	26.5497
1313	-0.0342877	0.0231375	0.734755	26.5599
1314	-0.0340799	0.0240682	0.73351	26.57
1315	-0.0337689	0.0249896	0.732522	26.5801
1316	-0.0348474	0.0259399	0.733935	26.5902
1317	-0.0348904	0.0268908	0.732684	26.6003
1318	-0.0351042	0.0278468	0.733241	26.6104
1319	-0.0351141	0.0288024	0.733985	26.6206
1320	-0.0341184	0.0297299	0.734811	26.6307
1321	-0.0334873	0.0306393	0.73498	26.6408
1322	-0.0336793	0.0315533	0.735071	26.651
1323	-0.0336647	0.0324662	0.733345	26.6611
1324	-0.0339362	0.0333859	0.73261	26.6711
1325	-0.0339285	0.0343048	0.73171	26.6812
1326	-0.0324836	0.0351832	0.732691	26.6912
1327	-0.0331086	0.0360782	0.733354	26.7013
1328	-0.0323785	0.0369524	0.733034	26.7114
1329	-0.0323322	0.0378248	0.731934	26.7214
1330	-0.0323898	0.0386981	0.728961	26.7313
1331	-0.0312858	0.0395404	0.728866	26.7413
1332	-0.0314162	0.0403858	0.72805	26.7512
1333	-0.0305781	0.0412075	0.728448	26.7611
1334	-0.0297508	0.0420061	0.729867	26.771
1335	-0.030093	0.0428133	0.729809	26.781
1336	-0.0313789	0.0436552	0.729993	26.7909
1337	-0.0310352	0.044487	0.728034	26.8008
1338	-0.0308098	0.0453121	0.727959	26.8107
1339	-0.0305843	0.0461304	0.727507	26.8206
1340	-0.0309805	0.0469589	0.725242	26.8304
1341	-0.0295165	0.0477468	0.725135	26.8402
1342	-0.0292282	0.0485263	0.724884	26.85
1343	-0.0291487	0.0493031	0.724197	26.8597
1344	-0.0293314	0.0500842	0.722481	26.8694
1345	-0.030291	0.050891	0.7216	26.8791
1346	-0.0305998	0.0517055	0.71991	26.8887
1347	-0.0312963	0.0525384	0.718953	26.8984
1348	-0.0303414	0.0533448	0.719762	26.908
1349	-0.0310907	0.0541709	0.720138	26.9176
1350	-0.0316645	0.055012	0.718269	26.9272
1351	-0.0313244	0.0558433	0.717152	26.9367
1352	-0.0307781	0.0566591	0.714795	26.9462
1353	-0.0310691	0.0574822	0.713296	26.9556
1354	-0.0305077	0.0582895	0.710055	26.965
1355	-0.0302573	0.0590894	0.709959	26.9743
1356	-0.0295133	0.0598685	0.71064	26.9837
1357	-0.0293338	0.0606422	0.711236	26.993
1358	-0.029055	0.0614077	0.712037	27.0024
1359	-0.0296289	0.0621883	0.713357	27.0118
1360	-0.0287954	0.0629457	0.713306	27.0212
1361	-0.0284271	0.0636926	0.713165	27.0306
1362	-0.0291266	0.0644579	0.711269	27.04
1363	-0.0290976	0.0652219	0.710864	27.0493
1364	-0.0298096	0.0660045	0.710868	27.0587
1365	-0.0299774	0.0667912	0.71069	27.068
1366	-0.0295717	0.0675663	0.709766	27.0773
1367	-0.0291382	0.0683291	0.708899	27.0865
1368	-0.028217	0.0690665	0.709119	27.0958
1369	-0.0283136	0.069806	0.708829	27.1051
1370	-0.0272159	0.0705153	0.710008	27.1144
1371	-0.0271666	0.0712228	0.710971	27.1237
1372	-0.028043	0.0719534	0.712455	27.133
1373	-0.0282409	0.0726889	0.711475	27.1423
1374	-0.0283326	0.0734262	0.711611	27.1517
1375	-0.0275426	0.0741418	0.711431	27.161
1376	-0.0277098	0.0748614	0.712007	27.1703
1377	-0.0281105	0.0755912	0.712666	27.1796
1378	-0.0274957	0.076304	0.713337	27.189
1379	-0.0283949	0.0770404	0.71344	27.1983
1380	-0.0277844	0.0777599	0.714898	27.2077
1381	-0.0277848	0.0784789	0.715657	27.2171
1382	-0.0278174	0.0791983	0.71572	27.2265
1383	-0.0284336	0.0799337	0.714307	27.2359
1384	-0.0299322	0.0807089	0.715687	27.2453
1385	-0.0308521	0.0815082	0.717423	27.2547
1386	-0.030945	0.0823095	0.717568	27.2642
1387	-0.0303323	0.0830937	0.717938	27.2736
1388	-0.0298103	0.0838634	0.717572	27.2831
1389	-0.029624	0.0846275	0.717983	27.2925
1390	-0.0302121	0.0854069	0.71819	27.3019
1391	-0.0301834	0.0861849	0.718054	27.3114
1392	-0.030542	0.086972	0.717623	27.3208
1393	-0.0306802	0.0877623	0.717274	27.3302
1394	-0.0305475	0.0885484	0.716457	27.3396
1395	-0.0306342	0.0893364	0.713729	27.3489
1396	-0.0315431	0.090148	0.713619	27.3582
1397	-0.0313257	0.0909533	0.712171	27.3675
1398	-0.0311332	0.0917529	0.712788	27.3767
1399	-0.031381	0.0925585	0.712327	27.386
1400	-0.0316385	0.0933705	0.711379	27.3952
1401	-0.0323815	0.0942017	0.711867	27.4045
1402	-0.0326039	0.0950383	0.711081	27.4137
1403	-0.0319227	0.0958561	0.710175	27.4229
1404	-0.0316123	0.0966651	0.709856	27.4321
1405	-0.0311759	0.0974619	0.709781	27.4412
1406	-0.0319081	0.0982776	0.708296	27.4504
1407	-0.0318095	0.0990901	0.705704	27.4594
1408	-0.0326744	0.0999252	0.705793	27.4685
1409	-0.0324866	0.100755	0.705866	27.4775
1410	-0.0325241	0.101584	0.706619	27.4866
1411	-0.0325449	0.102414	0.705757	27.4957
1412	-0.032161	0.103233	0.70555	27.5047
1413	-0.0316179	0.104037	0.704803	27.5137
1414	-0.0327888	0.104872	0.706198	27.5228
1415	-0.0326527	0.105702	0.705529	27.5318
1416	-0.0322744	0.106522	0.705242	27.5408
1417	-0.0316825	0.107326	0.705607	27.5498
1418	-0.0312428	0.108117	0.705888	27.5589
1419	-0.0315863	0.108917	0.705503	27.5679
1420	-0.0317106	0.10972	0.705241	27.5769
1421	-0.0319783	0.110529	0.703185	27.5858
1422	-0.0324975	0.111351	0.703597	27.5948
1423	-0.0325369	0.112174	0.704331	27.6038
1424	-0.0326874	0.113	0.704046	27.6127
1425	-0.0326961	0.113826	0.704303	27.6217
1426	-0.032849	0.114656	0.703668	27.6306
1427	-0.0334768	0.115501	0.704615	27.6396
1428	-0.0340666	0.116361	0.704786	27.6486
1429	-0.0339358	0.117218	0.703789	27.6575
1430	-0.0345039	0.118089	0.7038	27.6665
1431	-0.0339125	0.118943	0.703483	27.6754
1432	-0.0341143	0.119803	0.704305	27.6843
1433	-0.0337858	0.120653	0.704199	27.6933
1434	-0.0334089	0.121493	0.70538	27.7023
1435	-0.032791	0.122315	0.706674	27.7113
1436	-0.0331183	0.123146	0.70713	27.7203
1437	-0.0332687	0.12398	0.708058	27.7293
1438	-0.0326809	0.124798	0.708889	27.7384
1439	-0.0321668	0.125602	0.709654	27.7474
1440	-0.0320207	0.126402	0.71055	27.7565
1441	-0.0320303	0.127202	0.710147	27.7656
1442	-0.0314542	0.127985	0.709886	27.7746
1443	-0.030968	0.128756	0.708979	27.7837
1444	-0.0313829	0.129536	0.709331	27.7927
1445	-0.0319658	0.130332	0.709483	27.8018
1446	-0.032125	0.131131	0.706639	27.8107
1447	-0.0314842	0.131913	0.705678	27.8197
1448	-0.0316721	0.132699	0.705138	27.8286
1449	-0.0314948	0.13348	0.702944	27.8375
1450	-0.0318944	0.134271	0.702525	27.8463
1451	-0.0323473	0.135074	0.701455	27.8551
1452	-0.0315755	0.135855	0.70172	27.864
1453	-0.0319338	0.136646	0.702698	27.8728
1454	-0.0324234	0.137449	0.703224	27.8817
1455	-0.0333695	0.138276	0.703252	27.8905
1456	-0.0333899	0.139103	0.702228	27.8993
1457	-0.033508	0.139932	0.699953	27.9081
1458	-0.0333673	0.140758	0.699268	27.9168
1459	-0.0346966	0.141617	0.69814	27.9256
1460	-0.0346886	0.142476	0.696673	27.9342
1461	-0.0345148	0.14333	0.695718	27.9429
1462	-0.0341664	0.144174	0.694894	27.9515
1463	-0.0340945	0.145015	0.693942	27.9601
1464	-0.0340061	0.145854	0.693917	27.9687
1465	-0.0345524	0.146706	0.6938	27.9772
1466	-0.0344711	0.147556	0.694205	27.9858
1467	-0.0347448	0.148412	0.694493	27.9944
1468	-0.0354876	0.149287	0.694984	28.003
1469	-0.0355631	0.150164	0.696039	28.0116
1470	-0.0360883	0.151053	0.696762	28.0203
1471	-0.0365416	0.151954	0.696526	28.0289
1472	-0.0372251	0.152872	0.697092	28.0376
1473	-0.0377788	0.153804	0.696812	28.0462
1474	-0.0378539	0.154737	0.697323	28.0549
1475	-0.0380338	0.155675	0.696262	28.0635
1476	-0.038611	0.156626	0.695702	28.0721
1477	-0.0377999	0.157556	0.695246	28.0807
1478	-0.0377689	0.158485	0.696036	28.0893
1479	-0.0374175	0.159403	0.696217	28.0979
1480	-0.0370072	0.160311	0.697061	28.1065
1481	-0.0365367	0.161206	0.696657	28.1151
1482	-0.0367788	0.162106	0.696501	28.1237
1483	-0.0362481	0.162992	0.695132	28.1323
1484	-0.0360731	0.163873	0.693944	28.1408
1485	-0.0365051	0.164765	0.694117	28.1494
1486	-0.036747	0.165662	0.694848	28.1579
1487	-0.0363923	0.166549	0.695654	28.1665
1488	-0.0358796	0.167423	0.695304	28.175
1489	-0.0362735	0.168306	0.695476	28.1836
1490	-0.0364774	0.169194	0.695431	28.1922
1491	-0.0364786	0.170082	0.695807	28.2007
1492	-0.0368617	0.170978	0.696537	28.2093
1493	-0.0371485	0.171882	0.697196	28.2179
1494	-0.0377313	0.1728	0.697899	28.2265
1495	-0.0374205	0.173709	0.698397	28.2351
1496	-0.0367563	0.174601	0.698858	28.2438
1497	-0.0365669	0.175487	0.697957	28.2524
1498	-0.0366523	0.176375	0.697152	28.261
1499	-0.0365039	0.177259	0.69687	28.2695
1500	-0.0369991	0.178154	0.697014	28.2781
1501	-0.0363272	0.179032	0.697375	28.2867
1502	-0.0361945	0.179906	0.696955	28.2952
1503	-0.0364713	0.180786	0.696624	28.3038
1504	-0.0363136	0.181662	0.695091	28.3123
1505	-0.0362315	0.182535	0.694855	28.3208
1506	-0.0355233	0.183389	0.695166	28.3293
1507	-0.0362387	0.184261	0.695797	28.3378
1508	-0.0366298	0.185143	0.696465	28.3464
1509	-0.0365912	0.186023	0.695857	28.3549
1510	-0.0369737	0.186912	0.696024	28.3634
1511	-0.0370744	0.187804	0.696011	28.3719
1512	-0.0377844	0.188713	0.697002	28.3805
1513	-0.0379555	0.189625	0.697672	28.389
1514	-0.0387172	0.190557	0.697881	28.3976
1515	-0.0397219	0.191514	0.699198	28.4062
1516	-0.0392353	0.192458	0.699961	28.4148
1517	-0.0383101	0.193378	0.701316	28.4234
1518	-0.0383133	0.194297	0.701093	28.4321
1519	-0.0377275	0.1952	0.701739	28.4407
1520	-0.0378454	0.196106	0.701634	28.4494
1521	-0.0368801	0.196987	0.701969	28.458
1522	-0.0362793	0.197852	0.703132	28.4667
1523	-0.0359768	0.198708	0.703193	28.4753
1524	-0.0362806	0.199572	0.702228	28.484
1525	-0.0364995	0.20044	0.70084	28.4926
1526	-0.0367702	0.201315	0.700797	28.5012
1527	-0.0365937	0.202185	0.70039	28.5098
1528	-0.0366948	0.203058	0.699706	28.5184
1529	-0.0375763	0.203952	0.700314	28.5269
1530	-0.0382417	0.204862	0.700865	28.5355
1531	-0.038708	0.205784	0.699772	28.5441
1532	-0.0390469	0.206714	0.700803	28.5527
1533	-0.0383448	0.207625	0.701145	28.5613
1534	-0.038393	0.208537	0.702131	28.5699
1535	-0.0376569	0.20943	0.702382	28.5785
1536	-0.0371015	0.210308	0.70222	28.5871
1537	-0.0366759	0.211174	0.701852	28.5957
1538	-0.0366393	0.212039	0.701705	28.6043
1539	-0.0370172	0.212913	0.702343	28.6129
1540	-0.0366493	0.213778	0.70272	28.6216
1541	-0.0367833	0.214645	0.703229	28.6302
1542	-0.0371045	0.21552	0.702729	28.6388
1543	-0.037063	0.216393	0.70273	28.6474
1544	-0.0374228	0.217275	0.70229	28.656
1545	-0.0371327	0.218148	0.70245	28.6646
1546	-0.0374064	0.219029	0.701314	28.6732
1547	-0.0378281	0.219919	0.699874	28.6817
1548	-0.0378458	0.220809	0.700261	28.6902
1549	-0.0380868	0.221705	0.700746	28.6988
1550	-0.0388262	0.222619	0.701343	28.7073
1551	-0.0397287	0.223556	0.703157	28.7159
1552	-0.0398818	0.224496	0.703545	28.7245
1553	-0.0401466	0.225442	0.700232	28.733
1554	-0.0417894	0.226428	0.703312	28.7416
1555	-0.0419175	0.227418	0.703079	28.7502
1556	-0.0418766	0.228406	0.70347	28.7588
1557	-0.0419855	0.229396	0.704589	28.7674
1558	-0.040876	0.230357	0.704422	28.776
1559	-0.0407211	0.231314	0.702847	28.7846
1560	-0.0403981	0.232262	0.703714	28.7932
1561	-0.0405274	0.233213	0.703818	28.8018
1562	-0.0417167	0.234194	0.704957	28.8104
1563	-0.0424982	0.235193	0.705418	28.819
1564	-0.0416785	0.236171	0.705764	28.8277
1565	-0.0406768	0.237123	0.705951	28.8363
1566	-0.0420024	0.238108	0.706108	28.8449
1567	-0.0422819	0.2391	0.703347	28.8535
1568	-0.0426054	0.240099	0.703499	28.8621
1569	-0.0434054	0.241118	0.702755	28.8706
1570	-0.0435739	0.24214	0.701983	28.8791
1571	-0.0437479	0.243166	0.70118	28.8876
1572	-0.043149	0.244176	0.701124	28.8961
1573	-0.043142	0.245186	0.70078	28.9046
1574	-0.0442884	0.246224	0.702173	28.9131
1575	-0.0445511	0.247268	0.701861	28.9216
1576	-0.0439705	0.248296	0.702669	28.9302
1577	-0.0435281	0.249313	0.702113	28.9387
1578	-0.0434206	0.250326	0.701222	28.9471
1579	-0.042848	0.251325	0.701267	28.9556
1580	-0.0431989	0.252331	0.700444	28.9641
1581	-0.0426972	0.253325	0.698951	28.9725
1582	-0.0429002	0.254323	0.697751	28.9809
1583	-0.0426228	0.255313	0.69768	28.9893
1584	-0.0421484	0.256291	0.697515	28.9976
1585	-0.0425497	0.257278	0.697717	29.006
1586	-0.0430541	0.258278	0.698415	29.0144
1587	-0.0428862	0.259272	0.699191	29.0228
1588	-0.0433302	0.260277	0.700036	29.0312
1589	-0.043969	0.261298	0.700508	29.0397
1590	-0.0440866	0.262321	0.701175	29.0481
1591	-0.0429263	0.263314	0.702648	29.0566
1592	-0.0417991	0.264278	0.703714	29.0651
1593	-0.0412272	0.265228	0.704108	29.0736
1594	-0.0410216	0.266171	0.704032	29.0822
1595	-0.0405753	0.267103	0.704052	29.0907
1596	-0.0406099	0.268036	0.70426	29.0992
1597	-0.0403371	0.268961	0.70483	29.1077
1598	-0.0407392	0.269895	0.704875	29.1162
1599	-0.0402864	0.270818	0.704631	29.1247
1600	-0.0393174	0.271715	0.703095	29.1332
1601	-0.0393631	0.272614	0.70239	29.1417
1602	-0.038005	0.273478	0.704208	29.1502
1603	-0.0382304	0.274347	0.703196	29.1586
1604	-0.0380575	0.275211	0.701848	29.1671
1605	-0.0380809	0.276075	0.701464	29.1755
1606	-0.037559	0.276926	0.700351	29.1839
1607	-0.0372993	0.27777	0.699744	29.1923
1608	-0.0379584	0.27863	0.699145	29.2006
1609	-0.0379663	0.279489	0.697161	29.2089
1610	-0.0379361	0.280347	0.696854	29.2172
1611	-0.0384164	0.281217	0.696562	29.2255
1612	-0.0388725	0.282097	0.695945	29.2338
1613	-0.0382966	0.282963	0.696126	29.242
1614	-0.0382035	0.283826	0.6958	29.2503
1615	-0.0381005	0.284685	0.695802	29.2586
1616	-0.037979	0.285542	0.695944	29.2668
1617	-0.0374662	0.286385	0.696225	29.2751
1618	-0.0361022	0.287193	0.698119	29.2834
1619	-0.036015	0.287999	0.699203	29.2917
1620	-0.0360889	0.288806	0.699465	29.3001
1621	-0.0360314	0.289612	0.698484	29.3084
1622	-0.0362697	0.290423	0.698407	29.3167
1623	-0.0366276	0.291242	0.698673	29.325
1624	-0.0361614	0.292049	0.69798	29.3333
1625	-0.0354888	0.292839	0.698731	29.3416
1626	-0.0347465	0.29361	0.699181	29.3499
1627	-0.0337703	0.294357	0.699577	29.3582
1628	-0.0332505	0.29509	0.700747	29.3666
1629	-0.0337083	0.295834	0.701581	29.3749
1630	-0.0334885	0.296573	0.702097	29.3833
1631	-0.0332644	0.297305	0.700842	29.3917
1632	-0.0327516	0.298024	0.70062	29.4
1633	-0.0328792	0.298746	0.700288	29.4083
1634	-0.0335253	0.299484	0.70084	29.4167
1635	-0.0341523	0.300236	0.701321	29.425
1636	-0.0338081	0.30098	0.702052	29.4334
1637	-0.033503	0.301716	0.701858	29.4417
1638	-0.0336718	0.302455	0.701726	29.4501
1639	-0.0337788	0.303197	0.70143	29.4584
1640	-0.0331327	0.303922	0.701865	29.4668
1641	-0.0334985	0.304656	0.702599	29.4751
1642	-0.0336537	0.305393	0.70207	29.4835
1643	-0.0332543	0.30612	0.702297	29.4918
1644	-0.0334651	0.306852	0.700733	29.5002
1645	-0.0331744	0.307577	0.700364	29.5085
1646	-0.0328544	0.308293	0.701129	29.5168
1647	-0.0332871	0.309019	0.700717	29.5251
1648	-0.0334574	0.309749	0.700713	29.5334
1649	-0.0332713	0.310474	0.700964	29.5417
1650	-0.0334529	0.311203	0.701918	29.55
1651	-0.0329657	0.31192	0.701351	29.5583
1652	-0.0334501	0.312648	0.700577	29.5666
1653	-0.0339661	0.313388	0.70124	29.5749
1654	-0.0343298	0.314137	0.70188	29.5832
1655	-0.034172	0.314882	0.701244	29.5915
1656	-0.0348163	0.315642	0.701887	29.5998
1657	-0.0346703	0.316398	0.700897	29.6081
1658	-0.0346819	0.317154	0.700635	29.6164
1659	-0.0345668	0.317907	0.700975	29.6247
1660	-0.0349417	0.318668	0.700659	29.633
1661	-0.0347807	0.319425	0.700645	29.6412
1662	-0.0354448	0.320198	0.701217	29.6495
1663	-0.0358294	0.32098	0.702114	29.6578
1664	-0.0354618	0.321752	0.701664	29.6661
1665	-0.0352469	0.322519	0.702223	29.6744
1666	-0.0348845	0.323277	0.703096	29.6827
1667	-0.0352399	0.324042	0.703337	29.691
1668	-0.035438	0.324812	0.702439	29.6993
1669	-0.0349513	0.32557	0.702498	29.7076
1670	-0.0353301	0.326337	0.702354	29.7159
1671	-0.03502	0.327096	0.70308	29.7242
1672	-0.0348644	0.32785	0.703507	29.7326
1673	-0.034567	0.328597	0.703505	29.7409
1674	-0.0352084	0.329359	0.703148	29.7492
1675	-0.0350843	0.330117	0.702707	29.7575
1676	-0.0343925	0.330858	0.702325	29.7657
1677	-0.0341886	0.331594	0.700802	29.774
1678	-0.033205	0.332306	0.700002	29.7822
1679	-0.0321435	0.332991	0.701136	29.7904
1680	-0.0321415	0.333675	0.700972	29.7987
1681	-0.0329623	0.33438	0.700646	29.8069
1682	-0.0332363	0.33509	0.701093	29.8151
1683	-0.0332387	0.335801	0.700173	29.8233
1684	-0.0328487	0.336501	0.699187	29.8315
1685	-0.0327116	0.337198	0.698966	29.8397
1686	-0.0323093	0.337884	0.698175	29.8478
1687	-0.0328404	0.338583	0.698488	29.856
1688	-0.0326007	0.339276	0.698037	29.8641
1689	-0.0316751	0.339946	0.695403	29.8722
1690	-0.0317944	0.340619	0.69551	29.8803
1691	-0.0319276	0.341294	0.69571	29.8884
1692	-0.0317719	0.341965	0.69612	29.8965
1693	-0.0323436	0.34265	0.696708	29.9046
1694	-0.0324147	0.343336	0.696266	29.9127
1695	-0.0326888	0.344028	0.696791	29.9208
1696	-0.032727	0.344721	0.697083	29.9289
1697	-0.0322902	0.345403	0.697355	29.937
1698	-0.0320935	0.34608	0.697444	29.9451
1699	-0.032748	0.346772	0.697721	29.9532
1700	-0.0332492	0.347476	0.698818	29.9613
1701	-0.0330538	0.348175	0.699551	29.9695
1702	-0.0328845	0.34887	0.699376	29.9776
1703	-0.0326239	0.349557	0.699012	29.9858
1704	-0.033566	0.350268	0.699048	29.9939
1705	-0.0334903	0.350976	0.698853	30.002
1706	-0.0337098	0.351688	0.699343	30.0102
1707	-0.0333159	0.352391	0.699709	30.0183
1708	-0.0331039	0.353089	0.700222	30.0265
1709	-0.0324594	0.35377	0.700243	30.0346
1710	-0.0330778	0.354467	0.700646	30.0428
1711	-0.0332038	0.355165	0.700861	30.051
1712	-0.0338282	0.355879	0.701501	30.0591
1713	-0.0342004	0.356601	0.701749	30.0673
1714	-0.0343617	0.357326	0.701765	30.0755
1715	-0.0341225	0.358046	0.701156	30.0837
1716	-0.0333743	0.358747	0.700989	30.0918
1717	-0.0332479	0.359444	0.701521	30.1
1718	-0.0330032	0.360136	0.701962	30.1081
1719	-0.0335448	0.36084	0.701939	30.1163
1720	-0.034161	0.361558	0.702205	30.1245
1721	-0.0339096	0.36227	0.701902	30.1327
1722	-0.0339716	0.362983	0.70125	30.1408
1723	-0.0342344	0.363702	0.700288	30.1489
1724	-0.0342717	0.364422	0.698093	30.157
1725	-0.0350742	0.36516	0.697252	30.165
1726	-0.03433	0.36588	0.696408	30.1731
1727	-0.0339489	0.366591	0.695615	30.1811
1728	-0.0336417	0.367294	0.696373	30.1891
1729	-0.0335035	0.367993	0.696139	30.1971
1730	-0.0330702	0.368681	0.69709	30.2051
1731	-0.0326545	0.369359	0.69724	30.2132
1732	-0.0327764	0.37004	0.697564	30.2212
1733	-0.0329023	0.370723	0.697426	30.2292
1734	-0.0325248	0.371397	0.697794	30.2373
1735	-0.0326481	0.372073	0.698286	30.2453
1736	-0.0332868	0.372765	0.699012	30.2534
1737	-0.0333932	0.373458	0.699177	30.2615
1738	-0.0331863	0.374147	0.698908	30.2695
1739	-0.033337	0.374838	0.69886	30.2776
1740	-0.0328473	0.375518	0.699101	30.2856
1741	-0.0328308	0.376196	0.699039	30.2937
1742	-0.0334029	0.376888	0.699434	30.3017
1743	-0.0334949	0.377582	0.70027	30.3098
1744	-0.0340325	0.378288	0.701062	30.3179
1745	-0.0338734	0.378991	0.70204	30.326
1746	-0.0339332	0.379694	0.702669	30.3342
1747	-0.0334926	0.380386	0.703155	30.3423
1748	-0.0339638	0.381089	0.703035	30.3504
1749	-0.0343017	0.3818	0.703362	30.3586
1750	-0.0336669	0.382495	0.703939	30.3667
1751	-0.0334722	0.383186	0.703486	30.3749
1752	-0.0331604	0.383868	0.704179	30.383
1753	-0.0337602	0.384565	0.704147	30.3912
1754	-0.0337784	0.385261	0.703217	30.3993
1755	-0.0340078	0.385963	0.701904	30.4074
1756	-0.0338646	0.386661	0.702148	30.4155
1757	-0.034043	0.387363	0.702647	30.4236
1758	-0.0333012	0.388046	0.703532	30.4317
1759	-0.033455	0.388733	0.704285	30.4399
1760	-0.0327846	0.389404	0.70506	30.448
1761	-0.0325179	0.390068	0.705211	30.4562
1762	-0.0329564	0.390742	0.704656	30.4643
1763	-0.032431	0.391404	0.704856	30.4725
1764	-0.0320102	0.392054	0.704083	30.4806
1765	-0.0322586	0.392711	0.703199	30.4887
1766	-0.0325094	0.393373	0.703233	30.4968
1767	-0.0323616	0.394031	0.703147	30.5049
1768	-0.0323562	0.394689	0.703953	30.513
1769	-0.0324468	0.395348	0.703872	30.5211
1770	-0.0325723	0.396011	0.704128	30.5292
1771	-0.0315982	0.396649	0.704325	30.5374
1772	-0.0310344	0.397274	0.704763	30.5455
1773	-0.0307121	0.397891	0.705669	30.5536
1774	-0.0306199	0.398506	0.706394	30.5618
1775	-0.0297566	0.3991	0.707789	30.57
1776	-0.0293824	0.399684	0.707853	30.5782
1777	-0.02964	0.400275	0.70827	30.5864
1778	-0.0292958	0.400857	0.708239	30.5946
1779	-0.0287845	0.401426	0.709137	30.6028
1780	-0.0286873	0.401993	0.7094	30.611
1781	-0.0289024	0.402565	0.709987	30.6192
1782	-0.0285213	0.403127	0.71016	30.6274
1783	-0.0285997	0.403691	0.710126	30.6357
1784	-0.0285656	0.404254	0.710221	30.6439
1785	-0.0285862	0.404817	0.710576	30.6521
1786	-0.0286031	0.40538	0.710649	30.6604
1787	-0.0282827	0.405936	0.710274	30.6686
1788	-0.0279301	0.406483	0.708748	30.6768
1789	-0.0280611	0.407032	0.708845	30.685
1790	-0.0281628	0.407584	0.708826	30.6931
1791	-0.0277149	0.408125	0.708545	30.7013
1792	-0.0279985	0.408672	0.709273	30.7095
1793	-0.0279031	0.409217	0.709901	30.7177
1794	-0.0276497	0.409755	0.70946	30.7259
1795	-0.0277272	0.410295	0.709777	30.7341
1796	-0.0275877	0.410832	0.709962	30.7423
1797	-0.0275742	0.411368	0.710265	30.7505
1798	-0.0272517	0.411896	0.710016	30.7587
1799	-0.0271375	0.412421	0.710408	30.7669
1800	-0.0269718	0.412942	0.710753	30.7751
1801	-0.0269812	0.413463	0.711333	30.7833
1802	-0.027253	0.41399	0.711566	30.7915
1803	-0.0269044	0.414508	0.711255	30.7997
1804	-0.0267416	0.415023	0.711797	30.8079
1805	-0.0267382	0.415537	0.712003	30.8162
1806	-0.0277267	0.416074	0.712424	30.8244
1807	-0.0277872	0.416612	0.712067	30.8326
1808	-0.0278495	0.417152	0.71143	30.8408
1809	-0.0280814	0.417696	0.710755	30.849
1810	-0.0282122	0.418244	0.709345	30.8572
1811	-0.0285071	0.418798	0.707372	30.8653
1812	-0.0285971	0.419354	0.70737	30.8734
1813	-0.028203	0.419901	0.707337	30.8815
1814	-0.027941	0.420441	0.707257	30.8896
1815	-0.0277871	0.420977	0.706973	30.8976
1816	-0.0273519	0.421502	0.705306	30.9057
1817	-0.0279569	0.422042	0.705855	30.9137
1818	-0.0283713	0.422591	0.705673	30.9218
1819	-0.0282328	0.423137	0.705629	30.9298
1820	-0.0286953	0.423693	0.704383	30.9378
1821	-0.029154	0.424259	0.702907	30.9458
1822	-0.0292386	0.424828	0.703302	30.9538
1823	-0.0292311	0.425396	0.70333	30.9618
1824	-0.0292107	0.425963	0.702179	30.9697
1825	-0.0293485	0.426533	0.702401	30.9777
1826	-0.0293571	0.427103	0.702365	30.9856
1827	-0.0294809	0.427675	0.702925	30.9936
1828	-0.0293573	0.428245	0.702864	31.0016
1829	-0.0294218	0.428815	0.703903	31.0096
1830	-0.0292495	0.429382	0.703634	31.0175
1831	-0.0291009	0.429944	0.703581	31.0255
1832	-0.028972	0.430503	0.703925	31.0335
1833	-0.0284514	0.43105	0.7046	31.0415
1834	-0.0284735	0.431597	0.705216	31.0495
1835	-0.0286524	0.432148	0.705072	31.0575
1836	-0.028851	0.432704	0.704441	31.0654
1837	-0.0285031	0.433251	0.704738	31.0734
1838	-0.0285947	0.4338	0.704732	31.0814
1839	-0.0279437	0.434333	0.705012	31.0894
1840	-0.0273068	0.434851	0.705996	31.0974
1841	-0.02698	0.435362	0.705967	31.1054
1842	-0.0265015	0.435861	0.70581	31.1134
1843	-0.0264683	0.436359	0.706079	31.1214
1844	-0.0270532	0.43687	0.705719	31.1294
1845	-0.0265482	0.43737	0.706006	31.1374
1846	-0.0262795	0.437863	0.705775	31.1454
1847	-0.0266907	0.438365	0.705824	31.1534
1848	-0.0263436	0.438859	0.705125	31.1614
1849	-0.0264762	0.439356	0.70563	31.1694
1850	-0.027123	0.439868	0.704917	31.1773
1851	-0.0277036	0.440392	0.705461	31.1853
1852	-0.0281906	0.440928	0.705833	31.1933
1853	-0.0280519	0.441461	0.705311	31.2013
1854	-0.0277121	0.441985	0.70472	31.2092
1855	-0.0274293	0.442503	0.705629	31.2172
1856	-0.0268701	0.443007	0.706232	31.2252
1857	-0.0268503	0.443511	0.706103	31.2331
1858	-0.0269355	0.444016	0.705448	31.2411
1859	-0.0270591	0.444524	0.704362	31.249
1860	-0.0263235	0.445014	0.704602	31.257
1861	-0.0266644	0.445513	0.704709	31.2649
1862	-0.0261083	0.445998	0.704476	31.2728
1863	-0.0269181	0.446502	0.705315	31.2808
1864	-0.0269173	0.447005	0.704473	31.2887
1865	-0.0270413	0.447511	0.703667	31.2966
1866	-0.027203	0.448021	0.704694	31.3045
1867	-0.0275781	0.448539	0.70534	31.3125
1868	-0.0275685	0.449056	0.706321	31.3204
1869	-0.028337	0.449592	0.707673	31.3284
1870	-0.0283463	0.450127	0.707336	31.3364
1871	-0.0283438	0.450661	0.707476	31.3444
1872	-0.0283803	0.451197	0.707492	31.3524
1873	-0.0283436	0.451731	0.707885	31.3603
1874	-0.0285589	0.45227	0.707868	31.3683
1875	-0.0293996	0.452828	0.709016	31.3763
1876	-0.0286696	0.453369	0.708949	31.3843
1877	-0.029057	0.453919	0.708444	31.3923
1878	-0.0291364	0.45447	0.70828	31.4003
1879	-0.0294076	0.455027	0.707977	31.4083
1880	-0.0297406	0.455592	0.708357	31.4163
1881	-0.030026	0.456163	0.708067	31.4243
1882	-0.0307278	0.45675	0.708495	31.4322
1883	-0.0307173	0.457336	0.708712	31.4402
1884	-0.0305762	0.457919	0.709499	31.4482
1885	-0.0306853	0.458504	0.709721	31.4562
1886	-0.0313872	0.459105	0.710158	31.4642
1887	-0.0310013	0.459696	0.709927	31.4722
1888	-0.0311516	0.460291	0.710088	31.4802
1889	-0.0313869	0.460891	0.709897	31.4882
1890	-0.0312476	0.461488	0.710262	31.4963
1891	-0.030678	0.462071	0.710745	31.5043
1892	-0.0302304	0.462644	0.711083	31.5123
1893	-0.0302968	0.463218	0.711759	31.5203
1894	-0.0314539	0.463818	0.712664	31.5284
1895	-0.0317811	0.464425	0.712587	31.5364
1896	-0.0313811	0.465023	0.712519	31.5445
1897	-0.0306109	0.465603	0.713638	31.5525
1898	-0.0295872	0.466159	0.714559	31.5606
1899	-0.0293364	0.46671	0.71436	31.5687
1900	-0.0292549	0.467258	0.714553	31.5768
1901	-0.0288799	0.467797	0.714205	31.5849
1902	-0.0296359	0.468353	0.715091	31.593
1903	-0.0300906	0.46892	0.715327	31.6011
1904	-0.0295506	0.469474	0.716078	31.6092
1905	-0.0292162	0.47002	0.716241	31.6173
1906	-0.0287405	0.470554	0.715381	31.6254
1907	-0.028848	0.471091	0.714599	31.6334
1908	-0.0283571	0.471617	0.714355	31.6415
1909	-0.0284256	0.472144	0.714437	31.6496
1910	-0.0286026	0.472674	0.713222	31.6576
1911	-0.0290156	0.473214	0.712191	31.6656
1912	-0.0297768	0.473771	0.712384	31.6736
1913	-0.030062	0.474334	0.711963	31.6816
1914	-0.0297369	0.47489	0.712396	31.6896
1915	-0.029649	0.475443	0.712962	31.6976
1916	-0.0294459	0.475992	0.711781	31.7056
1917	-0.0292737	0.476536	0.712089	31.7136
1918	-0.0293725	0.477082	0.712056	31.7216
1919	-0.0296653	0.477635	0.712362	31.7296
1920	-0.0299975	0.478195	0.711935	31.7376
1921	-0.02995	0.478753	0.712138	31.7456
1922	-0.0304112	0.479322	0.712188	31.7536
1923	-0.0304777	0.479892	0.711685	31.7615
1924	-0.0296753	0.480444	0.711812	31.7695
1925	-0.0299653	0.481002	0.71043	31.7775
1926	-0.0295589	0.48155	0.710898	31.7854
1927	-0.0293998	0.482095	0.71013	31.7933
1928	-0.0299127	0.482651	0.709636	31.8012
1929	-0.0297687	0.483203	0.70959	31.8092
1930	-0.0292447	0.483744	0.709034	31.8171
1931	-0.0295423	0.48429	0.708785	31.8249
1932	-0.0298509	0.484844	0.708884	31.8328
1933	-0.0301127	0.485403	0.70896	31.8407
1934	-0.0294507	0.485947	0.709633	31.8486
1935	-0.0291896	0.486485	0.710421	31.8566
1936	-0.0295453	0.48703	0.710585	31.8645
1937	-0.0289768	0.487563	0.711516	31.8724
1938	-0.0290307	0.488096	0.712021	31.8804
1939	-0.029225	0.488634	0.71257	31.8883
1940	-0.0286096	0.489157	0.712989	31.8963
1941	-0.0287798	0.489684	0.712903	31.9043
1942	-0.0288454	0.490213	0.711719	31.9122
1943	-0.0291187	0.490747	0.710816	31.9201
1944	-0.0287433	0.491272	0.710424	31.928
1945	-0.0284237	0.49179	0.710683	31.9359
1946	-0.028129	0.492301	0.710309	31.9438
1947	-0.0276284	0.492801	0.709878	31.9517
1948	-0.0274552	0.493296	0.710223	31.9596
1949	-0.0272216	0.493786	0.709681	31.9675
1950	-0.0272818	0.494277	0.70981	31.9753
1951	-0.0281181	0.494787	0.710663	31.9832
1952	-0.0283698	0.495302	0.711393	31.9911
1953	-0.0286424	0.495823	0.711636	31.999
1954	-0.0283847	0.496338	0.712228	32.007
1955	-0.0281882	0.496848	0.712346	32.0149
1956	-0.0282987	0.497361	0.712755	32.0228
1957	-0.0278977	0.497864	0.712375	32.0307
1958	-0.0275293	0.498359	0.711792	32.0387
1959	-0.0273391	0.49885	0.711308	32.0465
1960	-0.026839	0.499328	0.711235	32.0544
1961	-0.0269873	0.49981	0.711784	32.0623
1962	-0.026521	0.500281	0.711452	32.0702
1963	-0.0271724	0.500767	0.711513	32.0781
1964	-0.0269977	0.501249	0.711024	32.086
1965	-0.0269762	0.501729	0.710524	32.0939
1966	-0.0268387	0.502207	0.710232	32.1017
1967	-0.0272636	0.502694	0.71057	32.1096
1968	-0.027699	0.50319	0.710911	32.1174
1969	-0.0275313	0.503683	0.710987	32.1253
1970	-0.0276637	0.504178	0.710076	32.1331
1971	-0.0278215	0.504677	0.710382	32.141
1972	-0.0277907	0.505174	0.711093	32.1489
1973	-0.0278497	0.505673	0.710718	32.1567
1974	-0.0287337	0.506191	0.710464	32.1646
1975	-0.0286755	0.506708	0.710461	32.1724
1976	-0.0283243	0.507217	0.71057	32.1802
1977	-0.0282921	0.507725	0.710441	32.1881
1978	-0.0281362	0.508229	0.710497	32.1959
