#	<x>	stDevX	<E>	stDevE
0	4.46655	0	16.7574	0
1	3.73276	4.09966	14.8638	15.8106
2	3.86121	5.68539	15.6846	22.3002
3	4.20323	7.04241	15.9039	27.3706
4	3.92079	8.07382	13.6736	30.7533
5	3.52848	8.83732	12.3289	33.2474
6	3.27831	9.445	11.0537	35.0858
7	2.66437	9.8077	10.1669	36.5222
8	2.20827	10.0139	8.66611	37.4292
9	1.50831	10.0117	9.26418	38.5089
10	1.15029	9.92455	8.41236	39.3202
11	1.14864	9.85901	7.81347	39.9623
12	1.16786	9.81649	7.0218	40.3996
13	1.30517	9.82365	6.58417	40.7414
14	1.35656	9.85324	5.9962	40.9565
15	1.21356	9.85538	5.40885	41.0536
16	1.03802	9.82409	5.02745	41.0888
17	0.976953	9.78765	3.38303	40.7753
18	0.954775	9.75453	2.93721	40.405
19	0.973052	9.73281	2.23302	39.9233
20	0.985259	9.71996	1.6655	39.3646
21	0.906179	9.69603	1.88744	38.8964
22	0.860823	9.66826	2.2727	38.5443
23	0.792239	9.63196	2.47634	38.2633
24	0.841889	9.61054	2.45216	38.0033
25	0.96743	9.6175	2.72001	37.8182
26	1.03442	9.64006	2.70401	37.6494
27	1.09639	9.67631	2.9578	37.5453
28	1.09654	9.71417	3.1507	37.4907
29	0.996699	9.73549	3.19389	37.4558
30	0.939311	9.74846	3.3905	37.4663
31	0.913346	9.75885	3.51103	37.5063
32	0.967845	9.78045	3.50353	37.5523
33	0.947972	9.80014	3.642	37.6283
34	0.878478	9.80966	3.55941	37.6959
35	0.833439	9.81337	3.12254	37.697
36	0.767682	9.80807	3.33151	37.7387
37	0.70491	9.79453	3.44384	37.8037
38	0.632639	9.77149	3.68551	37.9113
39	0.63004	9.75011	3.60807	38.01
40	0.609564	9.72752	3.6912	38.1248
41	0.577814	9.70197	3.81029	38.2603
42	0.5684	9.67687	3.68691	38.3792
43	0.58139	9.65551	3.84272	38.5235
44	0.574592	9.63479	3.95618	38.6861
45	0.493353	9.60379	4.16448	38.88
46	0.414592	9.56314	4.30566	39.0946
47	0.348782	9.51496	4.43689	39.3277
48	0.303656	9.46235	4.40779	39.556
49	0.262686	9.40597	4.35542	39.7763
50	0.227016	9.34664	4.4032	40.0028
51	0.21557	9.28772	4.47	40.2378
52	0.192383	9.22756	4.4838	40.4738
53	0.169329	9.16618	4.40446	40.6983
54	0.145579	9.10347	4.10435	40.8819
55	0.149404	9.0431	4.01409	41.0535
56	0.147438	8.98421	3.93288	41.2146
57	0.131547	8.92492	3.70869	41.3468
58	0.132345	8.86736	3.52566	41.4561
59	0.124471	8.81035	3.27972	41.535
60	0.0959096	8.75123	3.20798	41.6062
61	0.0672686	8.69001	3.02345	41.6557
62	0.0546445	8.62872	2.71386	41.6684
63	0.0213738	8.56477	2.74417	41.6871
64	0.012248	8.50118	2.82439	41.7178
65	-0.0205436	8.43502	2.93084	41.7635
66	-0.0111003	8.37145	2.98068	41.8168
67	-0.0154288	8.30873	2.91719	41.864
68	0.00881345	8.25025	3.0029	41.9229
69	0.0248087	8.19491	3.05187	41.9889
70	0.0168573	8.13981	3.10183	42.0619
71	-0.0122957	8.08245	3.17163	42.1441
72	0.00940595	8.02877	3.244	42.2356
73	0.0128914	7.97657	3.29006	42.333
74	0.00558532	7.92458	3.23595	42.4249
75	-0.00412884	7.8725	3.1243	42.5046
76	0.0181601	7.82395	3.07363	42.5793
77	0.0309931	7.77778	3.00198	42.6468
78	0.00600345	7.7297	2.83844	42.6968
79	-0.00497553	7.6813	2.65295	42.7273
80	-0.0137669	7.63281	2.65047	42.7587
81	0.0117906	7.588	2.60296	42.7861
82	0.0511444	7.54829	2.59511	42.8139
83	0.0480326	7.50898	2.66277	42.8502
84	0.0429677	7.46984	2.54992	42.8753
85	0.0233081	7.4293	2.54776	42.9014
86	0.0225918	7.38939	2.55634	42.9295
87	0.0399959	7.35201	2.49243	42.9519
88	0.0568774	7.31705	2.44619	42.9705
89	0.0884506	7.28602	2.4463	42.9902
90	0.135942	7.2605	2.49334	43.0159
91	0.132695	7.23512	2.39431	43.0324
92	0.0988046	7.20674	2.46207	43.0568
93	0.071254	7.17602	2.53085	43.0893
94	0.0632573	7.14502	2.56791	43.1264
95	0.0638639	7.11458	2.53933	43.1614
96	0.0642872	7.08469	2.59442	43.2027
97	0.0746407	7.05633	2.56421	43.2417
98	0.0827414	7.02924	2.6244	43.2875
99	0.0981385	7.00413	2.51195	43.3226
100	0.079876	6.97762	2.43365	43.3507
101	0.0340407	6.94703	2.55631	43.3917
102	0.0188291	6.9154	2.53572	43.4312
103	0.00338031	6.88273	2.50084	43.468
104	-0.00738138	6.84948	2.53735	43.509
105	-0.0394016	6.81359	2.60766	43.5573
106	-0.0754048	6.77472	2.72586	43.6175
107	-0.120567	6.73203	2.89357	43.6941
108	-0.158985	6.68621	3.02354	43.7834
109	-0.14982	6.64181	3.02488	43.8728
110	-0.131227	6.5997	3.08704	43.9683
111	-0.125097	6.55867	3.17524	44.072
112	-0.109349	6.5196	3.26843	44.1844
113	-0.0688794	6.48477	3.35987	44.3052
114	-0.0284841	6.45412	3.50718	44.4395
115	0.00660202	6.4271	3.59719	44.5817
116	0.0227802	6.40191	3.61841	44.7255
117	0.0323832	6.37792	3.52915	44.8607
118	0.0357512	6.35456	3.42983	44.9866
119	0.0580055	6.33352	3.47146	45.1159
120	0.0725233	6.31408	3.47102	45.2449
121	0.085048	6.29603	3.38154	45.3655
122	0.0743626	6.27728	3.31493	45.4799
123	0.0522747	6.2568	3.32975	45.5954
124	0.050775	6.23644	3.35168	45.7128
125	0.0387698	6.21529	3.37104	45.8316
126	0.0100439	6.19185	3.39352	45.9522
127	0.0162409	6.16924	3.35999	46.0695
128	0.0212178	6.14733	3.37641	46.1882
129	0.0212326	6.12568	3.41412	46.3098
130	0.0194609	6.10413	3.43786	46.4333
131	0.021113	6.08297	3.4072	46.5539
132	0.0216944	6.06211	3.44117	46.6771
133	0.0282453	6.04205	3.49032	46.8043
134	0.0447733	6.02363	3.5774	46.9387
135	0.0490201	6.0058	3.59332	47.0741
136	0.0483162	5.98811	3.57517	47.2076
137	0.0682182	5.97232	3.62208	47.3447
138	0.0688277	5.95677	3.62062	47.4813
139	0.0668079	5.94124	3.54568	47.6113
140	0.0514249	5.9246	3.55176	47.7414
141	0.038496	5.90707	3.53275	47.8696
142	0.0324189	5.88923	3.56073	47.9998
143	0.0261261	5.87106	3.61576	48.1343
144	0.0266433	5.85312	3.6777	48.2736
145	0.0313771	5.83577	3.72172	48.416
146	0.0252216	5.8181	3.74625	48.5601
147	0.0265709	5.80072	3.74914	48.7041
148	0.0172208	5.78276	3.72394	48.8455
149	0.0154805	5.76484	3.75465	48.9891
150	0.0103046	5.74668	3.77601	49.1339
151	0.00453507	5.72824	3.82807	49.2826
152	0.00307461	5.70986	3.87125	49.4343
153	0.00527742	5.69184	3.91806	49.5893
154	0.0117283	5.67451	3.92373	49.7442
155	0.0140635	5.65753	3.91246	49.8978
156	0.000902345	5.63967	3.90596	50.0504
157	-0.0207628	5.62026	3.93827	50.2051
158	-0.0173019	5.60131	3.88665	50.3552
159	-0.0165253	5.58258	3.87127	50.5037
160	-0.0102523	5.56452	3.87375	50.652
161	-0.000700012	5.54737	3.88907	50.801
162	0.0239489	5.53231	3.91238	50.9514
163	0.0336945	5.51814	3.90956	51.1011
164	0.0345479	5.50418	3.87443	51.2477
165	0.0285201	5.48988	3.83591	51.3908
166	0.0263018	5.47555	3.77971	51.5293
167	0.0156427	5.46053	3.80835	51.6695
168	0.0178369	5.44581	3.82727	51.8109
169	0.010296	5.43065	3.77732	51.948
170	0.00755288	5.41542	3.76475	52.0839
171	0.0279658	5.40187	3.78555	52.2209
172	0.041321	5.38946	3.79586	52.3584
173	0.031694	5.37644	3.79935	52.4958
174	0.0203207	5.36268	3.79122	52.6323
175	0.0156682	5.34869	3.76835	52.7666
176	0.0167559	5.3349	3.73951	52.8985
177	0.0287175	5.32212	3.72381	53.0289
178	0.046582	5.31079	3.74107	53.1602
179	0.0433624	5.29932	3.7326	53.2906
180	0.0506728	5.2885	3.72957	53.4204
181	0.0641912	5.27878	3.70651	53.5483
182	0.0764847	5.27005	3.68488	53.6742
183	0.0925454	5.2626	3.69202	53.8004
184	0.0897292	5.25501	3.69562	53.9266
185	0.0852822	5.24718	3.70106	54.0529
186	0.0777046	5.23887	3.65976	54.1758
187	0.06792	5.22993	3.64813	54.2977
188	0.0552178	5.22016	3.67387	54.4211
189	0.0475543	5.20992	3.70135	54.5463
190	0.0572504	5.20047	3.71389	54.6721
191	0.0518083	5.1907	3.67723	54.795
192	0.0598149	5.1816	3.65837	54.9162
193	0.0598792	5.17259	3.57259	55.0311
194	0.0559515	5.16338	3.43373	55.1358
195	0.0488071	5.15373	3.44022	55.2408
196	0.0416196	5.14366	3.40958	55.3434
197	0.0253286	5.13251	3.4333	55.4476
198	0.0273648	5.1216	3.42421	55.5509
199	0.0257593	5.11066	3.38305	55.6512
200	0.0179534	5.09926	3.3565	55.7494
201	0.0155514	5.08778	3.3092	55.8442
202	0.0186499	5.0766	3.32097	55.9397
203	0.0153836	5.06528	3.34083	56.0364
204	0.00885145	5.05359	3.35747	56.1342
205	0.00708071	5.04186	3.379	56.2333
206	0.00531831	5.03009	3.39244	56.3332
207	0.00387859	5.01831	3.4171	56.4346
208	0.0114534	5.00714	3.42998	56.5368
209	0.0193865	4.9966	3.41852	56.638
210	0.021196	4.98625	3.40109	56.7378
211	0.0268801	4.97638	3.4193	56.8388
212	0.0331499	4.967	3.45246	56.9418
213	0.0314709	4.95759	3.47534	57.0463
214	0.0231853	4.94768	3.5067	57.1527
215	0.0250186	4.93796	3.49117	57.2578
216	0.0195431	4.92795	3.52056	57.3648
217	0.0223086	4.91819	3.52166	57.4717
218	0.0254483	4.90872	3.48364	57.5758
219	0.0198446	4.89893	3.48865	57.68
220	0.0210139	4.8893	3.42899	57.7801
221	0.0189994	4.8796	3.40134	57.8782
222	0.0289269	4.87063	3.36273	57.9735
223	0.0260734	4.86153	3.34307	58.0674
224	0.0138088	4.85168	3.32424	58.16
225	0.0156179	4.84202	3.33441	58.253
226	0.0209404	4.83278	3.36751	58.3482
227	0.0275774	4.82403	3.40174	58.4454
228	0.0307659	4.81557	3.41685	58.5435
229	0.0293624	4.80706	3.43989	58.643
230	0.035236	4.79901	3.45186	58.7431
231	0.036718	4.7911	3.47405	58.8445
232	0.03114	4.78289	3.46252	58.945
233	0.035419	4.77501	3.49349	59.0473
234	0.0430968	4.76769	3.50054	59.15
235	0.0342607	4.75985	3.50856	59.253
236	0.0229591	4.75133	3.54484	59.3581
237	0.0161058	4.74242	3.55294	59.4636
238	0.0180345	4.73369	3.52304	59.567
239	0.0218834	4.72527	3.5122	59.6696
240	0.0334643	4.71765	3.51984	59.7724
241	0.038605	4.71041	3.51462	59.8748
242	0.0433549	4.70352	3.51802	59.9772
243	0.0451535	4.6968	3.53604	60.0806
244	0.0395462	4.68976	3.55979	60.1853
245	0.0352641	4.68251	3.56223	60.29
246	0.0386999	4.67551	3.59489	60.3966
247	0.0394539	4.66862	3.60732	60.5038
248	0.0425865	4.66196	3.58636	60.6095
249	0.0355567	4.65491	3.54308	60.7123
250	0.0328793	4.64774	3.53291	60.8143
251	0.0331783	4.64063	3.51511	60.9149
252	0.0322925	4.63351	3.46217	61.0122
253	0.0281309	4.62618	3.41446	61.1062
254	0.0250251	4.6187	3.3662	61.1972
255	0.0323506	4.61172	3.31313	61.2846
256	0.0383611	4.60517	3.23193	61.367
257	0.0441849	4.59901	3.21512	61.4482
258	0.0471395	4.59308	3.2256	61.5299
259	0.054984	4.58768	3.24875	61.613
260	0.0604566	4.58265	3.25562	61.6965
261	0.0648733	4.57793	3.25467	61.7798
262	0.0685615	4.57347	3.25656	61.8631
263	0.070794	4.56918	3.24708	61.9457
264	0.0736768	4.56511	3.26657	62.0295
265	0.0757768	4.56119	3.27168	62.1134
266	0.0855286	4.55789	3.30044	62.199
267	0.083435	4.5545	3.30659	62.2849
268	0.0871351	4.55136	3.31162	62.371
269	0.0880525	4.54831	3.32669	62.4579
270	0.09356	4.54561	3.27951	62.5418
271	0.101297	4.54341	3.20202	62.621
272	0.100799	4.5412	3.12189	62.6952
273	0.109196	4.53952	3.12412	62.7695
274	0.120463	4.53854	3.13798	62.8446
275	0.112354	4.53709	3.13346	62.9193
276	0.0982959	4.53482	3.16417	62.9958
277	0.0854163	4.5318	3.16338	63.0722
278	0.0747581	4.52817	3.13751	63.147
279	0.0655492	4.52401	3.14335	63.222
280	0.063605	4.51977	3.15013	63.2974
281	0.0629309	4.51552	3.13905	63.3721
282	0.0506217	4.51057	3.1383	63.4467
283	0.0395707	4.50499	3.15508	63.5222
284	0.0350495	4.49918	3.11284	63.5951
285	0.0259824	4.49287	3.10228	63.6673
286	0.0216403	4.48634	3.08916	63.7387
287	0.0180192	4.47963	3.07979	63.8095
288	0.0158692	4.47283	3.07449	63.8799
289	0.00973614	4.46571	3.07136	63.9501
290	0.00803614	4.45853	3.07034	64.0202
291	0.00608031	4.45127	3.08388	64.091
292	-0.00384632	4.44347	3.11157	64.1634
293	-0.00504722	4.43564	3.10475	64.2353
294	-0.0021436	4.42801	3.09998	64.3069
295	-0.00518442	4.42025	3.06157	64.3762
296	9.17658e-05	4.41283	3.04107	64.4443
297	-0.00425134	4.4052	3.00424	64.5102
298	0.00220132	4.39798	3.00516	64.5761
299	0.0116313	4.39134	2.99285	64.6412
300	0.013746	4.38486	2.95225	64.704
301	0.00611066	4.37797	2.97722	64.7682
302	0.00411322	4.371	3.00026	64.8336
303	0.00489221	4.3641	3.01546	64.8999
304	0.00968603	4.35752	3.04904	64.9681
305	0.0181997	4.35146	3.05485	65.0365
306	0.0190884	4.34548	3.06131	65.1053
307	0.0182175	4.33947	3.07306	65.1747
308	0.0149805	4.33332	3.05715	65.2431
309	0.0152307	4.32721	3.05181	65.3112
310	0.0216463	4.3215	3.06165	65.3798
311	0.0237932	4.31593	3.06724	65.4486
312	0.0250809	4.31047	3.08772	65.5186
313	0.0313657	4.30539	3.06973	65.5875
314	0.0403341	4.30084	3.07064	65.6564
315	0.0472308	4.29671	3.04893	65.724
316	0.0465676	4.29256	3.05034	65.7916
317	0.0489737	4.28857	3.03001	65.858
318	0.0476271	4.28452	3.03818	65.9249
319	0.0384123	4.27999	3.03456	65.9915
320	0.0334922	4.2752	2.99833	66.056
321	0.0295599	4.27022	2.98267	66.1197
322	0.0215026	4.26482	2.97679	66.1829
323	0.0159477	4.25914	2.97502	66.2461
324	0.019392	4.25368	2.98066	66.3095
325	0.0240189	4.2485	2.99264	66.3735
326	0.0319633	4.24378	2.99626	66.4377
327	0.0451511	4.23982	3.03024	66.5037
328	0.0441219	4.23582	3.03768	66.5701
329	0.0481611	4.23206	3.04024	66.6365
330	0.0548056	4.22869	3.01857	66.7018
331	0.0546336	4.22533	3.02724	66.7674
332	0.0590693	4.22223	3.04088	66.8338
333	0.0595229	4.21918	3.00195	66.898
334	0.0640096	4.21639	2.96895	66.9603
335	0.0642976	4.21363	2.97505	67.023
336	0.0633188	4.21084	2.96258	67.0849
337	0.058945	4.20782	2.95794	67.1465
338	0.0534988	4.20453	2.96001	67.2083
339	0.0459418	4.20085	2.96045	67.27
340	0.0399469	4.19686	2.97742	67.3325
341	0.0325935	4.1925	2.99992	67.3963
342	0.0273614	4.18788	2.97507	67.4587
343	0.0178422	4.18277	2.99537	67.5221
344	0.00842004	4.17717	3.00785	67.5862
345	0.0041009	4.17137	2.98845	67.6491
346	0.00409026	4.16559	2.96839	67.711
347	0.00129897	4.15969	2.93518	67.771
348	-0.00317469	4.15357	2.91113	67.8298
349	-0.00618186	4.14732	2.90103	67.8879
350	-0.00142018	4.14135	2.87315	67.9445
351	0.00128879	4.13555	2.87232	68.0011
352	0.0041718	4.12992	2.88893	68.0585
353	0.00277882	4.12425	2.90003	68.1165
354	0.00396638	4.11866	2.89101	68.174
355	0.00883773	4.11336	2.89896	68.2319
356	0.0142201	4.10836	2.91695	68.2907
357	0.0163008	4.1035	2.91444	68.3494
358	0.0160834	4.09864	2.91337	68.4079
359	0.0256654	4.09431	2.92703	68.4672
360	0.0379226	4.09064	2.97009	68.5286
361	0.0512959	4.0877	3.01934	68.5926
362	0.0601546	4.08523	3.04615	68.658
363	0.0632342	4.08294	3.02692	68.7223
364	0.0541766	4.08019	3.01541	68.786
365	0.0456193	4.07701	3.00058	68.8489
366	0.0376247	4.07343	3.00109	68.9117
367	0.0289045	4.06941	2.99025	68.9739
368	0.0253663	4.06523	2.98038	69.0356
369	0.0261693	4.0611	2.97376	69.0969
370	0.0277717	4.05708	2.97669	69.1583
371	0.0322242	4.05331	2.98076	69.2199
372	0.0409589	4.05	2.99723	69.2822
373	0.0446779	4.04691	3.00161	69.3448
374	0.0509161	4.04415	2.99151	69.4068
375	0.0543008	4.04158	2.98368	69.4684
376	0.0563618	4.03913	2.9905	69.5302
377	0.061646	4.03696	2.99232	69.5921
378	0.068093	4.03514	2.98471	69.6536
379	0.0748186	4.03367	2.95894	69.7137
380	0.0771768	4.03234	2.92735	69.7722
381	0.073775	4.03084	2.92546	69.8306
382	0.0683101	4.02908	2.9309	69.8891
383	0.0655053	4.02718	2.92187	69.9472
384	0.0702544	4.02553	2.89559	70.0039
385	0.0744307	4.02411	2.9084	70.0613
386	0.077363	4.02285	2.91615	70.119
387	0.0796306	4.02171	2.91948	70.1768
388	0.0768118	4.02045	2.93042	70.2352
389	0.076103	4.01915	2.92067	70.293
390	0.0711052	4.01761	2.93276	70.3514
391	0.071761	4.01612	2.94398	70.4104
392	0.0687853	4.01448	2.89115	70.4666
393	0.0741783	4.01313	2.8392	70.5202
394	0.0794062	4.01205	2.83199	70.5734
395	0.0749882	4.01076	2.81207	70.6256
396	0.0711304	4.00928	2.83679	70.679
397	0.0709781	4.00781	2.8595	70.7336
398	0.0720173	4.00639	2.88047	70.7891
399	0.0733039	4.00506	2.8934	70.8453
400	0.0818403	4.00415	2.90606	70.9021
401	0.0905475	4.00369	2.93323	70.9602
402	0.0975802	4.00359	2.93904	71.0185
403	0.10066	4.00365	2.93292	71.0765
404	0.0964852	4.0035	2.92033	71.1339
405	0.0934612	4.00321	2.92117	71.1912
406	0.0913888	4.00283	2.91847	71.2484
407	0.0849917	4.00213	2.94294	71.3068
408	0.0874168	4.00157	2.9562	71.3658
409	0.0895979	4.00112	2.96561	71.4252
410	0.0898779	4.00069	2.97902	71.4852
411	0.090604	4.0003	2.98782	71.5456
412	0.0914925	3.99996	2.98563	71.6059
413	0.0892415	3.99952	2.95691	71.6647
414	0.0853274	3.99889	2.94777	71.7231
415	0.0794775	3.99799	2.90358	71.7792
416	0.0723608	3.99674	2.89278	71.8348
417	0.0638627	3.99509	2.89221	71.8903
418	0.0521863	3.99288	2.90805	71.9466
419	0.0450646	3.99033	2.91396	72.0031
420	0.0407375	3.98758	2.92479	72.0601
421	0.0399806	3.98481	2.92526	72.1171
422	0.0391888	3.98201	2.94208	72.1749
423	0.0395524	3.97924	2.95509	72.2333
424	0.0453057	3.97676	2.98631	72.2931
425	0.0472233	3.97439	2.97878	72.3526
426	0.0510782	3.97221	2.98673	72.4124
427	0.0503344	3.97001	2.99006	72.4723
428	0.0489168	3.96775	2.99593	72.5325
429	0.0451692	3.96532	2.98575	72.5921
430	0.0425648	3.96278	2.96347	72.6506
431	0.043834	3.9603	2.95625	72.7087
432	0.0460094	3.95795	2.9553	72.7668
433	0.0470053	3.95565	2.9537	72.8247
434	0.0430274	3.95317	2.93811	72.8818
435	0.0366151	3.9504	2.92297	72.9382
436	0.036448	3.94763	2.89007	72.993
437	0.0298691	3.94455	2.90811	73.0486
438	0.0297339	3.94149	2.90338	73.104
439	0.0330117	3.93859	2.91453	73.1598
440	0.0429417	3.93617	2.93603	73.2167
441	0.0515102	3.93417	2.95129	73.2742
442	0.0592489	3.93255	2.9703	73.3326
443	0.0589122	3.93092	2.96909	73.3909
444	0.0599555	3.92935	2.98267	73.4499
445	0.057632	3.92768	3.00074	73.5096
446	0.0527009	3.92579	2.99686	73.5691
447	0.05179	3.92386	2.98814	73.6281
448	0.0505155	3.92187	2.98335	73.6869
449	0.0566576	3.92019	2.97673	73.7453
450	0.0565359	3.91851	2.98718	73.8042
451	0.0597494	3.91699	2.99721	73.8635
452	0.0570428	3.91535	2.99783	73.9228
453	0.0615188	3.91393	3.00767	73.9826
454	0.0608172	3.91249	2.99742	74.0418
455	0.0583011	3.91093	3.00011	74.1011
456	0.0618574	3.90955	3.00965	74.1607
457	0.0633652	3.90825	2.99538	74.2197
458	0.060461	3.90681	2.99104	74.2785
459	0.0534856	3.90507	2.98739	74.337
460	0.0474905	3.90305	2.98814	74.3955
461	0.0433665	3.90084	2.98214	74.4537
462	0.0368977	3.89835	2.97733	74.5117
463	0.0300112	3.89555	2.98989	74.5702
464	0.0210772	3.89234	3.01429	74.6298
465	0.0193392	3.88907	3.01839	74.6895
466	0.0152588	3.88562	3.03028	74.7497
467	0.00995505	3.88193	3.0445	74.8106
468	0.00868744	3.8782	3.05023	74.8716
469	0.00764888	3.87443	3.0371	74.9321
470	0.00444386	3.87053	3.02554	74.9919
471	-0.0019099	3.86635	3.01806	75.0514
472	-0.00283974	3.86214	3.0249	75.1111
473	0.00183196	3.85816	3.02708	75.1709
474	0.000771928	3.85414	3.02275	75.2304
475	0.000236331	3.85011	3.03345	75.2904
476	-0.000825669	3.84604	3.03995	75.3507
477	-0.0020474	3.84193	3.04794	75.4112
478	-0.00116998	3.83787	3.05795	75.4722
479	-0.00245245	3.83377	3.06522	75.5335
480	-0.0105699	3.82931	3.08894	75.5958
481	-0.0134646	3.82473	3.09889	75.6585
482	-0.0116635	3.82025	3.104	75.7214
483	-0.00964986	3.81587	3.09556	75.7838
484	-0.00339053	3.81179	3.11298	75.847
485	-0.00233937	3.80776	3.1188	75.9105
486	0.000509855	3.80388	3.10774	75.9733
487	0.0047357	3.80021	3.12148	76.0368
488	0.00688358	3.79664	3.13058	76.1005
489	0.00894194	3.79317	3.12961	76.1643
490	0.00933736	3.78974	3.12909	76.2279
491	0.0109932	3.78639	3.14462	76.2922
492	0.0168139	3.78331	3.15929	76.357
493	0.0214792	3.78045	3.16584	76.4222
494	0.0237397	3.7777	3.15976	76.487
495	0.0262377	3.77508	3.15168	76.5514
496	0.0260971	3.77246	3.14356	76.6153
497	0.0295594	3.77	3.11363	76.6779
498	0.0286184	3.76751	3.09872	76.7398
499	0.0247346	3.76485	3.09648	76.8015
500	0.0216607	3.76206	3.09368	76.863
501	0.0222093	3.75931	3.07919	76.9239
502	0.0201389	3.75648	3.0731	76.9844
503	0.0185303	3.75358	3.05629	77.0442
504	0.0183595	3.75069	3.05618	77.1039
505	0.0194455	3.74785	3.04623	77.1631
506	0.0189641	3.745	3.05201	77.2225
507	0.0198707	3.7422	3.05408	77.282
508	0.0211507	3.73947	3.05295	77.3414
509	0.0239902	3.73687	3.05621	77.4008
510	0.0257323	3.73435	3.0647	77.4607
511	0.0291958	3.732	3.0791	77.5211
512	0.0353849	3.72993	3.09092	77.582
513	0.0389008	3.72802	3.09489	77.643
514	0.0416485	3.72624	3.08138	77.7034
515	0.0378426	3.7243	3.07788	77.7635
516	0.0357931	3.72228	3.08493	77.824
517	0.0352594	3.72024	3.08565	77.8844
518	0.0401591	3.71842	3.08882	77.9449
519	0.0439818	3.71677	3.10548	78.0062
520	0.0454407	3.7152	3.09185	78.0667
521	0.0403257	3.71341	3.07901	78.1267
522	0.0354361	3.71141	3.04961	78.1853
523	0.0310907	3.70923	3.06085	78.2444
524	0.0275867	3.70691	3.06895	78.3038
525	0.0230743	3.7044	3.05364	78.3625
526	0.020823	3.70179	3.05256	78.4211
527	0.0166335	3.69902	3.05612	78.4798
528	0.0143844	3.69615	3.02988	78.5374
529	0.00861654	3.69304	3.02624	78.5947
530	0.00426913	3.68975	3.02702	78.6521
531	0.00261418	3.6864	3.02094	78.7091
532	0.00315204	3.68309	3.02858	78.7664
533	-0.00056899	3.67962	3.03956	78.8242
534	-0.00370061	3.67603	3.05228	78.8825
535	-0.0122583	3.67207	3.084	78.9421
536	-0.0165843	3.66794	3.08884	79.0018
537	-0.0201664	3.66367	3.09765	79.0619
538	-0.0225892	3.6593	3.09979	79.1221
539	-0.024483	3.65487	3.10155	79.1823
540	-0.0225406	3.65053	3.08872	79.2419
541	-0.0195761	3.64632	3.08943	79.3014
542	-0.0213392	3.64206	3.08738	79.3609
543	-0.0245098	3.63766	3.08672	79.4203
544	-0.0236404	3.63332	3.08123	79.4794
545	-0.0214761	3.62908	3.06445	79.5377
546	-0.0221387	3.62482	3.06829	79.5962
547	-0.0247703	3.62046	3.07288	79.6548
548	-0.0292712	3.61592	3.0829	79.7138
549	-0.0312296	3.61131	3.08058	79.7727
550	-0.0362691	3.60649	3.08683	79.8318
551	-0.0349687	3.60174	3.09411	79.8911
552	-0.0320453	3.59713	3.07124	79.9495
553	-0.0361372	3.59235	3.05429	80.0071
554	-0.0386231	3.58748	3.04558	80.0643
555	-0.0410356	3.58252	3.03263	80.1209
556	-0.0408937	3.57758	3.0307	80.1773
557	-0.0370318	3.57281	3.03805	80.2341
558	-0.0346553	3.56815	3.04441	80.2911
559	-0.0341282	3.56353	3.04869	80.3482
560	-0.0382754	3.55874	3.04687	80.4052
561	-0.0389603	3.55394	3.04357	80.462
562	-0.0383064	3.54918	3.01204	80.5175
563	-0.0378375	3.54444	3.01722	80.5731
564	-0.0363862	3.53978	3.02551	80.6291
565	-0.0346695	3.5352	3.01463	80.6846
566	-0.033146	3.5307	3.00939	80.7398
567	-0.0307703	3.5263	3.00227	80.7947
568	-0.0296536	3.52197	3.00271	80.8495
569	-0.0346061	3.51743	3.01654	80.9049
570	-0.0370107	3.51281	3.02554	80.9607
571	-0.0365371	3.50822	3.02312	81.0163
572	-0.0338608	3.50375	3.01744	81.0717
573	-0.0319202	3.49937	3.01948	81.1271
574	-0.0324944	3.49497	3.01844	81.1824
575	-0.0370533	3.4904	3.02119	81.2378
576	-0.0411304	3.48567	3.01885	81.293
577	-0.045185	3.48078	3.02991	81.3487
578	-0.0488947	3.47575	3.04387	81.4049
579	-0.0534735	3.47054	3.04758	81.4613
580	-0.0561471	3.46523	3.05144	81.5178
581	-0.0557347	3.45995	3.04736	81.574
582	-0.0588398	3.45455	3.04452	81.6301
583	-0.0576126	3.44921	3.04813	81.6864
584	-0.0557242	3.44397	3.05368	81.7428
585	-0.0568562	3.43868	3.05943	81.7994
586	-0.0599412	3.43329	3.06554	81.8562
587	-0.0609086	3.42786	3.06188	81.9129
588	-0.0617329	3.42241	3.05368	81.9692
589	-0.0616059	3.41698	3.05574	82.0255
590	-0.0621397	3.41154	3.06072	82.082
591	-0.0621108	3.40611	3.06023	82.1384
592	-0.0597891	3.40079	3.0708	82.1952
593	-0.0557285	3.39565	3.07909	82.2524
594	-0.0538382	3.39059	3.08937	82.3099
595	-0.0508648	3.38567	3.08621	82.3672
596	-0.0497268	3.38081	3.08625	82.4245
597	-0.0506826	3.37591	3.0719	82.4812
598	-0.0481611	3.37113	3.06347	82.5375
599	-0.0505613	3.36626	3.06447	82.5938
600	-0.0510955	3.36138	3.04677	82.6494
601	-0.0516974	3.35649	3.05981	82.7054
602	-0.0546614	3.35149	3.07741	82.7621
603	-0.0565873	3.34641	3.07936	82.8189
604	-0.0610658	3.34117	3.08117	82.8757
605	-0.0654686	3.33576	3.09361	82.933
606	-0.0680294	3.33026	3.08769	82.99
607	-0.0653522	3.32487	3.09251	83.0471
608	-0.0636363	3.31957	3.09139	83.1042
609	-0.0633681	3.31429	3.07877	83.1607
610	-0.0594891	3.30918	3.08044	83.2173
611	-0.0565739	3.30419	3.07253	83.2735
612	-0.0558909	3.29924	3.07447	83.3297
613	-0.0550411	3.29434	3.08248	83.3862
614	-0.0538102	3.2895	3.09173	83.4431
615	-0.0527712	3.28471	3.08353	83.4996
616	-0.0503588	3.28002	3.07718	83.5558
617	-0.0470519	3.27548	3.08797	83.6124
618	-0.0449585	3.27103	3.09245	83.6691
619	-0.0422105	3.2667	3.10206	83.7262
620	-0.0395706	3.26249	3.08772	83.7827
621	-0.039206	3.2583	3.07419	83.8386
622	-0.0366583	3.25422	3.08402	83.8948
623	-0.0363386	3.25016	3.09528	83.9515
624	-0.037613	3.24606	3.10457	84.0085
625	-0.0340939	3.24211	3.11058	84.0657
626	-0.0358454	3.2381	3.11878	84.1232
627	-0.0344793	3.23415	3.12551	84.1809
628	-0.0348696	3.23019	3.12423	84.2385
629	-0.037132	3.22615	3.10918	84.2955
630	-0.0364075	3.22215	3.10186	84.3522
631	-0.0386194	3.21807	3.09836	84.4087
632	-0.0380561	3.21402	3.08918	84.4648
633	-0.037513	3.21	3.07502	84.5203
634	-0.0356644	3.20606	3.07283	84.5757
635	-0.0333736	3.20222	3.06338	84.6306
636	-0.0279336	3.1986	3.06792	84.6857
637	-0.0236053	3.19517	3.07221	84.741
638	-0.0189657	3.19192	3.07302	84.7962
639	-0.0167173	3.18877	3.0786	84.8517
640	-0.011063	3.18585	3.08881	84.9074
641	-0.0086398	3.18303	3.07797	84.9628
642	-0.00767712	3.18025	3.08269	85.0183
643	-0.00501487	3.17759	3.0866	85.0739
644	-0.00470787	3.17494	3.07061	85.1288
645	-0.00713	3.17221	3.0644	85.1835
646	-0.00820096	3.16944	3.04938	85.2375
647	-0.00696476	3.16672	3.03507	85.291
648	-0.00357363	3.16415	3.04295	85.3447
649	-0.00460434	3.16153	3.04667	85.3985
650	-0.00680804	3.15884	3.05745	85.4527
651	-0.00666733	3.15616	3.06027	85.507
652	-0.00525432	3.15354	3.06541	85.5615
653	-0.006111	3.1509	3.06644	85.616
654	-0.0082034	3.14817	3.06053	85.6702
655	-0.0117204	3.14532	3.07389	85.7249
656	-0.0120793	3.14246	3.07569	85.7796
657	-0.0111802	3.13964	3.08148	85.8346
658	-0.0129009	3.13675	3.08782	85.8897
659	-0.0115651	3.13393	3.09467	85.9451
660	-0.0119993	3.1311	3.09625	86.0005
661	-0.00895497	3.12839	3.10367	86.0561
662	-0.00741219	3.12574	3.11494	86.1122
663	-0.00737746	3.12311	3.11786	86.1683
664	-0.00692099	3.12049	3.12641	86.2248
665	-0.00740378	3.11786	3.1153	86.2807
666	-0.00731516	3.11525	3.11125	86.3365
667	-0.00925859	3.11256	3.10765	86.3921
668	-0.00747729	3.10995	3.10664	86.4476
669	-0.00724667	3.10735	3.11172	86.5033
670	-0.00339989	3.10491	3.11562	86.5591
671	-0.00777401	3.1023	3.12623	86.6153
672	-0.0103798	3.0996	3.13006	86.6716
673	-0.0135228	3.09678	3.13558	86.728
674	-0.0176223	3.09381	3.13928	86.7846
675	-0.0216382	3.09069	3.15894	86.8419
676	-0.0229877	3.08753	3.15124	86.8988
677	-0.0265666	3.08424	3.16187	86.9562
678	-0.0306342	3.08079	3.17402	87.0139
679	-0.0332775	3.07725	3.17067	87.0715
680	-0.0361427	3.07361	3.1812	87.1295
681	-0.0391675	3.06986	3.17597	87.1872
682	-0.0423166	3.066	3.18802	87.2453
683	-0.046426	3.06199	3.20157	87.304
684	-0.0515861	3.05779	3.21618	87.3631
685	-0.0531595	3.05353	3.21139	87.422
686	-0.0500794	3.0494	3.21651	87.4811
687	-0.0446239	3.04549	3.23092	87.5407
688	-0.0408556	3.04173	3.23231	87.6003
689	-0.0347763	3.0382	3.23743	87.66
690	-0.0306425	3.03484	3.24312	87.7199
691	-0.0273401	3.03161	3.25364	87.7802
692	-0.0269314	3.0284	3.26226	87.8408
693	-0.0267337	3.02521	3.26904	87.9016
694	-0.0290888	3.02193	3.263	87.9621
695	-0.0296233	3.01864	3.26686	88.0227
696	-0.0313903	3.01529	3.26409	88.0832
697	-0.0290476	3.01204	3.25798	88.1434
698	-0.0286747	3.0088	3.25896	88.2036
699	-0.0255551	3.00569	3.26523	88.264
700	-0.0273536	3.00251	3.27494	88.3247
701	-0.0315118	2.99919	3.29031	88.3859
702	-0.0364416	2.99568	3.29393	88.4473
703	-0.0415274	2.99199	3.29283	88.5085
704	-0.0398893	2.98837	3.27991	88.5693
705	-0.0365957	2.98488	3.28031	88.63
706	-0.0372711	2.98137	3.262	88.69
707	-0.0413578	2.97772	3.2738	88.7503
708	-0.0410126	2.97408	3.25221	88.8099
709	-0.0417703	2.97042	3.25765	88.8696
710	-0.0404121	2.96682	3.26409	88.9295
711	-0.0371022	2.96335	3.27364	88.9897
712	-0.0316851	2.96009	3.27844	89.05
713	-0.0271175	2.957	3.29223	89.1109
714	-0.0253717	2.95399	3.28247	89.1713
715	-0.0279165	2.95089	3.28165	89.2316
716	-0.0262695	2.94785	3.28143	89.2919
717	-0.0239201	2.94491	3.28827	89.3525
718	-0.023195	2.942	3.28797	89.4129
719	-0.0260589	2.93899	3.28319	89.4732
720	-0.0293226	2.93586	3.2838	89.5334
721	-0.031123	2.93267	3.27548	89.5933
722	-0.0314411	2.92948	3.27176	89.653
723	-0.0356899	2.92613	3.26971	89.7125
724	-0.0410382	2.92259	3.27605	89.7723
725	-0.0453385	2.9189	3.28548	89.8324
726	-0.0484217	2.9151	3.29188	89.8927
727	-0.0498327	2.91125	3.2929	89.953
728	-0.050974	2.90737	3.26039	90.012
729	-0.0490269	2.90357	3.25168	90.0707
730	-0.0498813	2.89974	3.24358	90.129
731	-0.0478739	2.89599	3.23843	90.1872
732	-0.0480073	2.89225	3.22375	90.2447
733	-0.0481093	2.88851	3.21715	90.3019
734	-0.0463806	2.88483	3.22213	90.3593
735	-0.0462663	2.88117	3.22134	90.4167
736	-0.0468918	2.87749	3.23223	90.4744
737	-0.0456346	2.87387	3.23578	90.5322
738	-0.0465637	2.87021	3.24264	90.5902
739	-0.049557	2.86645	3.24671	90.6483
740	-0.0477134	2.86277	3.25224	90.7066
741	-0.0466878	2.85913	3.25263	90.7649
742	-0.0440313	2.85559	3.25834	90.8233
743	-0.0436025	2.85208	3.26805	90.8821
744	-0.0407051	2.84868	3.28027	90.9412
745	-0.0417095	2.84524	3.2882	91.0007
746	-0.0409652	2.84184	3.29709	91.0604
747	-0.0421428	2.83841	3.30083	91.1202
748	-0.0441695	2.8349	3.30241	91.18
749	-0.0447724	2.83138	3.29731	91.2396
750	-0.0440474	2.82789	3.2949	91.299
751	-0.0413256	2.8245	3.29084	91.3583
752	-0.0380982	2.82124	3.28316	91.4173
753	-0.035782	2.81807	3.28703	91.4763
754	-0.0342042	2.81496	3.29063	91.5355
755	-0.0342533	2.81186	3.29445	91.5948
756	-0.0371165	2.80865	3.30121	91.6542
757	-0.0382422	2.80542	3.30365	91.7138
758	-0.0391553	2.80215	3.29429	91.7729
759	-0.04083	2.79883	3.29087	91.8319
760	-0.0431155	2.79543	3.28666	91.8907
761	-0.0479808	2.79186	3.29692	91.9498
762	-0.0514085	2.78817	3.30187	92.009
763	-0.0530475	2.78443	3.29596	92.068
764	-0.0533527	2.78068	3.29078	92.1268
765	-0.0542325	2.77691	3.28883	92.1855
766	-0.055125	2.77312	3.2948	92.2444
767	-0.0555357	2.76931	3.29859	92.3033
768	-0.0556467	2.76551	3.30112	92.3623
769	-0.054554	2.76175	3.30957	92.4216
770	-0.0529917	2.75805	3.3138	92.481
771	-0.0513751	2.75442	3.32162	92.5406
772	-0.0505636	2.75082	3.32213	92.6002
773	-0.051259	2.7472	3.3256	92.6599
774	-0.0527269	2.74354	3.33924	92.7201
775	-0.0532464	2.73986	3.33833	92.7802
776	-0.0539415	2.73617	3.33621	92.8401
777	-0.0548086	2.73245	3.34249	92.9003
778	-0.0556474	2.7287	3.34787	92.9606
779	-0.0556041	2.72497	3.33543	93.0204
780	-0.0565498	2.7212	3.33729	93.0802
781	-0.057073	2.71742	3.3361	93.14
782	-0.057287	2.71364	3.33874	93.1998
783	-0.0576185	2.70986	3.33725	93.2595
784	-0.0580742	2.70606	3.34202	93.3194
785	-0.0612913	2.70216	3.34765	93.3794
786	-0.0639431	2.69817	3.33898	93.4391
787	-0.0629512	2.69421	3.33828	93.4987
788	-0.0641536	2.69023	3.33531	93.5582
789	-0.0677806	2.68611	3.33809	93.6177
790	-0.0677731	2.68201	3.3407	93.6773
791	-0.0692685	2.67786	3.33369	93.7366
792	-0.0715838	2.67363	3.33523	93.7959
793	-0.0739268	2.66933	3.33587	93.8552
794	-0.0738915	2.66503	3.34058	93.9147
795	-0.0763902	2.66065	3.3387	93.974
796	-0.0781449	2.65622	3.33435	94.0331
797	-0.0794061	2.65175	3.32872	94.092
798	-0.0832708	2.64714	3.33527	94.1511
799	-0.0858015	2.64246	3.33496	94.2102
800	-0.0894297	2.63765	3.34665	94.2696
801	-0.0906727	2.63281	3.34972	94.3291
802	-0.0895591	2.62802	3.35261	94.3886
803	-0.0912275	2.62317	3.35765	94.4483
804	-0.0904343	2.61835	3.35649	94.5079
805	-0.0872067	2.61366	3.35408	94.5674
806	-0.0877529	2.60896	3.35014	94.6268
807	-0.0868271	2.60429	3.35791	94.6863
808	-0.0877271	2.5996	3.36268	94.746
809	-0.0846153	2.59503	3.37273	94.806
810	-0.0810992	2.59058	3.3828	94.8663
811	-0.0780326	2.58625	3.37295	94.9263
812	-0.0745105	2.58205	3.35645	94.9856
813	-0.0724314	2.57793	3.35381	95.0448
814	-0.0717521	2.57384	3.35533	95.104
815	-0.0701251	2.56981	3.35954	95.1633
816	-0.0692127	2.56582	3.35445	95.2224
817	-0.068338	2.56186	3.34854	95.2812
818	-0.0686106	2.5579	3.34943	95.3401
819	-0.0678954	2.55398	3.34934	95.3989
820	-0.0680086	2.55005	3.34809	95.4576
821	-0.0678054	2.54614	3.34935	95.5164
822	-0.0690696	2.54218	3.34424	95.5749
823	-0.0673205	2.5383	3.34197	95.6333
824	-0.0652688	2.53449	3.33898	95.6916
825	-0.0652176	2.53069	3.31567	95.749
826	-0.0664869	2.52685	3.31356	95.8063
827	-0.0659775	2.52304	3.31118	95.8635
828	-0.0695781	2.5191	3.32081	95.921
829	-0.0720115	2.51509	3.31475	95.9783
830	-0.0742871	2.511	3.3147	96.0355
831	-0.0753234	2.50688	3.31305	96.0926
832	-0.0773503	2.5027	3.30755	96.1495
833	-0.0806173	2.49841	3.29848	96.2061
834	-0.0835438	2.49403	3.29125	96.2624
835	-0.083628	2.48965	3.27564	96.3181
836	-0.0819236	2.48533	3.27778	96.3738
837	-0.0815526	2.48103	3.27354	96.4294
838	-0.0833016	2.47668	3.27367	96.4849
839	-0.0847611	2.47229	3.27952	96.5406
840	-0.0818456	2.468	3.289	96.5966
841	-0.0832505	2.46366	3.27435	96.6521
842	-0.0850934	2.45928	3.27186	96.7074
843	-0.0881893	2.45479	3.26898	96.7626
844	-0.090506	2.45022	3.27224	96.8179
845	-0.0897629	2.44569	3.27207	96.8732
846	-0.0881119	2.44122	3.2778	96.9286
847	-0.0878737	2.43677	3.27629	96.984
848	-0.0879089	2.43232	3.27638	97.0393
849	-0.0872311	2.4279	3.27789	97.0946
850	-0.0862926	2.42352	3.28501	97.1502
851	-0.0826791	2.41927	3.29386	97.206
852	-0.0818152	2.41505	3.29466	97.2618
853	-0.0832147	2.41079	3.29379	97.3175
854	-0.0830225	2.40655	3.28977	97.3731
855	-0.0840862	2.40227	3.29161	97.4287
856	-0.0842175	2.39799	3.29553	97.4844
857	-0.0849267	2.3937	3.29767	97.5402
858	-0.0862997	2.38937	3.29743	97.5959
859	-0.0892415	2.38494	3.29962	97.6517
860	-0.0913093	2.38044	3.29714	97.7073
861	-0.0942854	2.37585	3.2984	97.763
862	-0.0972475	2.37117	3.29509	97.8185
863	-0.100625	2.36638	3.29781	97.874
864	-0.104226	2.36147	3.29734	97.9296
865	-0.104707	2.35655	3.29617	97.985
866	-0.104025	2.35166	3.29676	98.0405
867	-0.1036	2.34679	3.29768	98.0959
868	-0.104573	2.3419	3.30135	98.1514
869	-0.106614	2.33694	3.31036	98.2072
870	-0.10688	2.33198	3.31815	98.2633
871	-0.108371	2.32698	3.32769	98.3196
872	-0.109149	2.32196	3.33124	98.376
873	-0.11155	2.31686	3.32914	98.4323
874	-0.115561	2.31163	3.33809	98.4889
875	-0.118384	2.30631	3.3482	98.5458
876	-0.12204	2.30088	3.36157	98.6031
877	-0.126073	2.29532	3.37584	98.6609
878	-0.131225	2.28959	3.39604	98.7193
879	-0.133835	2.28378	3.40554	98.778
880	-0.131916	2.27805	3.41815	98.8371
881	-0.133688	2.27226	3.4267	98.8964
882	-0.133255	2.26649	3.40894	98.9551
883	-0.133312	2.26073	3.41265	99.0139
884	-0.134255	2.25494	3.40584	99.0724
885	-0.134181	2.24916	3.40115	99.1308
886	-0.13428	2.24339	3.40115	99.1891
887	-0.135162	2.2376	3.39778	99.2472
888	-0.133034	2.23188	3.39185	99.3052
889	-0.130045	2.22627	3.40101	99.3633
890	-0.131373	2.22062	3.40623	99.4217
891	-0.132065	2.21496	3.41348	99.4802
892	-0.134278	2.20923	3.42112	99.539
893	-0.135352	2.20347	3.42167	99.5977
894	-0.136066	2.1977	3.42483	99.6566
895	-0.136275	2.19192	3.42538	99.7154
896	-0.133545	2.18624	3.42365	99.7741
897	-0.130725	2.18067	3.43248	99.8331
898	-0.130157	2.17512	3.43883	99.8922
899	-0.12975	2.16959	3.44388	99.9515
900	-0.131627	2.164	3.43996	100.011
901	-0.132723	2.15838	3.43378	100.069
902	-0.132571	2.15278	3.42489	100.128
903	-0.13289	2.14717	3.42561	100.187
904	-0.13196	2.1416	3.39661	100.244
905	-0.13265	2.13602	3.39456	100.302
906	-0.131431	2.13048	3.3761	100.358
907	-0.131193	2.12496	3.36701	100.415
908	-0.130156	2.11948	3.35172	100.471
909	-0.127028	2.1141	3.3527	100.527
910	-0.126646	2.10875	3.35796	100.583
911	-0.126201	2.10342	3.35384	100.639
912	-0.126104	2.0981	3.35635	100.695
913	-0.128444	2.0927	3.35422	100.75
914	-0.129894	2.08727	3.3622	100.806
915	-0.1281	2.0819	3.36591	100.863
916	-0.128609	2.07652	3.36378	100.919
917	-0.130937	2.07107	3.35466	100.974
918	-0.133331	2.06555	3.34717	101.03
919	-0.134244	2.06	3.3447	101.085
920	-0.135058	2.05444	3.34163	101.14
921	-0.133449	2.04893	3.3395	101.196
922	-0.135488	2.04337	3.3294	101.25
923	-0.13509	2.03782	3.31058	101.304
924	-0.133796	2.03232	3.30928	101.358
925	-0.133215	2.02685	3.30753	101.412
926	-0.132095	2.02142	3.30591	101.466
927	-0.128752	2.01611	3.30234	101.52
928	-0.127839	2.01083	3.29558	101.574
929	-0.129031	2.00553	3.28844	101.627
930	-0.127543	2.00027	3.28298	101.68
931	-0.126122	1.99507	3.28736	101.733
932	-0.124594	1.98992	3.2834	101.786
933	-0.123122	1.98483	3.28896	101.839
934	-0.12016	1.97985	3.30004	101.892
935	-0.116059	1.975	3.30205	101.946
936	-0.112503	1.97027	3.30873	102
937	-0.109549	1.96565	3.31127	102.053
938	-0.107578	1.96109	3.31239	102.107
939	-0.107323	1.95655	3.30854	102.161
940	-0.104766	1.9521	3.30773	102.214
941	-0.102331	1.94773	3.31129	102.268
942	-0.100132	1.94344	3.30603	102.321
943	-0.0998203	1.93916	3.31149	102.375
944	-0.0984651	1.93494	3.318	102.428
945	-0.0965951	1.93078	3.31548	102.482
946	-0.0946457	1.92668	3.31687	102.536
947	-0.0920155	1.92268	3.31597	102.589
948	-0.0907116	1.91873	3.3221	102.643
949	-0.0909916	1.91477	3.32423	102.697
950	-0.0913592	1.9108	3.32888	102.751
951	-0.0935023	1.90677	3.32946	102.805
952	-0.0937004	1.90274	3.33399	102.859
953	-0.0960512	1.89863	3.33076	102.913
954	-0.0953884	1.89455	3.32602	102.967
955	-0.0959444	1.89046	3.32203	103.02
956	-0.095749	1.88638	3.32295	103.074
957	-0.0941382	1.88236	3.3271	103.127
958	-0.0933625	1.87836	3.32188	103.181
959	-0.0905392	1.87447	3.31022	103.234
960	-0.0883043	1.87064	3.309	103.287
961	-0.0874591	1.86685	3.31069	103.34
962	-0.0862705	1.86311	3.30714	103.393
963	-0.082873	1.85947	3.30679	103.446
964	-0.0801277	1.85593	3.31501	103.499
965	-0.0786249	1.85244	3.32168	103.552
966	-0.0785943	1.84896	3.31638	103.605
967	-0.0814792	1.84539	3.30679	103.658
968	-0.0838734	1.84174	3.2913	103.71
969	-0.0858689	1.83804	3.2656	103.762
970	-0.0880187	1.83427	3.24354	103.812
971	-0.0879316	1.83051	3.22816	103.862
972	-0.0886817	1.82673	3.22226	103.912
973	-0.0897725	1.82292	3.21987	103.962
974	-0.0885777	1.81915	3.21904	104.012
975	-0.0874069	1.81542	3.20285	104.061
976	-0.0882046	1.81167	3.19531	104.11
977	-0.0894354	1.80789	3.19355	104.159
978	-0.0898827	1.80409	3.18779	104.208
979	-0.0895929	1.80031	3.17386	104.256
980	-0.0895369	1.79654	3.15664	104.303
981	-0.0877445	1.79283	3.14917	104.351
982	-0.0890562	1.78908	3.14896	104.398
983	-0.0868987	1.7854	3.15265	104.446
984	-0.0859087	1.78176	3.15496	104.493
985	-0.085813	1.77812	3.15736	104.541
986	-0.0857766	1.77449	3.16033	104.588
987	-0.0858155	1.77087	3.16039	104.636
988	-0.0856927	1.76725	3.16166	104.684
989	-0.0866538	1.7636	3.16853	104.731
990	-0.0863541	1.75997	3.17359	104.779
991	-0.0863758	1.75635	3.1726	104.827
992	-0.086109	1.75273	3.17401	104.875
993	-0.0867867	1.7491	3.17685	104.923
994	-0.0851316	1.74552	3.17611	104.971
995	-0.0845662	1.74197	3.16975	105.019
996	-0.0843795	1.73843	3.17293	105.067
997	-0.0845663	1.73488	3.15006	105.114
998	-0.0846212	1.73134	3.14038	105.16
999	-0.0861823	1.72775	3.14012	105.207
1000	-0.0876297	1.72412	3.1386	105.254
1001	-0.0907513	1.72039	3.14733	105.301
1002	-0.0894884	1.71671	3.15377	105.348
1003	-0.0886081	1.71306	3.16222	105.395
1004	-0.0885934	1.70942	3.16891	105.443
1005	-0.0889871	1.70576	3.17329	105.49
1006	-0.0896175	1.70209	3.17786	105.538
1007	-0.0907891	1.69839	3.17875	105.586
1008	-0.0922388	1.69465	3.18002	105.634
1009	-0.0931961	1.69088	3.18232	105.681
1010	-0.0937423	1.6871	3.184	105.729
1011	-0.0942956	1.6833	3.18673	105.777
1012	-0.0934094	1.67954	3.1883	105.825
1013	-0.0959506	1.6757	3.1905	105.873
1014	-0.0986142	1.67178	3.18224	105.921
1015	-0.0974353	1.6679	3.18284	105.969
1016	-0.0942746	1.66413	3.18762	106.016
1017	-0.093644	1.66038	3.18356	106.064
1018	-0.0936012	1.65663	3.191	106.112
1019	-0.0949335	1.65285	3.19692	106.16
1020	-0.092577	1.64915	3.20437	106.208
1021	-0.0926047	1.64544	3.20169	106.257
1022	-0.09432	1.64169	3.19091	106.304
1023	-0.0931084	1.63798	3.19209	106.352
1024	-0.0964805	1.63417	3.2019	106.4
1025	-0.0987855	1.63029	3.20556	106.449
1026	-0.0992949	1.6264	3.20888	106.497
1027	-0.0992982	1.62252	3.21647	106.545
1028	-0.0986819	1.61866	3.22091	106.594
1029	-0.100274	1.61475	3.22458	106.643
1030	-0.0994955	1.61087	3.21292	106.691
1031	-0.0988048	1.60701	3.21245	106.739
1032	-0.0980572	1.60319	3.20999	106.788
1033	-0.0980438	1.59937	3.21235	106.836
1034	-0.097796	1.59556	3.21397	106.884
1035	-0.0967909	1.59178	3.21342	106.932
1036	-0.0952537	1.58806	3.2151	106.981
1037	-0.096555	1.5843	3.21358	107.029
1038	-0.0975232	1.58051	3.20403	107.077
1039	-0.0977831	1.57672	3.20506	107.125
1040	-0.0989004	1.5729	3.20075	107.172
1041	-0.0998872	1.56905	3.19099	107.22
1042	-0.101215	1.56517	3.18575	107.267
1043	-0.10275	1.56124	3.17569	107.314
1044	-0.104285	1.55727	3.17228	107.361
1045	-0.106077	1.55325	3.1744	107.407
1046	-0.107472	1.54919	3.17833	107.454
1047	-0.107791	1.54512	3.18029	107.501
1048	-0.107342	1.54107	3.18268	107.548
1049	-0.109308	1.53697	3.18707	107.595
1050	-0.108737	1.53288	3.18976	107.643
1051	-0.110341	1.52876	3.19759	107.69
1052	-0.111393	1.5246	3.19867	107.738
1053	-0.112806	1.5204	3.19836	107.785
1054	-0.112347	1.51623	3.19723	107.832
1055	-0.111337	1.51208	3.1989	107.88
1056	-0.10893	1.50802	3.20666	107.927
1057	-0.10762	1.504	3.21379	107.975
1058	-0.106336	1.50003	3.21866	108.023
1059	-0.108144	1.496	3.22165	108.071
1060	-0.10756	1.49199	3.22114	108.119
1061	-0.105272	1.48806	3.22171	108.167
1062	-0.105003	1.48414	3.22272	108.215
1063	-0.106286	1.48019	3.22885	108.263
1064	-0.107194	1.47621	3.23375	108.311
1065	-0.108677	1.47219	3.23674	108.359
1066	-0.109621	1.46815	3.24212	108.408
1067	-0.109988	1.4641	3.23465	108.456
1068	-0.111122	1.46002	3.23355	108.504
1069	-0.111906	1.45592	3.23717	108.553
1070	-0.111565	1.45183	3.24224	108.601
1071	-0.111757	1.44774	3.24851	108.649
1072	-0.111113	1.44368	3.24847	108.698
1073	-0.108566	1.43969	3.25063	108.747
1074	-0.107823	1.43574	3.25182	108.795
1075	-0.10667	1.43182	3.25405	108.844
1076	-0.104547	1.42797	3.25155	108.892
1077	-0.103332	1.42416	3.25648	108.941
1078	-0.10088	1.42043	3.26551	108.99
1079	-0.0986278	1.41678	3.26064	109.039
1080	-0.10032	1.41307	3.2601	109.087
1081	-0.100413	1.40937	3.24567	109.136
1082	-0.100329	1.40567	3.23254	109.183
1083	-0.097355	1.40207	3.23822	109.231
1084	-0.0936736	1.39858	3.24353	109.28
1085	-0.0914716	1.39516	3.24672	109.328
1086	-0.0893301	1.39181	3.23976	109.376
1087	-0.0900364	1.38845	3.2397	109.424
1088	-0.090337	1.38507	3.23993	109.472
1089	-0.0939236	1.38159	3.2465	109.52
1090	-0.0977593	1.378	3.2598	109.568
1091	-0.101296	1.37431	3.27079	109.617
1092	-0.104379	1.37052	3.28101	109.666
1093	-0.105859	1.3667	3.28862	109.715
1094	-0.107958	1.36281	3.29353	109.765
1095	-0.111334	1.35883	3.30127	109.814
1096	-0.110322	1.35488	3.30284	109.864
1097	-0.112075	1.35089	3.31208	109.914
1098	-0.111472	1.34691	3.31859	109.964
1099	-0.111531	1.34294	3.32432	110.014
1100	-0.111597	1.33897	3.32685	110.065
1101	-0.111425	1.335	3.32994	110.115
1102	-0.112464	1.33102	3.33121	110.165
1103	-0.11242	1.32703	3.32702	110.216
1104	-0.111343	1.32308	3.33234	110.266
1105	-0.11167	1.31913	3.3387	110.316
1106	-0.112351	1.31516	3.34543	110.367
1107	-0.111146	1.31123	3.35172	110.418
1108	-0.10996	1.30734	3.35517	110.469
1109	-0.109834	1.30345	3.35983	110.52
1110	-0.109901	1.29957	3.35912	110.571
1111	-0.110858	1.29566	3.36656	110.622
1112	-0.110941	1.29176	3.36956	110.674
1113	-0.111965	1.28783	3.37486	110.725
1114	-0.111937	1.2839	3.37992	110.777
1115	-0.113548	1.27993	3.38541	110.828
1116	-0.113178	1.27597	3.37929	110.88
1117	-0.113015	1.27202	3.37759	110.931
1118	-0.114309	1.26804	3.37132	110.982
1119	-0.115575	1.26402	3.37152	111.034
1120	-0.114968	1.26002	3.37245	111.085
1121	-0.11448	1.25605	3.36997	111.136
1122	-0.114191	1.25208	3.36873	111.187
1123	-0.1122	1.24818	3.37275	111.238
1124	-0.110771	1.24432	3.37504	111.289
1125	-0.111555	1.24045	3.37533	111.34
1126	-0.112541	1.23655	3.38321	111.392
1127	-0.113022	1.23264	3.38092	111.443
1128	-0.112446	1.22875	3.38804	111.495
1129	-0.112403	1.22486	3.38809	111.546
1130	-0.114231	1.22092	3.38477	111.597
1131	-0.115726	1.21695	3.38436	111.649
1132	-0.11692	1.21294	3.38397	111.7
1133	-0.11797	1.2089	3.38556	111.751
1134	-0.117855	1.20487	3.38637	111.802
1135	-0.118309	1.20083	3.38431	111.854
1136	-0.116261	1.19686	3.38381	111.905
1137	-0.114913	1.19293	3.37911	111.956
1138	-0.112538	1.18907	3.37249	112.006
1139	-0.111552	1.18525	3.36752	112.057
1140	-0.111988	1.18142	3.36785	112.108
1141	-0.112667	1.17757	3.36587	112.158
1142	-0.113157	1.17371	3.35768	112.208
1143	-0.113417	1.16984	3.3573	112.259
1144	-0.113561	1.16598	3.35822	112.309
1145	-0.115032	1.16207	3.35384	112.359
1146	-0.116081	1.15814	3.35008	112.409
1147	-0.117479	1.15417	3.34572	112.459
1148	-0.119271	1.15015	3.34532	112.508
1149	-0.121139	1.14608	3.33885	112.558
1150	-0.122011	1.14199	3.33734	112.607
1151	-0.124328	1.13783	3.34039	112.657
1152	-0.124456	1.13367	3.3423	112.706
1153	-0.125417	1.12949	3.33995	112.756
1154	-0.126683	1.12528	3.32654	112.805
1155	-0.127753	1.12104	3.31991	112.854
1156	-0.129775	1.11674	3.31106	112.902
1157	-0.132338	1.11237	3.31322	112.951
1158	-0.134273	1.10795	3.30767	112.999
1159	-0.132302	1.10359	3.30223	113.048
1160	-0.1322	1.09923	3.29172	113.096
1161	-0.13275	1.09487	3.29275	113.143
1162	-0.134335	1.09046	3.2992	113.192
1163	-0.133534	1.08608	3.30286	113.24
1164	-0.133712	1.0817	3.30378	113.288
1165	-0.134204	1.07731	3.30399	113.336
1166	-0.134653	1.07291	3.29811	113.384
1167	-0.133935	1.06853	3.30193	113.432
1168	-0.132856	1.06419	3.29945	113.48
1169	-0.130625	1.05992	3.30039	113.528
1170	-0.131587	1.05562	3.30146	113.576
1171	-0.133074	1.05129	3.30195	113.624
1172	-0.131958	1.04699	3.31026	113.672
1173	-0.131244	1.04271	3.31003	113.72
1174	-0.130479	1.03846	3.29727	113.768
1175	-0.128613	1.03427	3.28978	113.816
1176	-0.127217	1.03013	3.28084	113.863
1177	-0.127091	1.02599	3.27659	113.91
1178	-0.128011	1.02183	3.26836	113.957
1179	-0.126646	1.01771	3.25674	114.004
1180	-0.123929	1.01368	3.26318	114.05
1181	-0.122807	1.00968	3.26281	114.097
1182	-0.120255	1.00575	3.26494	114.144
1183	-0.118761	1.00188	3.26341	114.19
1184	-0.118244	0.998025	3.26625	114.237
1185	-0.119297	0.994142	3.26864	114.284
1186	-0.12275	0.990162	3.27146	114.33
1187	-0.122836	0.986183	3.26678	114.377
1188	-0.124736	0.982153	3.26832	114.424
1189	-0.12536	0.978108	3.27026	114.47
1190	-0.123337	0.974125	3.27144	114.517
1191	-0.123621	0.970138	3.27051	114.564
1192	-0.124767	0.96612	3.26149	114.61
1193	-0.125909	0.962074	3.24725	114.656
1194	-0.125864	0.958032	3.22252	114.702
1195	-0.125025	0.954018	3.21731	114.747
1196	-0.125876	0.949983	3.2149	114.792
1197	-0.126108	0.945945	3.21693	114.837
1198	-0.127617	0.941867	3.21994	114.882
1199	-0.128953	0.937754	3.22407	114.927
1200	-0.128306	0.933663	3.23197	114.972
1201	-0.12669	0.929622	3.23185	115.018
1202	-0.125139	0.925629	3.23169	115.063
1203	-0.124335	0.921663	3.22918	115.108
1204	-0.12562	0.917664	3.23117	115.154
1205	-0.124553	0.913698	3.23479	115.199
1206	-0.124733	0.909731	3.2402	115.245
1207	-0.126355	0.905721	3.23985	115.29
1208	-0.128344	0.901657	3.24349	115.336
1209	-0.130591	0.897532	3.24525	115.381
1210	-0.133211	0.893335	3.25479	115.427
1211	-0.133678	0.889129	3.24846	115.473
1212	-0.134826	0.884893	3.24479	115.518
1213	-0.136257	0.88062	3.25216	115.564
1214	-0.136376	0.876347	3.25356	115.61
1215	-0.1365	0.872074	3.25621	115.656
1216	-0.136401	0.867807	3.26161	115.702
1217	-0.135389	0.863574	3.26081	115.748
1218	-0.133181	0.859407	3.2507	115.793
1219	-0.133772	0.855226	3.24731	115.839
1220	-0.135982	0.850986	3.25147	115.884
1221	-0.140065	0.846633	3.26688	115.93
1222	-0.143354	0.84219	3.27832	115.977
1223	-0.144514	0.837717	3.28323	116.023
1224	-0.145671	0.833215	3.28114	116.07
1225	-0.145817	0.828713	3.27064	116.116
1226	-0.14677	0.824187	3.27197	116.162
1227	-0.145548	0.8197	3.27415	116.208
1228	-0.145002	0.815232	3.27898	116.254
1229	-0.143492	0.810811	3.2806	116.3
1230	-0.143681	0.806388	3.2849	116.347
1231	-0.143733	0.801968	3.28959	116.393
1232	-0.141249	0.797622	3.29694	116.44
1233	-0.140622	0.793298	3.3029	116.487
1234	-0.143703	0.788889	3.30258	116.534
1235	-0.146178	0.784414	3.30319	116.58
1236	-0.147246	0.779912	3.29987	116.627
1237	-0.146584	0.775433	3.30114	116.674
1238	-0.144546	0.771016	3.30091	116.72
1239	-0.14421	0.766611	3.29729	116.767
1240	-0.144624	0.762199	3.29163	116.813
1241	-0.144914	0.757782	3.28709	116.86
1242	-0.144366	0.753384	3.28777	116.906
1243	-0.144196	0.748995	3.29	116.952
1244	-0.142941	0.744645	3.28774	116.998
1245	-0.142873	0.7403	3.28815	117.045
1246	-0.142167	0.735979	3.28421	117.091
1247	-0.139551	0.731736	3.27637	117.136
1248	-0.13639	0.727585	3.27558	117.182
1249	-0.133452	0.723521	3.2828	117.228
1250	-0.13045	0.719546	3.28802	117.274
1251	-0.127111	0.715668	3.29277	117.321
1252	-0.125134	0.711848	3.29299	117.367
1253	-0.125146	0.708032	3.29481	117.413
1254	-0.124681	0.704232	3.29886	117.459
1255	-0.123783	0.700461	3.30137	117.506
1256	-0.121099	0.696768	3.30378	117.552
1257	-0.117949	0.693167	3.31111	117.599
1258	-0.114514	0.689666	3.31559	117.645
1259	-0.112019	0.686238	3.31579	117.692
1260	-0.109422	0.682886	3.31859	117.739
1261	-0.10701	0.679604	3.32046	117.786
1262	-0.105308	0.676373	3.32195	117.833
1263	-0.106588	0.673109	3.32175	117.879
1264	-0.10656	0.669848	3.32145	117.926
1265	-0.105271	0.666626	3.32065	117.973
1266	-0.102904	0.663474	3.32464	118.02
1267	-0.101465	0.660364	3.32895	118.067
1268	-0.100314	0.657289	3.32823	118.114
1269	-0.100575	0.654209	3.32018	118.16
1270	-0.0993308	0.651167	3.31397	118.207
1271	-0.0977378	0.648172	3.31567	118.253
1272	-0.0965546	0.645212	3.31867	118.3
1273	-0.0978747	0.642218	3.32269	118.346
1274	-0.0983239	0.639214	3.32549	118.393
1275	-0.0966817	0.636258	3.32482	118.44
1276	-0.0977441	0.633275	3.32438	118.486
1277	-0.0984933	0.630273	3.32116	118.533
1278	-0.097903	0.627291	3.31793	118.579
1279	-0.0974138	0.624324	3.31703	118.626
1280	-0.0971666	0.621367	3.32226	118.672
1281	-0.0978945	0.618391	3.32646	118.719
1282	-0.0972367	0.615437	3.32829	118.766
1283	-0.0958895	0.612522	3.33542	118.812
1284	-0.0956913	0.609616	3.33936	118.859
1285	-0.095522	0.606716	3.3458	118.906
1286	-0.0949528	0.603835	3.34451	118.953
1287	-0.0949841	0.600955	3.34257	119
1288	-0.095064	0.598075	3.34549	119.047
1289	-0.0970283	0.595143	3.34584	119.094
1290	-0.0969593	0.592215	3.34313	119.141
1291	-0.096559	0.589301	3.34535	119.188
1292	-0.0983128	0.58634	3.35271	119.235
1293	-0.102718	0.583259	3.36878	119.283
1294	-0.105718	0.580098	3.37781	119.331
1295	-0.10704	0.576902	3.38188	119.379
1296	-0.106395	0.573726	3.38188	119.427
1297	-0.104056	0.570619	3.37899	119.474
1298	-0.102459	0.567557	3.36913	119.522
1299	-0.102813	0.564489	3.36125	119.569
1300	-0.102304	0.561437	3.35716	119.616
1301	-0.101544	0.558408	3.34852	119.663
1302	-0.101074	0.555395	3.3455	119.71
1303	-0.101933	0.55236	3.34828	119.757
1304	-0.102436	0.549314	3.35279	119.803
1305	-0.104568	0.546212	3.36038	119.851
1306	-0.106061	0.54307	3.36593	119.898
1307	-0.105491	0.539947	3.37078	119.945
1308	-0.105745	0.536819	3.37414	119.993
1309	-0.103469	0.533757	3.3812	120.04
1310	-0.100976	0.530766	3.3884	120.088
1311	-0.0985296	0.527845	3.39789	120.136
1312	-0.098319	0.524931	3.40038	120.184
1313	-0.0981009	0.522026	3.40203	120.232
1314	-0.0993447	0.51909	3.40416	120.28
1315	-0.100957	0.51611	3.401	120.328
1316	-0.102091	0.513103	3.39265	120.376
1317	-0.102084	0.510097	3.38577	120.424
1318	-0.102799	0.507075	3.38225	120.471
1319	-0.10126	0.504097	3.38036	120.519
1320	-0.100409	0.501144	3.37993	120.566
1321	-0.101927	0.498153	3.37845	120.613
1322	-0.102994	0.495134	3.38222	120.661
1323	-0.103083	0.492115	3.38403	120.708
1324	-0.100926	0.489158	3.38001	120.756
1325	-0.100191	0.486223	3.38404	120.803
1326	-0.0995573	0.483308	3.38871	120.85
1327	-0.0980222	0.480437	3.39522	120.898
1328	-0.0971059	0.477594	3.40176	120.946
1329	-0.0983991	0.474718	3.40888	120.994
1330	-0.0991788	0.471822	3.41279	121.042
1331	-0.100222	0.4689	3.41709	121.09
1332	-0.101985	0.465932	3.41983	121.138
1333	-0.100792	0.462999	3.40716	121.186
1334	-0.100251	0.460083	3.39494	121.234
1335	-0.101191	0.457143	3.38751	121.281
1336	-0.102027	0.454183	3.38106	121.328
1337	-0.101723	0.451233	3.37406	121.375
1338	-0.101689	0.448287	3.35951	121.422
1339	-0.101322	0.445353	3.33752	121.467
1340	-0.101027	0.442429	3.31905	121.513
1341	-0.101577	0.439493	3.29533	121.557
1342	-0.103522	0.436505	3.28116	121.602
1343	-0.103859	0.433511	3.27278	121.646
1344	-0.105144	0.430484	3.27302	121.69
1345	-0.105164	0.427459	3.2636	121.733
1346	-0.104615	0.424451	3.26042	121.777
1347	-0.104634	0.421445	3.26497	121.821
1348	-0.10495	0.418432	3.25923	121.864
1349	-0.105695	0.415402	3.25867	121.908
1350	-0.104996	0.412393	3.25785	121.951
1351	-0.103702	0.409421	3.25646	121.995
1352	-0.102887	0.406474	3.25472	122.038
1353	-0.10221	0.403547	3.25722	122.082
1354	-0.103579	0.400585	3.25547	122.125
1355	-0.102784	0.397648	3.25911	122.169
1356	-0.101157	0.394756	3.26641	122.212
1357	-0.101585	0.391855	3.26934	122.256
1358	-0.102413	0.388934	3.26377	122.3
1359	-0.102573	0.386011	3.26408	122.343
1360	-0.102524	0.383091	3.261	122.387
1361	-0.104194	0.380128	3.26076	122.43
1362	-0.104217	0.377167	3.25601	122.473
1363	-0.103322	0.374232	3.25688	122.516
1364	-0.102453	0.371323	3.25161	122.56
1365	-0.10378	0.36838	3.25572	122.603
1366	-0.105473	0.365394	3.2518	122.646
1367	-0.105719	0.362403	3.24565	122.689
1368	-0.104993	0.359435	3.25037	122.732
1369	-0.104612	0.356478	3.2547	122.775
1370	-0.102928	0.353569	3.25881	122.818
1371	-0.1014	0.350704	3.26326	122.862
1372	-0.0993404	0.347896	3.26884	122.905
1373	-0.100788	0.345052	3.2675	122.948
1374	-0.101408	0.342193	3.26815	122.992
1375	-0.101667	0.339329	3.274	123.035
1376	-0.102202	0.336452	3.27861	123.079
1377	-0.101469	0.333598	3.28195	123.123
1378	-0.100374	0.330775	3.28163	123.167
1379	-0.0993332	0.327982	3.28481	123.21
1380	-0.0992086	0.325195	3.28061	123.254
1381	-0.0992882	0.322407	3.27955	123.298
1382	-0.0997387	0.31961	3.28208	123.341
1383	-0.100046	0.316806	3.28637	123.385
1384	-0.100056	0.314004	3.29208	123.429
1385	-0.100234	0.3112	3.29513	123.473
1386	-0.100007	0.308403	3.29252	123.517
1387	-0.099865	0.305613	3.28847	123.561
1388	-0.0982743	0.302867	3.29386	123.605
1389	-0.0987124	0.300111	3.29724	123.648
1390	-0.0995633	0.297335	3.30177	123.693
1391	-0.100691	0.29453	3.30434	123.737
1392	-0.0993873	0.291763	3.30063	123.781
1393	-0.0983934	0.289024	3.2931	123.824
1394	-0.0971221	0.286321	3.29176	123.868
1395	-0.0960002	0.28365	3.28972	123.912
1396	-0.0960367	0.28098	3.28936	123.956
1397	-0.0975052	0.278272	3.28969	123.999
1398	-0.0982787	0.275546	3.29126	124.043
1399	-0.0989606	0.272804	3.28346	124.086
1400	-0.0987742	0.270069	3.27079	124.129
1401	-0.0991744	0.267325	3.25944	124.172
1402	-0.10002	0.26456	3.25058	124.215
1403	-0.100209	0.261793	3.24711	124.257
1404	-0.101643	0.258989	3.24657	124.3
1405	-0.100848	0.256208	3.24056	124.342
1406	-0.102403	0.253388	3.23503	124.384
1407	-0.102419	0.25057	3.23063	124.426
1408	-0.10173	0.247772	3.23492	124.468
1409	-0.102926	0.244944	3.23555	124.51
1410	-0.104407	0.242079	3.23471	124.552
1411	-0.1047	0.239208	3.23222	124.594
1412	-0.104954	0.236332	3.22886	124.635
1413	-0.104268	0.233477	3.22348	124.677
1414	-0.104769	0.23061	3.21915	124.719
1415	-0.104032	0.227765	3.21957	124.76
1416	-0.104672	0.224905	3.21988	124.802
1417	-0.103756	0.222071	3.21712	124.843
1418	-0.103352	0.21925	3.21377	124.884
1419	-0.104025	0.216414	3.21435	124.926
1420	-0.104122	0.213576	3.21502	124.967
1421	-0.104292	0.210737	3.20952	125.008
1422	-0.104728	0.207887	3.21116	125.049
1423	-0.104104	0.205057	3.21029	125.091
1424	-0.103582	0.202242	3.20435	125.131
1425	-0.103925	0.19942	3.20223	125.172
1426	-0.10378	0.196604	3.2064	125.213
1427	-0.103644	0.193793	3.21007	125.255
1428	-0.104287	0.190968	3.2147	125.296
1429	-0.104852	0.188129	3.21914	125.337
1430	-0.103214	0.185336	3.22501	125.378
1431	-0.101968	0.182577	3.23104	125.42
1432	-0.103382	0.179784	3.23285	125.462
1433	-0.105942	0.176924	3.23884	125.504
1434	-0.106389	0.174055	3.24309	125.545
1435	-0.105819	0.171203	3.24475	125.587
1436	-0.10527	0.168368	3.2424	125.629
1437	-0.104504	0.165554	3.22945	125.671
1438	-0.105186	0.162725	3.21859	125.712
1439	-0.105258	0.159896	3.2123	125.753
1440	-0.107824	0.157001	3.21604	125.794
1441	-0.110315	0.154042	3.21812	125.835
1442	-0.112647	0.151025	3.22209	125.876
1443	-0.114946	0.147948	3.23041	125.918
1444	-0.115016	0.144873	3.235	125.959
1445	-0.115946	0.141774	3.24133	126.001
1446	-0.117051	0.138649	3.24747	126.043
1447	-0.115438	0.135569	3.25444	126.085
1448	-0.114602	0.132513	3.25426	126.127
1449	-0.11234	0.129518	3.25771	126.169
1450	-0.110262	0.12658	3.25944	126.211
1451	-0.106911	0.123731	3.26295	126.253
1452	-0.105623	0.120919	3.26131	126.295
1453	-0.103869	0.118154	3.2589	126.337
1454	-0.103885	0.115391	3.25789	126.379
1455	-0.102864	0.112657	3.26234	126.421
1456	-0.100477	0.109987	3.26814	126.463
1457	-0.0990806	0.107355	3.26736	126.506
1458	-0.0979589	0.104754	3.27166	126.548
1459	-0.0977804	0.10216	3.26985	126.59
1460	-0.0983002	0.0995547	3.27176	126.632
1461	-0.0995978	0.0969167	3.26895	126.674
1462	-0.100193	0.094265	3.26734	126.717
1463	-0.100461	0.0916082	3.27173	126.759
1464	-0.1014	0.0889286	3.27246	126.801
1465	-0.101603	0.0862456	3.27699	126.843
1466	-0.100929	0.0835819	3.27692	126.886
1467	-0.100559	0.0809298	3.28017	126.928
1468	-0.100008	0.0782939	3.28267	126.971
1469	-0.10059	0.0756446	3.28567	127.013
1470	-0.0993972	0.0730282	3.28587	127.056
1471	-0.0980801	0.0704478	3.289	127.098
1472	-0.0987774	0.0678511	3.29426	127.141
1473	-0.0971905	0.0652975	3.29979	127.184
1474	-0.0954668	0.0627905	3.30208	127.226
1475	-0.0941926	0.0603183	3.30606	127.269
1476	-0.092686	0.057887	3.30986	127.312
1477	-0.0919545	0.0554764	3.31364	127.356
1478	-0.0925807	0.0530511	3.31252	127.399
1479	-0.0918357	0.0506469	3.31389	127.442
1480	-0.0914193	0.048255	3.3152	127.485
1481	-0.0913129	0.0458676	3.31869	127.528
1482	-0.0929074	0.0434404	3.32375	127.571
1483	-0.095582	0.0409454	3.32468	127.615
1484	-0.0984664	0.0383773	3.33142	127.658
1485	-0.10075	0.0357517	3.33306	127.702
1486	-0.102865	0.033073	3.34108	127.745
1487	-0.105158	0.0303367	3.34801	127.789
1488	-0.104924	0.0276083	3.35067	127.833
1489	-0.104831	0.0248842	3.3536	127.877
1490	-0.105088	0.0221552	3.34344	127.921
1491	-0.105932	0.0194062	3.33363	127.964
1492	-0.106415	0.0166466	3.31434	128.007
1493	-0.106638	0.013883	3.31363	128.05
1494	-0.106258	0.0111311	3.31563	128.093
1495	-0.10556	0.00839915	3.31889	128.136
1496	-0.106288	0.00565018	3.32118	128.179
1497	-0.107458	0.00287281	3.32528	128.222
1498	-0.108351	7.42491e-05	3.3236	128.265
1499	-0.108087	0.00271564	3.32018	128.308
1500	-0.10962	0.00554323	3.31979	128.351
1501	-0.111146	0.00840829	3.31749	128.394
1502	-0.112419	0.0113043	3.32005	128.437
1503	-0.114096	0.0142416	3.31565	128.48
1504	-0.114039	0.0171754	3.31346	128.522
1505	-0.113057	0.020082	3.31229	128.565
1506	-0.112905	0.0229828	3.30418	128.607
1507	-0.111186	0.0258375	3.29764	128.65
1508	-0.10979	0.0286543	3.29415	128.692
1509	-0.109	0.0314489	3.2808	128.734
1510	-0.108499	0.0342288	3.2756	128.775
1511	-0.106584	0.0369576	3.27529	128.817
1512	-0.10542	0.0396547	3.27672	128.859
1513	-0.104388	0.0423235	3.26787	128.9
1514	-0.103828	0.0449762	3.25839	128.941
1515	-0.102825	0.0476014	3.24987	128.982
1516	-0.101528	0.0501916	3.25345	129.023
1517	-0.0993278	0.0527236	3.25497	129.064
1518	-0.0972299	0.0552001	3.25815	129.105
1519	-0.0970265	0.0576698	3.26384	129.147
1520	-0.0960812	0.0601137	3.27	129.188
1521	-0.0966715	0.0625711	3.27008	129.229
1522	-0.0977387	0.0650542	3.27385	129.271
1523	-0.0989419	0.0675665	3.28111	129.312
1524	-0.0986305	0.0700692	3.2846	129.354
1525	-0.0985948	0.0725694	3.28724	129.396
1526	-0.0970452	0.0750282	3.28789	129.438
1527	-0.0964859	0.0774712	3.29027	129.479
1528	-0.0967738	0.07992	3.28965	129.521
1529	-0.0972828	0.0823801	3.29197	129.563
1530	-0.0958396	0.0848018	3.29472	129.605
1531	-0.0961069	0.0872288	3.29515	129.647
1532	-0.0963956	0.0896615	3.29535	129.689
1533	-0.0985866	0.0921486	3.29935	129.731
1534	-0.100217	0.0946757	3.30145	129.773
1535	-0.0995515	0.0971842	3.30206	129.815
1536	-0.0983365	0.0996601	3.30047	129.857
1537	-0.0987085	0.102144	3.29997	129.899
1538	-0.0991489	0.104637	3.29888	129.94
1539	-0.100019	0.107151	3.29557	129.982
1540	-0.100874	0.109685	3.28767	130.024
1541	-0.101546	0.112235	3.28569	130.065
1542	-0.101077	0.114771	3.28555	130.107
1543	-0.0989693	0.117252	3.29233	130.148
1544	-0.0975935	0.119696	3.29523	130.19
1545	-0.097172	0.122128	3.29616	130.232
1546	-0.0971865	0.124558	3.29713	130.274
1547	-0.0969194	0.126981	3.29645	130.315
1548	-0.0968739	0.1294	3.29756	130.357
1549	-0.0952494	0.131777	3.29837	130.399
1550	-0.0935965	0.13411	3.30066	130.44
1551	-0.0930967	0.13643	3.29747	130.482
1552	-0.092902	0.138742	3.28906	130.524
1553	-0.0927613	0.14105	3.28585	130.565
1554	-0.0930353	0.143363	3.27417	130.606
1555	-0.092946	0.145673	3.27401	130.647
1556	-0.0917909	0.147951	3.27321	130.688
1557	-0.0917759	0.150228	3.27688	130.729
1558	-0.0931988	0.15254	3.27519	130.77
1559	-0.0934892	0.154857	3.276	130.811
1560	-0.0931537	0.157165	3.27769	130.852
1561	-0.0925271	0.159455	3.27494	130.893
1562	-0.09058	0.161694	3.27378	130.934
1563	-0.0901398	0.163921	3.27415	130.975
1564	-0.0895664	0.166132	3.27388	131.016
1565	-0.089989	0.168352	3.27195	131.057
1566	-0.0902088	0.170577	3.26933	131.098
1567	-0.0912023	0.172825	3.27555	131.138
1568	-0.0915361	0.17508	3.27064	131.179
1569	-0.0932057	0.177376	3.27776	131.22
1570	-0.0933064	0.179673	3.28154	131.261
1571	-0.0935171	0.181974	3.28097	131.302
1572	-0.0940078	0.184285	3.27614	131.343
1573	-0.0941653	0.186599	3.27639	131.384
1574	-0.094151	0.188912	3.2749	131.425
1575	-0.0941152	0.191222	3.26647	131.465
1576	-0.0939451	0.193526	3.25935	131.506
1577	-0.094327	0.195839	3.26043	131.546
1578	-0.0952244	0.198172	3.26494	131.587
1579	-0.0959583	0.200523	3.26941	131.627
1580	-0.0955705	0.202863	3.27445	131.668
1581	-0.0946371	0.205177	3.27686	131.709
1582	-0.0934635	0.207461	3.27815	131.749
1583	-0.0930844	0.209733	3.2799	131.79
1584	-0.0930009	0.212002	3.2808	131.831
1585	-0.0926413	0.214261	3.27617	131.872
1586	-0.0938396	0.216548	3.27815	131.912
1587	-0.0931595	0.218817	3.27901	131.953
1588	-0.0911735	0.221035	3.28147	131.994
1589	-0.0898414	0.223218	3.28351	132.035
1590	-0.0898135	0.225399	3.28431	132.076
1591	-0.0895227	0.227571	3.28469	132.117
1592	-0.089712	0.229747	3.28531	132.157
1593	-0.0895173	0.231916	3.28591	132.198
1594	-0.089173	0.234075	3.28859	132.239
1595	-0.0888585	0.236226	3.29129	132.28
1596	-0.0884837	0.238365	3.28268	132.321
1597	-0.0870893	0.240469	3.28166	132.361
1598	-0.0866282	0.242559	3.28086	132.402
1599	-0.0866843	0.24465	3.27985	132.443
1600	-0.0868144	0.246743	3.27868	132.483
1601	-0.0876315	0.248854	3.28105	132.524
1602	-0.0871975	0.250954	3.2806	132.565
1603	-0.0868057	0.253042	3.28204	132.605
1604	-0.0873307	0.255143	3.27857	132.646
1605	-0.0885392	0.257272	3.26936	132.686
1606	-0.0893755	0.259421	3.2657	132.726
1607	-0.0895243	0.261572	3.26622	132.766
1608	-0.0903886	0.263744	3.26822	132.806
1609	-0.0904699	0.265916	3.27186	132.847
1610	-0.0900261	0.268075	3.27472	132.887
1611	-0.0905824	0.270248	3.27675	132.928
1612	-0.0913274	0.272437	3.28113	132.968
1613	-0.0926396	0.274658	3.28044	133.008
1614	-0.0934196	0.276897	3.27905	133.049
1615	-0.0940067	0.279149	3.28276	133.089
1616	-0.0954623	0.281436	3.28508	133.13
1617	-0.0971766	0.283764	3.28379	133.17
1618	-0.098698	0.286129	3.28215	133.211
1619	-0.0997572	0.288518	3.28386	133.251
1620	-0.101514	0.29095	3.28725	133.292
1621	-0.103103	0.29342	3.29244	133.332
1622	-0.104922	0.295933	3.2987	133.373
1623	-0.107313	0.298504	3.29872	133.414
1624	-0.108448	0.301102	3.29955	133.455
1625	-0.108678	0.303703	3.29627	133.496
1626	-0.107075	0.306264	3.29287	133.536
1627	-0.106465	0.308808	3.29393	133.577
1628	-0.105664	0.31133	3.29708	133.617
1629	-0.105038	0.313835	3.29483	133.658
1630	-0.105064	0.31634	3.29368	133.699
1631	-0.105797	0.318861	3.29366	133.739
1632	-0.107186	0.321415	3.29257	133.78
1633	-0.109008	0.324013	3.29353	133.82
1634	-0.109937	0.326632	3.29489	133.861
1635	-0.111619	0.329291	3.29472	133.901
1636	-0.111863	0.331954	3.29172	133.942
1637	-0.111983	0.334619	3.28688	133.982
1638	-0.110275	0.33724	3.2893	134.023
1639	-0.109291	0.339835	3.28897	134.063
1640	-0.108854	0.342418	3.28663	134.103
1641	-0.108188	0.344983	3.28658	134.143
1642	-0.108488	0.347553	3.28245	134.184
1643	-0.109165	0.350139	3.28107	134.224
1644	-0.109207	0.352725	3.27862	134.264
1645	-0.1092	0.355308	3.27514	134.304
1646	-0.1084	0.357871	3.26175	134.343
1647	-0.106446	0.360384	3.24822	134.383
1648	-0.104877	0.362856	3.24119	134.422
1649	-0.103965	0.365305	3.2341	134.46
1650	-0.102176	0.367708	3.2233	134.499
1651	-0.102951	0.370129	3.20695	134.537
1652	-0.102223	0.372531	3.19843	134.575
1653	-0.102429	0.374936	3.17704	134.613
1654	-0.101214	0.37731	3.17214	134.65
1655	-0.101585	0.379692	3.16467	134.687
1656	-0.10217	0.382086	3.16535	134.724
1657	-0.101073	0.384453	3.16206	134.761
1658	-0.0995762	0.386781	3.16347	134.798
1659	-0.0988721	0.38909	3.16432	134.835
1660	-0.0992314	0.391407	3.16661	134.872
1661	-0.100666	0.393758	3.17007	134.91
1662	-0.10127	0.396123	3.17103	134.947
1663	-0.100747	0.398473	3.17112	134.984
1664	-0.101657	0.400844	3.17272	135.021
1665	-0.100726	0.40319	3.17448	135.058
1666	-0.100344	0.405526	3.17696	135.096
1667	-0.101662	0.407893	3.18241	135.133
1668	-0.103446	0.410303	3.18571	135.171
1669	-0.104438	0.412735	3.18639	135.208
1670	-0.105007	0.415179	3.18964	135.246
1671	-0.105735	0.41764	3.18604	135.283
1672	-0.10611	0.420109	3.18505	135.321
1673	-0.10589	0.422571	3.18758	135.358
1674	-0.105963	0.425033	3.18683	135.396
1675	-0.106591	0.427509	3.18802	135.433
1676	-0.107873	0.430015	3.18957	135.47
1677	-0.107999	0.432523	3.19088	135.508
1678	-0.10804	0.43503	3.19198	135.546
1679	-0.107999	0.437535	3.19336	135.583
1680	-0.10797	0.440037	3.19437	135.621
1681	-0.108919	0.442561	3.19681	135.658
1682	-0.109128	0.445089	3.18937	135.696
1683	-0.109395	0.447622	3.18256	135.733
1684	-0.107211	0.4501	3.18553	135.77
1685	-0.108428	0.452607	3.18325	135.808
1686	-0.110192	0.455155	3.18968	135.845
1687	-0.111179	0.457725	3.19317	135.882
1688	-0.1122	0.460319	3.18816	135.92
1689	-0.111833	0.462903	3.18688	135.957
1690	-0.111908	0.465486	3.18513	135.994
1691	-0.112621	0.468086	3.18365	136.032
1692	-0.112065	0.470671	3.17706	136.069
1693	-0.112164	0.473256	3.17538	136.106
1694	-0.112348	0.475845	3.1714	136.142
1695	-0.113249	0.478454	3.17169	136.179
1696	-0.113293	0.481062	3.17021	136.216
1697	-0.113304	0.483669	3.17114	136.253
1698	-0.111683	0.486236	3.17133	136.29
1699	-0.111375	0.488793	3.16822	136.327
1700	-0.111141	0.491344	3.16913	136.363
1701	-0.111458	0.4939	3.17047	136.4
1702	-0.110652	0.496436	3.17016	136.437
1703	-0.110023	0.498955	3.16808	136.474
1704	-0.110654	0.501487	3.16421	136.51
1705	-0.110444	0.504014	3.1622	136.547
1706	-0.111607	0.506567	3.16739	136.583
1707	-0.112017	0.509128	3.17084	136.62
1708	-0.11168	0.51168	3.16524	136.657
1709	-0.111824	0.514234	3.17044	136.693
1710	-0.112359	0.516799	3.16979	136.73
1711	-0.112652	0.51937	3.16881	136.767
1712	-0.113071	0.52195	3.16997	136.803
1713	-0.113697	0.524543	3.1737	136.84
1714	-0.113576	0.527132	3.17461	136.877
1715	-0.11327	0.529712	3.16907	136.914
1716	-0.113208	0.532289	3.16595	136.95
1717	-0.111711	0.534828	3.16763	136.987
1718	-0.109428	0.537312	3.17542	137.023
1719	-0.107963	0.539758	3.18052	137.06
1720	-0.108607	0.542218	3.1835	137.097
1721	-0.10878	0.544682	3.18126	137.134
1722	-0.108467	0.547136	3.18296	137.171
1723	-0.108462	0.549589	3.18679	137.208
1724	-0.106544	0.551994	3.19265	137.245
1725	-0.104372	0.554346	3.19562	137.282
1726	-0.103544	0.556676	3.19504	137.319
1727	-0.102852	0.558989	3.19766	137.356
1728	-0.10235	0.561288	3.19567	137.394
1729	-0.101017	0.563554	3.19781	137.431
1730	-0.101103	0.56582	3.19945	137.468
1731	-0.101867	0.568104	3.2003	137.505
1732	-0.101238	0.570371	3.20046	137.542
1733	-0.102698	0.572673	3.20462	137.58
1734	-0.102652	0.574971	3.20517	137.617
1735	-0.10199	0.577253	3.20739	137.654
1736	-0.101541	0.579523	3.20762	137.692
1737	-0.101135	0.581781	3.2094	137.729
1738	-0.101538	0.584048	3.21091	137.766
1739	-0.102234	0.58633	3.21	137.804
1740	-0.100449	0.588569	3.21261	137.841
1741	-0.0970407	0.590724	3.22185	137.879
1742	-0.0944886	0.592818	3.22334	137.916
1743	-0.0930658	0.594876	3.22429	137.954
1744	-0.0930031	0.596931	3.22426	137.992
1745	-0.0927341	0.598979	3.22376	138.029
1746	-0.0937707	0.60105	3.22514	138.067
1747	-0.0945082	0.603138	3.22678	138.105
1748	-0.0946247	0.605228	3.22678	138.142
1749	-0.0957499	0.607343	3.22958	138.18
1750	-0.0953227	0.609447	3.23009	138.218
1751	-0.0959751	0.611566	3.23144	138.256
1752	-0.0966724	0.613699	3.23535	138.293
1753	-0.0974573	0.615851	3.23955	138.331
1754	-0.0964076	0.617976	3.2428	138.369
1755	-0.0956782	0.620083	3.24605	138.407
1756	-0.0954298	0.622183	3.2464	138.445
1757	-0.0939622	0.624246	3.24827	138.484
1758	-0.0953905	0.626342	3.24628	138.522
1759	-0.0962742	0.628459	3.25006	138.56
1760	-0.0965519	0.630581	3.249	138.598
1761	-0.0967023	0.632705	3.25323	138.636
1762	-0.0965854	0.634825	3.25751	138.674
1763	-0.0966046	0.636945	3.26106	138.713
1764	-0.0953556	0.639033	3.26355	138.751
1765	-0.0940314	0.64109	3.26652	138.789
1766	-0.0929928	0.64312	3.27049	138.828
1767	-0.0919464	0.645124	3.27337	138.866
1768	-0.0908301	0.647101	3.26865	138.905
1769	-0.0894299	0.649043	3.2659	138.943
1770	-0.0876017	0.650941	3.26976	138.982
1771	-0.0859714	0.652799	3.2741	139.02
1772	-0.0853466	0.654641	3.2738	139.059
1773	-0.0847058	0.656468	3.26401	139.097
1774	-0.0834522	0.658263	3.25644	139.135
1775	-0.0830734	0.660048	3.24961	139.173
1776	-0.0819443	0.661806	3.24994	139.211
1777	-0.0821852	0.663569	3.24607	139.249
1778	-0.0834496	0.66536	3.24697	139.287
1779	-0.0840818	0.667166	3.24479	139.325
1780	-0.0853218	0.669	3.24415	139.362
1781	-0.0858466	0.670845	3.22489	139.4
1782	-0.0854415	0.67268	3.21775	139.437
1783	-0.0845754	0.674493	3.21277	139.474
1784	-0.0836156	0.676283	3.20988	139.511
1785	-0.0824417	0.678044	3.21107	139.548
1786	-0.0835739	0.679831	3.21212	139.584
1787	-0.0850853	0.681652	3.21576	139.621
1788	-0.0847687	0.683466	3.21679	139.658
1789	-0.0854462	0.685294	3.21808	139.696
1790	-0.0856636	0.687126	3.21701	139.733
1791	-0.0855757	0.688955	3.2161	139.77
1792	-0.0846761	0.690763	3.21552	139.806
1793	-0.0835857	0.692543	3.21453	139.843
1794	-0.0825254	0.694297	3.20971	139.88
1795	-0.0814636	0.696026	3.20919	139.917
1796	-0.0819843	0.697766	3.20727	139.954
1797	-0.0811868	0.699486	3.20581	139.99
1798	-0.0798576	0.701174	3.20237	140.027
1799	-0.0796165	0.702855	3.20023	140.064
1800	-0.0799111	0.704543	3.19431	140.1
1801	-0.0812074	0.70626	3.19333	140.136
1802	-0.0814599	0.707982	3.19078	140.173
1803	-0.0812104	0.709697	3.19157	140.209
1804	-0.0810131	0.711407	3.19187	140.245
1805	-0.0794932	0.71308	3.19229	140.281
1806	-0.0777565	0.714712	3.19606	140.318
1807	-0.0765378	0.716314	3.20118	140.354
1808	-0.075266	0.717885	3.20639	140.391
1809	-0.0759766	0.719472	3.20602	140.427
1810	-0.0756678	0.721051	3.20048	140.464
1811	-0.0750264	0.722614	3.20312	140.5
1812	-0.0753926	0.724185	3.20598	140.537
1813	-0.0751827	0.72575	3.20836	140.573
1814	-0.0755536	0.727323	3.20695	140.61
1815	-0.0771047	0.728932	3.20336	140.646
1816	-0.078584	0.730575	3.20383	140.683
1817	-0.0790662	0.732228	3.19754	140.719
1818	-0.0788884	0.733876	3.19774	140.755
1819	-0.0789537	0.735524	3.19749	140.792
1820	-0.0789393	0.737172	3.19705	140.828
1821	-0.079048	0.738821	3.1958	140.864
1822	-0.0788033	0.740464	3.19219	140.9
1823	-0.0788243	0.742106	3.18775	140.936
1824	-0.0775242	0.743717	3.18708	140.972
1825	-0.0778123	0.745334	3.18713	141.008
1826	-0.0774129	0.74694	3.18515	141.044
1827	-0.0779049	0.748558	3.18305	141.08
1828	-0.0778894	0.750174	3.17999	141.116
1829	-0.0777508	0.751786	3.17628	141.152
1830	-0.0784016	0.753413	3.16912	141.187
1831	-0.0791664	0.755056	3.16968	141.223
1832	-0.0802659	0.756725	3.1699	141.258
1833	-0.0813434	0.758417	3.1741	141.294
1834	-0.0819161	0.760123	3.17649	141.329
1835	-0.083509	0.761864	3.18203	141.365
1836	-0.0847386	0.763633	3.18221	141.401
1837	-0.0848614	0.765404	3.18474	141.437
1838	-0.0842166	0.76716	3.18593	141.473
1839	-0.0841613	0.768913	3.18028	141.508
1840	-0.0837196	0.770655	3.18026	141.544
1841	-0.0839009	0.7724	3.17231	141.579
1842	-0.0844342	0.774157	3.16776	141.615
1843	-0.0854959	0.775937	3.16948	141.65
1844	-0.0861124	0.777731	3.16651	141.686
1845	-0.0880966	0.779571	3.17308	141.721
1846	-0.0892032	0.781435	3.17478	141.756
1847	-0.0899053	0.783314	3.17391	141.792
1848	-0.0899638	0.785194	3.17325	141.827
1849	-0.0908921	0.787095	3.17434	141.863
1850	-0.0912982	0.789004	3.17634	141.898
1851	-0.0903588	0.79089	3.17685	141.934
1852	-0.0900541	0.792768	3.18039	141.969
1853	-0.0895666	0.794634	3.18248	142.005
1854	-0.0883847	0.796471	3.18565	142.041
1855	-0.0875491	0.798289	3.18708	142.076
1856	-0.0870511	0.800093	3.18873	142.112
1857	-0.087523	0.801908	3.1906	142.148
1858	-0.088525	0.803745	3.195	142.184
1859	-0.0879717	0.805568	3.1948	142.22
1860	-0.0866358	0.80736	3.19682	142.256
1861	-0.0849595	0.809111	3.20277	142.292
1862	-0.083209	0.810821	3.209	142.328
1863	-0.0820545	0.812504	3.21312	142.364
1864	-0.0817829	0.81418	3.21346	142.4
1865	-0.0818252	0.815855	3.21784	142.437
1866	-0.0816446	0.817526	3.22111	142.473
1867	-0.0817322	0.819198	3.21749	142.509
1868	-0.0816981	0.820868	3.21603	142.546
1869	-0.0819629	0.822543	3.21428	142.582
1870	-0.0817901	0.824214	3.21408	142.618
1871	-0.0808967	0.825863	3.21416	142.654
1872	-0.0801798	0.827495	3.21393	142.69
1873	-0.0812188	0.82915	3.21614	142.727
1874	-0.0808683	0.830796	3.2173	142.763
1875	-0.0809032	0.832442	3.21877	142.799
1876	-0.0820685	0.834114	3.21624	142.835
1877	-0.0813861	0.83577	3.21715	142.871
1878	-0.0802675	0.837399	3.22028	142.908
1879	-0.0804018	0.83903	3.2216	142.944
1880	-0.0803143	0.840658	3.21232	142.98
1881	-0.0817073	0.842318	3.20981	143.016
1882	-0.0821111	0.843986	3.21097	143.052
1883	-0.0835515	0.845687	3.21104	143.088
1884	-0.0854142	0.847429	3.2117	143.124
1885	-0.0872985	0.849214	3.21135	143.16
1886	-0.0885008	0.851026	3.21052	143.196
1887	-0.0870933	0.852805	3.20998	143.232
1888	-0.0869503	0.854579	3.20633	143.268
1889	-0.0861573	0.856334	3.19865	143.304
1890	-0.0851132	0.858065	3.20216	143.339
1891	-0.0854217	0.859801	3.20063	143.375
1892	-0.0846838	0.86152	3.20105	143.411
1893	-0.0844607	0.863233	3.19855	143.446
1894	-0.0851696	0.864961	3.19905	143.482
1895	-0.0868359	0.866727	3.20223	143.518
1896	-0.0887561	0.868536	3.20877	143.553
1897	-0.0898358	0.870369	3.2113	143.589
1898	-0.0897396	0.872199	3.2108	143.625
1899	-0.0896207	0.874025	3.21384	143.661
1900	-0.0880992	0.875815	3.21786	143.697
1901	-0.0881564	0.877606	3.2197	143.733
1902	-0.087769	0.879387	3.21989	143.769
1903	-0.0872852	0.881156	3.22238	143.805
1904	-0.0858658	0.882891	3.22239	143.841
1905	-0.0846876	0.884599	3.22463	143.878
1906	-0.085198	0.886318	3.22194	143.914
1907	-0.0847526	0.888025	3.22055	143.95
1908	-0.0849776	0.889737	3.22103	143.986
1909	-0.0845839	0.891439	3.22332	144.022
1910	-0.0823742	0.89309	3.22735	144.058
1911	-0.0819909	0.894731	3.2256	144.094
1912	-0.0814442	0.896359	3.21893	144.13
1913	-0.081107	0.897978	3.21825	144.166
1914	-0.0815495	0.899607	3.21827	144.202
1915	-0.0812548	0.901228	3.21732	144.238
1916	-0.0824963	0.902877	3.21834	144.273
1917	-0.0820695	0.904515	3.21289	144.309
1918	-0.0820207	0.906151	3.21016	144.345
1919	-0.0822763	0.907793	3.20998	144.38
1920	-0.0817866	0.909422	3.20949	144.416
1921	-0.081652	0.911047	3.20491	144.452
1922	-0.0811734	0.912661	3.20459	144.487
1923	-0.0798877	0.914245	3.20638	144.523
1924	-0.0778061	0.91578	3.21166	144.558
1925	-0.0767274	0.917291	3.20746	144.594
1926	-0.0773662	0.918815	3.19947	144.629
1927	-0.0778588	0.920349	3.19547	144.665
1928	-0.0764099	0.92185	3.19803	144.7
1929	-0.0766927	0.923357	3.19944	144.735
1930	-0.0772052	0.924874	3.2027	144.771
1931	-0.0775582	0.926399	3.19714	144.806
1932	-0.0766388	0.927902	3.19463	144.841
1933	-0.0782261	0.929441	3.1964	144.876
1934	-0.0786506	0.930988	3.19512	144.912
1935	-0.0795082	0.932554	3.18581	144.946
1936	-0.0810106	0.934154	3.1877	144.981
1937	-0.0820881	0.935777	3.18649	145.016
1938	-0.082895	0.937418	3.18622	145.051
1939	-0.0826981	0.939054	3.18852	145.086
1940	-0.0820765	0.940674	3.19091	145.121
1941	-0.0823669	0.942301	3.18918	145.156
1942	-0.0829732	0.94394	3.19007	145.191
1943	-0.0830619	0.945581	3.18904	145.226
1944	-0.0837493	0.947236	3.18887	145.261
1945	-0.0844558	0.948907	3.18848	145.296
1946	-0.0842411	0.950572	3.18873	145.331
1947	-0.0845012	0.952242	3.18413	145.366
1948	-0.0847753	0.953918	3.18138	145.401
1949	-0.0852884	0.955604	3.17984	145.436
1950	-0.0842075	0.957266	3.18429	145.47
1951	-0.0835485	0.958911	3.18775	145.505
1952	-0.0827975	0.960539	3.18932	145.54
1953	-0.0836345	0.962184	3.19359	145.575
1954	-0.0848374	0.963857	3.19957	145.61
1955	-0.0856108	0.965546	3.20192	145.646
1956	-0.0859453	0.967241	3.2018	145.681
1957	-0.086	0.968937	3.20636	145.716
1958	-0.085724	0.970627	3.20954	145.751
1959	-0.0862337	0.972326	3.20554	145.787
1960	-0.0864246	0.97403	3.19783	145.822
1961	-0.0861772	0.975727	3.18878	145.856
1962	-0.0863372	0.977426	3.18106	145.891
1963	-0.0868223	0.979136	3.17997	145.926
1964	-0.086144	0.98083	3.1775	145.96
1965	-0.0862442	0.982525	3.17525	145.995
1966	-0.0862368	0.98422	3.1725	146.029
1967	-0.086256	0.985913	3.16558	146.063
1968	-0.0871932	0.987628	3.16908	146.098
1969	-0.0863623	0.989322	3.16705	146.132
1970	-0.0856262	0.991	3.16827	146.166
1971	-0.0848887	0.99266	3.17078	146.201
1972	-0.0839686	0.994298	3.16989	146.235
1973	-0.0835865	0.995927	3.17278	146.269
1974	-0.0828824	0.99754	3.17215	146.304
1975	-0.0833794	0.999163	3.17373	146.338
1976	-0.0839099	1.0008	3.17245	146.372
1977	-0.0846781	1.00245	3.17253	146.407
1978	-0.0850845	1.00411	3.17485	146.441
