#	<x>	stDevX	<E>	stDevE
0	0.274732	0	0.456596	0
1	0.323843	0.299288	0.507575	0.482085
2	0.237939	0.394337	0.506504	0.693283
3	0.250583	0.470727	0.487332	0.847842
4	0.130416	0.487006	0.487534	0.978216
5	0.1021	0.491791	0.485143	1.0922
6	0.0129501	0.4663	0.508018	1.20329
7	-0.00911535	0.437689	0.503593	1.30379
8	-0.0604611	0.396919	0.496	1.39482
9	-0.0308145	0.369652	0.498427	1.48102
10	-0.0186248	0.348871	0.495811	1.56174
11	-0.0452356	0.322904	0.496092	1.63859
12	-0.0532053	0.297142	0.484266	1.70884
13	-0.0862947	0.26496	0.487093	1.77702
14	-0.102287	0.231116	0.485521	1.84227
15	-0.0684976	0.207695	0.482218	1.90447
16	-0.0563971	0.188619	0.480981	1.9644
17	-0.04864	0.172481	0.482686	2.02293
18	-0.0364836	0.159994	0.481688	2.07958
19	-0.0409366	0.147237	0.475548	2.13338
20	-0.0387614	0.135614	0.474044	2.18553
21	-0.0471197	0.122832	0.471861	2.23599
22	-0.0516776	0.109717	0.470757	2.28511
23	-0.0517497	0.0971679	0.465382	2.33211
24	-0.0519556	0.0851063	0.463612	2.37782
25	-0.0405887	0.0757149	0.460362	2.42205
26	-0.0311397	0.0684737	0.460332	2.46547
27	-0.0384996	0.0601414	0.462391	2.50851
28	-0.044274	0.0510546	0.450906	2.54873
29	-0.0364328	0.0436865	0.455163	2.58909
30	-0.0302192	0.0376607	0.453585	2.62854
31	-0.0384451	0.0303977	0.452464	2.66722
32	-0.0356422	0.0238384	0.452558	2.70536
33	-0.030854	0.018283	0.449816	2.7425
34	-0.0367451	0.0119061	0.446752	2.77863
35	-0.0511671	0.00333576	0.452482	2.81525
36	-0.0373075	0.00275823	0.456876	2.8521
37	-0.0469382	0.0102362	0.458837	2.8888
38	-0.0505448	0.0180968	0.459044	2.92507
39	-0.0541655	0.0263317	0.457928	2.96072
40	-0.0588789	0.0350992	0.457615	2.99589
41	-0.0480032	0.0420075	0.460594	3.03112
42	-0.0447837	0.0482775	0.456057	3.06525
43	-0.049103	0.0550566	0.455986	3.09899
44	-0.0477618	0.0614958	0.452976	3.13193
45	-0.0445586	0.0673368	0.451253	3.16427
46	-0.0396698	0.0723568	0.451951	3.19638
47	-0.0487609	0.0785797	0.455728	3.22872
48	-0.0562144	0.0857389	0.456378	3.26083
49	-0.0704886	0.0947632	0.463393	3.2936
50	-0.0712731	0.10373	0.462482	3.32592
51	-0.0665616	0.111889	0.460674	3.35769
52	-0.0769626	0.12132	0.462636	3.38942
53	-0.0766828	0.130551	0.462984	3.42091
54	-0.08795	0.141132	0.465932	3.4525
55	-0.0802521	0.150517	0.465864	3.4838
56	-0.077096	0.159337	0.464464	3.51463
57	-0.0694159	0.167017	0.465595	3.54534
58	-0.0662566	0.174173	0.460215	3.5751
59	-0.0697944	0.181675	0.457243	3.60422
60	-0.0738277	0.18958	0.454092	3.63272
61	-0.0812096	0.1983	0.455813	3.66121
62	-0.0804149	0.206796	0.455194	3.6894
63	-0.0791463	0.215016	0.45465	3.71731
64	-0.077028	0.222862	0.455373	3.7451
65	-0.086135	0.231715	0.456574	3.77283
66	-0.0886484	0.240755	0.45729	3.80045
67	-0.083005	0.248996	0.456996	3.82783
68	-0.0832691	0.257163	0.456519	3.85496
69	-0.0868139	0.265649	0.458318	3.88212
70	-0.0816153	0.273416	0.458513	3.9091
71	-0.0784377	0.280717	0.460146	3.9361
72	-0.0866844	0.28889	0.463098	3.96325
73	-0.0820793	0.296435	0.462774	3.99018
74	-0.0801688	0.303675	0.461677	4.01681
75	-0.0801045	0.310825	0.459967	4.04306
76	-0.081122	0.318011	0.45985	4.06913
77	-0.0841271	0.325457	0.460171	4.09508
78	-0.0768008	0.332003	0.460808	4.12092
79	-0.0696694	0.337688	0.460446	4.14657
80	-0.0725684	0.343637	0.459691	4.17198
81	-0.0680188	0.349027	0.459627	4.19723
82	-0.0760789	0.355244	0.463141	4.2227
83	-0.0782677	0.361637	0.464237	4.24815
84	-0.0752138	0.367639	0.464657	4.27349
85	-0.0758475	0.373652	0.464877	4.2987
86	-0.0804632	0.3801	0.466389	4.32392
87	-0.0862109	0.387097	0.467782	4.34915
88	-0.0890264	0.394325	0.468089	4.37427
89	-0.0920852	0.401805	0.466456	4.39907
90	-0.0911115	0.409114	0.465766	4.42366
91	-0.0881117	0.416046	0.464215	4.44795
92	-0.083431	0.422432	0.463465	4.47203
93	-0.0837505	0.428796	0.462908	4.49593
94	-0.0823536	0.434962	0.462744	4.51968
95	-0.0855732	0.441402	0.462711	4.54331
96	-0.084616	0.447692	0.460985	4.56664
97	-0.0819095	0.453658	0.460446	4.58979
98	-0.0830468	0.459688	0.460918	4.61288
99	-0.0849944	0.465864	0.461429	4.63591
100	-0.0845528	0.471947	0.461616	4.65883
101	-0.0892334	0.478443	0.461181	4.68161
102	-0.0908622	0.485047	0.460557	4.70421
103	-0.0897268	0.491488	0.459932	4.72664
104	-0.0923655	0.498136	0.461362	4.74911
105	-0.0967751	0.505158	0.461795	4.77151
106	-0.0956631	0.512019	0.461765	4.7938
107	-0.0938315	0.518652	0.461606	4.81598
108	-0.0963569	0.525477	0.462728	4.83816
109	-0.0924819	0.531882	0.463285	4.86029
110	-0.0870236	0.537726	0.46425	4.88241
111	-0.0897067	0.54378	0.465579	4.90456
112	-0.0902544	0.549843	0.465431	4.92659
113	-0.0910031	0.555933	0.465811	4.94857
114	-0.0863097	0.561545	0.466905	4.97054
115	-0.0859746	0.567089	0.466492	4.99238
116	-0.0824063	0.572267	0.46695	5.01417
117	-0.0830524	0.577471	0.466145	5.03579
118	-0.0815368	0.582503	0.46568	5.05728
119	-0.0801985	0.587382	0.465349	5.07864
120	-0.0790836	0.59213	0.465396	5.09992
121	-0.0787422	0.596818	0.464637	5.12105
122	-0.0789844	0.6015	0.46421	5.14204
123	-0.0786166	0.606121	0.46345	5.16289
124	-0.0770301	0.610573	0.462658	5.18358
125	-0.0787351	0.615151	0.462492	5.20417
126	-0.0787005	0.6197	0.46097	5.22455
127	-0.0793021	0.624275	0.459877	5.24475
128	-0.0791079	0.628808	0.459786	5.26486
129	-0.0793402	0.633335	0.459331	5.28486
130	-0.0806395	0.637951	0.459389	5.30479
131	-0.0811127	0.642581	0.458928	5.32461
132	-0.0774047	0.646866	0.458526	5.34432
133	-0.0806195	0.651404	0.458735	5.36397
134	-0.0827811	0.656104	0.45721	5.38342
135	-0.0847626	0.660947	0.457975	5.40286
136	-0.0807755	0.665424	0.459271	5.42235
137	-0.0794765	0.669767	0.459526	5.44179
138	-0.0800726	0.674138	0.459753	5.46117
139	-0.0781459	0.678324	0.459692	5.48049
140	-0.0783932	0.68251	0.457505	5.49955
141	-0.0770037	0.686559	0.457379	5.51854
142	-0.0710442	0.690092	0.458779	5.53757
143	-0.0667277	0.693249	0.458733	5.55654
144	-0.0651291	0.696261	0.459319	5.57549
145	-0.0710248	0.699747	0.462322	5.59463
146	-0.0661251	0.702815	0.462963	5.61375
147	-0.0669459	0.705937	0.462062	5.63274
148	-0.0701897	0.709311	0.462666	5.65171
149	-0.0677411	0.712471	0.461455	5.67052
150	-0.0654425	0.715432	0.461008	5.68923
151	-0.0633867	0.718214	0.460781	5.70786
152	-0.062587	0.720922	0.461218	5.72646
153	-0.0624385	0.723608	0.461257	5.74501
154	-0.0604821	0.726128	0.461158	5.76349
155	-0.059291	0.728544	0.461158	5.78191
156	-0.058269	0.73087	0.461045	5.80026
157	-0.0590483	0.733251	0.460277	5.8185
158	-0.0582987	0.735565	0.458872	5.83656
159	-0.0554305	0.737646	0.458404	5.85454
160	-0.0530465	0.739533	0.45821	5.87244
161	-0.0553808	0.741599	0.45889	5.89034
162	-0.060848	0.744086	0.460373	5.90831
163	-0.0608729	0.746567	0.460619	5.92624
164	-0.0591555	0.748907	0.459783	5.94405
165	-0.0545091	0.750879	0.460971	5.96189
166	-0.0546228	0.752855	0.460851	5.97968
167	-0.0524598	0.75466	0.460883	5.99741
168	-0.0548331	0.756643	0.460866	6.0151
169	-0.05421	0.758573	0.459569	6.03263
170	-0.0553054	0.760581	0.459248	6.05008
171	-0.0540034	0.762486	0.459	6.06747
172	-0.0541721	0.764399	0.458536	6.08477
173	-0.0540873	0.7663	0.458258	6.102
174	-0.053377	0.768144	0.458132	6.11918
175	-0.0527524	0.769936	0.457186	6.13623
176	-0.0503827	0.771546	0.457023	6.15323
177	-0.0496799	0.773102	0.456505	6.17014
178	-0.0515996	0.774797	0.45675	6.18702
179	-0.0521511	0.77653	0.455858	6.20379
180	-0.0503438	0.778126	0.456068	6.22053
181	-0.0500213	0.779695	0.455576	6.23719
182	-0.0486275	0.781158	0.455756	6.25381
183	-0.0496703	0.782696	0.455629	6.27039
184	-0.0490855	0.784188	0.455158	6.28688
185	-0.0498068	0.785731	0.454218	6.30327
186	-0.0497275	0.787265	0.454165	6.3196
187	-0.0506639	0.788865	0.454614	6.33593
188	-0.0495546	0.790382	0.455023	6.35225
189	-0.0498628	0.791918	0.455269	6.36854
190	-0.052126	0.793615	0.456	6.38484
191	-0.0545781	0.795485	0.456469	6.40114
192	-0.0533341	0.797261	0.455179	6.4173
193	-0.0524152	0.798968	0.455169	6.43342
194	-0.0533798	0.80074	0.454209	6.44943
195	-0.0533133	0.802503	0.453737	6.46537
196	-0.0551263	0.804392	0.453191	6.48123
197	-0.0542588	0.806215	0.451681	6.49694
198	-0.0548015	0.808072	0.451761	6.51262
199	-0.0518068	0.809713	0.452215	6.5283
200	-0.0503244	0.811248	0.452228	6.54394
201	-0.0516097	0.812869	0.452074	6.55953
202	-0.0502554	0.814393	0.451815	6.57507
203	-0.0532416	0.816123	0.453004	6.59065
204	-0.0531478	0.817843	0.452348	6.60615
205	-0.0512184	0.819425	0.452009	6.62159
206	-0.053277	0.821147	0.452547	6.63704
207	-0.0534677	0.822879	0.452602	6.65245
208	-0.0521349	0.824515	0.452026	6.66778
209	-0.0507598	0.826053	0.451195	6.68302
210	-0.0506341	0.82758	0.449379	6.69811
211	-0.0503991	0.829088	0.449258	6.71315
212	-0.0496456	0.830543	0.4484	6.7281
213	-0.051038	0.83209	0.448595	6.74303
214	-0.0524028	0.833727	0.448914	6.75795
215	-0.0510907	0.835272	0.448533	6.77281
216	-0.0505287	0.836776	0.448169	6.78761
217	-0.0485495	0.838145	0.44856	6.8024
218	-0.0505677	0.839647	0.449092	6.8172
219	-0.0552316	0.84146	0.451783	6.83215
220	-0.0558403	0.843311	0.451661	6.84706
221	-0.0566844	0.845214	0.45158	6.86193
222	-0.0571274	0.847142	0.451243	6.87675
223	-0.0569591	0.849055	0.450966	6.89152
224	-0.0545281	0.850801	0.45065	6.90623
225	-0.0552415	0.852592	0.450488	6.9209
226	-0.0555245	0.854397	0.450532	6.93554
227	-0.052406	0.855993	0.451046	6.95019
228	-0.0546601	0.857734	0.451504	6.96484
229	-0.0539116	0.859423	0.45206	6.97949
230	-0.0531826	0.86106	0.45141	6.99407
231	-0.0538466	0.862738	0.450744	7.00857
232	-0.0524025	0.864318	0.450862	7.02305
233	-0.051666	0.865848	0.450483	7.03748
234	-0.0526369	0.867438	0.450828	7.0519
235	-0.0555989	0.869217	0.452379	7.0664
236	-0.0563658	0.871043	0.45251	7.08087
237	-0.0540082	0.872713	0.453207	7.09535
238	-0.0558499	0.874498	0.453853	7.10985
239	-0.0554089	0.876251	0.454046	7.12433
240	-0.0553407	0.877996	0.453906	7.13878
241	-0.0543753	0.879676	0.454128	7.15321
242	-0.0560176	0.881457	0.454261	7.16762
243	-0.0582687	0.883379	0.454712	7.18202
244	-0.0566545	0.885194	0.454485	7.19639
245	-0.0546909	0.88688	0.454592	7.21073
246	-0.0538693	0.888511	0.454324	7.22503
247	-0.0530021	0.890084	0.454208	7.23929
248	-0.0513837	0.891552	0.454185	7.25352
249	-0.0531149	0.893127	0.455096	7.26778
250	-0.05415	0.894764	0.455473	7.28204
251	-0.0549293	0.896448	0.454835	7.29623
252	-0.0578211	0.898309	0.455244	7.31042
253	-0.0599267	0.900299	0.455337	7.32459
254	-0.0571821	0.902113	0.456126	7.33877
255	-0.0584197	0.904	0.45626	7.35294
256	-0.0583361	0.905878	0.455827	7.36706
257	-0.0571758	0.907681	0.456084	7.38116
258	-0.054314	0.909302	0.457015	7.3953
259	-0.0536021	0.910876	0.456879	7.4094
260	-0.0533199	0.91243	0.456634	7.42345
261	-0.0551127	0.914092	0.457255	7.43752
262	-0.054689	0.915725	0.456562	7.45152
263	-0.0551098	0.917381	0.456991	7.46552
264	-0.0564113	0.919114	0.456915	7.47949
265	-0.0567921	0.920867	0.456819	7.49343
266	-0.0576929	0.922671	0.456227	7.50731
267	-0.0569958	0.92443	0.455945	7.52114
268	-0.0558458	0.926115	0.455992	7.53495
269	-0.0533976	0.927649	0.456264	7.54875
270	-0.0536255	0.929193	0.456425	7.56254
271	-0.0525073	0.930668	0.456238	7.57629
272	-0.0526902	0.932151	0.456956	7.59005
273	-0.0530053	0.933651	0.457025	7.6038
274	-0.0548463	0.93526	0.457421	7.61755
275	-0.0544595	0.936842	0.45692	7.63124
276	-0.0523173	0.938293	0.457153	7.64492
277	-0.0511004	0.93967	0.457363	7.65859
278	-0.0513393	0.941058	0.457329	7.67223
279	-0.0526428	0.942523	0.457495	7.68586
280	-0.0530865	0.944011	0.457288	7.69945
281	-0.0547694	0.945598	0.457218	7.71301
282	-0.0529049	0.947071	0.457361	7.72656
283	-0.0559494	0.948722	0.458739	7.74017
284	-0.0566643	0.950413	0.45854	7.75374
285	-0.0556667	0.952041	0.458525	7.76728
286	-0.0579468	0.953802	0.459186	7.78085
287	-0.0579687	0.95556	0.459629	7.79441
288	-0.0592414	0.95739	0.460088	7.80798
289	-0.0601918	0.959272	0.45995	7.82151
290	-0.059582	0.961115	0.460135	7.83504
291	-0.06031	0.962997	0.460368	7.84855
292	-0.0602762	0.964873	0.460441	7.86204
293	-0.0599398	0.966726	0.460002	7.87549
294	-0.0595749	0.968554	0.459894	7.88891
295	-0.0593549	0.970367	0.459582	7.90228
296	-0.058526	0.972127	0.458775	7.91559
297	-0.0581805	0.973865	0.458164	7.92884
298	-0.0594854	0.975675	0.458131	7.94206
299	-0.0604911	0.97754	0.45765	7.95524
300	-0.0598667	0.979365	0.457214	7.96836
301	-0.0584249	0.981104	0.457699	7.9815
302	-0.0581163	0.982822	0.457615	7.99461
303	-0.0586798	0.98457	0.457694	8.0077
304	-0.0589053	0.986327	0.457602	8.02076
305	-0.0573796	0.987994	0.458024	8.03383
306	-0.0560767	0.989584	0.45883	8.04692
307	-0.0572125	0.991236	0.459108	8.06001
308	-0.0575516	0.992905	0.45905	8.07307
309	-0.0564011	0.994506	0.459123	8.08611
310	-0.0573234	0.996156	0.458978	8.09913
311	-0.0577899	0.99783	0.459006	8.11213
312	-0.0571746	0.999466	0.459181	8.12511
313	-0.0577891	1.00113	0.459244	8.13808
314	-0.0576285	1.00279	0.458827	8.151
315	-0.0575415	1.00444	0.458272	8.16388
316	-0.0581495	1.00612	0.458554	8.17674
317	-0.0572537	1.00775	0.458404	8.18958
318	-0.0586529	1.00945	0.45852	8.20241
319	-0.0583054	1.01113	0.457689	8.21517
320	-0.0583256	1.01281	0.457632	8.22791
321	-0.0601249	1.01459	0.45809	8.24065
322	-0.0613044	1.01643	0.45774	8.25335
323	-0.0613575	1.01826	0.457379	8.26602
324	-0.0598913	1.02002	0.457499	8.27867
325	-0.0581973	1.02168	0.45738	8.29129
326	-0.0580404	1.02332	0.457309	8.30389
327	-0.0568238	1.0249	0.457061	8.31646
328	-0.0563252	1.02645	0.456203	8.32897
329	-0.0550902	1.02792	0.456265	8.34145
330	-0.0557369	1.02943	0.456049	8.35391
331	-0.0569903	1.03101	0.456096	8.36635
332	-0.0562462	1.03254	0.456164	8.37878
333	-0.0553361	1.03402	0.455828	8.39117
334	-0.0543349	1.03545	0.455728	8.40353
335	-0.053184	1.03681	0.455678	8.41588
336	-0.0528616	1.03815	0.455073	8.42817
337	-0.0518307	1.03943	0.455241	8.44046
338	-0.0522115	1.04073	0.455294	8.45273
339	-0.0514258	1.04199	0.454439	8.46493
340	-0.0523749	1.0433	0.454266	8.47711
341	-0.0521863	1.04459	0.454116	8.48927
342	-0.0536122	1.04596	0.454406	8.50142
343	-0.05231	1.04726	0.454674	8.51357
344	-0.051875	1.04854	0.454425	8.52569
345	-0.0512108	1.04977	0.454532	8.53779
346	-0.0519161	1.05105	0.45455	8.54989
347	-0.0538139	1.05242	0.45464	8.56196
348	-0.0543447	1.05382	0.454402	8.57401
349	-0.0548987	1.05525	0.454429	8.58605
350	-0.0554973	1.05671	0.454432	8.59806
351	-0.0539893	1.05808	0.454672	8.61008
352	-0.0532648	1.05942	0.454552	8.62206
353	-0.0540894	1.0608	0.454683	8.63404
354	-0.0540058	1.06217	0.454691	8.64601
355	-0.0541953	1.06355	0.454443	8.65794
356	-0.0540895	1.06492	0.454402	8.66986
357	-0.0542995	1.0663	0.454186	8.68175
358	-0.05563	1.06775	0.454237	8.69362
359	-0.0563757	1.06924	0.453895	8.70546
360	-0.0588646	1.07085	0.454614	8.71732
361	-0.0586846	1.07246	0.454565	8.72916
362	-0.0569197	1.07397	0.45509	8.74102
363	-0.0573775	1.0755	0.455198	8.75286
364	-0.056418	1.07698	0.455196	8.76469
365	-0.0582139	1.07855	0.456232	8.77656
366	-0.0573392	1.08007	0.455993	8.78839
367	-0.0578031	1.08162	0.455962	8.80021
368	-0.0574559	1.08314	0.455857	8.81201
369	-0.0581796	1.0847	0.455893	8.8238
370	-0.0572505	1.08621	0.455842	8.83556
371	-0.0560765	1.08766	0.456061	8.84733
372	-0.0557412	1.08908	0.455936	8.85907
373	-0.0565838	1.09055	0.455402	8.87076
374	-0.0560037	1.09199	0.455361	8.88244
375	-0.0559132	1.09342	0.455102	8.89409
376	-0.0553063	1.09482	0.454878	8.90572
377	-0.0545425	1.09617	0.454857	8.91733
378	-0.0545036	1.09753	0.454416	8.9289
379	-0.0557041	1.09894	0.454763	8.94047
380	-0.0562798	1.10038	0.4549	8.95203
381	-0.0551671	1.10176	0.45476	8.96358
382	-0.0551317	1.10314	0.454358	8.97508
383	-0.054353	1.10447	0.454299	8.98657
384	-0.054406	1.10581	0.454283	8.99805
385	-0.053023	1.10708	0.45459	9.00952
386	-0.0520459	1.10829	0.454649	9.02099
387	-0.0520611	1.10951	0.454181	9.03241
388	-0.0521638	1.11072	0.453879	9.04381
389	-0.0521829	1.11194	0.453698	9.05518
390	-0.0531262	1.11321	0.45395	9.06655
391	-0.0535363	1.11449	0.453863	9.0779
392	-0.0535294	1.11577	0.453487	9.08922
393	-0.0536063	1.11706	0.453627	9.10053
394	-0.0529737	1.11831	0.45369	9.11183
395	-0.0514577	1.11948	0.453865	9.12313
396	-0.0500129	1.12058	0.454171	9.13443
397	-0.0499074	1.12167	0.453819	9.14569
398	-0.0500242	1.12277	0.45356	9.15693
399	-0.0497509	1.12385	0.453506	9.16815
400	-0.0495916	1.12493	0.453403	9.17936
401	-0.0501782	1.12603	0.453425	9.19055
402	-0.0493969	1.1271	0.453436	9.20173
403	-0.0495933	1.12817	0.45321	9.21288
404	-0.0497851	1.12925	0.453186	9.22402
405	-0.049274	1.1303	0.452908	9.23513
406	-0.0499995	1.13139	0.452909	9.24623
407	-0.0501211	1.13249	0.452819	9.25731
408	-0.0499562	1.13357	0.452537	9.26836
409	-0.0508776	1.1347	0.452796	9.27941
410	-0.0502631	1.1358	0.45305	9.29046
411	-0.0498498	1.13688	0.452964	9.3015
412	-0.0498263	1.13795	0.452908	9.31252
413	-0.0497462	1.13902	0.452783	9.32352
414	-0.0499312	1.1401	0.452597	9.3345
415	-0.0479214	1.14108	0.453451	9.3455
416	-0.0462484	1.14197	0.454067	9.35653
417	-0.0467335	1.14289	0.454028	9.36753
418	-0.0455734	1.14376	0.454358	9.37855
419	-0.0458789	1.14463	0.454304	9.38954
420	-0.0460882	1.14552	0.453438	9.40048
421	-0.045532	1.14638	0.453012	9.41139
422	-0.0443496	1.14718	0.45283	9.42228
423	-0.045542	1.14804	0.452619	9.43314
424	-0.0469763	1.14897	0.452565	9.44399
425	-0.0473224	1.14991	0.452632	9.45483
426	-0.0480923	1.15089	0.452468	9.46565
427	-0.048201	1.15188	0.452619	9.47646
428	-0.0485863	1.15288	0.452669	9.48727
429	-0.0492575	1.15391	0.452941	9.49807
430	-0.0496832	1.15497	0.453041	9.50887
431	-0.04902	1.15599	0.453241	9.51967
432	-0.0491559	1.15702	0.453118	9.53044
433	-0.0486788	1.15802	0.453	9.5412
434	-0.0488652	1.15903	0.452873	9.55194
435	-0.0480094	1.16	0.452539	9.56265
436	-0.0471905	1.16093	0.452699	9.57336
437	-0.0471331	1.16186	0.452554	9.58405
438	-0.0467378	1.16276	0.452544	9.59473
439	-0.0457689	1.16362	0.451996	9.60537
440	-0.0473845	1.16456	0.452808	9.61603
441	-0.0467956	1.16547	0.452948	9.62669
442	-0.0471271	1.16639	0.453167	9.63735
443	-0.0470728	1.16731	0.453308	9.64801
444	-0.0460877	1.16819	0.453257	9.65865
445	-0.0448666	1.169	0.453441	9.66929
446	-0.0440267	1.16977	0.453712	9.67992
447	-0.0445941	1.17058	0.453825	9.69056
448	-0.0444605	1.17137	0.454096	9.70119
449	-0.0449394	1.17219	0.454176	9.71181
450	-0.0461402	1.17306	0.45442	9.72244
451	-0.0465817	1.17395	0.454391	9.73305
452	-0.0485492	1.17494	0.455046	9.74368
453	-0.04808	1.1759	0.455117	9.75431
454	-0.0469984	1.17681	0.455269	9.76492
455	-0.0472619	1.17773	0.454965	9.77552
456	-0.0478952	1.17869	0.455092	9.7861
457	-0.0468763	1.17959	0.455246	9.79669
458	-0.0472179	1.18051	0.455406	9.80727
459	-0.0468014	1.18141	0.455237	9.81783
460	-0.0459143	1.18226	0.455491	9.82839
461	-0.0464387	1.18314	0.455625	9.83894
462	-0.0470773	1.18405	0.455786	9.84949
463	-0.0471218	1.18497	0.455676	9.86003
464	-0.0467755	1.18586	0.455787	9.87056
465	-0.0476115	1.18679	0.455942	9.88108
466	-0.0478741	1.18774	0.455928	9.8916
467	-0.0480166	1.18869	0.455488	9.90208
468	-0.0475341	1.18961	0.455281	9.91254
469	-0.0465173	1.19049	0.455302	9.92299
470	-0.0467874	1.19139	0.455116	9.93342
471	-0.0462464	1.19225	0.45485	9.94383
472	-0.04577	1.1931	0.454579	9.95421
473	-0.0451233	1.19391	0.454258	9.96457
474	-0.0445149	1.1947	0.454168	9.97492
475	-0.0446142	1.19549	0.454117	9.98525
476	-0.0436013	1.19623	0.45418	9.99557
477	-0.0433249	1.19696	0.454202	10.0059
478	-0.0435346	1.1977	0.453876	10.0162
479	-0.0435923	1.19844	0.453786	10.0264
480	-0.0429365	1.19915	0.453681	10.0367
481	-0.0426707	1.19985	0.453288	10.0469
482	-0.0407569	1.20046	0.454168	10.0572
483	-0.0396372	1.20103	0.454337	10.0675
484	-0.0392969	1.20157	0.45447	10.0777
485	-0.0389814	1.2021	0.454415	10.0879
486	-0.0386279	1.20262	0.454389	10.0982
487	-0.039478	1.20318	0.454645	10.1084
488	-0.0392977	1.20372	0.454441	10.1186
489	-0.0393163	1.20427	0.454278	10.1288
490	-0.0390757	1.20481	0.454304	10.139
491	-0.0398748	1.20538	0.454689	10.1492
492	-0.0392871	1.20593	0.454659	10.1594
493	-0.0388567	1.20646	0.454621	10.1695
494	-0.0396316	1.20702	0.454668	10.1797
495	-0.0397739	1.20759	0.454611	10.1898
496	-0.0401046	1.20817	0.454486	10.2
497	-0.0395813	1.20873	0.454449	10.2101
498	-0.0399817	1.20931	0.454698	10.2202
499	-0.0397649	1.20988	0.454422	10.2303
500	-0.0391277	1.21042	0.454459	10.2404
501	-0.0386798	1.21094	0.454461	10.2505
502	-0.0372543	1.2114	0.454684	10.2605
503	-0.0385908	1.21192	0.455204	10.2706
504	-0.0379602	1.21241	0.455148	10.2807
505	-0.0373144	1.21287	0.455304	10.2908
506	-0.0375437	1.21334	0.455187	10.3008
507	-0.0377668	1.21382	0.455164	10.3109
508	-0.0373832	1.21429	0.455117	10.3209
509	-0.0371864	1.21474	0.455103	10.331
510	-0.0372226	1.2152	0.454862	10.341
511	-0.0366295	1.21563	0.454938	10.351
512	-0.0366506	1.21607	0.454676	10.361
513	-0.0364431	1.21649	0.454467	10.3709
514	-0.0367518	1.21693	0.454295	10.3809
515	-0.0374984	1.2174	0.454021	10.3908
516	-0.0371489	1.21786	0.454254	10.4007
517	-0.0371774	1.21831	0.454281	10.4106
518	-0.0382746	1.21882	0.454423	10.4205
519	-0.0379717	1.21931	0.45425	10.4304
520	-0.0379123	1.21981	0.453978	10.4403
521	-0.0372254	1.22027	0.453766	10.4502
522	-0.0371946	1.22073	0.453721	10.46
523	-0.0371358	1.22118	0.453617	10.4698
524	-0.0360651	1.2216	0.453951	10.4797
525	-0.0359661	1.222	0.453945	10.4895
526	-0.035532	1.22239	0.453903	10.4993
527	-0.0355528	1.22278	0.453876	10.5091
528	-0.0343296	1.22312	0.454024	10.5189
529	-0.0349077	1.22348	0.45377	10.5287
530	-0.0350747	1.22385	0.45391	10.5385
531	-0.0344146	1.22419	0.454025	10.5483
532	-0.0342727	1.22453	0.453903	10.558
533	-0.034531	1.22488	0.453797	10.5678
534	-0.0341936	1.22521	0.453567	10.5775
535	-0.0341454	1.22554	0.453443	10.5872
536	-0.0340372	1.22587	0.453584	10.5969
537	-0.0340035	1.2262	0.452913	10.6066
538	-0.0330859	1.22649	0.45285	10.6163
539	-0.0319199	1.22672	0.453142	10.6259
540	-0.0322683	1.22698	0.453047	10.6356
541	-0.0319853	1.22722	0.453093	10.6452
542	-0.0318253	1.22746	0.45285	10.6549
543	-0.0319652	1.2277	0.452695	10.6645
544	-0.0318505	1.22794	0.452179	10.6741
545	-0.0314713	1.22816	0.452122	10.6836
546	-0.0322749	1.22842	0.452021	10.6932
547	-0.031988	1.22866	0.45183	10.7027
548	-0.0319663	1.22891	0.451594	10.7122
549	-0.0327485	1.22919	0.451825	10.7218
550	-0.0328779	1.22947	0.45174	10.7313
551	-0.0330675	1.22977	0.451455	10.7408
552	-0.0326973	1.23005	0.451395	10.7502
553	-0.0328754	1.23033	0.451346	10.7597
554	-0.0325059	1.23061	0.451361	10.7692
555	-0.0324406	1.23087	0.451384	10.7786
556	-0.032949	1.23117	0.451553	10.7881
557	-0.0325238	1.23144	0.451587	10.7975
558	-0.032018	1.23169	0.45179	10.807
559	-0.031851	1.23194	0.451787	10.8164
560	-0.0324513	1.23221	0.451557	10.8258
561	-0.0334773	1.23253	0.451787	10.8353
562	-0.0327334	1.23281	0.451971	10.8447
563	-0.0331708	1.23312	0.451719	10.8541
564	-0.033593	1.23344	0.451751	10.8635
565	-0.0330264	1.23374	0.451835	10.8729
566	-0.0333194	1.23405	0.451816	10.8823
567	-0.0325552	1.23433	0.451949	10.8916
568	-0.0325634	1.23461	0.452249	10.901
569	-0.0323482	1.23488	0.45227	10.9104
570	-0.0325849	1.23517	0.451814	10.9197
571	-0.0328516	1.23546	0.451535	10.9291
572	-0.0335147	1.23578	0.451599	10.9384
573	-0.033191	1.23609	0.451511	10.9477
574	-0.0328953	1.23639	0.451206	10.957
575	-0.0330473	1.23669	0.450986	10.9663
576	-0.0327226	1.23698	0.451093	10.9756
577	-0.0326071	1.23727	0.451107	10.9848
578	-0.0323344	1.23754	0.451276	10.9941
579	-0.0323252	1.23782	0.450994	11.0033
580	-0.031946	1.23808	0.451041	11.0126
581	-0.0310718	1.23831	0.451136	11.0218
582	-0.0310833	1.23853	0.451096	11.031
583	-0.0311668	1.23876	0.450934	11.0402
584	-0.0307401	1.23897	0.450931	11.0494
585	-0.030758	1.23919	0.450893	11.0586
586	-0.0313333	1.23942	0.450892	11.0678
587	-0.0302326	1.23962	0.450876	11.077
588	-0.030063	1.2398	0.450856	11.0862
589	-0.0294459	1.23997	0.451055	11.0953
590	-0.0292841	1.24012	0.450991	11.1045
591	-0.0288448	1.24026	0.45081	11.1137
592	-0.0287914	1.2404	0.450692	11.1228
593	-0.0287977	1.24054	0.450554	11.1319
594	-0.0297142	1.24071	0.450689	11.141
595	-0.0292778	1.24087	0.450711	11.1501
596	-0.0286541	1.241	0.450578	11.1592
597	-0.0288612	1.24115	0.45052	11.1683
598	-0.0289978	1.2413	0.450467	11.1774
599	-0.0294805	1.24147	0.450286	11.1865
600	-0.0289024	1.24161	0.450213	11.1955
601	-0.0289788	1.24176	0.45022	11.2046
602	-0.0287978	1.24191	0.450091	11.2136
603	-0.0286024	1.24204	0.450038	11.2226
604	-0.0291463	1.2422	0.449977	11.2316
605	-0.0286687	1.24234	0.449967	11.2407
606	-0.0274914	1.24243	0.450183	11.2497
607	-0.0282656	1.24256	0.450123	11.2587
608	-0.0287528	1.2427	0.450047	11.2677
609	-0.028884	1.24285	0.449916	11.2766
610	-0.0288984	1.24301	0.449908	11.2856
611	-0.0284608	1.24314	0.450063	11.2946
612	-0.0285086	1.24328	0.450361	11.3035
613	-0.0280921	1.2434	0.45044	11.3125
614	-0.0273156	1.24349	0.450752	11.3215
615	-0.0273071	1.24358	0.450846	11.3305
616	-0.0269545	1.24366	0.450874	11.3394
617	-0.0263958	1.24372	0.451008	11.3484
618	-0.026007	1.24376	0.451199	11.3574
619	-0.025724	1.24379	0.451224	11.3663
620	-0.0259508	1.24383	0.451249	11.3753
621	-0.0256908	1.24386	0.451234	11.3842
622	-0.0269108	1.24394	0.45136	11.3932
623	-0.0277421	1.24405	0.451257	11.4021
624	-0.0281717	1.24419	0.450941	11.411
625	-0.027817	1.2443	0.451009	11.4199
626	-0.0279273	1.24443	0.450821	11.4288
627	-0.0272093	1.24452	0.451055	11.4377
628	-0.0261334	1.24458	0.451388	11.4466
629	-0.0256517	1.24461	0.451398	11.4555
630	-0.0252817	1.24463	0.4513	11.4644
631	-0.0250798	1.24464	0.451039	11.4733
632	-0.0252324	1.24466	0.450748	11.4821
633	-0.0258419	1.24471	0.450834	11.4909
634	-0.0265241	1.24478	0.450958	11.4998
635	-0.02533	1.24481	0.451257	11.5086
636	-0.025251	1.24483	0.450959	11.5175
637	-0.0254251	1.24486	0.450745	11.5263
638	-0.0253895	1.24489	0.450789	11.5351
639	-0.0257451	1.24494	0.45066	11.5439
640	-0.0258076	1.24499	0.45063	11.5527
641	-0.0254458	1.24502	0.450741	11.5615
642	-0.0252242	1.24505	0.450498	11.5702
643	-0.0257261	1.2451	0.450467	11.579
644	-0.0262094	1.24516	0.450519	11.5878
645	-0.0265535	1.24525	0.450408	11.5965
646	-0.0258274	1.2453	0.450393	11.6053
647	-0.025924	1.24536	0.450433	11.614
648	-0.0259016	1.24541	0.450237	11.6227
649	-0.0269479	1.24551	0.450606	11.6315
650	-0.0265632	1.2456	0.45052	11.6402
651	-0.0261177	1.24567	0.450146	11.6489
652	-0.0261047	1.24573	0.45003	11.6576
653	-0.0259932	1.2458	0.449984	11.6662
654	-0.0263453	1.24588	0.449901	11.6749
655	-0.0261822	1.24595	0.449863	11.6836
656	-0.0259164	1.24601	0.449919	11.6922
657	-0.0250912	1.24605	0.449908	11.7009
658	-0.0257293	1.2461	0.450112	11.7095
659	-0.0255685	1.24615	0.450023	11.7182
660	-0.025852	1.24622	0.450134	11.7268
661	-0.026084	1.24629	0.450077	11.7355
662	-0.0269326	1.2464	0.450379	11.7441
663	-0.0264087	1.24648	0.450525	11.7527
664	-0.0259675	1.24655	0.45056	11.7614
665	-0.0261783	1.24663	0.45047	11.77
666	-0.0263227	1.24672	0.450495	11.7786
667	-0.0268906	1.24682	0.450326	11.7872
668	-0.0272272	1.24695	0.450081	11.7958
669	-0.0268245	1.24705	0.450068	11.8044
670	-0.027301	1.24718	0.449963	11.8129
671	-0.0278271	1.24732	0.450005	11.8215
672	-0.0279643	1.24747	0.449852	11.8301
673	-0.028092	1.24763	0.449881	11.8386
674	-0.0272841	1.24776	0.449964	11.8472
675	-0.0274639	1.24789	0.449679	11.8557
676	-0.0272198	1.24802	0.449617	11.8642
677	-0.026913	1.24813	0.449527	11.8727
678	-0.0275014	1.24827	0.449649	11.8812
679	-0.0278693	1.24842	0.449754	11.8897
680	-0.0272085	1.24854	0.449863	11.8982
681	-0.0273513	1.24868	0.449781	11.9067
682	-0.0270265	1.2488	0.44968	11.9152
683	-0.026806	1.24891	0.449438	11.9237
684	-0.0262881	1.249	0.449499	11.9322
685	-0.025717	1.24907	0.449583	11.9406
686	-0.0256807	1.24914	0.449547	11.9491
687	-0.0246586	1.24918	0.449852	11.9576
688	-0.0248105	1.24922	0.449815	11.966
689	-0.0240631	1.24923	0.449518	11.9745
690	-0.0236315	1.24922	0.449382	11.9829
691	-0.0238691	1.24923	0.449597	11.9913
692	-0.0238446	1.24923	0.449565	11.9997
693	-0.0240642	1.24925	0.449678	12.0082
694	-0.0245625	1.24928	0.449812	12.0166
695	-0.0246736	1.24932	0.449785	12.025
696	-0.0249416	1.24937	0.449785	12.0334
697	-0.0246216	1.2494	0.449829	12.0418
698	-0.0235577	1.2494	0.450057	12.0502
699	-0.0235579	1.2494	0.450015	12.0586
700	-0.022597	1.24936	0.45026	12.067
701	-0.0225963	1.24933	0.450114	12.0754
702	-0.0237219	1.24933	0.450603	12.0838
703	-0.0235405	1.24933	0.450587	12.0922
704	-0.0234418	1.24933	0.450437	12.1006
705	-0.023912	1.24934	0.450427	12.109
706	-0.0238628	1.24936	0.450251	12.1173
707	-0.0236997	1.24937	0.450184	12.1257
708	-0.0233383	1.24936	0.450141	12.134
709	-0.0228832	1.24934	0.450317	12.1424
710	-0.0230348	1.24933	0.450326	12.1507
711	-0.0231915	1.24932	0.450236	12.1591
712	-0.0233722	1.24932	0.450168	12.1674
713	-0.0238098	1.24934	0.45023	12.1757
714	-0.022973	1.24932	0.450056	12.184
715	-0.0223366	1.24928	0.450154	12.1924
716	-0.0226451	1.24926	0.450161	12.2007
717	-0.02221	1.24922	0.450251	12.209
718	-0.0215547	1.24915	0.450352	12.2173
719	-0.0215418	1.24909	0.450335	12.2256
720	-0.0209705	1.249	0.450493	12.2339
721	-0.0210158	1.24892	0.450436	12.2422
722	-0.0203416	1.24882	0.45063	12.2504
723	-0.0211168	1.24874	0.450859	12.2587
724	-0.0215114	1.24868	0.45088	12.267
725	-0.0212355	1.2486	0.450623	12.2753
726	-0.0197383	1.24848	0.451348	12.2836
727	-0.019666	1.24835	0.45133	12.2919
728	-0.0190746	1.2482	0.451506	12.3002
729	-0.0188816	1.24805	0.451439	12.3084
730	-0.0184847	1.24788	0.451452	12.3167
731	-0.0175959	1.24767	0.451744	12.325
732	-0.0172337	1.24746	0.451709	12.3333
733	-0.017387	1.24725	0.451779	12.3416
734	-0.0173995	1.24705	0.451847	12.3498
735	-0.0176615	1.24685	0.451961	12.3581
736	-0.0178039	1.24666	0.451881	12.3663
737	-0.0177395	1.24647	0.451745	12.3746
738	-0.0178543	1.24628	0.451727	12.3828
739	-0.0175094	1.24609	0.451706	12.3911
740	-0.0165347	1.24585	0.45204	12.3993
741	-0.0161296	1.24561	0.45205	12.4076
742	-0.0166875	1.24538	0.452153	12.4158
743	-0.0163483	1.24514	0.452022	12.424
744	-0.0162011	1.2449	0.452161	12.4322
745	-0.0161843	1.24466	0.452263	12.4405
746	-0.0158403	1.24441	0.452364	12.4487
747	-0.0158514	1.24415	0.452268	12.4569
748	-0.0158508	1.2439	0.452149	12.4651
749	-0.0153508	1.24364	0.452262	12.4733
750	-0.015459	1.24337	0.452149	12.4815
751	-0.015736	1.24312	0.452028	12.4897
752	-0.0158421	1.24287	0.451932	12.4978
753	-0.0159878	1.24263	0.451709	12.506
754	-0.0163435	1.2424	0.451679	12.5142
755	-0.0159551	1.24216	0.451624	12.5223
756	-0.0169153	1.24196	0.45199	12.5305
757	-0.0170271	1.24176	0.451785	12.5386
758	-0.0170589	1.24156	0.451686	12.5467
759	-0.0174561	1.24137	0.451517	12.5549
760	-0.0173643	1.24119	0.451309	12.563
761	-0.016506	1.24097	0.451614	12.5711
762	-0.0167083	1.24076	0.451662	12.5792
763	-0.0172027	1.24058	0.451738	12.5873
764	-0.0175963	1.2404	0.451746	12.5954
765	-0.0183663	1.24026	0.451883	12.6035
766	-0.0184188	1.24011	0.45166	12.6116
767	-0.0186482	1.23998	0.451669	12.6197
768	-0.0188895	1.23985	0.451656	12.6278
769	-0.0188645	1.23973	0.451503	12.6358
770	-0.018657	1.2396	0.451605	12.6439
771	-0.0185315	1.23946	0.451647	12.652
772	-0.0181143	1.23931	0.451695	12.66
773	-0.0182695	1.23917	0.451669	12.6681
774	-0.0186806	1.23904	0.451659	12.6761
775	-0.0185754	1.23891	0.451674	12.6842
776	-0.0181576	1.23876	0.451471	12.6922
777	-0.0182213	1.23862	0.451114	12.7002
778	-0.0179127	1.23847	0.450962	12.7082
779	-0.0183348	1.23833	0.45107	12.7162
780	-0.0185816	1.2382	0.451164	12.7242
781	-0.0185409	1.23808	0.451212	12.7322
782	-0.0187806	1.23796	0.450982	12.7402
783	-0.0189154	1.23784	0.450877	12.7482
784	-0.0188293	1.23773	0.450596	12.7561
785	-0.0190093	1.23762	0.450543	12.7641
786	-0.0195583	1.23753	0.450477	12.772
787	-0.0190045	1.23742	0.450496	12.78
788	-0.0196466	1.23734	0.450626	12.7879
789	-0.0191722	1.23724	0.450688	12.7959
790	-0.018968	1.23713	0.450315	12.8038
791	-0.0184137	1.237	0.450383	12.8117
792	-0.0177147	1.23685	0.450235	12.8196
793	-0.0169683	1.23667	0.450595	12.8275
794	-0.0169562	1.2365	0.450492	12.8354
795	-0.0177774	1.23635	0.450624	12.8433
796	-0.018223	1.23622	0.4508	12.8512
797	-0.017684	1.23607	0.450909	12.8591
798	-0.0170574	1.2359	0.451048	12.8671
799	-0.0170133	1.23573	0.45103	12.875
800	-0.016968	1.23556	0.451043	12.8829
801	-0.017703	1.23542	0.451281	12.8908
802	-0.0174654	1.23527	0.451308	12.8986
803	-0.0178015	1.23513	0.451427	12.9065
804	-0.0179122	1.23499	0.451542	12.9144
805	-0.0176469	1.23485	0.451496	12.9223
806	-0.0177983	1.23471	0.45148	12.9302
807	-0.0176295	1.23456	0.45136	12.9381
808	-0.0177643	1.23443	0.451188	12.946
809	-0.0173274	1.23427	0.451074	12.9538
810	-0.0179392	1.23414	0.451225	12.9617
811	-0.018207	1.23402	0.451232	12.9695
812	-0.0187537	1.23392	0.451351	12.9774
813	-0.0192568	1.23384	0.451527	12.9852
814	-0.0194413	1.23376	0.451632	12.9931
815	-0.0192062	1.23368	0.451427	13.0009
816	-0.0185145	1.23357	0.451461	13.0087
817	-0.0185109	1.23347	0.451499	13.0166
818	-0.018643	1.23336	0.451434	13.0244
819	-0.0193242	1.23329	0.451558	13.0322
820	-0.0191815	1.23321	0.451393	13.04
821	-0.01856	1.2331	0.451224	13.0478
822	-0.0184323	1.233	0.451175	13.0556
823	-0.0194493	1.23293	0.451644	13.0635
824	-0.0191235	1.23285	0.451513	13.0713
825	-0.0193495	1.23277	0.451588	13.0791
826	-0.0190843	1.23269	0.45165	13.0868
827	-0.0192861	1.23262	0.451812	13.0946
828	-0.0199004	1.23257	0.452022	13.1024
829	-0.0195967	1.2325	0.452173	13.1102
830	-0.0199547	1.23245	0.452255	13.118
831	-0.019649	1.23239	0.452207	13.1258
832	-0.0204159	1.23236	0.452479	13.1336
833	-0.020067	1.23232	0.452525	13.1414
834	-0.0195157	1.23226	0.452741	13.1492
835	-0.019948	1.23221	0.452813	13.157
836	-0.0200694	1.23217	0.452622	13.1648
837	-0.0208926	1.23215	0.453138	13.1726
838	-0.0212591	1.23215	0.453134	13.1804
839	-0.0209172	1.23214	0.453111	13.1882
840	-0.0209172	1.23213	0.452993	13.1959
841	-0.0210221	1.23213	0.453042	13.2037
842	-0.0203627	1.2321	0.453116	13.2115
843	-0.0204713	1.23207	0.453098	13.2193
844	-0.020249	1.23204	0.452941	13.227
845	-0.0199118	1.232	0.452942	13.2348
846	-0.0203965	1.23197	0.45294	13.2425
847	-0.0205665	1.23195	0.45271	13.2503
848	-0.0205573	1.23193	0.452672	13.258
849	-0.0210911	1.23193	0.452426	13.2657
850	-0.0207437	1.23192	0.452118	13.2734
851	-0.0204753	1.23189	0.452037	13.2811
852	-0.0207933	1.23188	0.452067	13.2888
853	-0.0211038	1.23189	0.452198	13.2965
854	-0.0212845	1.23189	0.452241	13.3042
855	-0.0215202	1.23191	0.452374	13.3119
856	-0.021082	1.23191	0.452361	13.3195
857	-0.0207113	1.2319	0.452359	13.3272
858	-0.0200227	1.23187	0.452589	13.3349
859	-0.0202271	1.23184	0.45247	13.3426
860	-0.0207765	1.23183	0.452457	13.3502
861	-0.0208006	1.23183	0.452562	13.3579
862	-0.0203601	1.23181	0.452591	13.3656
863	-0.0198881	1.23177	0.45264	13.3732
864	-0.0200814	1.23174	0.452356	13.3809
865	-0.019786	1.2317	0.451725	13.3885
866	-0.0197845	1.23167	0.451494	13.3961
867	-0.0191579	1.23161	0.451653	13.4037
868	-0.0183658	1.23152	0.451757	13.4113
869	-0.0187041	1.23145	0.451792	13.419
870	-0.0190744	1.23139	0.451852	13.4266
871	-0.0186016	1.23131	0.451721	13.4342
872	-0.0183628	1.23123	0.451591	13.4417
873	-0.0189606	1.23117	0.451669	13.4493
874	-0.0191824	1.23111	0.451564	13.4569
875	-0.0195821	1.23107	0.451603	13.4645
876	-0.0190803	1.23101	0.451636	13.4721
877	-0.0184738	1.23094	0.451604	13.4796
878	-0.0187803	1.23087	0.451648	13.4872
879	-0.0193018	1.23082	0.451626	13.4947
880	-0.019343	1.23077	0.45156	13.5023
881	-0.0192178	1.23072	0.451516	13.5098
882	-0.0194342	1.23068	0.451595	13.5174
883	-0.0195895	1.23064	0.451554	13.5249
884	-0.0194025	1.2306	0.451567	13.5325
885	-0.019127	1.23055	0.451407	13.54
886	-0.018995	1.23049	0.451318	13.5475
887	-0.019328	1.23045	0.451463	13.555
888	-0.0186214	1.23038	0.451624	13.5626
889	-0.0183045	1.2303	0.451532	13.5701
890	-0.018172	1.23022	0.45143	13.5776
891	-0.0175675	1.23012	0.451402	13.5851
892	-0.0178538	1.23003	0.451328	13.5926
893	-0.017996	1.22995	0.451243	13.6001
894	-0.0178435	1.22985	0.451182	13.6075
895	-0.0173618	1.22975	0.451255	13.615
896	-0.0179952	1.22966	0.451404	13.6225
897	-0.0184758	1.2296	0.451396	13.63
898	-0.0189811	1.22955	0.451212	13.6374
899	-0.0193375	1.22951	0.450846	13.6449
900	-0.0191493	1.22946	0.45062	13.6523
901	-0.0195122	1.22943	0.450678	13.6598
902	-0.0198772	1.22941	0.450837	13.6672
903	-0.0197527	1.22939	0.450586	13.6746
904	-0.0192792	1.22935	0.450352	13.682
905	-0.0188515	1.2293	0.450438	13.6895
906	-0.0191651	1.22926	0.450435	13.6969
907	-0.0186712	1.2292	0.450323	13.7043
908	-0.018745	1.22915	0.450377	13.7117
909	-0.0190533	1.2291	0.450487	13.7191
910	-0.0188983	1.22906	0.450438	13.7264
911	-0.0183328	1.22899	0.450474	13.7338
912	-0.0184582	1.22893	0.450351	13.7412
913	-0.0180544	1.22885	0.450368	13.7486
914	-0.0179058	1.22877	0.450367	13.756
915	-0.0176264	1.22868	0.450421	13.7633
916	-0.0171907	1.22858	0.450458	13.7707
917	-0.0176412	1.2285	0.450405	13.7781
918	-0.0179482	1.22842	0.450421	13.7854
919	-0.0181518	1.22835	0.450347	13.7928
920	-0.0181333	1.22828	0.450312	13.8001
921	-0.0176587	1.2282	0.45034	13.8075
922	-0.0172615	1.2281	0.45035	13.8148
923	-0.0167925	1.22799	0.450254	13.8222
924	-0.0166214	1.22787	0.450048	13.8295
925	-0.0166188	1.22776	0.449865	13.8368
926	-0.0164183	1.22763	0.449813	13.8441
927	-0.016687	1.22752	0.44988	13.8514
928	-0.0168908	1.22741	0.449874	13.8587
929	-0.0167999	1.2273	0.449733	13.866
930	-0.0166627	1.22719	0.449666	13.8733
931	-0.0167443	1.22708	0.449676	13.8806
932	-0.0166474	1.22697	0.449581	13.8879
933	-0.0166924	1.22686	0.449545	13.8951
934	-0.0168839	1.22676	0.449654	13.9024
935	-0.0165136	1.22664	0.449463	13.9097
936	-0.0168794	1.22654	0.449452	13.9169
937	-0.0168649	1.22643	0.449308	13.9242
938	-0.0171977	1.22634	0.449187	13.9314
939	-0.0174242	1.22626	0.449229	13.9387
940	-0.0174508	1.22618	0.449192	13.9459
941	-0.0173388	1.22609	0.449207	13.9531
942	-0.0179704	1.22603	0.44942	13.9604
943	-0.0175661	1.22595	0.449555	13.9676
944	-0.0168071	1.22585	0.449755	13.9748
945	-0.0169033	1.22575	0.449853	13.9821
946	-0.0169415	1.22565	0.450001	13.9893
947	-0.0166849	1.22555	0.450078	13.9966
948	-0.0166312	1.22544	0.450169	14.0038
949	-0.0162113	1.22532	0.450464	14.011
950	-0.0160767	1.2252	0.450606	14.0183
951	-0.0160638	1.22508	0.45058	14.0255
952	-0.0160367	1.22496	0.450472	14.0327
953	-0.0162511	1.22484	0.450403	14.04
954	-0.0164369	1.22473	0.45034	14.0472
955	-0.0160833	1.22461	0.45028	14.0544
956	-0.0157954	1.22448	0.450268	14.0616
957	-0.0155761	1.22435	0.450209	14.0688
958	-0.0150355	1.22419	0.450393	14.076
959	-0.01488	1.22404	0.450413	14.0832
960	-0.0150359	1.22388	0.450488	14.0904
961	-0.0151469	1.22374	0.450205	14.0976
962	-0.0142894	1.22356	0.450531	14.1048
963	-0.0145404	1.2234	0.450561	14.112
964	-0.014479	1.22323	0.4505	14.1192
965	-0.0139855	1.22305	0.450598	14.1264
966	-0.0136621	1.22285	0.450653	14.1336
967	-0.0133213	1.22265	0.450678	14.1408
968	-0.0134743	1.22245	0.450725	14.1479
969	-0.0136876	1.22226	0.4508	14.1551
970	-0.0137447	1.22207	0.450745	14.1623
971	-0.0134597	1.22188	0.450728	14.1695
972	-0.012811	1.22166	0.450911	14.1766
973	-0.013248	1.22146	0.450934	14.1838
974	-0.0131774	1.22125	0.450874	14.191
975	-0.0135306	1.22106	0.451018	14.1981
976	-0.0134297	1.22087	0.451099	14.2053
977	-0.0133244	1.22067	0.45079	14.2124
978	-0.0132765	1.22047	0.450379	14.2196
979	-0.0133993	1.22028	0.450135	14.2267
980	-0.0134244	1.22008	0.450034	14.2338
981	-0.0135363	1.21989	0.450067	14.2409
982	-0.0135268	1.2197	0.450066	14.248
983	-0.013849	1.21953	0.450043	14.2551
984	-0.0141155	1.21936	0.450141	14.2623
985	-0.0139749	1.21918	0.450158	14.2694
986	-0.0138138	1.21901	0.45017	14.2765
987	-0.0141918	1.21884	0.450282	14.2836
988	-0.0144328	1.21868	0.45013	14.2906
989	-0.0142446	1.21852	0.450109	14.2977
990	-0.0143754	1.21836	0.450033	14.3048
991	-0.0140651	1.2182	0.450052	14.3119
992	-0.0137936	1.21802	0.450207	14.319
993	-0.013947	1.21785	0.450293	14.326
994	-0.01415	1.21769	0.450303	14.3331
995	-0.0141659	1.21753	0.450332	14.3402
996	-0.0137801	1.21735	0.450321	14.3473
997	-0.0137538	1.21718	0.450351	14.3543
998	-0.0140858	1.21701	0.450153	14.3614
999	-0.0136855	1.21684	0.450272	14.3684
1000	-0.0134045	1.21665	0.450318	14.3755
1001	-0.0135432	1.21648	0.450291	14.3825
1002	-0.013647	1.2163	0.450246	14.3896
1003	-0.0135565	1.21612	0.450208	14.3966
1004	-0.0138376	1.21595	0.450214	14.4037
1005	-0.0139073	1.21579	0.450195	14.4107
1006	-0.0135859	1.21561	0.450193	14.4177
1007	-0.0136218	1.21544	0.450156	14.4248
1008	-0.0137152	1.21527	0.449986	14.4318
1009	-0.0140275	1.21511	0.449965	14.4388
1010	-0.0142896	1.21496	0.44999	14.4458
1011	-0.0143924	1.21481	0.449936	14.4528
1012	-0.0137509	1.21464	0.450188	14.4598
1013	-0.0133956	1.21447	0.450339	14.4668
1014	-0.0139368	1.2143	0.450558	14.4738
1015	-0.0140798	1.21415	0.450599	14.4808
1016	-0.0141809	1.214	0.450645	14.4879
1017	-0.0137292	1.21383	0.45075	14.4949
1018	-0.0131285	1.21365	0.450842	14.5019
1019	-0.0134814	1.21347	0.45097	14.5089
1020	-0.013455	1.2133	0.450804	14.5159
1021	-0.0133624	1.21313	0.450716	14.5229
1022	-0.0135679	1.21296	0.450683	14.5299
1023	-0.0134329	1.21279	0.450612	14.5369
1024	-0.0133213	1.21261	0.450492	14.5438
1025	-0.0134877	1.21244	0.450439	14.5508
1026	-0.0131868	1.21226	0.450452	14.5578
1027	-0.0131553	1.21208	0.45036	14.5647
1028	-0.0133019	1.21191	0.450285	14.5717
1029	-0.0129366	1.21172	0.450334	14.5787
1030	-0.013856	1.21157	0.450791	14.5856
1031	-0.0139422	1.21142	0.450601	14.5926
1032	-0.0137791	1.21126	0.450623	14.5995
1033	-0.0138966	1.2111	0.450492	14.6065
1034	-0.0137783	1.21095	0.4504	14.6134
1035	-0.0141492	1.2108	0.450489	14.6204
1036	-0.0138363	1.21065	0.450482	14.6273
1037	-0.0140592	1.2105	0.450567	14.6342
1038	-0.0149878	1.21039	0.451044	14.6412
1039	-0.0150147	1.21027	0.451047	14.6481
1040	-0.0151564	1.21016	0.45108	14.6551
1041	-0.0152781	1.21005	0.451055	14.662
1042	-0.0149792	1.20993	0.451059	14.669
1043	-0.0147498	1.20981	0.4509	14.6759
1044	-0.014759	1.20969	0.450784	14.6828
1045	-0.0152614	1.20958	0.450879	14.6897
1046	-0.0148376	1.20946	0.450999	14.6966
1047	-0.0149597	1.20935	0.450968	14.7036
1048	-0.0149354	1.20923	0.451013	14.7105
1049	-0.014712	1.20911	0.451057	14.7174
1050	-0.0148556	1.209	0.451088	14.7243
1051	-0.0150718	1.20889	0.451109	14.7312
1052	-0.014654	1.20876	0.451225	14.7381
1053	-0.0146745	1.20864	0.451125	14.745
1054	-0.0145096	1.20852	0.451154	14.7519
1055	-0.0144564	1.20839	0.451127	14.7588
1056	-0.0144748	1.20826	0.451106	14.7657
1057	-0.0146986	1.20815	0.451139	14.7726
1058	-0.0155068	1.20805	0.451406	14.7795
1059	-0.0157294	1.20796	0.451415	14.7864
1060	-0.0157966	1.20788	0.451385	14.7933
1061	-0.0158763	1.2078	0.451375	14.8002
1062	-0.0161861	1.20773	0.451488	14.807
1063	-0.0161661	1.20766	0.45143	14.8139
1064	-0.0153326	1.20756	0.451691	14.8208
1065	-0.0150465	1.20745	0.451714	14.8277
1066	-0.0149155	1.20734	0.451725	14.8346
1067	-0.014886	1.20724	0.451635	14.8414
1068	-0.0146698	1.20712	0.451576	14.8483
1069	-0.014239	1.20699	0.451639	14.8552
1070	-0.0144251	1.20687	0.451748	14.862
1071	-0.0146808	1.20675	0.451695	14.8689
1072	-0.0146863	1.20664	0.451704	14.8758
1073	-0.0148051	1.20653	0.451777	14.8826
1074	-0.0151071	1.20643	0.45166	14.8895
1075	-0.0149183	1.20632	0.451468	14.8963
1076	-0.0148427	1.20622	0.451499	14.9032
1077	-0.014625	1.2061	0.451597	14.91
1078	-0.0151832	1.20601	0.451707	14.9168
1079	-0.0154417	1.20592	0.451677	14.9237
1080	-0.0150549	1.20582	0.451771	14.9305
1081	-0.0148895	1.20571	0.451642	14.9373
1082	-0.0149216	1.20561	0.451659	14.9442
1083	-0.0146008	1.2055	0.451723	14.951
1084	-0.0145485	1.20538	0.451723	14.9578
1085	-0.0144	1.20527	0.451576	14.9646
1086	-0.014241	1.20514	0.451384	14.9714
1087	-0.014021	1.20502	0.451383	14.9782
1088	-0.014267	1.2049	0.451449	14.985
1089	-0.0147199	1.20479	0.451571	14.9918
1090	-0.0146434	1.20468	0.45139	14.9986
1091	-0.0140797	1.20455	0.451526	15.0054
1092	-0.014553	1.20444	0.451573	15.0122
1093	-0.0143847	1.20433	0.451583	15.019
1094	-0.0139068	1.2042	0.451602	15.0258
1095	-0.0141257	1.20408	0.451624	15.0326
1096	-0.0142683	1.20396	0.451604	15.0394
1097	-0.0140069	1.20383	0.451671	15.0462
1098	-0.0139809	1.20371	0.451641	15.0529
1099	-0.0142232	1.20359	0.451589	15.0597
1100	-0.0141721	1.20347	0.451694	15.0665
1101	-0.0144847	1.20336	0.451796	15.0733
1102	-0.0146838	1.20326	0.451786	15.08
1103	-0.0143787	1.20315	0.45171	15.0868
1104	-0.0140071	1.20302	0.451695	15.0935
1105	-0.0137483	1.20289	0.451455	15.1003
1106	-0.0136598	1.20276	0.451408	15.107
1107	-0.0142082	1.20264	0.451519	15.1138
1108	-0.0143535	1.20253	0.451513	15.1205
1109	-0.0146971	1.20243	0.451595	15.1273
1110	-0.0143246	1.20232	0.451814	15.134
1111	-0.0143674	1.20221	0.451842	15.1408
1112	-0.0141046	1.20209	0.451797	15.1475
1113	-0.0143611	1.20199	0.45175	15.1542
1114	-0.014685	1.20189	0.451663	15.161
1115	-0.0142441	1.20177	0.451777	15.1677
1116	-0.0140461	1.20166	0.451763	15.1744
1117	-0.0141412	1.20154	0.451719	15.1811
1118	-0.0140364	1.20143	0.451678	15.1879
1119	-0.0138061	1.2013	0.451448	15.1946
1120	-0.0138978	1.20118	0.451455	15.2013
1121	-0.0139283	1.20106	0.451359	15.208
1122	-0.0141273	1.20095	0.451279	15.2147
1123	-0.0136198	1.20082	0.451516	15.2214
1124	-0.0135453	1.20069	0.451417	15.2281
1125	-0.0136788	1.20057	0.451451	15.2347
1126	-0.0139734	1.20045	0.451517	15.2414
1127	-0.0138026	1.20033	0.451561	15.2481
1128	-0.0140557	1.20022	0.451605	15.2548
1129	-0.0139875	1.2001	0.451596	15.2615
1130	-0.0139942	1.19999	0.451489	15.2682
1131	-0.0138019	1.19987	0.451492	15.2748
1132	-0.0141535	1.19976	0.451501	15.2815
1133	-0.0141016	1.19965	0.451518	15.2882
1134	-0.014152	1.19954	0.451588	15.2948
1135	-0.0138901	1.19942	0.451663	15.3015
1136	-0.0136493	1.1993	0.451723	15.3082
1137	-0.0135108	1.19918	0.45175	15.3148
1138	-0.013216	1.19904	0.451768	15.3215
1139	-0.0128259	1.1989	0.451881	15.3282
1140	-0.0128876	1.19875	0.451869	15.3348
1141	-0.0129022	1.19861	0.451997	15.3415
1142	-0.0126396	1.19846	0.452077	15.3481
1143	-0.0123679	1.1983	0.452222	15.3548
1144	-0.0120456	1.19813	0.452269	15.3615
1145	-0.0121804	1.19797	0.45225	15.3681
1146	-0.0122233	1.19781	0.452272	15.3748
1147	-0.0122654	1.19765	0.452101	15.3814
1148	-0.0119002	1.19748	0.452106	15.3881
1149	-0.0120613	1.19732	0.452057	15.3947
1150	-0.01216	1.19715	0.452145	15.4013
1151	-0.0120632	1.19699	0.452102	15.408
1152	-0.012166	1.19683	0.45203	15.4146
1153	-0.0118341	1.19666	0.452002	15.4212
1154	-0.0121057	1.1965	0.452062	15.4279
1155	-0.0119013	1.19633	0.451996	15.4345
1156	-0.0117883	1.19616	0.451922	15.4411
1157	-0.0118014	1.19599	0.451995	15.4477
1158	-0.0117371	1.19582	0.452052	15.4543
1159	-0.0120858	1.19566	0.452125	15.4609
1160	-0.0129981	1.19553	0.452523	15.4675
1161	-0.012854	1.19539	0.452481	15.4742
1162	-0.0128727	1.19525	0.452464	15.4808
1163	-0.0129305	1.19512	0.452448	15.4874
1164	-0.0127453	1.19498	0.452509	15.494
1165	-0.0135181	1.19486	0.452925	15.5006
1166	-0.0139738	1.19476	0.452957	15.5072
1167	-0.0140166	1.19466	0.452791	15.5138
1168	-0.0142074	1.19456	0.452835	15.5204
1169	-0.0141659	1.19447	0.452649	15.527
1170	-0.0142403	1.19437	0.452534	15.5336
1171	-0.013757	1.19427	0.452744	15.5402
1172	-0.0137058	1.19416	0.452749	15.5468
1173	-0.0134773	1.19404	0.452763	15.5534
1174	-0.0126716	1.1939	0.453177	15.56
1175	-0.0127233	1.19377	0.453117	15.5666
1176	-0.0129975	1.19364	0.45313	15.5732
1177	-0.0133359	1.19352	0.453112	15.5798
1178	-0.0133911	1.19341	0.453108	15.5864
1179	-0.0137998	1.1933	0.453156	15.593
1180	-0.0138021	1.1932	0.453025	15.5996
1181	-0.0141408	1.1931	0.453029	15.6061
1182	-0.0142047	1.19301	0.452925	15.6127
1183	-0.0142151	1.19292	0.452763	15.6193
1184	-0.0138045	1.19282	0.452812	15.6258
1185	-0.0137063	1.19272	0.452716	15.6324
1186	-0.0138025	1.19261	0.452709	15.6389
1187	-0.0141506	1.19252	0.452582	15.6455
1188	-0.0144434	1.19244	0.452643	15.652
1189	-0.0147765	1.19237	0.452698	15.6586
1190	-0.0146973	1.19229	0.452443	15.6651
1191	-0.0149499	1.19223	0.452544	15.6717
1192	-0.0150848	1.19216	0.452583	15.6782
1193	-0.0146772	1.19209	0.452649	15.6847
1194	-0.01464	1.19201	0.452534	15.6912
1195	-0.01462	1.19194	0.452428	15.6978
1196	-0.0144395	1.19186	0.452421	15.7043
1197	-0.0144707	1.19178	0.452364	15.7108
1198	-0.0145153	1.1917	0.452384	15.7173
1199	-0.0146388	1.19163	0.452367	15.7238
1200	-0.0148073	1.19156	0.452372	15.7303
1201	-0.0149631	1.1915	0.452255	15.7368
1202	-0.0144566	1.19142	0.452236	15.7433
1203	-0.0141323	1.19133	0.452205	15.7498
1204	-0.0143739	1.19125	0.452129	15.7563
1205	-0.013656	1.19115	0.452418	15.7628
1206	-0.0131971	1.19104	0.452527	15.7693
1207	-0.0134575	1.19093	0.452483	15.7758
1208	-0.0131176	1.19081	0.452473	15.7823
1209	-0.0134679	1.19071	0.452553	15.7888
1210	-0.0131074	1.1906	0.452597	15.7952
1211	-0.0130292	1.19048	0.452537	15.8017
1212	-0.012601	1.19035	0.452595	15.8082
1213	-0.0123688	1.19021	0.452555	15.8147
1214	-0.0122561	1.19008	0.452549	15.8212
1215	-0.0123548	1.18994	0.452592	15.8276
1216	-0.0121339	1.1898	0.452586	15.8341
1217	-0.0126085	1.18967	0.452618	15.8406
1218	-0.0127717	1.18955	0.452376	15.847
1219	-0.0128183	1.18943	0.452376	15.8535
1220	-0.0126776	1.18931	0.452276	15.8599
1221	-0.0130798	1.1892	0.4524	15.8664
1222	-0.0132023	1.18909	0.452405	15.8728
1223	-0.0133756	1.18898	0.452442	15.8793
1224	-0.0132606	1.18888	0.452199	15.8857
1225	-0.0133951	1.18877	0.452197	15.8921
1226	-0.0133155	1.18867	0.452188	15.8986
1227	-0.0132725	1.18857	0.452196	15.905
1228	-0.0134042	1.18846	0.452002	15.9114
1229	-0.0132163	1.18836	0.451771	15.9178
1230	-0.0132928	1.18825	0.451761	15.9242
1231	-0.0132952	1.18815	0.451598	15.9306
1232	-0.0134598	1.18805	0.451468	15.937
1233	-0.0131635	1.18795	0.451321	15.9434
1234	-0.0129903	1.18784	0.451259	15.9498
1235	-0.012914	1.18772	0.451107	15.9562
1236	-0.0131265	1.18762	0.451134	15.9626
1237	-0.0121716	1.18748	0.451637	15.969
1238	-0.0114133	1.18733	0.451959	15.9754
1239	-0.0117051	1.18718	0.451986	15.9817
1240	-0.0112978	1.18702	0.451966	15.9881
1241	-0.0110264	1.18686	0.451969	15.9945
1242	-0.0108507	1.18669	0.451967	16.0009
1243	-0.0111739	1.18653	0.452057	16.0073
1244	-0.0111747	1.18637	0.452135	16.0137
1245	-0.0110131	1.18621	0.452176	16.0201
1246	-0.0106548	1.18603	0.452244	16.0264
1247	-0.0107292	1.18586	0.452306	16.0328
1248	-0.0103964	1.18568	0.452324	16.0392
1249	-0.0108235	1.18551	0.452281	16.0456
1250	-0.0102309	1.18533	0.45242	16.052
1251	-0.0106063	1.18515	0.452571	16.0583
1252	-0.0109928	1.18499	0.452787	16.0647
1253	-0.0107735	1.18482	0.452809	16.0711
1254	-0.0109067	1.18466	0.4528	16.0775
1255	-0.0109377	1.1845	0.452733	16.0838
1256	-0.0111354	1.18434	0.452723	16.0902
1257	-0.0115852	1.1842	0.452853	16.0966
1258	-0.011479	1.18405	0.45281	16.103
1259	-0.0116821	1.18391	0.452719	16.1093
1260	-0.0120151	1.18378	0.45281	16.1157
1261	-0.0126897	1.18367	0.453083	16.122
1262	-0.0128228	1.18356	0.45303	16.1284
1263	-0.0128041	1.18345	0.452982	16.1348
1264	-0.0128062	1.18334	0.452928	16.1411
1265	-0.0128154	1.18324	0.452792	16.1475
1266	-0.0129018	1.18313	0.452661	16.1538
1267	-0.012648	1.18302	0.452675	16.1602
1268	-0.0124755	1.18291	0.452614	16.1665
1269	-0.0124328	1.18279	0.452568	16.1728
1270	-0.0125583	1.18268	0.452575	16.1792
1271	-0.0124074	1.18256	0.452518	16.1855
1272	-0.0121975	1.18244	0.452481	16.1918
1273	-0.0122416	1.18232	0.45245	16.1981
1274	-0.0124307	1.1822	0.452483	16.2045
1275	-0.0123263	1.18208	0.452348	16.2108
1276	-0.0124178	1.18197	0.452368	16.2171
1277	-0.0123927	1.18185	0.45218	16.2234
1278	-0.0127713	1.18175	0.452269	16.2297
1279	-0.0127007	1.18164	0.452131	16.236
1280	-0.0131114	1.18154	0.452232	16.2423
1281	-0.0132189	1.18145	0.452157	16.2486
1282	-0.0137939	1.18138	0.452279	16.2549
1283	-0.0136688	1.1813	0.452028	16.2611
1284	-0.0139586	1.18123	0.452128	16.2674
1285	-0.0140665	1.18116	0.452092	16.2737
1286	-0.013838	1.18109	0.45199	16.28
1287	-0.0138053	1.18102	0.452031	16.2863
1288	-0.0134204	1.18093	0.452028	16.2925
1289	-0.0133349	1.18085	0.451948	16.2988
1290	-0.0134302	1.18076	0.451923	16.3051
1291	-0.0134928	1.18068	0.451924	16.3113
1292	-0.0136791	1.1806	0.451909	16.3176
1293	-0.0135045	1.18052	0.451921	16.3238
1294	-0.0138161	1.18045	0.451868	16.3301
1295	-0.0136787	1.18038	0.451865	16.3363
1296	-0.0133881	1.18029	0.451885	16.3426
1297	-0.0135375	1.18021	0.451913	16.3488
1298	-0.0133496	1.18013	0.452068	16.3551
1299	-0.0135911	1.18005	0.452172	16.3613
1300	-0.0135065	1.17998	0.452059	16.3676
1301	-0.0142212	1.17992	0.452311	16.3738
1302	-0.01417	1.17986	0.452263	16.3801
1303	-0.0146609	1.17981	0.452447	16.3863
1304	-0.0142945	1.17975	0.452495	16.3926
1305	-0.0142882	1.1797	0.452446	16.3988
1306	-0.0138833	1.17963	0.45247	16.4051
1307	-0.0141385	1.17957	0.452485	16.4113
1308	-0.0145136	1.17952	0.452578	16.4175
1309	-0.0143268	1.17947	0.45255	16.4238
1310	-0.01402	1.1794	0.45263	16.43
1311	-0.013977	1.17934	0.452663	16.4362
1312	-0.0139935	1.17928	0.452669	16.4425
1313	-0.0140879	1.17922	0.452677	16.4487
1314	-0.0137098	1.17915	0.452766	16.4549
1315	-0.0141758	1.17909	0.452894	16.4612
1316	-0.0142939	1.17904	0.452779	16.4674
1317	-0.0143862	1.17899	0.452701	16.4736
1318	-0.0146872	1.17894	0.452746	16.4798
1319	-0.014755	1.1789	0.452744	16.486
1320	-0.0149409	1.17887	0.452779	16.4923
1321	-0.0149253	1.17883	0.452727	16.4985
1322	-0.0144548	1.17879	0.452896	16.5047
1323	-0.014577	1.17874	0.452924	16.5109
1324	-0.014599	1.1787	0.452873	16.5171
1325	-0.0152881	1.17867	0.453202	16.5233
1326	-0.0156022	1.17866	0.453302	16.5295
1327	-0.0156313	1.17864	0.453216	16.5358
1328	-0.0154086	1.17862	0.453259	16.542
1329	-0.0149652	1.17859	0.453311	16.5482
1330	-0.0154185	1.17857	0.453389	16.5544
1331	-0.0152166	1.17854	0.453236	16.5606
1332	-0.0153055	1.17852	0.453157	16.5668
1333	-0.0152581	1.1785	0.453063	16.573
1334	-0.0150699	1.17847	0.453022	16.5792
1335	-0.0152534	1.17844	0.453042	16.5854
1336	-0.0148366	1.17841	0.453161	16.5916
1337	-0.0151944	1.17838	0.453185	16.5977
1338	-0.0156111	1.17837	0.453318	16.6039
1339	-0.0157782	1.17836	0.453301	16.6101
1340	-0.0155416	1.17835	0.453332	16.6163
1341	-0.0154611	1.17833	0.453234	16.6225
1342	-0.0158151	1.17832	0.452998	16.6287
1343	-0.0157391	1.17831	0.452852	16.6348
1344	-0.0154882	1.1783	0.452683	16.641
1345	-0.0153529	1.17828	0.452608	16.6471
1346	-0.0153033	1.17826	0.452619	16.6533
1347	-0.0153184	1.17824	0.452516	16.6594
1348	-0.0150969	1.17821	0.452595	16.6656
1349	-0.0149404	1.17818	0.452577	16.6717
1350	-0.0151487	1.17816	0.452582	16.6779
1351	-0.0151895	1.17814	0.452383	16.684
1352	-0.0150583	1.17811	0.452313	16.6901
1353	-0.0153434	1.17809	0.452379	16.6963
1354	-0.0151475	1.17807	0.452364	16.7024
1355	-0.0147716	1.17804	0.452439	16.7085
1356	-0.014682	1.178	0.452357	16.7146
1357	-0.0147408	1.17797	0.452425	16.7208
1358	-0.0146152	1.17793	0.452316	16.7269
1359	-0.0147417	1.1779	0.452252	16.733
1360	-0.0148524	1.17787	0.452147	16.7391
1361	-0.0144467	1.17783	0.452237	16.7452
1362	-0.0146055	1.17779	0.452235	16.7513
1363	-0.0149497	1.17777	0.452187	16.7574
1364	-0.0149371	1.17774	0.45212	16.7635
1365	-0.0151759	1.17772	0.452007	16.7696
1366	-0.0154813	1.17771	0.451938	16.7757
1367	-0.015797	1.1777	0.451912	16.7818
1368	-0.0155224	1.17769	0.451918	16.7879
1369	-0.0150618	1.17767	0.452087	16.7939
1370	-0.0150277	1.17765	0.452005	16.8
1371	-0.0150966	1.17762	0.452013	16.8061
1372	-0.0151686	1.1776	0.452011	16.8122
1373	-0.015334	1.17759	0.452006	16.8183
1374	-0.0150863	1.17757	0.451864	16.8243
1375	-0.0151344	1.17755	0.451728	16.8304
1376	-0.0149867	1.17753	0.451663	16.8364
1377	-0.0145045	1.17749	0.451694	16.8425
1378	-0.0141215	1.17744	0.451797	16.8486
1379	-0.0141676	1.1774	0.451834	16.8546
1380	-0.0144286	1.17736	0.451824	16.8607
1381	-0.0144903	1.17732	0.451598	16.8667
1382	-0.0145609	1.17729	0.451593	16.8728
1383	-0.0149231	1.17726	0.451725	16.8788
1384	-0.0147178	1.17724	0.451681	16.8849
1385	-0.0143618	1.1772	0.451781	16.8909
1386	-0.0143045	1.17716	0.451747	16.8969
1387	-0.0141898	1.17711	0.45176	16.903
1388	-0.0139727	1.17706	0.451698	16.909
1389	-0.0134802	1.177	0.451769	16.915
1390	-0.0131641	1.17693	0.451802	16.9211
1391	-0.0132585	1.17687	0.451813	16.9271
1392	-0.0131059	1.17679	0.451769	16.9331
1393	-0.0130104	1.17672	0.45172	16.9392
1394	-0.0129039	1.17664	0.451737	16.9452
1395	-0.0131558	1.17658	0.451633	16.9512
1396	-0.0130905	1.1765	0.451519	16.9572
1397	-0.0129646	1.17643	0.451544	16.9632
1398	-0.0128379	1.17635	0.451538	16.9692
1399	-0.0128561	1.17628	0.451531	16.9752
1400	-0.01254	1.17619	0.451513	16.9812
1401	-0.0126366	1.17611	0.451491	16.9872
1402	-0.0128405	1.17603	0.451521	16.9932
1403	-0.0126931	1.17595	0.451467	16.9992
1404	-0.0131796	1.17589	0.451529	17.0052
1405	-0.0136486	1.17583	0.451611	17.0112
1406	-0.0137637	1.17578	0.451562	17.0172
1407	-0.0141833	1.17574	0.4516	17.0232
1408	-0.0143803	1.17571	0.451644	17.0292
1409	-0.0146356	1.17568	0.451692	17.0352
1410	-0.0145495	1.17565	0.45157	17.0412
1411	-0.0143964	1.17562	0.451485	17.0472
1412	-0.0146109	1.17559	0.451481	17.0531
1413	-0.0143865	1.17556	0.451481	17.0591
1414	-0.0144047	1.17553	0.45139	17.0651
1415	-0.0145249	1.1755	0.451405	17.071
1416	-0.0149678	1.17548	0.451489	17.077
1417	-0.0148536	1.17546	0.451305	17.083
1418	-0.0150007	1.17545	0.451319	17.0889
1419	-0.0148759	1.17543	0.451309	17.0949
1420	-0.0151765	1.17542	0.451358	17.1009
1421	-0.0150974	1.1754	0.451381	17.1068
1422	-0.0150291	1.17539	0.45127	17.1128
1423	-0.0150365	1.17537	0.451264	17.1187
1424	-0.0151378	1.17536	0.451235	17.1247
1425	-0.0149579	1.17535	0.451218	17.1306
1426	-0.0149955	1.17533	0.451145	17.1365
1427	-0.0149736	1.17532	0.451061	17.1425
1428	-0.0151457	1.17531	0.45102	17.1484
1429	-0.0151052	1.17529	0.451004	17.1543
1430	-0.01512	1.17528	0.451009	17.1603
1431	-0.0149931	1.17527	0.451001	17.1662
1432	-0.0151076	1.17526	0.450894	17.1721
1433	-0.0154303	1.17526	0.451045	17.178
1434	-0.0157285	1.17526	0.451181	17.184
1435	-0.015795	1.17527	0.45108	17.1899
1436	-0.0157088	1.17528	0.451096	17.1958
1437	-0.0153754	1.17527	0.451102	17.2017
1438	-0.0156528	1.17528	0.451216	17.2076
1439	-0.0159415	1.17529	0.451415	17.2135
1440	-0.0157666	1.1753	0.451465	17.2195
1441	-0.016117	1.17531	0.451528	17.2254
1442	-0.0160388	1.17533	0.451483	17.2313
1443	-0.0161481	1.17535	0.451516	17.2372
1444	-0.0163286	1.17537	0.451637	17.2431
1445	-0.0163232	1.17539	0.451693	17.249
1446	-0.0164584	1.17542	0.451877	17.255
1447	-0.0161394	1.17544	0.451914	17.2609
1448	-0.0162465	1.17546	0.451921	17.2668
1449	-0.0161455	1.17548	0.451958	17.2727
1450	-0.0163038	1.1755	0.45198	17.2786
1451	-0.0166061	1.17553	0.451922	17.2845
1452	-0.0167009	1.17557	0.4519	17.2904
1453	-0.0166128	1.1756	0.451893	17.2963
1454	-0.0168948	1.17564	0.451997	17.3022
1455	-0.0169759	1.17568	0.451995	17.3081
1456	-0.0172201	1.17572	0.452054	17.314
1457	-0.0172394	1.17577	0.452061	17.3199
1458	-0.0170007	1.17581	0.452066	17.3258
1459	-0.0167093	1.17585	0.451895	17.3317
1460	-0.0165214	1.17588	0.451834	17.3376
1461	-0.0166616	1.17591	0.451834	17.3435
1462	-0.0166265	1.17595	0.45181	17.3494
1463	-0.0160572	1.17596	0.452007	17.3553
1464	-0.016157	1.17598	0.451916	17.3612
1465	-0.0164617	1.17601	0.451972	17.3671
1466	-0.0165323	1.17604	0.451937	17.3729
1467	-0.0165259	1.17608	0.451868	17.3788
1468	-0.0165695	1.17611	0.45181	17.3847
1469	-0.0166741	1.17614	0.451829	17.3905
1470	-0.0165868	1.17618	0.451796	17.3964
1471	-0.0165689	1.17621	0.451793	17.4023
1472	-0.016396	1.17624	0.451708	17.4081
1473	-0.0164316	1.17626	0.451632	17.414
1474	-0.0166316	1.1763	0.451628	17.4199
1475	-0.0166051	1.17633	0.451658	17.4257
1476	-0.0166514	1.17637	0.451629	17.4316
1477	-0.0165038	1.1764	0.451628	17.4374
1478	-0.0167755	1.17644	0.451668	17.4433
1479	-0.016725	1.17648	0.451652	17.4491
1480	-0.0164589	1.17651	0.451677	17.4549
1481	-0.0166136	1.17654	0.451617	17.4608
1482	-0.0168292	1.17658	0.451604	17.4666
1483	-0.0167637	1.17662	0.451597	17.4725
1484	-0.0169056	1.17666	0.451676	17.4783
1485	-0.0167853	1.1767	0.451653	17.4841
1486	-0.0167378	1.17674	0.451684	17.49
1487	-0.0168736	1.17678	0.451703	17.4958
1488	-0.0168422	1.17682	0.451657	17.5016
1489	-0.0169441	1.17687	0.451606	17.5075
1490	-0.0165138	1.1769	0.451663	17.5133
1491	-0.0165922	1.17694	0.451601	17.5191
1492	-0.0165166	1.17697	0.451545	17.5249
1493	-0.0165273	1.177	0.451571	17.5307
1494	-0.0164285	1.17703	0.451568	17.5366
1495	-0.0163289	1.17706	0.45148	17.5424
1496	-0.0158041	1.17708	0.451608	17.5482
1497	-0.0156796	1.17709	0.451466	17.554
1498	-0.0157085	1.1771	0.451437	17.5598
1499	-0.0159223	1.17712	0.451488	17.5656
1500	-0.0161107	1.17715	0.451467	17.5714
1501	-0.016064	1.17717	0.451369	17.5772
1502	-0.0160256	1.17719	0.45133	17.583
1503	-0.0158508	1.17721	0.451347	17.5888
1504	-0.0156208	1.17722	0.451332	17.5946
1505	-0.0155747	1.17723	0.451326	17.6003
1506	-0.0155821	1.17724	0.451288	17.6061
1507	-0.0157201	1.17726	0.451082	17.6119
1508	-0.0159907	1.17728	0.45109	17.6177
1509	-0.0160179	1.1773	0.451072	17.6235
1510	-0.0158514	1.17732	0.451015	17.6292
1511	-0.0162101	1.17735	0.451152	17.635
1512	-0.0163849	1.17738	0.451223	17.6408
1513	-0.01649	1.17741	0.451221	17.6465
1514	-0.0164822	1.17745	0.451181	17.6523
1515	-0.0167607	1.17749	0.45119	17.6581
1516	-0.0161362	1.17752	0.451487	17.6638
1517	-0.0161294	1.17754	0.451449	17.6696
1518	-0.0161534	1.17757	0.451374	17.6754
1519	-0.0162357	1.1776	0.451536	17.6811
1520	-0.016231	1.17763	0.451731	17.6869
1521	-0.0159106	1.17765	0.451918	17.6927
1522	-0.0158578	1.17767	0.451915	17.6985
1523	-0.0156674	1.17768	0.451865	17.7042
1524	-0.0155726	1.1777	0.451879	17.71
1525	-0.0155138	1.17771	0.451788	17.7158
1526	-0.0154961	1.17772	0.451705	17.7215
1527	-0.0154627	1.17773	0.451656	17.7273
1528	-0.015264	1.17773	0.451673	17.733
1529	-0.0151109	1.17774	0.451527	17.7388
1530	-0.0151078	1.17774	0.451418	17.7445
1531	-0.0146527	1.17773	0.451506	17.7503
1532	-0.0145128	1.17771	0.451523	17.756
1533	-0.0144184	1.1777	0.45151	17.7617
1534	-0.0146861	1.17769	0.451589	17.7675
1535	-0.0146558	1.17768	0.451479	17.7732
1536	-0.0144423	1.17767	0.451431	17.7789
1537	-0.014276	1.17765	0.45146	17.7847
1538	-0.014145	1.17763	0.451493	17.7904
1539	-0.0143659	1.17761	0.451556	17.7961
1540	-0.0143827	1.17759	0.451566	17.8019
1541	-0.0143523	1.17758	0.451621	17.8076
1542	-0.0144459	1.17756	0.451703	17.8133
1543	-0.0144722	1.17755	0.451714	17.819
1544	-0.0144822	1.17754	0.451762	17.8248
1545	-0.0144782	1.17753	0.451646	17.8305
1546	-0.0147593	1.17752	0.451763	17.8362
1547	-0.0149882	1.17752	0.451736	17.8419
1548	-0.0151521	1.17753	0.451654	17.8476
1549	-0.0147581	1.17752	0.45176	17.8534
1550	-0.0147909	1.17752	0.451719	17.8591
1551	-0.0148259	1.17751	0.45177	17.8648
1552	-0.0150245	1.17752	0.451722	17.8705
1553	-0.0148564	1.17751	0.451652	17.8762
1554	-0.0150065	1.17752	0.451606	17.8819
1555	-0.0149962	1.17752	0.451612	17.8876
1556	-0.0148419	1.17752	0.451546	17.8933
1557	-0.0152677	1.17752	0.451621	17.899
1558	-0.0151127	1.17753	0.451627	17.9047
1559	-0.015253	1.17754	0.451668	17.9104
1560	-0.015464	1.17755	0.451722	17.9161
1561	-0.0156797	1.17757	0.451785	17.9218
1562	-0.0158119	1.1776	0.451685	17.9275
1563	-0.0159853	1.17762	0.451684	17.9332
1564	-0.0158597	1.17765	0.451695	17.9389
1565	-0.0158255	1.17767	0.451704	17.9445
1566	-0.0157699	1.1777	0.451612	17.9502
1567	-0.0159678	1.17772	0.451636	17.9559
1568	-0.0158993	1.17775	0.451564	17.9616
1569	-0.0156779	1.17777	0.451523	17.9673
1570	-0.0155795	1.17779	0.45143	17.9729
1571	-0.0155586	1.17781	0.451371	17.9786
1572	-0.0158199	1.17783	0.451411	17.9843
1573	-0.0160142	1.17786	0.451464	17.9899
1574	-0.0159534	1.17789	0.451459	17.9956
1575	-0.0165385	1.17793	0.451737	18.0013
1576	-0.0166843	1.17798	0.451752	18.0069
1577	-0.016781	1.17803	0.451717	18.0126
1578	-0.0169138	1.17808	0.451697	18.0183
1579	-0.0164781	1.17812	0.451858	18.0239
1580	-0.0161953	1.17816	0.451875	18.0296
1581	-0.0163155	1.17819	0.451997	18.0352
1582	-0.0166997	1.17824	0.452195	18.0409
1583	-0.0168781	1.17829	0.45222	18.0466
1584	-0.0168997	1.17835	0.452253	18.0522
1585	-0.0167757	1.1784	0.452228	18.0579
1586	-0.0166404	1.17844	0.452261	18.0636
1587	-0.016697	1.17849	0.452318	18.0692
1588	-0.0167859	1.17854	0.45241	18.0749
1589	-0.0167729	1.17859	0.452445	18.0806
1590	-0.0167744	1.17864	0.452396	18.0862
1591	-0.0168936	1.1787	0.452401	18.0919
1592	-0.0171052	1.17875	0.452424	18.0975
1593	-0.0168904	1.17881	0.452513	18.1032
1594	-0.0165438	1.17885	0.452558	18.1088
1595	-0.0168733	1.1789	0.452632	18.1145
1596	-0.0171079	1.17896	0.452627	18.1202
1597	-0.0170498	1.17902	0.452643	18.1258
1598	-0.0169565	1.17908	0.452719	18.1315
1599	-0.0166784	1.17913	0.452784	18.1371
1600	-0.0167851	1.17918	0.452823	18.1428
1601	-0.0166558	1.17923	0.452795	18.1484
1602	-0.0166976	1.17927	0.452815	18.1541
1603	-0.0167557	1.17933	0.452818	18.1597
1604	-0.0167654	1.17938	0.452807	18.1654
1605	-0.0166196	1.17942	0.452765	18.171
1606	-0.016505	1.17947	0.45276	18.1766
1607	-0.0165756	1.17952	0.452733	18.1823
1608	-0.0165471	1.17956	0.452655	18.1879
1609	-0.0165315	1.17961	0.452552	18.1935
1610	-0.0161454	1.17964	0.452588	18.1992
1611	-0.0160213	1.17968	0.452469	18.2048
1612	-0.0159267	1.17971	0.452456	18.2104
1613	-0.0158078	1.17974	0.452379	18.216
1614	-0.0159805	1.17977	0.452253	18.2216
1615	-0.0158608	1.1798	0.452136	18.2272
1616	-0.0157394	1.17982	0.452117	18.2329
1617	-0.015661	1.17985	0.452074	18.2385
1618	-0.015631	1.17987	0.451996	18.2441
1619	-0.0156715	1.1799	0.451949	18.2497
1620	-0.0159809	1.17993	0.451979	18.2553
1621	-0.0158158	1.17996	0.452034	18.2608
1622	-0.0155666	1.17998	0.452174	18.2664
1623	-0.0155795	1.18001	0.452166	18.272
1624	-0.0157679	1.18003	0.452144	18.2776
1625	-0.0157868	1.18006	0.452091	18.2832
1626	-0.01611	1.1801	0.452158	18.2888
1627	-0.0161101	1.18014	0.452117	18.2944
1628	-0.0161851	1.18018	0.452017	18.3
1629	-0.0160776	1.18021	0.452063	18.3056
1630	-0.0161475	1.18025	0.452033	18.3111
1631	-0.016298	1.18029	0.452071	18.3167
1632	-0.0162186	1.18033	0.452068	18.3223
1633	-0.0164538	1.18038	0.452103	18.3279
1634	-0.016615	1.18043	0.452097	18.3335
1635	-0.0166761	1.18048	0.452106	18.339
1636	-0.0168623	1.18054	0.452107	18.3446
1637	-0.0168115	1.18059	0.452017	18.3502
1638	-0.0168601	1.18065	0.452009	18.3557
1639	-0.0171686	1.18071	0.452055	18.3613
1640	-0.0168483	1.18077	0.451999	18.3669
1641	-0.0167285	1.18082	0.451997	18.3724
1642	-0.0165283	1.18087	0.452101	18.378
1643	-0.0163282	1.18091	0.452091	18.3835
1644	-0.0162483	1.18095	0.451989	18.3891
1645	-0.016381	1.181	0.451986	18.3947
1646	-0.016573	1.18105	0.452063	18.4002
1647	-0.0166888	1.1811	0.452094	18.4058
1648	-0.0164378	1.18115	0.452145	18.4113
1649	-0.0158936	1.18118	0.452307	18.4169
1650	-0.0161438	1.18122	0.45236	18.4224
1651	-0.016151	1.18126	0.452232	18.428
1652	-0.0160913	1.1813	0.452163	18.4335
1653	-0.0160215	1.18134	0.45218	18.4391
1654	-0.0159266	1.18137	0.452174	18.4446
1655	-0.0160838	1.18141	0.452209	18.4502
1656	-0.0163623	1.18146	0.452213	18.4557
1657	-0.0161187	1.1815	0.452238	18.4612
1658	-0.0158942	1.18153	0.452204	18.4668
1659	-0.0159445	1.18157	0.452136	18.4723
1660	-0.0156597	1.18159	0.452194	18.4778
1661	-0.0157721	1.18163	0.452222	18.4834
1662	-0.0152566	1.18164	0.452385	18.4889
1663	-0.0151452	1.18166	0.452392	18.4944
1664	-0.0152904	1.18168	0.452389	18.5
1665	-0.0152612	1.1817	0.45225	18.5055
1666	-0.0152413	1.18172	0.45224	18.511
1667	-0.0153343	1.18174	0.452202	18.5165
1668	-0.0153506	1.18176	0.452216	18.5221
1669	-0.0152833	1.18178	0.452174	18.5276
1670	-0.0151349	1.1818	0.452155	18.5331
1671	-0.0152359	1.18182	0.452054	18.5386
1672	-0.0152851	1.18184	0.451952	18.5441
1673	-0.015555	1.18187	0.451985	18.5496
1674	-0.0156947	1.1819	0.451919	18.5551
1675	-0.0159735	1.18193	0.451941	18.5606
1676	-0.0161383	1.18198	0.45185	18.5661
1677	-0.0162701	1.18202	0.451844	18.5716
1678	-0.0161894	1.18206	0.45185	18.5771
1679	-0.0161461	1.18211	0.451795	18.5826
1680	-0.0161109	1.18215	0.451655	18.5881
1681	-0.0162698	1.18219	0.451672	18.5936
1682	-0.0163756	1.18224	0.451697	18.5991
1683	-0.0163868	1.18229	0.451666	18.6046
1684	-0.0164885	1.18234	0.45165	18.61
1685	-0.0166282	1.18239	0.451641	18.6155
1686	-0.0168412	1.18245	0.45162	18.621
1687	-0.016682	1.18251	0.451551	18.6265
1688	-0.0167022	1.18257	0.451537	18.632
1689	-0.0167955	1.18262	0.451536	18.6374
1690	-0.016724	1.18268	0.451544	18.6429
1691	-0.01678	1.18274	0.451542	18.6484
1692	-0.0168317	1.1828	0.451429	18.6538
1693	-0.017001	1.18286	0.451315	18.6593
1694	-0.0168751	1.18293	0.451251	18.6647
1695	-0.0171668	1.18299	0.451346	18.6702
1696	-0.0174297	1.18307	0.451441	18.6757
1697	-0.0175146	1.18314	0.45148	18.6811
1698	-0.0172426	1.18321	0.451601	18.6866
1699	-0.0172972	1.18329	0.451581	18.692
1700	-0.0172337	1.18336	0.451572	18.6975
1701	-0.0168372	1.18342	0.451778	18.7029
1702	-0.0168704	1.18348	0.451615	18.7084
1703	-0.0167173	1.18354	0.451657	18.7138
1704	-0.0167004	1.18359	0.451616	18.7193
1705	-0.0172769	1.18366	0.451975	18.7247
1706	-0.0173205	1.18374	0.451945	18.7302
1707	-0.017509	1.18381	0.452012	18.7356
1708	-0.0173829	1.18389	0.452051	18.7411
1709	-0.017244	1.18396	0.452051	18.7465
1710	-0.0168528	1.18402	0.452177	18.752
1711	-0.0169037	1.18408	0.452165	18.7575
1712	-0.0170498	1.18415	0.452104	18.7629
1713	-0.0167159	1.18421	0.452172	18.7683
1714	-0.0169164	1.18427	0.452217	18.7738
1715	-0.0172119	1.18434	0.452284	18.7792
1716	-0.0174805	1.18442	0.452245	18.7847
1717	-0.0174072	1.18449	0.452186	18.7901
1718	-0.0170641	1.18456	0.452222	18.7956
1719	-0.0172534	1.18463	0.452282	18.801
1720	-0.0171666	1.1847	0.452284	18.8064
1721	-0.0170521	1.18477	0.452294	18.8119
1722	-0.0171921	1.18484	0.452284	18.8173
1723	-0.0170738	1.18491	0.452293	18.8228
1724	-0.017188	1.18498	0.452306	18.8282
1725	-0.0173711	1.18505	0.452335	18.8336
1726	-0.0172223	1.18512	0.452289	18.8391
1727	-0.0171966	1.1852	0.452237	18.8445
1728	-0.0172645	1.18527	0.452202	18.8499
1729	-0.0172895	1.18534	0.452205	18.8553
1730	-0.0172198	1.18541	0.452145	18.8607
1731	-0.0174261	1.18549	0.452139	18.8662
1732	-0.0174131	1.18557	0.452094	18.8716
1733	-0.0180185	1.18566	0.452409	18.877
1734	-0.0181654	1.18575	0.452348	18.8824
1735	-0.0185312	1.18585	0.452461	18.8878
1736	-0.01875	1.18596	0.452559	18.8933
1737	-0.0187592	1.18607	0.452567	18.8987
1738	-0.0186714	1.18618	0.452496	18.9041
1739	-0.0182506	1.18627	0.452609	18.9095
1740	-0.0182007	1.18637	0.452548	18.9149
1741	-0.0183033	1.18647	0.452457	18.9203
1742	-0.0182518	1.18657	0.452515	18.9258
1743	-0.0182866	1.18666	0.45256	18.9312
1744	-0.0185252	1.18677	0.452645	18.9366
1745	-0.0186168	1.18687	0.452731	18.942
1746	-0.0185283	1.18698	0.452742	18.9474
1747	-0.0188949	1.18709	0.452904	18.9528
1748	-0.0185948	1.18719	0.453008	18.9582
1749	-0.0182846	1.18729	0.4531	18.9636
1750	-0.0182338	1.18739	0.452958	18.969
1751	-0.0181628	1.18748	0.452924	18.9745
1752	-0.0184772	1.18759	0.452924	18.9799
1753	-0.0182306	1.18768	0.452938	18.9853
1754	-0.0180749	1.18778	0.452902	18.9907
1755	-0.0179687	1.18787	0.452876	18.9961
1756	-0.0180317	1.18796	0.452948	19.0015
1757	-0.0181448	1.18805	0.452918	19.0069
1758	-0.0181617	1.18815	0.452886	19.0123
1759	-0.0182447	1.18825	0.452791	19.0176
1760	-0.0183642	1.18835	0.452723	19.023
1761	-0.0184264	1.18845	0.452672	19.0284
1762	-0.0183494	1.18855	0.452627	19.0338
1763	-0.0185245	1.18865	0.452641	19.0392
1764	-0.0186818	1.18876	0.452635	19.0446
1765	-0.018814	1.18887	0.452616	19.0499
1766	-0.0187793	1.18898	0.452587	19.0553
1767	-0.0187722	1.18909	0.45261	19.0607
1768	-0.0184643	1.18919	0.452636	19.0661
1769	-0.0184232	1.1893	0.452636	19.0714
1770	-0.0183077	1.1894	0.45261	19.0768
1771	-0.0185105	1.1895	0.452606	19.0822
1772	-0.0187611	1.18961	0.452504	19.0875
1773	-0.0188103	1.18972	0.452512	19.0929
1774	-0.018904	1.18984	0.452528	19.0983
1775	-0.0192896	1.18996	0.45267	19.1036
1776	-0.0193319	1.19008	0.452694	19.109
1777	-0.0191072	1.1902	0.452704	19.1143
1778	-0.01906	1.19032	0.45263	19.1197
1779	-0.0190136	1.19043	0.452632	19.1251
1780	-0.0189933	1.19055	0.452605	19.1304
1781	-0.0191883	1.19067	0.452641	19.1358
1782	-0.0192248	1.19079	0.452625	19.1411
1783	-0.0191799	1.19091	0.45252	19.1465
1784	-0.0191932	1.19103	0.452424	19.1518
1785	-0.0192719	1.19116	0.452391	19.1572
1786	-0.019247	1.19128	0.452419	19.1625
1787	-0.0195072	1.19141	0.452532	19.1678
1788	-0.0195593	1.19154	0.45252	19.1732
1789	-0.0197533	1.19167	0.45249	19.1785
1790	-0.0197649	1.1918	0.452474	19.1839
1791	-0.0195553	1.19193	0.452401	19.1892
1792	-0.0198443	1.19207	0.452453	19.1945
1793	-0.0199695	1.19221	0.452412	19.1999
1794	-0.0196427	1.19234	0.452417	19.2052
1795	-0.0194236	1.19247	0.452341	19.2105
1796	-0.0193835	1.19259	0.452361	19.2158
1797	-0.0194299	1.19272	0.452292	19.2212
1798	-0.0193525	1.19284	0.45229	19.2265
1799	-0.0192581	1.19297	0.452272	19.2318
1800	-0.0192531	1.19309	0.452257	19.2371
1801	-0.0193224	1.19321	0.452267	19.2424
1802	-0.0192396	1.19333	0.452315	19.2478
1803	-0.0192294	1.19346	0.452287	19.2531
1804	-0.0189017	1.19357	0.452337	19.2584
1805	-0.0189842	1.19369	0.452327	19.2637
1806	-0.0188341	1.1938	0.452392	19.269
1807	-0.0188775	1.19391	0.452359	19.2743
1808	-0.0188113	1.19403	0.452381	19.2796
1809	-0.0187747	1.19414	0.452331	19.2849
1810	-0.0187705	1.19425	0.452304	19.2902
1811	-0.0188007	1.19436	0.452307	19.2955
1812	-0.0189018	1.19448	0.452192	19.3008
1813	-0.0189945	1.19459	0.452137	19.3061
1814	-0.0189855	1.19471	0.45211	19.3114
1815	-0.018978	1.19483	0.452132	19.3167
1816	-0.0189668	1.19494	0.452078	19.322
1817	-0.0193209	1.19507	0.452225	19.3273
1818	-0.0192101	1.19519	0.452339	19.3326
1819	-0.0192764	1.19531	0.45241	19.3379
1820	-0.0190141	1.19543	0.452587	19.3432
1821	-0.0190909	1.19555	0.45262	19.3485
1822	-0.0191565	1.19567	0.452597	19.3538
1823	-0.0190003	1.19579	0.452677	19.359
1824	-0.0187954	1.1959	0.452756	19.3643
1825	-0.0191575	1.19602	0.452901	19.3696
1826	-0.019139	1.19614	0.452915	19.3749
1827	-0.0190919	1.19626	0.452861	19.3802
1828	-0.0191697	1.19638	0.452884	19.3855
1829	-0.0189738	1.1965	0.452908	19.3908
1830	-0.0190531	1.19662	0.452885	19.3961
1831	-0.0193774	1.19674	0.452929	19.4014
1832	-0.0193483	1.19687	0.452904	19.4067
1833	-0.0193829	1.19699	0.45287	19.4119
1834	-0.0194593	1.19712	0.452698	19.4172
1835	-0.0195535	1.19725	0.452608	19.4225
1836	-0.0194265	1.19738	0.452598	19.4278
1837	-0.0195069	1.19751	0.452646	19.433
1838	-0.0195606	1.19764	0.452649	19.4383
1839	-0.0195255	1.19777	0.452533	19.4436
1840	-0.0191088	1.19789	0.452676	19.4489
1841	-0.0188675	1.198	0.452703	19.4541
1842	-0.0189105	1.19812	0.452697	19.4594
1843	-0.0190394	1.19824	0.452644	19.4646
1844	-0.0190041	1.19836	0.452615	19.4699
1845	-0.0190266	1.19847	0.452655	19.4752
1846	-0.0191261	1.19859	0.45268	19.4804
1847	-0.0190565	1.19871	0.452539	19.4857
1848	-0.0192699	1.19884	0.452637	19.4909
1849	-0.0193628	1.19896	0.452704	19.4962
1850	-0.0193234	1.19909	0.452716	19.5015
1851	-0.0195271	1.19922	0.452705	19.5067
1852	-0.0194717	1.19935	0.452723	19.512
1853	-0.0192174	1.19947	0.452728	19.5172
1854	-0.0189998	1.19959	0.452744	19.5225
1855	-0.0190709	1.19971	0.452573	19.5277
1856	-0.01901	1.19983	0.452565	19.533
1857	-0.0189607	1.19994	0.452543	19.5382
1858	-0.0191613	1.20006	0.452415	19.5434
1859	-0.0192219	1.20019	0.452426	19.5487
1860	-0.0192847	1.20031	0.452312	19.5539
1861	-0.0193734	1.20044	0.452172	19.5591
1862	-0.019483	1.20057	0.452211	19.5644
1863	-0.019519	1.2007	0.452092	19.5696
1864	-0.0196189	1.20083	0.452094	19.5748
1865	-0.0199314	1.20097	0.452122	19.58
1866	-0.0196857	1.2011	0.452103	19.5852
1867	-0.0197133	1.20124	0.452071	19.5905
1868	-0.0198687	1.20138	0.452008	19.5957
1869	-0.0197492	1.20151	0.451977	19.6009
1870	-0.0196747	1.20165	0.451993	19.6061
1871	-0.0202035	1.20179	0.452252	19.6113
1872	-0.0201761	1.20194	0.452155	19.6165
1873	-0.0201728	1.20208	0.452179	19.6217
1874	-0.0203984	1.20223	0.452275	19.6269
1875	-0.0204288	1.20238	0.452244	19.6322
1876	-0.0203491	1.20253	0.452223	19.6374
1877	-0.0202287	1.20268	0.452199	19.6426
1878	-0.0200698	1.20282	0.452176	19.6478
1879	-0.0198332	1.20296	0.452248	19.653
1880	-0.019681	1.2031	0.452113	19.6582
1881	-0.0199785	1.20324	0.45215	19.6634
1882	-0.0201825	1.20338	0.452201	19.6686
1883	-0.0204397	1.20353	0.45224	19.6738
1884	-0.0203551	1.20368	0.452219	19.679
1885	-0.0204082	1.20383	0.452109	19.6842
1886	-0.020455	1.20399	0.452089	19.6893
1887	-0.0205254	1.20414	0.452003	19.6945
1888	-0.0204862	1.20429	0.452001	19.6997
1889	-0.0205069	1.20445	0.451995	19.7049
1890	-0.0203864	1.2046	0.451944	19.7101
1891	-0.0205069	1.20475	0.451916	19.7153
1892	-0.020456	1.2049	0.451929	19.7204
1893	-0.0204753	1.20505	0.451863	19.7256
1894	-0.0208577	1.20521	0.452032	19.7308
1895	-0.0208929	1.20538	0.451935	19.736
1896	-0.0208474	1.20554	0.451943	19.7412
1897	-0.0208851	1.2057	0.451908	19.7463
1898	-0.0209062	1.20586	0.451791	19.7515
1899	-0.0208344	1.20602	0.451792	19.7567
1900	-0.0210447	1.20619	0.45173	19.7618
1901	-0.0206829	1.20634	0.45182	19.767
1902	-0.0210159	1.20651	0.451927	19.7722
1903	-0.0209376	1.20667	0.451893	19.7773
1904	-0.0210284	1.20684	0.451874	19.7825
1905	-0.0208555	1.207	0.451903	19.7876
1906	-0.0204927	1.20715	0.451959	19.7928
1907	-0.0205323	1.2073	0.451944	19.798
1908	-0.0204259	1.20746	0.4519	19.8031
1909	-0.0203505	1.20761	0.451941	19.8083
1910	-0.0205813	1.20776	0.451978	19.8134
1911	-0.0204114	1.20791	0.452036	19.8186
1912	-0.0204134	1.20806	0.452006	19.8237
1913	-0.0202452	1.20821	0.451988	19.8289
1914	-0.0198654	1.20835	0.452124	19.834
1915	-0.019698	1.20848	0.452122	19.8392
1916	-0.0194905	1.20861	0.452133	19.8443
1917	-0.019476	1.20874	0.452132	19.8495
1918	-0.0195738	1.20887	0.452136	19.8546
1919	-0.0196799	1.20901	0.45207	19.8598
1920	-0.019359	1.20914	0.452119	19.8649
1921	-0.0195018	1.20927	0.452103	19.8701
1922	-0.0194918	1.2094	0.452116	19.8752
1923	-0.019347	1.20952	0.452166	19.8804
1924	-0.0193543	1.20965	0.452081	19.8855
1925	-0.0191895	1.20977	0.452111	19.8906
1926	-0.0191473	1.2099	0.452111	19.8958
1927	-0.0191446	1.21002	0.452115	19.9009
1928	-0.0192328	1.21014	0.452156	19.9061
1929	-0.0195185	1.21027	0.452326	19.9112
1930	-0.0193356	1.2104	0.452273	19.9163
1931	-0.0194163	1.21053	0.452253	19.9215
1932	-0.0194098	1.21066	0.452221	19.9266
1933	-0.0194707	1.21079	0.45225	19.9317
1934	-0.0195283	1.21092	0.452236	19.9369
1935	-0.0194279	1.21105	0.452239	19.942
1936	-0.0194701	1.21118	0.452203	19.9471
1937	-0.0194246	1.2113	0.45208	19.9522
1938	-0.0192425	1.21143	0.452009	19.9574
1939	-0.0192765	1.21155	0.451976	19.9625
1940	-0.0196264	1.21169	0.452045	19.9676
1941	-0.0196827	1.21182	0.451916	19.9727
1942	-0.0196935	1.21196	0.45179	19.9778
1943	-0.0194872	1.21209	0.451833	19.9829
1944	-0.0195467	1.21222	0.451897	19.988
1945	-0.0195372	1.21235	0.45186	19.9931
1946	-0.019732	1.21249	0.451798	19.9982
1947	-0.0195091	1.21262	0.451872	20.0033
1948	-0.0195888	1.21275	0.451863	20.0084
1949	-0.0194711	1.21288	0.451881	20.0135
1950	-0.0196736	1.21301	0.451897	20.0186
1951	-0.0196886	1.21315	0.451882	20.0237
1952	-0.0197033	1.21328	0.451938	20.0288
1953	-0.0198334	1.21342	0.451998	20.0339
1954	-0.0200097	1.21357	0.452057	20.039
1955	-0.019878	1.2137	0.452012	20.0441
1956	-0.019851	1.21384	0.452015	20.0492
1957	-0.0195988	1.21398	0.452031	20.0543
1958	-0.0198702	1.21412	0.452022	20.0594
1959	-0.0200219	1.21426	0.452026	20.0645
1960	-0.0199523	1.2144	0.451926	20.0696
1961	-0.0201863	1.21454	0.451941	20.0747
1962	-0.0199498	1.21469	0.451991	20.0798
1963	-0.0198573	1.21482	0.451921	20.0849
1964	-0.0196552	1.21496	0.45191	20.09
1965	-0.0195502	1.21509	0.45193	20.095
1966	-0.0192728	1.21522	0.451932	20.1001
1967	-0.0194478	1.21535	0.451919	20.1052
1968	-0.0191641	1.21547	0.451938	20.1103
1969	-0.0188927	1.21559	0.451957	20.1154
1970	-0.018822	1.2157	0.451935	20.1204
1971	-0.01862	1.21581	0.451989	20.1255
1972	-0.0183146	1.21592	0.452162	20.1306
1973	-0.0184617	1.21603	0.452204	20.1357
1974	-0.0186175	1.21614	0.452181	20.1407
1975	-0.0186318	1.21625	0.452076	20.1458
1976	-0.0188605	1.21636	0.452032	20.1509
1977	-0.0187406	1.21648	0.451943	20.156
1978	-0.0185033	1.21659	0.451944	20.161
