#	<x>	stDevX	<E>	stDevE
0	3.17173	0	12.0727	0
1	2.58072	2.87622	11.9616	12.0172
2	2.82766	4.0447	12.714	17.3233
3	3.1407	5.07526	11.221	20.7714
4	2.84894	5.8279	9.20107	22.8682
5	2.52925	6.37242	7.83943	24.2278
6	2.32452	6.79681	7.11859	25.2397
7	1.77714	7.01146	6.94122	26.1498
8	1.18731	7.03586	7.10154	27.081
9	0.637823	6.90774	8.04358	28.2644
10	0.398872	6.73412	8.42184	29.506
11	0.583622	6.63554	8.65594	30.7597
12	0.586423	6.55373	7.82931	31.7423
13	0.561499	6.47871	8.07552	32.7583
14	0.495977	6.39878	8.13477	33.7578
15	0.274557	6.27586	8.41489	34.7956
16	0.203051	6.14819	7.865	35.6734
17	0.221461	6.03605	6.86342	36.3006
18	0.16625	5.92127	6.02826	36.7332
19	0.200751	5.82311	6.09008	37.1801
20	0.232065	5.73931	6.13855	37.6367
21	0.235666	5.66281	6.4394	38.1545
22	0.20486	5.58584	6.57939	38.6962
23	0.182573	5.50989	6.81862	39.2798
24	0.240267	5.45035	6.36894	39.7677
25	0.330918	5.41242	6.08904	40.1977
26	0.344449	5.38023	5.92206	40.5938
27	0.434033	5.36745	5.62237	40.9331
28	0.462919	5.36193	5.40671	41.2334
29	0.411496	5.34881	4.97088	41.4568
30	0.366108	5.32945	4.793	41.6521
31	0.360783	5.31102	4.68447	41.8326
32	0.434984	5.30705	4.69474	42.0188
33	0.431589	5.30374	4.69528	42.2086
34	0.421491	5.29991	4.38642	42.35
35	0.389389	5.29191	4.32651	42.4857
36	0.336949	5.27656	4.46796	42.6484
37	0.288137	5.25469	4.39361	42.8021
38	0.241849	5.22691	4.62811	42.996
39	0.257061	5.20299	4.48786	43.1698
40	0.210565	5.17324	4.50061	43.3476
41	0.21574	5.14569	4.53539	43.5327
42	0.243684	5.12368	4.5957	43.7283
43	0.304474	5.11187	4.71295	43.9426
44	0.367999	5.1103	4.87176	44.181
45	0.329322	5.10372	4.87973	44.4205
46	0.250397	5.08646	4.83434	44.6535
47	0.186367	5.06096	4.90972	44.8971
48	0.159273	5.03265	4.84692	45.1316
49	0.13002	5.00131	4.75473	45.3529
50	0.0885935	4.96531	4.86261	45.5893
51	0.0933889	4.93111	4.94507	45.8366
52	0.090527	4.89759	4.93611	46.0821
53	0.0589213	4.86084	5.01111	46.3372
54	0.0421938	4.82291	4.90087	46.5767
55	0.0594608	4.78832	4.74717	46.7952
56	0.071943	4.75633	4.75025	47.014
57	0.0597583	4.72365	4.73571	47.2305
58	0.0813893	4.69465	4.77999	47.4525
59	0.0836952	4.66675	4.82505	47.6799
60	0.0827918	4.6395	4.79353	47.9027
61	0.0829142	4.61299	4.64856	48.1068
62	0.0939368	4.58857	4.64081	48.3097
63	0.106281	4.56634	4.47161	48.4914
64	0.124402	4.54694	4.40991	48.6656
65	0.089791	4.52386	4.37536	48.8357
66	0.101718	4.50283	4.33015	49.0005
67	0.0831095	4.4801	4.22497	49.1529
68	0.108819	4.461	4.13867	49.2953
69	0.150677	4.44736	4.14334	49.4387
70	0.167551	4.43613	4.16047	49.5846
71	0.18871	4.42774	4.09211	49.7228
72	0.214912	4.42271	4.13619	49.8666
73	0.217169	4.41821	4.03491	49.9991
74	0.207439	4.41285	4.00105	50.1281
75	0.198362	4.40672	4.09314	50.268
76	0.21763	4.40303	4.14963	50.4147
77	0.235145	4.40153	4.10058	50.556
78	0.236541	4.40039	4.04989	50.6919
79	0.224632	4.39811	4.06284	50.8295
80	0.220063	4.39552	4.113	50.9729
81	0.236387	4.39491	4.12525	51.1177
82	0.259161	4.39696	4.06301	51.2559
83	0.238896	4.39693	3.94986	51.382
84	0.22114	4.39515	3.84301	51.4969
85	0.240475	4.3956	3.69069	51.5958
86	0.251576	4.39738	3.66752	51.6928
87	0.271088	4.40134	3.61492	51.7848
88	0.285969	4.40697	3.61307	51.8772
89	0.323139	4.41657	3.54458	51.963
90	0.359312	4.42996	3.41044	52.0354
91	0.36262	4.44369	3.20544	52.0874
92	0.358186	4.45694	3.23451	52.1432
93	0.3643	4.4708	3.26162	52.2027
94	0.372102	4.48543	3.30196	52.2672
95	0.363952	4.49921	3.23675	52.3258
96	0.361205	4.51268	3.21341	52.3827
97	0.362563	4.52628	3.20907	52.4401
98	0.348409	4.53843	3.23731	52.501
99	0.35764	4.5515	3.14781	52.5537
100	0.359504	4.56473	3.19405	52.6117
101	0.312825	4.57334	3.36109	52.6869
102	0.26225	4.57702	3.52041	52.7782
103	0.229155	4.57754	3.6353	52.8811
104	0.211487	4.57644	3.61364	52.9821
105	0.173754	4.57181	3.68937	53.0906
106	0.11744	4.5619	3.88849	53.2185
107	0.0609503	4.54676	4.07234	53.3639
108	0.0195429	4.52791	4.17574	53.5189
109	0.0037795	4.50783	4.16898	53.673
110	-0.00141926	4.48753	4.09486	53.8198
111	-0.0213729	4.46563	3.97566	53.9552
112	-0.00905203	4.44515	3.92632	54.0858
113	0.0279733	4.4284	3.89007	54.2129
114	0.0639646	4.41521	3.84158	54.3354
115	0.0952475	4.40511	3.84209	54.4579
116	0.125016	4.39791	3.81621	54.578
117	0.134803	4.39176	3.72389	54.6896
118	0.148013	4.38693	3.59515	54.7895
119	0.164212	4.3837	3.48945	54.8798
120	0.178746	4.38188	3.45567	54.9673
121	0.183855	4.38061	3.41276	55.0512
122	0.190244	4.38	3.43268	55.137
123	0.200161	4.38035	3.40122	55.2203
124	0.204231	4.38112	3.29478	55.2942
125	0.198033	4.38142	3.27588	55.3668
126	0.172276	4.3795	3.21019	55.4339
127	0.173224	4.37774	3.07853	55.4897
128	0.167026	4.37552	3.02024	55.5408
129	0.1727	4.37388	2.96285	55.5872
130	0.174782	4.3725	2.94994	55.6331
131	0.18917	4.37243	3.02192	55.6856
132	0.189862	4.37249	3.0501	55.7409
133	0.209952	4.37434	2.99571	55.7919
134	0.230063	4.37795	3.01496	55.845
135	0.227937	4.38142	2.99767	55.8969
136	0.224956	4.38467	2.97621	55.9474
137	0.24262	4.38945	3.03206	56.003
138	0.242585	4.39425	2.94027	56.0511
139	0.240997	4.39893	2.99335	56.1041
140	0.22012	4.40189	3.01708	56.1594
141	0.212933	4.40428	3.03252	56.2163
142	0.200834	4.4057	3.04378	56.2744
143	0.194311	4.40662	3.02599	56.3313
144	0.199318	4.40799	3.0045	56.3868
145	0.206279	4.40999	2.96384	56.4391
146	0.202336	4.4117	2.90393	56.4868
147	0.202968	4.4135	2.79992	56.5263
148	0.192829	4.41451	2.78064	56.5647
149	0.192923	4.41557	2.8128	56.606
150	0.184876	4.41601	2.8561	56.6511
151	0.176222	4.41581	2.85666	56.6966
152	0.166858	4.41489	2.86711	56.7433
153	0.165579	4.41393	2.86382	56.79
154	0.164717	4.41295	2.81084	56.8328
155	0.178492	4.41312	2.68523	56.8658
156	0.175626	4.4131	2.56138	56.8893
157	0.16555	4.41233	2.51033	56.9092
158	0.173914	4.41227	2.35248	56.9171
159	0.190503	4.41356	2.2543	56.9177
160	0.206281	4.41613	2.09691	56.9066
161	0.211805	4.41915	2.08083	56.8947
162	0.235724	4.42407	2.11737	56.8864
163	0.252583	4.4303	2.13927	56.8803
164	0.255627	4.43678	2.15171	56.8757
165	0.248481	4.4427	2.15685	56.8721
166	0.246752	4.4485	2.18586	56.8712
167	0.242633	4.45398	2.23644	56.8747
168	0.24136	4.45938	2.28471	56.8824
169	0.229594	4.46388	2.27799	56.8901
170	0.225941	4.46811	2.27743	56.8981
171	0.250163	4.4742	2.32131	56.9099
172	0.276764	4.4823	2.32255	56.9222
173	0.285283	4.49105	2.3192	56.9347
174	0.281862	4.49952	2.27333	56.9441
175	0.28756	4.5084	2.22599	56.9503
176	0.298702	4.51811	2.23002	56.9573
177	0.303565	4.52816	2.24872	56.9661
178	0.319378	4.53937	2.31481	56.9801
179	0.313882	4.55014	2.35726	56.9977
180	0.316691	4.5611	2.37124	57.0167
181	0.33369	4.57329	2.42916	57.0403
182	0.344521	4.58625	2.47109	57.0673
183	0.360425	4.60033	2.52264	57.0983
184	0.352889	4.61382	2.54021	57.1308
185	0.34332	4.62658	2.55371	57.1646
186	0.330378	4.63835	2.56411	57.1994
187	0.318282	4.64922	2.59322	57.2365
188	0.311755	4.65958	2.58447	57.2732
189	0.323816	4.6708	2.5766	57.3095
190	0.340655	4.68321	2.61322	57.3487
191	0.339592	4.6955	2.5912	57.3864
192	0.324642	4.70669	2.64426	57.4282
193	0.312877	4.71702	2.60848	57.4676
194	0.308152	4.72698	2.53893	57.5021
195	0.299417	4.7363	2.56699	57.5389
196	0.290838	4.74499	2.55128	57.5747
197	0.273132	4.75242	2.57778	57.6126
198	0.270508	4.75965	2.55749	57.6493
199	0.273513	4.76709	2.56455	57.6866
200	0.268256	4.77415	2.54352	57.7226
201	0.269368	4.78128	2.49126	57.7551
202	0.273821	4.78872	2.49207	57.7878
203	0.277226	4.79639	2.49017	57.8206
204	0.271138	4.80362	2.51862	57.8556
205	0.273907	4.81104	2.47806	57.8879
206	0.273931	4.81846	2.46327	57.9194
207	0.276533	4.82605	2.4277	57.9486
208	0.284912	4.8342	2.44435	57.9792
209	0.293343	4.84293	2.44748	58.0101
210	0.297478	4.85193	2.46395	58.0424
211	0.291689	4.86051	2.46578	58.0749
212	0.289214	4.86891	2.45868	58.1071
213	0.285852	4.87707	2.44972	58.1389
214	0.278494	4.88472	2.44191	58.1703
215	0.279534	4.89242	2.43927	58.2017
216	0.273319	4.8997	2.47169	58.2355
217	0.262353	4.90623	2.47913	58.2699
218	0.26108	4.91267	2.44467	58.3022
219	0.255069	4.9187	2.41831	58.3328
220	0.257835	4.92491	2.37291	58.3605
221	0.252414	4.93076	2.36411	58.3878
222	0.25628	4.93687	2.37571	58.4161
223	0.246965	4.94235	2.3965	58.4459
224	0.241892	4.94749	2.36667	58.4739
225	0.238593	4.95242	2.38648	58.5034
226	0.23039	4.95681	2.41234	58.5347
227	0.217156	4.96032	2.44872	58.5686
228	0.205001	4.96304	2.49544	58.6056
229	0.198765	4.96537	2.51042	58.6438
230	0.196947	4.96759	2.52999	58.6834
231	0.198246	4.9699	2.56335	58.7253
232	0.209857	4.97299	2.61912	58.7709
233	0.217411	4.97658	2.64126	58.818
234	0.222898	4.98054	2.66077	58.8665
235	0.21316	4.98386	2.68397	58.9165
236	0.205873	4.98673	2.70757	58.9681
237	0.199377	4.98918	2.69661	59.019
238	0.208633	4.99224	2.67087	59.0684
239	0.21955	4.99602	2.68021	59.1183
240	0.228013	5.00034	2.65719	59.1669
241	0.233143	5.005	2.63196	59.2138
242	0.235565	5.00981	2.59608	59.2586
243	0.236293	5.01468	2.56321	59.3013
244	0.230778	5.01919	2.59565	59.3461
245	0.221429	5.02311	2.61819	59.3925
246	0.221393	5.02703	2.5749	59.4361
247	0.22797	5.03137	2.5793	59.4801
248	0.236021	5.03622	2.5542	59.5226
249	0.230554	5.04073	2.5198	59.5629
250	0.221848	5.0447	2.53359	59.6042
251	0.222969	5.04874	2.54685	59.6464
252	0.218078	5.05247	2.52065	59.6871
253	0.211734	5.05582	2.49997	59.7265
254	0.208039	5.05893	2.51193	59.7667
255	0.202588	5.06172	2.49268	59.8058
256	0.202917	5.06453	2.44666	59.8421
257	0.203848	5.06741	2.43067	59.8775
258	0.205689	5.07042	2.40596	59.9115
259	0.210327	5.07371	2.3931	59.9447
260	0.215816	5.07735	2.40864	59.979
261	0.223083	5.08145	2.44194	60.0155
262	0.222159	5.08549	2.41265	60.0502
263	0.228729	5.08993	2.39032	60.0836
264	0.230525	5.09449	2.38694	60.1169
265	0.225766	5.09876	2.39939	60.1511
266	0.235118	5.1036	2.41734	60.1864
267	0.229238	5.10808	2.43188	60.2227
268	0.230387	5.11264	2.39495	60.2568
269	0.234275	5.11743	2.36272	60.2891
270	0.242166	5.12269	2.31987	60.3188
271	0.242648	5.12799	2.26397	60.3453
272	0.24082	5.13317	2.24527	60.3707
273	0.240011	5.1383	2.21607	60.3945
274	0.237871	5.1433	2.22079	60.4186
275	0.230574	5.14787	2.21679	60.4427
276	0.2158	5.15154	2.24829	60.4687
277	0.205963	5.15463	2.28369	60.497
278	0.202131	5.1575	2.31037	60.5269
279	0.203189	5.16043	2.34015	60.5587
280	0.201339	5.16327	2.34739	60.591
281	0.20049	5.16605	2.36964	60.6248
282	0.201422	5.1689	2.39728	60.6602
283	0.194902	5.17137	2.42211	60.6972
284	0.190158	5.17357	2.43093	60.7347
285	0.177238	5.17501	2.46125	60.7741
286	0.164937	5.17574	2.44746	60.8127
287	0.157636	5.17605	2.41658	60.8495
288	0.14869	5.17585	2.35307	60.8827
289	0.1384	5.17506	2.29138	60.9123
290	0.130038	5.1738	2.2767	60.9412
291	0.126072	5.17233	2.29131	60.971
292	0.119211	5.17048	2.29942	61.0013
293	0.119594	5.16867	2.28801	61.031
294	0.109275	5.16628	2.29439	61.0612
295	0.105186	5.16368	2.28255	61.0908
296	0.104233	5.16105	2.27911	61.1202
297	0.103278	5.15838	2.28448	61.15
298	0.108588	5.15605	2.29392	61.1805
299	0.108524	5.15373	2.30528	61.2116
300	0.109154	5.15147	2.31806	61.2436
301	0.116286	5.14965	2.35339	61.2777
302	0.119425	5.14802	2.3843	61.3135
303	0.128909	5.14695	2.42958	61.3521
304	0.143616	5.14675	2.48825	61.394
305	0.154023	5.14715	2.5118	61.4373
306	0.158432	5.14781	2.51576	61.4808
307	0.159963	5.14858	2.51873	61.5245
308	0.157952	5.14924	2.49715	61.567
309	0.156705	5.14984	2.48971	61.6091
310	0.158383	5.15055	2.4729	61.6503
311	0.154062	5.15102	2.45407	61.6905
312	0.160908	5.15189	2.47261	61.7317
313	0.16755	5.15315	2.46526	61.7726
314	0.177465	5.15497	2.4723	61.8138
315	0.184947	5.15722	2.46265	61.8546
316	0.190429	5.15979	2.48511	61.8966
317	0.190319	5.16235	2.48879	61.9388
318	0.190719	5.16494	2.4836	61.9808
319	0.181094	5.16699	2.49562	62.0235
320	0.181059	5.16905	2.50624	62.0668
321	0.178254	5.17097	2.48929	62.1091
322	0.173969	5.17264	2.45564	62.1496
323	0.174118	5.17434	2.44654	62.1897
324	0.176181	5.17615	2.45923	62.2304
325	0.180946	5.17824	2.4811	62.2724
326	0.193299	5.18101	2.52708	62.3169
327	0.192436	5.18374	2.54561	62.3625
328	0.191527	5.18643	2.56216	62.409
329	0.193053	5.1892	2.57413	62.4561
330	0.196086	5.19214	2.58979	62.5041
331	0.198861	5.19523	2.60202	62.5528
332	0.203383	5.19858	2.62431	62.6027
333	0.203995	5.20196	2.64177	62.6535
334	0.206628	5.20549	2.65844	62.7052
335	0.201121	5.20871	2.67906	62.7581
336	0.202236	5.212	2.6826	62.8111
337	0.19496	5.2149	2.67948	62.8639
338	0.185694	5.21729	2.68063	62.9168
339	0.185691	5.21969	2.67852	62.9695
340	0.184373	5.22203	2.68942	63.0228
341	0.185168	5.22441	2.69554	63.0764
342	0.183883	5.22672	2.67139	63.1287
343	0.179944	5.22883	2.67661	63.1812
344	0.173596	5.2306	2.66331	63.233
345	0.168976	5.23213	2.68125	63.2858
346	0.168022	5.23361	2.69402	63.3392
347	0.168868	5.23515	2.70238	63.3931
348	0.162844	5.23637	2.69238	63.4464
349	0.164367	5.23768	2.68596	63.4993
350	0.170488	5.23932	2.67558	63.5516
351	0.178109	5.24137	2.69944	63.6052
352	0.188709	5.244	2.73181	63.6605
353	0.193422	5.24687	2.74797	63.7166
354	0.199159	5.25005	2.77058	63.7739
355	0.207835	5.25369	2.8044	63.833
356	0.214291	5.25768	2.835	63.8936
357	0.216494	5.26178	2.84542	63.9547
358	0.217212	5.26591	2.85577	64.0164
359	0.228621	5.27064	2.89677	64.0801
360	0.240765	5.27601	2.9487	64.1465
361	0.251143	5.28192	2.98545	64.2148
362	0.258264	5.2882	2.96825	64.2821
363	0.260741	5.2946	2.91466	64.3465
364	0.258031	5.30085	2.88744	64.4095
365	0.261881	5.30729	2.86336	64.4712
366	0.264745	5.31388	2.84564	64.5318
367	0.26939	5.3207	2.83889	64.5921
368	0.266779	5.32737	2.83541	64.6522
369	0.265613	5.33397	2.81258	64.711
370	0.264071	5.34049	2.82185	64.7703
371	0.266175	5.34711	2.8367	64.8303
372	0.270044	5.35392	2.8579	64.8913
373	0.274746	5.36097	2.87299	64.9531
374	0.281523	5.36835	2.86343	65.0144
375	0.285676	5.37594	2.86688	65.0757
376	0.285105	5.38349	2.82638	65.135
377	0.283129	5.39092	2.80396	65.193
378	0.278657	5.39812	2.79558	65.2506
379	0.272784	5.40501	2.80175	65.3084
380	0.269389	5.41171	2.73992	65.3631
381	0.270114	5.41844	2.73765	65.4176
382	0.273299	5.42533	2.71297	65.4708
383	0.274721	5.43228	2.72348	65.5245
384	0.280057	5.43949	2.75316	65.5797
385	0.285506	5.44698	2.76874	65.6357
386	0.288124	5.45458	2.75838	65.6911
387	0.292521	5.4624	2.72553	65.7448
388	0.289565	5.47005	2.6984	65.7971
389	0.287565	5.47759	2.69638	65.8492
390	0.285413	5.48502	2.71133	65.9021
391	0.277832	5.49205	2.73173	65.956
392	0.269331	5.49864	2.70451	66.0085
393	0.271717	5.50535	2.69584	66.0606
394	0.276594	5.5123	2.69755	66.1127
395	0.27517	5.51916	2.70606	66.1652
396	0.272985	5.5259	2.71789	66.2182
397	0.270129	5.5325	2.72814	66.2718
398	0.267435	5.53895	2.73565	66.3257
399	0.266964	5.54537	2.74042	66.3798
400	0.271741	5.55202	2.74299	66.434
401	0.2746	5.55881	2.74601	66.4883
402	0.28282	5.566	2.74562	66.5425
403	0.279329	5.573	2.73859	66.5964
404	0.277056	5.57988	2.71561	66.6491
405	0.273151	5.58656	2.72036	66.702
406	0.270697	5.59311	2.72882	66.7553
407	0.266095	5.59943	2.74181	66.8093
408	0.265342	5.6057	2.74931	66.8635
409	0.266807	5.61204	2.7669	66.9186
410	0.263957	5.61823	2.78571	66.9746
411	0.260187	5.62423	2.79687	67.0311
412	0.254492	5.62994	2.81785	67.0886
413	0.250708	5.63546	2.81422	67.1458
414	0.246404	5.64076	2.82566	67.2036
415	0.242294	5.64586	2.79482	67.2599
416	0.237875	5.65074	2.79652	67.3161
417	0.225538	5.65501	2.81816	67.3734
418	0.217485	5.65888	2.81779	67.4307
419	0.21076	5.66243	2.82768	67.4884
420	0.207496	5.66582	2.84408	67.5468
421	0.207177	5.66919	2.86147	67.606
422	0.209212	5.67266	2.88049	67.6662
423	0.205443	5.67595	2.88223	67.7263
424	0.20352	5.67914	2.89519	67.787
425	0.196708	5.68201	2.9113	67.8485
426	0.193095	5.6847	2.92385	67.9105
427	0.193185	5.6874	2.93065	67.9728
428	0.19329	5.6901	2.92803	68.0349
429	0.190304	5.69266	2.92782	68.097
430	0.18824	5.69513	2.92349	68.1588
431	0.188711	5.69762	2.92287	68.2205
432	0.18757	5.70005	2.92857	68.2824
433	0.185347	5.70238	2.94275	68.345
434	0.176991	5.70432	2.96976	68.4088
435	0.170422	5.70594	2.98438	68.4733
436	0.170454	5.70757	2.98654	68.5378
437	0.165924	5.70898	2.99521	68.6026
438	0.164812	5.71035	3.01208	68.6682
439	0.164872	5.71172	3.01602	68.7339
440	0.167686	5.71323	2.99397	68.7985
441	0.167016	5.71472	3.00254	68.8635
442	0.167789	5.71624	3.01943	68.9292
443	0.163246	5.71755	3.0194	68.9948
444	0.152019	5.71834	3.06202	69.0624
445	0.144763	5.71878	3.07467	69.1306
446	0.135603	5.7188	3.10024	69.1998
447	0.133743	5.71874	3.09283	69.2687
448	0.131302	5.71858	3.08637	69.3372
449	0.131139	5.71841	3.06765	69.4047
450	0.127465	5.71807	3.06185	69.4719
451	0.120614	5.71743	3.06883	69.5394
452	0.113298	5.71644	3.0855	69.6076
453	0.114097	5.71551	3.09829	69.6763
454	0.112737	5.71452	3.0909	69.7446
455	0.112314	5.71351	3.09829	69.8132
456	0.116706	5.71273	3.12199	69.8828
457	0.121496	5.71217	3.12818	69.9526
458	0.126615	5.71186	3.09438	70.0208
459	0.123032	5.71139	3.08971	70.0888
460	0.118845	5.71074	3.09496	70.1569
461	0.114461	5.70989	3.08717	70.2245
462	0.107626	5.70873	3.08254	70.2919
463	0.10133	5.70729	3.06813	70.3586
464	0.0942626	5.70553	3.06839	70.4252
465	0.091287	5.70364	3.07016	70.4918
466	0.088942	5.70165	3.08342	70.559
467	0.0864514	5.69956	3.09176	70.6265
468	0.0828973	5.69732	3.08502	70.6936
469	0.0792202	5.69492	3.09834	70.7613
470	0.0743428	5.6923	3.10583	70.8293
471	0.0697736	5.68949	3.10402	70.8971
472	0.0656561	5.6865	3.1069	70.9649
473	0.0701328	5.68373	3.11885	71.0333
474	0.0664887	5.68081	3.11037	71.1012
475	0.0640144	5.67778	3.12575	71.1698
476	0.0635334	5.67474	3.13342	71.2386
477	0.0644873	5.67176	3.14148	71.3077
478	0.0664078	5.66888	3.15991	71.3777
479	0.0654779	5.66597	3.17703	71.4483
480	0.0622136	5.66293	3.18063	71.519
481	0.06122	5.65985	3.19433	71.5903
482	0.0658634	5.65699	3.19959	71.6617
483	0.0682592	5.65426	3.18226	71.7323
484	0.0674374	5.65149	3.18828	71.8031
485	0.0610886	5.64846	3.21297	71.8749
486	0.0594093	5.64536	3.22152	71.9471
487	0.0581737	5.64221	3.22876	72.0195
488	0.0578728	5.63907	3.22462	72.0916
489	0.0572636	5.6359	3.23101	72.164
490	0.0541595	5.63262	3.23155	72.2363
491	0.050879	5.62919	3.23816	72.3088
492	0.0513527	5.6258	3.23816	72.3813
493	0.0544014	5.62256	3.25124	72.4543
494	0.0553104	5.61937	3.24117	72.5267
495	0.0598515	5.6164	3.24239	72.5992
496	0.0616021	5.61352	3.24593	72.6717
497	0.067511	5.61092	3.26275	72.7449
498	0.0660832	5.60826	3.2769	72.8187
499	0.0607755	5.60537	3.29369	72.8931
500	0.0606235	5.60249	3.29654	72.9676
501	0.0593486	5.59957	3.29848	73.0421
502	0.0584894	5.59662	3.29544	73.1164
503	0.05949	5.59372	3.29372	73.1906
504	0.060312	5.59087	3.30684	73.2652
505	0.0611567	5.58807	3.312	73.34
506	0.0618098	5.58531	3.29253	73.4139
507	0.0666113	5.58277	3.296	73.4878
508	0.0715372	5.58046	3.29958	73.5618
509	0.0765399	5.57839	3.29695	73.6357
510	0.0829107	5.5766	3.30676	73.7099
511	0.087973	5.57505	3.3287	73.785
512	0.0931074	5.57373	3.34888	73.8609
513	0.0982617	5.57264	3.36056	73.9372
514	0.0977228	5.57154	3.37061	74.0139
515	0.0945545	5.57031	3.38283	74.0911
516	0.0933229	5.56903	3.39212	74.1686
517	0.0923797	5.56772	3.38455	74.2456
518	0.096745	5.56661	3.39213	74.323
519	0.0985809	5.56558	3.40684	74.4009
520	0.100444	5.56464	3.40708	74.4787
521	0.0985835	5.56363	3.35218	74.554
522	0.0932086	5.56239	3.33703	74.6286
523	0.0880677	5.56094	3.32175	74.7025
524	0.0848368	5.55935	3.30641	74.7756
525	0.0834044	5.5577	3.31969	74.8493
526	0.0841415	5.5561	3.32817	74.9232
527	0.0875467	5.55465	3.3327	74.9972
528	0.0893306	5.55329	3.33436	75.0713
529	0.0861561	5.5518	3.33878	75.1455
530	0.0830372	5.55018	3.34611	75.2199
531	0.0824663	5.54854	3.3481	75.2943
532	0.0852794	5.54703	3.33501	75.3681
533	0.0825718	5.54541	3.3132	75.4409
534	0.0815478	5.54376	3.29519	75.5128
535	0.0781997	5.54197	3.27844	75.5839
536	0.0737086	5.54	3.26711	75.6545
537	0.0719905	5.53796	3.25139	75.7243
538	0.0681378	5.53576	3.24202	75.7937
539	0.0645041	5.53341	3.23302	75.8626
540	0.0648985	5.53109	3.24427	75.9319
541	0.0640838	5.52875	3.25583	76.0017
542	0.0585637	5.52618	3.26865	76.072
543	0.0555588	5.52348	3.26617	76.1421
544	0.0532962	5.5207	3.24147	76.211
545	0.0562337	5.51806	3.21489	76.2788
546	0.0576426	5.51548	3.20947	76.3463
547	0.0569057	5.51289	3.19937	76.4132
548	0.0544976	5.5102	3.20935	76.4806
549	0.0522739	5.50742	3.22236	76.5484
550	0.0468194	5.50442	3.23283	76.6167
551	0.0480199	5.50149	3.24426	76.6853
552	0.0506483	5.49867	3.25186	76.7542
553	0.0450509	5.49563	3.2628	76.8235
554	0.0409523	5.49242	3.25629	76.8925
555	0.0389043	5.48914	3.2592	76.9616
556	0.0375874	5.48581	3.2695	77.031
557	0.0385711	5.48253	3.28071	77.1008
558	0.0411521	5.47937	3.2938	77.1711
559	0.0417847	5.47625	3.30495	77.2419
560	0.0380327	5.47298	3.3066	77.3126
561	0.0358509	5.46963	3.29051	77.3826
562	0.0367591	5.46632	3.28454	77.4522
563	0.0372686	5.46305	3.28887	77.522
564	0.0397144	5.45989	3.29125	77.5919
565	0.0420018	5.45684	3.2848	77.6614
566	0.0427483	5.45383	3.28002	77.7306
567	0.0416663	5.45078	3.282	77.7999
568	0.0401413	5.44768	3.26726	77.8684
569	0.0358906	5.44441	3.26754	77.937
570	0.0317456	5.44097	3.26385	78.0053
571	0.0329521	5.4376	3.22693	78.072
572	0.034891	5.43432	3.20923	78.1379
573	0.0366608	5.43112	3.20226	78.2035
574	0.0339267	5.42782	3.19945	78.2689
575	0.0273689	5.42425	3.20969	78.3346
576	0.0209836	5.42043	3.23249	78.4013
577	0.0162035	5.41642	3.24436	78.4684
578	0.0133002	5.4123	3.2566	78.5359
579	0.0114008	5.40811	3.26593	78.6038
580	0.00909905	5.40384	3.27445	78.672
581	0.00814126	5.39954	3.27648	78.7402
582	0.00559513	5.39515	3.25539	78.8074
583	0.00839428	5.39089	3.23263	78.8737
584	0.00509067	5.38649	3.2259	78.9396
585	0.000606651	5.38193	3.23442	79.0059
586	-0.0026889	5.37724	3.23947	79.0723
587	-0.00604383	5.37242	3.24599	79.1389
588	-0.00625258	5.36761	3.24237	79.2052
589	-0.00326856	5.36293	3.23861	79.2714
590	0.000402644	5.35842	3.23352	79.3373
591	0.00100575	5.35394	3.21939	79.4026
592	0.000810751	5.34947	3.21106	79.4675
593	0.00350761	5.34511	3.21017	79.5323
594	0.00670147	5.3409	3.21566	79.5973
595	0.00619178	5.33668	3.21342	79.6621
596	0.00708226	5.3325	3.22057	79.7272
597	0.0084879	5.3284	3.20329	79.7915
598	0.0108348	5.3244	3.1943	79.8554
599	0.00956286	5.32036	3.17012	79.9182
600	0.0116378	5.31641	3.17327	79.9811
601	0.011481	5.31247	3.17349	80.044
602	0.00826776	5.30841	3.18071	80.1072
603	0.0066205	5.30429	3.18374	80.1704
604	0.00171334	5.29998	3.19678	80.234
605	-0.00195355	5.29553	3.21098	80.2983
606	-0.00383546	5.29102	3.2167	80.3626
607	-0.00464543	5.28648	3.23273	80.4276
608	-0.00631844	5.28189	3.2501	80.4933
609	-0.00415838	5.2774	3.26291	80.5594
610	-0.00203842	5.273	3.2689	80.6257
611	-0.00105036	5.26866	3.26677	80.6918
612	-0.00200308	5.26429	3.27248	80.7582
613	-0.00014477	5.26	3.28456	80.8249
614	0.00380419	5.25588	3.29695	80.8921
615	0.00272282	5.25173	3.29547	80.9592
616	0.00487887	5.24768	3.29805	81.0264
617	0.0109023	5.24387	3.30909	81.0939
618	0.014609	5.24023	3.30803	81.1613
619	0.0171835	5.2367	3.30012	81.2284
620	0.0161497	5.23313	3.27092	81.2942
621	0.0148141	5.22953	3.27797	81.3603
622	0.0104695	5.22575	3.29009	81.4268
623	0.0101505	5.22198	3.29445	81.4934
624	0.0101768	5.21821	3.29566	81.56
625	0.0101712	5.21445	3.27994	81.6259
626	0.00953112	5.21068	3.26771	81.6913
627	0.00833797	5.20687	3.25105	81.7559
628	0.00366724	5.20288	3.26331	81.821
629	0.00118082	5.19881	3.26805	81.8863
630	0.00101631	5.19473	3.2698	81.9515
631	0.000362836	5.19064	3.28024	82.0172
632	0.00203608	5.18663	3.27535	82.0825
633	0.00335842	5.18267	3.27756	82.1479
634	0.00601241	5.17884	3.27257	82.2131
635	0.0109962	5.17521	3.2827	82.2786
636	0.0170582	5.17182	3.29976	82.3447
637	0.0226643	5.16867	3.3087	82.4112
638	0.0259009	5.16566	3.32165	82.4781
639	0.0287504	5.16276	3.32467	82.545
640	0.0325684	5.16002	3.33255	82.6122
641	0.0346783	5.15738	3.33484	82.6795
642	0.0376334	5.15485	3.33723	82.7468
643	0.0410827	5.15247	3.32752	82.8136
644	0.0380021	5.14998	3.33024	82.8805
645	0.0328322	5.14729	3.34768	82.9481
646	0.0325245	5.14459	3.3526	83.0157
647	0.036101	5.14205	3.35626	83.0835
648	0.0390531	5.13962	3.364	83.1515
649	0.0397695	5.13723	3.36972	83.2197
650	0.0394956	5.13484	3.36508	83.2876
651	0.0384967	5.13241	3.36	83.3553
652	0.0380123	5.12997	3.35782	83.4229
653	0.0325048	5.12732	3.36782	83.4908
654	0.0245889	5.12437	3.38711	83.5593
655	0.0178085	5.12117	3.41048	83.6288
656	0.0146153	5.11784	3.4097	83.6981
657	0.0115519	5.11441	3.39565	83.7669
658	0.00936593	5.1109	3.39228	83.8354
659	0.0109096	5.10746	3.39234	83.904
660	0.0124644	5.10408	3.38908	83.9723
661	0.0132753	5.10075	3.3803	84.0402
662	0.0185801	5.09762	3.40317	84.109
663	0.0224403	5.09466	3.40996	84.1779
664	0.0216239	5.09167	3.40174	84.2465
665	0.0204338	5.08864	3.40397	84.3152
666	0.0199755	5.08561	3.41096	84.384
667	0.0216796	5.08264	3.4171	84.453
668	0.0230873	5.07974	3.41867	84.522
669	0.024176	5.07689	3.41854	84.591
670	0.0262274	5.07412	3.42462	84.6602
671	0.0207436	5.07115	3.44261	84.7299
672	0.0179393	5.06808	3.44288	84.7997
673	0.0149361	5.0649	3.44774	84.8695
674	0.0114114	5.06159	3.45211	84.9395
675	0.00719496	5.05812	3.45252	85.0095
676	0.00489922	5.05458	3.44413	85.079
677	0.000767653	5.05089	3.44386	85.1485
678	-0.00495013	5.04698	3.44949	85.2182
679	-0.00897869	5.04293	3.45233	85.2879
680	-0.0105144	5.03883	3.42403	85.3564
681	-0.0150252	5.03456	3.40949	85.4244
682	-0.0200481	5.03012	3.41305	85.4924
683	-0.0234066	5.02555	3.4129	85.5604
684	-0.0267227	5.02086	3.42191	85.6286
685	-0.0296114	5.01608	3.43288	85.6973
686	-0.0299029	5.01129	3.43728	85.766
687	-0.0298692	5.00652	3.43537	85.8346
688	-0.0281389	5.00182	3.44143	85.9034
689	-0.023521	4.9973	3.45468	85.9727
690	-0.0202082	4.99292	3.46467	86.0422
691	-0.0197958	4.98856	3.46231	86.1116
692	-0.019619	4.98422	3.46973	86.1813
693	-0.015475	4.98005	3.48477	86.2515
694	-0.0140772	4.97594	3.48347	86.3215
695	-0.0137047	4.97185	3.48022	86.3914
696	-0.0148685	4.96772	3.4851	86.4614
697	-0.012738	4.96369	3.49111	86.5316
698	-0.0113701	4.95971	3.49633	86.6019
699	-0.00873073	4.95584	3.50491	86.6725
700	-0.00808072	4.95201	3.50746	86.7431
701	-0.00730777	4.94821	3.5106	86.8138
702	-0.00889174	4.94436	3.5155	86.8846
703	-0.0120668	4.94039	3.50989	86.9552
704	-0.0117259	4.93645	3.50035	87.0253
705	-0.0116418	4.93252	3.48317	87.0947
706	-0.0142641	4.9285	3.4799	87.164
707	-0.0187907	4.92432	3.46433	87.2326
708	-0.0189486	4.92014	3.45803	87.3009
709	-0.0194558	4.91595	3.45437	87.369
710	-0.0204821	4.91173	3.44929	87.4369
711	-0.0218986	4.90746	3.44997	87.5048
712	-0.0235412	4.90314	3.45074	87.5726
713	-0.0261573	4.89873	3.45942	87.6408
714	-0.0275782	4.89428	3.47007	87.7092
715	-0.0287881	4.88979	3.47876	87.7779
716	-0.028644	4.88532	3.48681	87.8469
717	-0.0275386	4.88089	3.49676	87.9162
718	-0.0283522	4.87644	3.50162	87.9856
719	-0.0335575	4.87181	3.50589	88.0552
720	-0.0369994	4.86706	3.50691	88.1247
721	-0.0398976	4.86221	3.5051	88.1941
722	-0.0449456	4.85718	3.50487	88.2634
723	-0.051095	4.85193	3.52054	88.3333
724	-0.0569346	4.84647	3.53637	88.4037
725	-0.0593134	4.84094	3.54624	88.4744
726	-0.061829	4.83532	3.55008	88.5451
727	-0.0637726	4.82964	3.54469	88.6157
728	-0.0641342	4.82396	3.52425	88.6854
729	-0.0662421	4.81821	3.51105	88.7546
730	-0.0660587	4.81248	3.49435	88.8231
731	-0.0665064	4.80674	3.49004	88.8914
732	-0.0662347	4.80102	3.49668	88.9599
733	-0.0675323	4.79526	3.50314	89.0286
734	-0.0676967	4.7895	3.4737	89.0961
735	-0.0685959	4.78373	3.47631	89.1637
736	-0.0670832	4.77801	3.46768	89.2309
737	-0.0682923	4.77227	3.46483	89.298
738	-0.0684563	4.76653	3.45984	89.3648
739	-0.0670222	4.76085	3.46118	89.4316
740	-0.0653482	4.75524	3.46598	89.4986
741	-0.0658205	4.74962	3.46684	89.5655
742	-0.0678322	4.74394	3.4681	89.6325
743	-0.0673685	4.73829	3.46034	89.6991
744	-0.0672177	4.73265	3.45909	89.7656
745	-0.0707916	4.72689	3.44913	89.8317
746	-0.074999	4.72099	3.43249	89.8971
747	-0.0780094	4.71499	3.42436	89.9622
748	-0.0784882	4.70898	3.418	90.027
749	-0.0762295	4.70306	3.42271	90.0919
750	-0.0742731	4.69722	3.43535	90.1573
751	-0.0710101	4.69151	3.44185	90.2228
752	-0.0679584	4.68593	3.42569	90.2877
753	-0.0647619	4.68047	3.42075	90.3524
754	-0.0651344	4.675	3.41534	90.4169
755	-0.0643869	4.66957	3.40827	90.481
756	-0.0628228	4.66421	3.40533	90.545
757	-0.0602654	4.65895	3.3849	90.6082
758	-0.0589154	4.65374	3.35119	90.6701
759	-0.0565598	4.64864	3.33048	90.7312
760	-0.0570604	4.64352	3.31514	90.7918
761	-0.0582189	4.63837	3.29916	90.8517
762	-0.0570384	4.63327	3.28921	90.9112
763	-0.0587498	4.62811	3.28051	90.9704
764	-0.0558364	4.62307	3.28008	91.0295
765	-0.0565748	4.61802	3.27565	91.0884
766	-0.0575085	4.61293	3.27262	91.1472
767	-0.0551343	4.60794	3.26906	91.2058
768	-0.0562503	4.60292	3.27118	91.2644
769	-0.0540291	4.59799	3.26922	91.323
770	-0.0535449	4.59309	3.27187	91.3816
771	-0.0547244	4.58815	3.26682	91.4399
772	-0.0556687	4.58318	3.2612	91.4981
773	-0.0554498	4.57823	3.23564	91.5552
774	-0.0556346	4.57328	3.23795	91.6125
775	-0.0546758	4.56838	3.24011	91.6697
776	-0.0546057	4.56348	3.23444	91.7268
777	-0.0550314	4.55858	3.23721	91.7839
778	-0.0542511	4.55372	3.2335	91.8408
779	-0.0524983	4.54892	3.23287	91.8976
780	-0.0482997	4.54428	3.23286	91.9545
781	-0.0469939	4.5397	3.22558	92.011
782	-0.0472716	4.53512	3.22661	92.0675
783	-0.0487041	4.53049	3.22973	92.1242
784	-0.0516599	4.52576	3.22482	92.1806
785	-0.0521566	4.52103	3.21711	92.2367
786	-0.0506959	4.51635	3.22435	92.293
787	-0.0503721	4.5117	3.22212	92.3492
788	-0.052678	4.50697	3.21948	92.4053
789	-0.0537346	4.50221	3.22038	92.4613
790	-0.05381	4.49745	3.21895	92.5173
791	-0.0520177	4.49277	3.22138	92.5734
792	-0.0487214	4.48821	3.23173	92.6297
793	-0.0461029	4.48375	3.24358	92.6865
794	-0.046924	4.47927	3.2407	92.7431
795	-0.0469432	4.47479	3.23508	92.7995
796	-0.0480258	4.47029	3.22292	92.8554
797	-0.0518621	4.46566	3.21924	92.9112
798	-0.053346	4.46098	3.22498	92.9671
799	-0.0545721	4.45627	3.2324	93.0233
800	-0.0557259	4.45152	3.23271	93.0794
801	-0.0558643	4.44677	3.24043	93.1358
802	-0.0558176	4.44204	3.23855	93.1921
803	-0.0552287	4.43733	3.23554	93.2482
804	-0.0538345	4.43268	3.23465	93.3043
805	-0.0516261	4.42812	3.24225	93.3606
806	-0.0519718	4.42355	3.24045	93.4168
807	-0.0528067	4.41896	3.24333	93.4731
808	-0.0509641	4.41444	3.2347	93.529
809	-0.0473949	4.41005	3.23918	93.5851
810	-0.0436019	4.40581	3.23282	93.6409
811	-0.0396092	4.40171	3.20922	93.6958
812	-0.0361008	4.39774	3.1944	93.7502
813	-0.0320978	4.39391	3.19365	93.8046
814	-0.0276792	4.39025	3.20211	93.8592
815	-0.0266292	4.38663	3.20022	93.9137
816	-0.026744	4.38301	3.20839	93.9684
817	-0.0249838	4.37946	3.21551	94.0234
818	-0.0246905	4.37593	3.2189	94.0785
819	-0.0229267	4.37247	3.22936	94.1339
820	-0.0210437	4.36907	3.23337	94.1894
821	-0.0224806	4.36563	3.22168	94.2444
822	-0.0229595	4.36218	3.21796	94.2993
823	-0.0198102	4.35885	3.22236	94.3543
824	-0.0201327	4.35551	3.22564	94.4094
825	-0.0205017	4.35216	3.21826	94.4643
826	-0.0208736	4.34881	3.21554	94.5189
827	-0.0242693	4.34534	3.22503	94.5739
828	-0.0267789	4.34179	3.22857	94.629
829	-0.0293554	4.33816	3.23124	94.6841
830	-0.032938	4.33441	3.23693	94.7394
831	-0.0354296	4.33058	3.24177	94.7949
832	-0.0378013	4.32668	3.24262	94.8503
833	-0.0410165	4.32266	3.24052	94.9056
834	-0.0428458	4.3186	3.24164	94.961
835	-0.0439485	4.3145	3.24241	95.0163
836	-0.0458228	4.31034	3.24899	95.0718
837	-0.0465642	4.30616	3.24332	95.1271
838	-0.0497066	4.30188	3.23965	95.1823
839	-0.0493751	4.29762	3.24032	95.2374
840	-0.0459791	4.29348	3.23433	95.2923
841	-0.0437434	4.28943	3.22615	95.3469
842	-0.0443081	4.28536	3.20963	95.4008
843	-0.0472898	4.2812	3.20382	95.4546
844	-0.0473984	4.27704	3.20536	95.5084
845	-0.0461911	4.27293	3.20798	95.5622
846	-0.044498	4.26888	3.20891	95.616
847	-0.0447191	4.26483	3.21131	95.6699
848	-0.0454085	4.26076	3.20702	95.7236
849	-0.0457281	4.25669	3.19596	95.7769
850	-0.0460666	4.25261	3.19408	95.8301
851	-0.0439945	4.24861	3.19709	95.8834
852	-0.044616	4.2446	3.19817	95.9367
853	-0.0444635	4.2406	3.19667	95.9899
854	-0.045252	4.23657	3.19601	96.043
855	-0.0465698	4.23251	3.19675	96.0962
856	-0.0463028	4.22846	3.19325	96.1492
857	-0.0452715	4.22445	3.1945	96.2022
858	-0.0445741	4.22048	3.20312	96.2555
859	-0.0472791	4.21641	3.20059	96.3086
860	-0.0488468	4.2123	3.17621	96.3609
861	-0.0508591	4.20813	3.17763	96.4133
862	-0.0543814	4.20384	3.18566	96.4658
863	-0.0574569	4.19946	3.18135	96.5182
864	-0.0595135	4.19501	3.19119	96.5709
865	-0.0611861	4.19051	3.19638	96.6238
866	-0.0610759	4.18603	3.19027	96.6764
867	-0.0601105	4.18158	3.18884	96.7289
868	-0.0603582	4.17713	3.1982	96.7817
869	-0.0616772	4.17264	3.20336	96.8347
870	-0.062658	4.16813	3.20948	96.8878
871	-0.064692	4.16355	3.21651	96.9412
872	-0.0655499	4.15895	3.21835	96.9946
873	-0.0681279	4.15427	3.22672	97.0482
874	-0.0704295	4.14952	3.23326	97.1021
875	-0.072073	4.14472	3.23808	97.156
876	-0.0740544	4.13986	3.23168	97.2098
877	-0.0773343	4.13489	3.23463	97.2635
878	-0.0801821	4.12984	3.23606	97.3174
879	-0.0797949	4.12481	3.23594	97.3711
880	-0.0790376	4.11981	3.2321	97.4247
881	-0.0781236	4.11484	3.23875	97.4786
882	-0.0796483	4.10984	3.23261	97.5321
883	-0.0796776	4.10484	3.23195	97.5856
884	-0.0805316	4.09981	3.22028	97.6387
885	-0.0804792	4.0948	3.21792	97.6917
886	-0.0789027	4.08984	3.22224	97.7449
887	-0.0799645	4.08486	3.22783	97.7981
888	-0.0779335	4.07995	3.22314	97.8512
889	-0.0785292	4.07503	3.22544	97.9043
890	-0.0810606	4.07003	3.22502	97.9574
891	-0.0830601	4.06497	3.23709	98.0109
892	-0.0854383	4.05984	3.25045	98.0648
893	-0.0852207	4.05473	3.25671	98.1188
894	-0.0864924	4.04957	3.25967	98.1729
895	-0.0869646	4.04441	3.25829	98.227
896	-0.0833285	4.03938	3.25738	98.281
897	-0.0830866	4.03436	3.25988	98.335
898	-0.0815281	4.0294	3.24511	98.3886
899	-0.0827641	4.02441	3.23784	98.4418
900	-0.0840981	4.01938	3.23941	98.4951
901	-0.083878	4.01436	3.23741	98.5483
902	-0.0839281	4.00935	3.2421	98.6016
903	-0.0845015	4.00432	3.24197	98.6549
904	-0.0856264	3.99927	3.2359	98.7079
905	-0.08767	3.99415	3.23415	98.7609
906	-0.0876542	3.98904	3.21735	98.8132
907	-0.0871029	3.98396	3.21105	98.8654
908	-0.0872724	3.97887	3.21273	98.9175
909	-0.0873565	3.9738	3.20714	98.9695
910	-0.0880461	3.9687	3.20023	99.0212
911	-0.0874793	3.96363	3.18523	99.0724
912	-0.0888832	3.95852	3.17633	99.1232
913	-0.0910588	3.95335	3.18109	99.1742
914	-0.0881739	3.94828	3.18882	99.2254
915	-0.0872957	3.94324	3.19213	99.2767
916	-0.0905498	3.9381	3.19604	99.3281
917	-0.0938014	3.93287	3.20809	99.3799
918	-0.0945529	3.92761	3.21446	99.4318
919	-0.0960464	3.92231	3.2174	99.4838
920	-0.0937476	3.9171	3.21509	99.5358
921	-0.0944562	3.91187	3.2159	99.5877
922	-0.096097	3.90659	3.21591	99.6396
923	-0.0945329	3.90137	3.21903	99.6915
924	-0.0943596	3.89616	3.21453	99.7433
925	-0.0936483	3.89098	3.20756	99.7949
926	-0.0902121	3.88592	3.21299	99.8466
927	-0.0864164	3.881	3.22132	99.8985
928	-0.0844884	3.87614	3.22904	99.9507
929	-0.0821778	3.87136	3.23063	100.003
930	-0.0781557	3.86673	3.2452	100.055
931	-0.0792236	3.86206	3.25419	100.108
932	-0.0769567	3.85747	3.23203	100.161
933	-0.0741001	3.85299	3.21447	100.212
934	-0.0719784	3.84857	3.21193	100.264
935	-0.0666482	3.84434	3.22092	100.315
936	-0.0619944	3.84027	3.22868	100.367
937	-0.0593915	3.83629	3.22816	100.419
938	-0.0568045	3.83239	3.23012	100.471
939	-0.0557939	3.82854	3.23515	100.523
940	-0.0555569	3.82469	3.2398	100.575
941	-0.0549217	3.82088	3.24216	100.627
942	-0.0535744	3.81711	3.24994	100.68
943	-0.051366	3.81342	3.26238	100.733
944	-0.0494346	3.80979	3.2708	100.786
945	-0.0466459	3.80627	3.27756	100.839
946	-0.0444648	3.80281	3.2865	100.893
947	-0.0448256	3.79935	3.29255	100.946
948	-0.0447915	3.7959	3.30163	101
949	-0.0441531	3.79247	3.30562	101.054
950	-0.0435502	3.78907	3.30761	101.109
951	-0.0443417	3.78564	3.31012	101.163
952	-0.0448549	3.78221	3.31236	101.217
953	-0.0446627	3.77878	3.30283	101.271
954	-0.0427108	3.77542	3.30454	101.325
955	-0.0429645	3.77206	3.29891	101.378
956	-0.0407514	3.76878	3.29042	101.432
957	-0.0374474	3.7656	3.28047	101.485
958	-0.0350995	3.76251	3.27495	101.538
959	-0.0321546	3.75951	3.27068	101.59
960	-0.0313764	3.75654	3.26916	101.643
961	-0.030332	3.75362	3.2642	101.695
962	-0.0278581	3.75077	3.25795	101.747
963	-0.0241284	3.74805	3.25948	101.8
964	-0.0215898	3.74542	3.24758	101.851
965	-0.0198483	3.74284	3.24848	101.903
966	-0.0180235	3.74033	3.25537	101.955
967	-0.02132	3.73771	3.26593	102.007
968	-0.0242017	3.73501	3.27071	102.06
969	-0.0274283	3.7322	3.27147	102.112
970	-0.0286095	3.72937	3.27588	102.165
971	-0.0278726	3.72656	3.26519	102.217
972	-0.026628	3.72379	3.26834	102.269
973	-0.0270358	3.72101	3.26624	102.321
974	-0.0253452	3.71829	3.25782	102.373
975	-0.0245639	3.71561	3.25373	102.425
976	-0.025989	3.71287	3.25189	102.477
977	-0.0249259	3.71018	3.2485	102.528
978	-0.0250337	3.70749	3.22236	102.579
979	-0.0242218	3.70482	3.21006	102.629
980	-0.0217415	3.70224	3.20398	102.679
981	-0.021896	3.69966	3.20309	102.729
982	-0.0218939	3.69708	3.21073	102.779
983	-0.0233361	3.69446	3.22083	102.829
984	-0.0244836	3.69181	3.22832	102.88
985	-0.0237313	3.68918	3.23444	102.931
986	-0.0247036	3.68653	3.24116	102.982
987	-0.026785	3.68381	3.24953	103.033
988	-0.0307405	3.68098	3.26284	103.085
989	-0.0335089	3.67805	3.27117	103.137
990	-0.0384273	3.67498	3.28872	103.189
991	-0.0390462	3.67189	3.28874	103.241
992	-0.0392023	3.6688	3.29122	103.294
993	-0.040842	3.66566	3.29777	103.346
994	-0.0405513	3.66253	3.29862	103.399
995	-0.0418391	3.65937	3.29465	103.452
996	-0.0414258	3.65623	3.28967	103.504
997	-0.0406643	3.65311	3.27726	103.556
998	-0.0392692	3.65004	3.27926	103.608
999	-0.0393374	3.64697	3.27943	103.66
1000	-0.0404023	3.64388	3.28722	103.712
1001	-0.0426123	3.64071	3.29786	103.764
1002	-0.0427454	3.63755	3.30462	103.817
1003	-0.0414052	3.63444	3.30533	103.869
1004	-0.0418203	3.63131	3.31399	103.922
1005	-0.0411445	3.62821	3.30682	103.975
1006	-0.0380898	3.62521	3.31296	104.027
1007	-0.035463	3.6223	3.31693	104.08
1008	-0.0343682	3.61942	3.30912	104.133
1009	-0.0344263	3.61655	3.31302	104.186
1010	-0.0347648	3.61367	3.30592	104.238
1011	-0.0351046	3.61078	3.29567	104.29
1012	-0.0363651	3.60786	3.28717	104.342
1013	-0.0394779	3.60484	3.29726	104.394
1014	-0.0417494	3.60176	3.29836	104.446
1015	-0.0427789	3.59865	3.29417	104.498
1016	-0.0411214	3.59559	3.27629	104.549
1017	-0.0399367	3.59257	3.27807	104.601
1018	-0.0399556	3.58956	3.2712	104.652
1019	-0.0411875	3.58651	3.26773	104.703
1020	-0.0388422	3.58354	3.27139	104.754
1021	-0.0389278	3.58057	3.27728	104.805
1022	-0.0414411	3.57753	3.28897	104.857
1023	-0.0404092	3.57452	3.29991	104.909
1024	-0.0423874	3.57146	3.30297	104.961
1025	-0.0436063	3.56836	3.30894	105.013
1026	-0.0431981	3.56527	3.3144	105.065
1027	-0.0430305	3.5622	3.3138	105.117
1028	-0.0433389	3.55912	3.31273	105.17
1029	-0.045195	3.55598	3.31063	105.222
1030	-0.0451522	3.55286	3.30521	105.274
1031	-0.0448547	3.54974	3.29505	105.325
1032	-0.043419	3.54667	3.29145	105.376
1033	-0.0423467	3.54364	3.28695	105.428
1034	-0.0409647	3.54066	3.28277	105.479
1035	-0.0416718	3.53766	3.27629	105.53
1036	-0.0418888	3.53465	3.27437	105.581
1037	-0.0460091	3.53152	3.27401	105.631
1038	-0.0477268	3.52835	3.26428	105.682
1039	-0.0476247	3.52518	3.26126	105.732
1040	-0.0474548	3.52201	3.25967	105.782
1041	-0.0479728	3.51884	3.251	105.832
1042	-0.0485391	3.51565	3.2498	105.882
1043	-0.0510768	3.51239	3.24604	105.932
1044	-0.0536398	3.50905	3.25443	105.982
1045	-0.0565927	3.50563	3.26453	106.032
1046	-0.0566331	3.5022	3.26588	106.082
1047	-0.0531406	3.49889	3.27397	106.133
1048	-0.0526033	3.4956	3.27678	106.183
1049	-0.0530623	3.4923	3.2805	106.234
1050	-0.0517375	3.48905	3.27955	106.285
1051	-0.0518366	3.48579	3.27025	106.335
1052	-0.052066	3.48254	3.26243	106.385
1053	-0.051159	3.47931	3.25647	106.435
1054	-0.050236	3.47612	3.24336	106.484
1055	-0.0495068	3.47295	3.24466	106.534
1056	-0.0474696	3.46985	3.24813	106.583
1057	-0.0464186	3.46678	3.2504	106.633
1058	-0.0448372	3.46377	3.25053	106.682
1059	-0.0444972	3.46077	3.24389	106.732
1060	-0.0442679	3.45778	3.2464	106.781
1061	-0.0419446	3.45487	3.24811	106.83
1062	-0.0429491	3.45193	3.24189	106.879
1063	-0.0445301	3.44894	3.23958	106.929
1064	-0.0448808	3.44595	3.24736	106.978
1065	-0.0460024	3.44293	3.25572	107.027
1066	-0.046066	3.4399	3.25852	107.077
1067	-0.0446888	3.43693	3.26375	107.127
1068	-0.0445394	3.43396	3.26755	107.176
1069	-0.0442325	3.43101	3.26594	107.226
1070	-0.0435586	3.42807	3.26572	107.276
1071	-0.0431839	3.42516	3.27132	107.326
1072	-0.0425124	3.42227	3.26382	107.375
1073	-0.0434354	3.41935	3.26556	107.425
1074	-0.0454619	3.41637	3.26667	107.475
1075	-0.0465619	3.41337	3.27097	107.524
1076	-0.0476348	3.41033	3.27079	107.574
1077	-0.0466461	3.40733	3.27444	107.624
1078	-0.0456302	3.40437	3.28058	107.674
1079	-0.0459288	3.4014	3.28488	107.724
1080	-0.0460885	3.39842	3.28671	107.774
1081	-0.0465162	3.39544	3.2934	107.825
1082	-0.0450318	3.39251	3.29868	107.875
1083	-0.042428	3.38965	3.30313	107.926
1084	-0.0380858	3.38694	3.31822	107.977
1085	-0.0344259	3.38433	3.33328	108.028
1086	-0.0342452	3.38174	3.33169	108.079
1087	-0.0350495	3.37913	3.3271	108.131
1088	-0.0357395	3.37649	3.33057	108.182
1089	-0.0373126	3.37381	3.33128	108.233
1090	-0.0381114	3.37112	3.33626	108.284
1091	-0.0396523	3.36837	3.3434	108.336
1092	-0.0400294	3.36562	3.34944	108.388
1093	-0.0398341	3.36288	3.34722	108.439
1094	-0.0408102	3.36012	3.34945	108.491
1095	-0.0413485	3.35734	3.35196	108.543
1096	-0.040709	3.35458	3.36017	108.595
1097	-0.0386493	3.35189	3.3686	108.647
1098	-0.0363415	3.34927	3.37174	108.699
1099	-0.035411	3.34668	3.37852	108.752
1100	-0.0329899	3.34417	3.38498	108.804
1101	-0.0332409	3.34165	3.3864	108.857
1102	-0.0342236	3.3391	3.39187	108.91
1103	-0.0347352	3.33655	3.39674	108.963
1104	-0.034505	3.334	3.40453	109.016
1105	-0.0355282	3.33143	3.41204	109.069
1106	-0.0367559	3.32882	3.41416	109.122
1107	-0.0356505	3.32625	3.42025	109.176
1108	-0.0348913	3.3237	3.4264	109.23
1109	-0.0367613	3.3211	3.42957	109.283
1110	-0.0399953	3.31841	3.43901	109.337
1111	-0.0431289	3.31563	3.4475	109.391
1112	-0.0446133	3.3128	3.45504	109.446
1113	-0.045497	3.30995	3.46192	109.5
1114	-0.0458421	3.3071	3.46357	109.555
1115	-0.0472059	3.3042	3.4627	109.61
1116	-0.0466129	3.30133	3.46418	109.664
1117	-0.0466514	3.29846	3.46945	109.719
1118	-0.0466941	3.29559	3.47264	109.774
1119	-0.0465548	3.29273	3.47416	109.828
1120	-0.0467046	3.28987	3.46893	109.883
1121	-0.0468277	3.28701	3.47173	109.938
1122	-0.0450088	3.2842	3.47119	109.992
1123	-0.0445551	3.28142	3.47478	110.047
1124	-0.0448288	3.27862	3.47631	110.102
1125	-0.0439108	3.27586	3.47694	110.156
1126	-0.0439263	3.2731	3.47715	110.211
1127	-0.0436038	3.27035	3.47296	110.266
1128	-0.043627	3.26761	3.47043	110.32
1129	-0.0442235	3.26485	3.46876	110.374
1130	-0.0462115	3.26203	3.47176	110.429
1131	-0.0476372	3.25918	3.46701	110.483
1132	-0.0469244	3.25634	3.45198	110.537
1133	-0.0485123	3.25347	3.44385	110.59
1134	-0.0489466	3.25058	3.4407	110.644
1135	-0.0441154	3.24785	3.44386	110.697
1136	-0.0390139	3.24526	3.45639	110.751
1137	-0.0347088	3.24281	3.46457	110.805
1138	-0.0329372	3.24041	3.46426	110.859
1139	-0.0314199	3.23806	3.46579	110.913
1140	-0.0299884	3.23576	3.45727	110.967
1141	-0.0306504	3.23343	3.44792	111.02
1142	-0.0312169	3.2311	3.44666	111.074
1143	-0.0322599	3.22873	3.43916	111.127
1144	-0.031483	3.22639	3.43901	111.18
1145	-0.0333106	3.224	3.43943	111.233
1146	-0.0350915	3.22156	3.43558	111.286
1147	-0.0367776	3.21908	3.43317	111.339
1148	-0.0393761	3.21651	3.42893	111.391
1149	-0.039643	3.21395	3.42459	111.444
1150	-0.0401149	3.21137	3.42433	111.497
1151	-0.0413298	3.20876	3.42559	111.549
1152	-0.0416659	3.20614	3.42402	111.602
1153	-0.041912	3.20352	3.4197	111.654
1154	-0.0417257	3.20091	3.41524	111.706
1155	-0.0402028	3.19834	3.41163	111.758
1156	-0.0423421	3.19572	3.41308	111.81
1157	-0.0425098	3.19309	3.41468	111.862
1158	-0.0429519	3.19045	3.41798	111.914
1159	-0.0416323	3.18786	3.42276	111.966
1160	-0.0408753	3.18529	3.42861	112.019
1161	-0.0387982	3.18278	3.4373	112.071
1162	-0.0376207	3.18031	3.44019	112.124
1163	-0.035653	3.1779	3.44811	112.177
1164	-0.0356195	3.17549	3.44551	112.23
1165	-0.0365286	3.17306	3.43603	112.282
1166	-0.037643	3.1706	3.4343	112.335
1167	-0.0366107	3.16817	3.42833	112.387
1168	-0.0365064	3.16575	3.41822	112.439
1169	-0.0358154	3.16335	3.42196	112.491
1170	-0.0360115	3.16095	3.41786	112.543
1171	-0.0351993	3.15858	3.42632	112.595
1172	-0.0324214	3.15629	3.43913	112.647
1173	-0.031099	3.15404	3.43569	112.699
1174	-0.0293469	3.15184	3.43204	112.752
1175	-0.0262157	3.14973	3.42027	112.803
1176	-0.0249952	3.14767	3.41226	112.855
1177	-0.0254828	3.14559	3.40787	112.906
1178	-0.0247514	3.14354	3.40024	112.957
1179	-0.0224971	3.14155	3.39614	113.008
1180	-0.0213116	3.1396	3.39629	113.059
1181	-0.0189424	3.13773	3.3983	113.11
1182	-0.0180044	3.13588	3.3924	113.161
1183	-0.0180344	3.13403	3.38969	113.212
1184	-0.0175087	3.1322	3.39036	113.263
1185	-0.0211023	3.13027	3.39403	113.313
1186	-0.0225048	3.1283	3.38879	113.364
1187	-0.023418	3.1263	3.38577	113.414
1188	-0.0233409	3.12431	3.38419	113.465
1189	-0.0232944	3.12232	3.38703	113.515
1190	-0.0237122	3.12033	3.3874	113.566
1191	-0.0253443	3.11829	3.38746	113.616
1192	-0.0265972	3.11621	3.37779	113.667
1193	-0.0265705	3.11414	3.37234	113.717
1194	-0.0282974	3.11202	3.37239	113.767
1195	-0.0285701	3.10989	3.36511	113.816
1196	-0.0293992	3.10774	3.36404	113.866
1197	-0.0320598	3.10552	3.35816	113.915
1198	-0.0341757	3.10324	3.35171	113.965
1199	-0.0348285	3.10094	3.35545	114.014
1200	-0.0339227	3.09867	3.35547	114.063
1201	-0.0327756	3.09644	3.35239	114.113
1202	-0.0330988	3.0942	3.35222	114.162
1203	-0.0347629	3.09192	3.34941	114.211
1204	-0.0345027	3.08964	3.34615	114.26
1205	-0.0354445	3.08734	3.34628	114.309
1206	-0.0372967	3.08499	3.34139	114.358
1207	-0.0395589	3.08257	3.33736	114.406
1208	-0.0426919	3.08007	3.33965	114.455
1209	-0.0459665	3.07748	3.33469	114.504
1210	-0.047265	3.07485	3.31892	114.552
1211	-0.0486773	3.07219	3.31573	114.6
1212	-0.0481593	3.06954	3.30798	114.647
1213	-0.0481516	3.0669	3.30592	114.695
1214	-0.0485158	3.06424	3.30639	114.743
1215	-0.0478112	3.06161	3.30716	114.79
1216	-0.0460699	3.05904	3.31018	114.838
1217	-0.0422415	3.05657	3.3243	114.886
1218	-0.0396714	3.05418	3.33275	114.935
1219	-0.038626	3.05183	3.3312	114.983
1220	-0.0385979	3.04947	3.3292	115.031
1221	-0.0387512	3.04712	3.32331	115.079
1222	-0.038356	3.04478	3.31448	115.127
1223	-0.040467	3.04238	3.31323	115.174
1224	-0.0429572	3.03991	3.31293	115.222
1225	-0.0451806	3.03738	3.31124	115.27
1226	-0.0441878	3.03488	3.30956	115.317
1227	-0.0441004	3.03239	3.30503	115.364
1228	-0.0426273	3.02994	3.30603	115.412
1229	-0.0428422	3.02749	3.30028	115.459
1230	-0.0419894	3.02506	3.29336	115.506
1231	-0.0409881	3.02267	3.29314	115.553
1232	-0.0405764	3.02029	3.2774	115.599
1233	-0.0406316	3.01791	3.27792	115.646
1234	-0.0408332	3.01553	3.27532	115.692
1235	-0.0412535	3.01314	3.2719	115.738
1236	-0.0400347	3.01078	3.26975	115.785
1237	-0.0383211	3.00848	3.27346	115.831
1238	-0.0379652	3.00619	3.27163	115.877
1239	-0.0377767	3.0039	3.27369	115.923
1240	-0.0375244	3.00163	3.27459	115.97
1241	-0.0375548	2.99935	3.27432	116.016
1242	-0.0372922	2.99709	3.26885	116.062
1243	-0.0364084	2.99486	3.26932	116.108
1244	-0.03517	2.99266	3.27302	116.154
1245	-0.035159	2.99046	3.27862	116.2
1246	-0.0335183	2.98831	3.28033	116.247
1247	-0.0312083	2.98623	3.28217	116.293
1248	-0.0285693	2.98423	3.2884	116.339
1249	-0.0275482	2.98226	3.28309	116.386
1250	-0.0260752	2.98033	3.28025	116.432
1251	-0.0240742	2.97846	3.28228	116.478
1252	-0.0247197	2.97658	3.28058	116.524
1253	-0.0253013	2.97468	3.28393	116.571
1254	-0.0237015	2.97282	3.28619	116.617
1255	-0.0228561	2.971	3.27841	116.663
1256	-0.0199296	2.96925	3.27637	116.709
1257	-0.0174594	2.96758	3.27108	116.755
1258	-0.0140611	2.96601	3.26809	116.801
1259	-0.0126924	2.96447	3.26451	116.846
1260	-0.0112566	2.96298	3.26093	116.892
1261	-0.0112655	2.96149	3.26203	116.937
1262	-0.0104749	2.96003	3.26569	116.983
1263	-0.0103856	2.95856	3.26866	117.028
1264	-0.00938723	2.95713	3.27288	117.074
1265	-0.009237	2.9557	3.26979	117.12
1266	-0.00900777	2.95429	3.26922	117.165
1267	-0.00877285	2.95287	3.2607	117.211
1268	-0.00953456	2.95144	3.26026	117.256
1269	-0.00995277	2.95	3.25188	117.301
1270	-0.00898856	2.94859	3.25008	117.346
1271	-0.00944367	2.94717	3.25277	117.391
1272	-0.00945312	2.94575	3.25613	117.436
1273	-0.0105282	2.9443	3.25135	117.481
1274	-0.0124384	2.94279	3.25248	117.526
1275	-0.0126867	2.94129	3.24278	117.571
1276	-0.0146059	2.93973	3.24259	117.616
1277	-0.0150226	2.93816	3.23858	117.66
1278	-0.0156735	2.93657	3.23735	117.705
1279	-0.0161698	2.93497	3.24192	117.749
1280	-0.0161684	2.93338	3.24328	117.794
1281	-0.0160538	2.93179	3.24084	117.839
1282	-0.0163195	2.93019	3.24406	117.883
1283	-0.0153838	2.92862	3.23802	117.928
1284	-0.0146839	2.92707	3.23999	117.972
1285	-0.0138749	2.92555	3.24403	118.017
1286	-0.0136087	2.92403	3.24111	118.061
1287	-0.0141354	2.9225	3.24052	118.106
1288	-0.0133878	2.921	3.24443	118.15
1289	-0.0152987	2.91944	3.25108	118.195
1290	-0.0154085	2.91788	3.25493	118.24
1291	-0.0164714	2.91629	3.25426	118.285
1292	-0.0164878	2.91471	3.25583	118.329
1293	-0.019128	2.91305	3.26148	118.374
1294	-0.020806	2.91135	3.26415	118.419
1295	-0.0217597	2.90962	3.26598	118.464
1296	-0.0224481	2.90788	3.26168	118.509
1297	-0.0219141	2.90615	3.25715	118.554
1298	-0.0215699	2.90444	3.25337	118.599
1299	-0.0219537	2.90271	3.24972	118.643
1300	-0.0227533	2.90097	3.24868	118.688
1301	-0.0229213	2.89922	3.25358	118.732
1302	-0.0235588	2.89745	3.25165	118.777
1303	-0.0224755	2.89572	3.25246	118.821
1304	-0.0204667	2.89404	3.25467	118.866
1305	-0.0183288	2.89243	3.25224	118.91
1306	-0.0166511	2.89086	3.24805	118.955
1307	-0.0156977	2.88933	3.24142	118.999
1308	-0.0158079	2.88779	3.24081	119.043
1309	-0.0139887	2.8863	3.24413	119.087
1310	-0.0125973	2.88485	3.25179	119.131
1311	-0.0125921	2.8834	3.257	119.176
1312	-0.0135406	2.88193	3.25446	119.22
1313	-0.0129739	2.88048	3.25389	119.265
1314	-0.0108376	2.87909	3.25106	119.309
1315	-0.0104635	2.8777	3.23964	119.353
1316	-0.0107644	2.87632	3.2239	119.397
1317	-0.0106114	2.87493	3.21892	119.44
1318	-0.0114435	2.87353	3.21553	119.483
1319	-0.00913291	2.87219	3.21671	119.526
1320	-0.00769744	2.87089	3.2164	119.57
1321	-0.00951427	2.86954	3.21492	119.613
1322	-0.0110799	2.86816	3.21267	119.656
1323	-0.0111969	2.86677	3.21783	119.699
1324	-0.0103591	2.8654	3.21624	119.742
1325	-0.0102499	2.86404	3.21978	119.786
1326	-0.00960614	2.8627	3.2234	119.829
1327	-0.00829595	2.86139	3.22576	119.872
1328	-0.00721038	2.86012	3.22441	119.916
1329	-0.00743581	2.85884	3.22405	119.959
1330	-0.00810318	2.85755	3.21958	120.002
1331	-0.0096375	2.85621	3.21889	120.045
1332	-0.0115802	2.85482	3.21467	120.088
1333	-0.0111783	2.85345	3.19665	120.131
1334	-0.0102046	2.8521	3.18496	120.173
1335	-0.00962057	2.85077	3.18244	120.215
1336	-0.00815529	2.84948	3.18458	120.257
1337	-0.00888582	2.84817	3.18336	120.299
1338	-0.0092245	2.84686	3.17981	120.341
1339	-0.00800689	2.84558	3.18348	120.383
1340	-0.00782794	2.8443	3.17432	120.425
1341	-0.00870489	2.84301	3.15744	120.466
1342	-0.00941782	2.84169	3.14841	120.508
1343	-0.00746163	2.84043	3.15614	120.549
1344	-0.00660261	2.8392	3.15641	120.59
1345	-0.00600982	2.83798	3.15529	120.631
1346	-0.00705743	2.83673	3.15691	120.672
1347	-0.00847973	2.83545	3.16238	120.714
1348	-0.00893417	2.83416	3.15896	120.755
1349	-0.00932124	2.83286	3.16098	120.796
1350	-0.00765113	2.8316	3.1648	120.838
1351	-0.00664445	2.83037	3.16466	120.879
1352	-0.00600943	2.82916	3.16449	120.921
1353	-0.00489502	2.82799	3.16578	120.962
1354	-0.00629213	2.82677	3.16244	121.003
1355	-0.00553066	2.82558	3.1653	121.044
1356	-0.00491791	2.82441	3.16906	121.086
1357	-0.00521106	2.82323	3.16472	121.127
1358	-0.00568519	2.82203	3.15477	121.168
1359	-0.00536119	2.82085	3.15096	121.209
1360	-0.00615168	2.81965	3.14571	121.25
1361	-0.00804807	2.8184	3.14428	121.291
1362	-0.00916884	2.81712	3.13678	121.331
1363	-0.00764483	2.81588	3.13009	121.371
1364	-0.00665162	2.81467	3.12175	121.411
1365	-0.00846025	2.81341	3.11714	121.451
1366	-0.00989435	2.81211	3.10772	121.491
1367	-0.0100894	2.81081	3.09837	121.53
1368	-0.0112265	2.80948	3.09179	121.569
1369	-0.0103635	2.80818	3.08835	121.608
1370	-0.0084863	2.80692	3.08232	121.647
1371	-0.00619377	2.80573	3.08358	121.686
1372	-0.0038269	2.80461	3.08556	121.725
1373	-0.00333554	2.8035	3.0828	121.764
1374	-0.00411654	2.80237	3.08394	121.803
1375	-0.00413605	2.80124	3.08857	121.842
1376	-0.00496504	2.80009	3.09314	121.881
1377	-0.0036654	2.79898	3.09933	121.92
1378	-0.00231883	2.7979	3.10255	121.96
1379	-0.000908247	2.79686	3.10644	121.999
1380	-0.00129308	2.79582	3.10457	122.038
1381	-0.00237697	2.79474	3.10339	122.078
1382	-0.002832	2.79365	3.10349	122.117
1383	-0.00561462	2.79249	3.11154	122.157
1384	-0.00710935	2.7913	3.11709	122.196
1385	-0.00770101	2.79008	3.12214	122.236
1386	-0.00761031	2.78887	3.12253	122.276
1387	-0.00731078	2.78767	3.12424	122.316
1388	-0.00699428	2.78648	3.12836	122.355
1389	-0.00804221	2.78527	3.13439	122.395
1390	-0.00917908	2.78402	3.14257	122.436
1391	-0.00909873	2.78278	3.14421	122.476
1392	-0.00788484	2.78157	3.14304	122.516
1393	-0.0065728	2.78039	3.14332	122.557
1394	-0.0053102	2.77925	3.13697	122.597
1395	-0.0037681	2.77816	3.14049	122.637
1396	-0.00394659	2.77706	3.13613	122.677
1397	-0.00605446	2.77591	3.12841	122.717
1398	-0.00788469	2.7747	3.11937	122.756
1399	-0.0101285	2.77344	3.11121	122.795
1400	-0.011797	2.77214	3.10071	122.834
1401	-0.0137299	2.77078	3.08187	122.873
1402	-0.0156868	2.76938	3.0578	122.911
1403	-0.016645	2.76795	3.05662	122.948
1404	-0.0186679	2.76647	3.06131	122.986
1405	-0.0187201	2.76498	3.06603	123.024
1406	-0.020888	2.76344	3.06517	123.062
1407	-0.0229211	2.76185	3.06229	123.1
1408	-0.0223999	2.76028	3.06996	123.138
1409	-0.0214448	2.75873	3.0726	123.177
1410	-0.0216048	2.75718	3.07307	123.215
1411	-0.0227713	2.75559	3.07332	123.253
1412	-0.0227207	2.75401	3.07779	123.291
1413	-0.0213802	2.75247	3.07573	123.329
1414	-0.0219562	2.75092	3.07171	123.367
1415	-0.0205579	2.7494	3.0696	123.405
1416	-0.020928	2.74788	3.07066	123.443
1417	-0.0199513	2.74638	3.0705	123.481
1418	-0.0197308	2.74489	3.06899	123.519
1419	-0.0203599	2.74338	3.0689	123.557
1420	-0.0197112	2.74189	3.06516	123.595
1421	-0.0197544	2.74041	3.06663	123.633
1422	-0.0195992	2.73892	3.06677	123.671
1423	-0.0201316	2.73743	3.06776	123.709
1424	-0.0218812	2.73589	3.07004	123.747
1425	-0.0211694	2.73437	3.07511	123.785
1426	-0.0199189	2.73289	3.06596	123.822
1427	-0.0189503	2.73143	3.06857	123.86
1428	-0.0203783	2.72993	3.0744	123.898
1429	-0.0204897	2.72844	3.07867	123.936
1430	-0.0188969	2.72699	3.07867	123.974
1431	-0.0184151	2.72555	3.08111	124.013
1432	-0.018851	2.7241	3.08209	124.051
1433	-0.0191508	2.72264	3.0802	124.089
1434	-0.0191047	2.72119	3.08424	124.127
1435	-0.0180412	2.71977	3.08758	124.165
1436	-0.0179833	2.71835	3.08933	124.204
1437	-0.0183778	2.71692	3.07703	124.241
1438	-0.0203881	2.71544	3.07932	124.279
1439	-0.0222412	2.71391	3.07928	124.317
1440	-0.0241274	2.71233	3.08456	124.356
1441	-0.027325	2.71068	3.09342	124.394
1442	-0.0305973	2.70893	3.10523	124.433
1443	-0.0333795	2.70712	3.11486	124.471
1444	-0.034132	2.70528	3.11819	124.51
1445	-0.0344344	2.70344	3.12169	124.549
1446	-0.0360431	2.70156	3.12465	124.589
1447	-0.0348707	2.69971	3.12341	124.628
1448	-0.0337763	2.69789	3.12734	124.667
1449	-0.0320193	2.69612	3.12709	124.706
1450	-0.0308763	2.69439	3.12963	124.745
1451	-0.0281868	2.69272	3.13062	124.784
1452	-0.025952	2.69111	3.13047	124.823
1453	-0.0252653	2.68952	3.13138	124.863
1454	-0.0234224	2.68799	3.13628	124.902
1455	-0.0205641	2.68653	3.14424	124.941
1456	-0.0168866	2.68516	3.15703	124.981
1457	-0.0142666	2.68387	3.15759	125.021
1458	-0.0127614	2.68261	3.16373	125.061
1459	-0.0123687	2.68137	3.16793	125.101
1460	-0.0134667	2.6801	3.17241	125.141
1461	-0.0152222	2.67879	3.17378	125.181
1462	-0.0178734	2.67741	3.17247	125.222
1463	-0.0196567	2.67598	3.16294	125.262
1464	-0.0209806	2.67452	3.1644	125.301
1465	-0.0213487	2.67305	3.16117	125.341
1466	-0.0229915	2.67154	3.16742	125.381
1467	-0.0231731	2.67003	3.1693	125.421
1468	-0.0250406	2.66846	3.17205	125.461
1469	-0.026132	2.66688	3.17252	125.501
1470	-0.0258851	2.66529	3.17473	125.541
1471	-0.0263817	2.6637	3.17766	125.582
1472	-0.0274168	2.66208	3.17611	125.622
1473	-0.0262732	2.6605	3.17901	125.662
1474	-0.0248333	2.65895	3.17809	125.702
1475	-0.0242184	2.65742	3.1791	125.742
1476	-0.0221644	2.65594	3.1867	125.783
1477	-0.020706	2.65451	3.19158	125.823
1478	-0.0206769	2.65307	3.18766	125.863
1479	-0.0206204	2.65164	3.1879	125.904
1480	-0.0202091	2.65022	3.18593	125.944
1481	-0.0196997	2.64882	3.18172	125.984
1482	-0.0202903	2.6474	3.17007	126.024
1483	-0.0208864	2.64596	3.16378	126.064
1484	-0.021382	2.64452	3.16331	126.103
1485	-0.0218611	2.64306	3.16349	126.143
1486	-0.0228935	2.64158	3.16676	126.183
1487	-0.024533	2.64006	3.17205	126.222
1488	-0.0245876	2.63853	3.17429	126.262
1489	-0.024698	2.63701	3.17739	126.302
1490	-0.025279	2.63547	3.17893	126.342
1491	-0.0263026	2.63391	3.17533	126.382
1492	-0.0268414	2.63233	3.17007	126.422
1493	-0.0259843	2.63078	3.16862	126.461
1494	-0.0267655	2.62921	3.16426	126.501
1495	-0.0251034	2.62768	3.16222	126.54
1496	-0.024735	2.62616	3.15936	126.58
1497	-0.0238552	2.62467	3.15596	126.619
1498	-0.0246543	2.62316	3.15531	126.658
1499	-0.0235065	2.62168	3.15454	126.698
1500	-0.0245822	2.62017	3.15755	126.737
1501	-0.0276301	2.61859	3.16577	126.776
1502	-0.0306267	2.61693	3.17572	126.816
1503	-0.0342362	2.61518	3.18072	126.856
1504	-0.0372336	2.61335	3.18762	126.896
1505	-0.0389638	2.61148	3.1932	126.936
1506	-0.0401157	2.60958	3.19277	126.976
1507	-0.0402491	2.60768	3.19198	127.016
1508	-0.0395471	2.6058	3.19146	127.056
1509	-0.0396413	2.60391	3.19522	127.097
1510	-0.0403051	2.60202	3.19918	127.137
1511	-0.0392452	2.60015	3.20436	127.177
1512	-0.0383669	2.5983	3.20489	127.218
1513	-0.0365083	2.59651	3.20207	127.258
1514	-0.0346562	2.59476	3.20012	127.298
1515	-0.0329212	2.59306	3.1994	127.338
1516	-0.0304523	2.59142	3.19897	127.378
1517	-0.0287621	2.58983	3.19837	127.418
1518	-0.0275742	2.58827	3.20313	127.459
1519	-0.0279514	2.58671	3.20758	127.499
1520	-0.0266644	2.58517	3.21095	127.539
1521	-0.0274188	2.58362	3.20667	127.58
1522	-0.0282903	2.58205	3.20301	127.62
1523	-0.0302563	2.58043	3.20391	127.66
1524	-0.0305053	2.5788	3.20003	127.7
1525	-0.0313435	2.57715	3.20161	127.74
1526	-0.0319999	2.57549	3.20163	127.78
1527	-0.0319319	2.57383	3.19963	127.82
1528	-0.0322366	2.57217	3.19534	127.86
1529	-0.0332616	2.57048	3.19629	127.9
1530	-0.0317776	2.56883	3.19699	127.94
1531	-0.0311425	2.56719	3.19695	127.98
1532	-0.0317016	2.56555	3.19615	128.02
1533	-0.0346489	2.56383	3.20035	128.06
1534	-0.0379739	2.56202	3.20653	128.1
1535	-0.0392032	2.56019	3.2065	128.14
1536	-0.0386653	2.55837	3.20719	128.18
1537	-0.0390701	2.55654	3.2027	128.22
1538	-0.038472	2.55473	3.19862	128.26
1539	-0.0381663	2.55293	3.19151	128.3
1540	-0.0391786	2.55111	3.17772	128.339
1541	-0.0405938	2.54925	3.17178	128.378
1542	-0.0410751	2.54737	3.16757	128.417
1543	-0.0399634	2.54553	3.16809	128.456
1544	-0.0393546	2.54371	3.16641	128.495
1545	-0.0395255	2.54188	3.15928	128.534
1546	-0.0396435	2.54005	3.15447	128.573
1547	-0.0394483	2.53823	3.1497	128.611
1548	-0.0401716	2.53639	3.13925	128.65
1549	-0.0392497	2.53458	3.13585	128.688
1550	-0.0374364	2.53281	3.14187	128.726
1551	-0.0371928	2.53105	3.14465	128.764
1552	-0.0368555	2.5293	3.14326	128.803
1553	-0.037562	2.52753	3.14476	128.841
1554	-0.0379436	2.52576	3.13321	128.879
1555	-0.0370777	2.52401	3.13446	128.917
1556	-0.0369186	2.52226	3.12804	128.955
1557	-0.0374875	2.52051	3.12413	128.993
1558	-0.0394366	2.5187	3.11923	129.03
1559	-0.0421102	2.51683	3.11909	129.068
1560	-0.043624	2.51492	3.113	129.105
1561	-0.0430931	2.51302	3.10984	129.143
1562	-0.040921	2.51118	3.11051	129.18
1563	-0.0394215	2.50939	3.0974	129.217
1564	-0.0388135	2.5076	3.09263	129.254
1565	-0.038645	2.50583	3.08352	129.291
1566	-0.0380794	2.50407	3.08221	129.327
1567	-0.0389954	2.50228	3.08286	129.364
1568	-0.038731	2.50051	3.07982	129.4
1569	-0.036233	2.4988	3.07611	129.437
1570	-0.0333071	2.49716	3.08467	129.473
1571	-0.0312932	2.49558	3.08935	129.51
1572	-0.0304227	2.49402	3.08956	129.547
1573	-0.0298256	2.49248	3.0946	129.584
1574	-0.0305398	2.49092	3.09537	129.621
1575	-0.030865	2.48935	3.09715	129.657
1576	-0.0309117	2.48778	3.09351	129.694
1577	-0.0324416	2.48618	3.10074	129.731
1578	-0.0337461	2.48454	3.10343	129.768
1579	-0.0344904	2.48289	3.09913	129.805
1580	-0.0347811	2.48123	3.10135	129.842
1581	-0.0337673	2.4796	3.10355	129.879
1582	-0.0341371	2.47796	3.09973	129.916
1583	-0.0335752	2.47633	3.09458	129.953
1584	-0.0338196	2.4747	3.0898	129.989
1585	-0.033912	2.47307	3.08858	130.026
1586	-0.0333817	2.47145	3.0901	130.062
1587	-0.033118	2.46985	3.09298	130.099
1588	-0.0321467	2.46826	3.09358	130.136
1589	-0.0318748	2.46669	3.09399	130.172
1590	-0.0313067	2.46513	3.09531	130.209
1591	-0.0318316	2.46356	3.09909	130.246
1592	-0.0323843	2.46197	3.10205	130.283
1593	-0.0334604	2.46036	3.10442	130.32
1594	-0.0341399	2.45874	3.1084	130.357
1595	-0.0350809	2.45709	3.11175	130.394
1596	-0.0364636	2.45541	3.11292	130.431
1597	-0.0364303	2.45373	3.11461	130.468
1598	-0.0352547	2.45208	3.11652	130.505
1599	-0.0353574	2.45043	3.11395	130.542
1600	-0.0376149	2.44873	3.11664	130.579
1601	-0.0376764	2.44702	3.11604	130.616
1602	-0.0373963	2.44533	3.11537	130.653
1603	-0.0380288	2.44362	3.12099	130.69
1604	-0.0386874	2.44189	3.12269	130.728
1605	-0.0389908	2.44016	3.12576	130.765
1606	-0.0385307	2.43844	3.12806	130.802
1607	-0.0382816	2.43672	3.12228	130.84
1608	-0.0385473	2.43501	3.11556	130.877
1609	-0.039145	2.43328	3.1074	130.913
1610	-0.0407876	2.4315	3.10454	130.95
1611	-0.0420975	2.4297	3.10357	130.987
1612	-0.0430669	2.42788	3.10425	131.023
1613	-0.0432946	2.42605	3.09987	131.06
1614	-0.0432543	2.42422	3.09981	131.097
1615	-0.0426821	2.42241	3.0998	131.133
1616	-0.0417787	2.42062	3.09284	131.169
1617	-0.0420009	2.41883	3.09483	131.206
1618	-0.0429122	2.41702	3.09315	131.242
1619	-0.0445763	2.41517	3.09831	131.279
1620	-0.0464185	2.41327	3.10114	131.315
1621	-0.0469329	2.41136	3.10273	131.352
1622	-0.0480553	2.40943	3.10145	131.388
1623	-0.0487999	2.40747	3.0908	131.424
1624	-0.0479403	2.40554	3.0884	131.461
1625	-0.0463726	2.40366	3.0822	131.497
1626	-0.0455007	2.40179	3.07893	131.533
1627	-0.045774	2.39992	3.08413	131.569
1628	-0.0465377	2.39803	3.08705	131.605
1629	-0.0458525	2.39616	3.08948	131.641
1630	-0.0454221	2.3943	3.09007	131.677
1631	-0.0454353	2.39244	3.09261	131.713
1632	-0.0464321	2.39056	3.09088	131.749
1633	-0.0476044	2.38865	3.08571	131.785
1634	-0.0486421	2.38672	3.08729	131.821
1635	-0.0487858	2.38479	3.0874	131.857
1636	-0.0491423	2.38284	3.09229	131.894
1637	-0.0487027	2.38091	3.09735	131.93
1638	-0.0489327	2.37898	3.10245	131.966
1639	-0.0483359	2.37706	3.10514	132.003
1640	-0.0476348	2.37516	3.10841	132.039
1641	-0.0474358	2.37327	3.1092	132.076
1642	-0.0481562	2.37136	3.11007	132.112
1643	-0.0488901	2.36943	3.11193	132.149
1644	-0.049522	2.36749	3.1102	132.185
1645	-0.0499271	2.36554	3.10854	132.222
1646	-0.0487589	2.36362	3.09493	132.258
1647	-0.0463949	2.36176	3.08448	132.294
1648	-0.0456233	2.35993	3.07972	132.329
1649	-0.0454647	2.35809	3.0724	132.365
1650	-0.0441598	2.35629	3.07393	132.401
1651	-0.0439946	2.3545	3.06314	132.436
1652	-0.0435107	2.35271	3.06191	132.471
1653	-0.0435212	2.35093	3.05325	132.506
1654	-0.0428262	2.34917	3.04331	132.541
1655	-0.0437586	2.34739	3.02481	132.575
1656	-0.0443827	2.34559	3.02045	132.609
1657	-0.0420868	2.34385	3.02367	132.644
1658	-0.0418892	2.34211	3.02477	132.678
1659	-0.0412949	2.3404	3.02367	132.712
1660	-0.0415331	2.33867	3.02454	132.746
1661	-0.0431827	2.33691	3.02007	132.781
1662	-0.043964	2.33513	3.01953	132.815
1663	-0.0434123	2.33337	3.02171	132.849
1664	-0.0441746	2.33158	3.02422	132.883
1665	-0.0435394	2.32982	3.02607	132.917
1666	-0.0434324	2.32806	3.02983	132.952
1667	-0.044389	2.32627	3.03436	132.986
1668	-0.0458563	2.32445	3.03507	133.021
1669	-0.0465907	2.32262	3.03786	133.055
1670	-0.0470875	2.32077	3.04154	133.09
1671	-0.0472806	2.31892	3.03676	133.124
1672	-0.0474197	2.31707	3.03277	133.158
1673	-0.0470815	2.31523	3.03619	133.193
1674	-0.0465992	2.3134	3.03534	133.227
1675	-0.0467383	2.31157	3.03878	133.262
1676	-0.0480569	2.30971	3.04344	133.296
1677	-0.047732	2.30785	3.04436	133.331
1678	-0.0478076	2.306	3.04629	133.366
1679	-0.0476954	2.30415	3.04478	133.4
1680	-0.0470544	2.30232	3.04599	133.435
1681	-0.0471999	2.30048	3.05052	133.47
1682	-0.0472882	2.29865	3.05265	133.504
1683	-0.0464738	2.29683	3.05319	133.539
1684	-0.0442334	2.29507	3.05522	133.574
1685	-0.0455782	2.29328	3.05631	133.609
1686	-0.0468684	2.29146	3.06167	133.644
1687	-0.0468959	2.28964	3.05948	133.678
1688	-0.047367	2.28782	3.04827	133.713
1689	-0.0478581	2.28597	3.03983	133.747
1690	-0.0495892	2.28409	3.03754	133.782
1691	-0.0506729	2.28219	3.03733	133.816
1692	-0.0497682	2.2803	3.03105	133.85
1693	-0.0490183	2.27844	3.02964	133.884
1694	-0.0493985	2.27657	3.02757	133.918
1695	-0.0490605	2.27471	3.02817	133.952
1696	-0.0485453	2.27286	3.02766	133.986
1697	-0.0480733	2.27102	3.0317	134.021
1698	-0.0461569	2.26924	3.03455	134.055
1699	-0.0452969	2.26747	3.0371	134.089
1700	-0.0444391	2.26573	3.03924	134.123
1701	-0.0445789	2.26398	3.03546	134.157
1702	-0.0438501	2.26226	3.0359	134.192
1703	-0.0436417	2.26054	3.03146	134.226
1704	-0.0440007	2.25881	3.02909	134.26
1705	-0.0432236	2.2571	3.0331	134.294
1706	-0.043271	2.25539	3.03768	134.328
1707	-0.0429453	2.25369	3.04324	134.362
1708	-0.0431812	2.25199	3.04202	134.396
1709	-0.0428311	2.2503	3.04274	134.431
1710	-0.0426967	2.24861	3.03444	134.465
1711	-0.0423483	2.24693	3.02705	134.499
1712	-0.0420141	2.24526	3.02345	134.532
1713	-0.0414008	2.2436	3.02573	134.566
1714	-0.0401652	2.24198	3.02646	134.6
1715	-0.03934	2.24038	3.02867	134.634
1716	-0.0386161	2.23879	3.03069	134.668
1717	-0.0392707	2.23719	3.03008	134.702
1718	-0.0384969	2.23562	3.02874	134.736
1719	-0.0389485	2.23403	3.03088	134.77
1720	-0.0395903	2.23242	3.0344	134.804
1721	-0.0397668	2.23082	3.0388	134.838
1722	-0.0398029	2.22921	3.04358	134.872
1723	-0.03918	2.22762	3.04931	134.906
1724	-0.0378864	2.22607	3.04893	134.941
1725	-0.0369069	2.22453	3.05033	134.975
1726	-0.0374119	2.22299	3.0503	135.009
1727	-0.0376048	2.22144	3.05018	135.043
1728	-0.0388304	2.21987	3.04915	135.078
1729	-0.0382435	2.21831	3.04754	135.112
1730	-0.0370335	2.21678	3.04367	135.146
1731	-0.035804	2.21528	3.04563	135.18
1732	-0.0355766	2.21378	3.0473	135.214
1733	-0.0359148	2.21228	3.0431	135.249
1734	-0.0350655	2.2108	3.04172	135.283
1735	-0.0343868	2.20934	3.04126	135.317
1736	-0.0339805	2.20789	3.04154	135.351
1737	-0.0336173	2.20645	3.0408	135.385
1738	-0.0338195	2.20501	3.03917	135.419
1739	-0.0348876	2.20354	3.03133	135.452
1740	-0.0334692	2.2021	3.02124	135.486
1741	-0.0320443	2.2007	3.02177	135.519
1742	-0.0315361	2.19932	3.02264	135.553
1743	-0.0308173	2.19795	3.02387	135.586
1744	-0.0309672	2.19658	3.0281	135.62
1745	-0.0314575	2.1952	3.03071	135.654
1746	-0.0314681	2.19382	3.03224	135.687
1747	-0.0312132	2.19244	3.03564	135.721
1748	-0.0315882	2.19106	3.03891	135.755
1749	-0.0317651	2.18968	3.03875	135.789
1750	-0.0316911	2.18829	3.03607	135.823
1751	-0.0317554	2.18691	3.03453	135.856
1752	-0.0327763	2.1855	3.03561	135.89
1753	-0.0330219	2.18409	3.03521	135.924
1754	-0.0342862	2.18265	3.02997	135.958
1755	-0.0351826	2.18119	3.02921	135.991
1756	-0.035476	2.17973	3.0302	136.025
1757	-0.0364459	2.17824	3.02787	136.058
1758	-0.0391476	2.17669	3.03209	136.092
1759	-0.0409154	2.17509	3.0335	136.125
1760	-0.0411611	2.17349	3.03315	136.159
1761	-0.0419609	2.17188	3.03366	136.193
1762	-0.0420618	2.17026	3.03081	136.226
1763	-0.0421365	2.16864	3.03103	136.26
1764	-0.0427829	2.16701	3.02522	136.293
1765	-0.0419513	2.1654	3.02544	136.327
1766	-0.0414389	2.1638	3.02758	136.36
1767	-0.0401475	2.16224	3.03022	136.394
1768	-0.0400709	2.16067	3.0292	136.427
1769	-0.0408832	2.15909	3.03241	136.461
1770	-0.0413565	2.1575	3.03198	136.494
1771	-0.0418725	2.1559	3.0309	136.528
1772	-0.0412016	2.15431	3.03315	136.561
1773	-0.0408548	2.15273	3.03189	136.595
1774	-0.0401037	2.15118	3.03134	136.628
1775	-0.0400865	2.14962	3.03344	136.662
1776	-0.04181	2.14802	3.03809	136.695
1777	-0.0431169	2.1464	3.04328	136.729
1778	-0.0457366	2.14471	3.05178	136.763
1779	-0.046441	2.14301	3.05259	136.797
1780	-0.0469958	2.14129	3.05676	136.831
1781	-0.0477315	2.13956	3.05118	136.865
1782	-0.047265	2.13784	3.0476	136.898
1783	-0.0469983	2.13613	3.04954	136.932
1784	-0.0470129	2.13442	3.0523	136.966
1785	-0.0465609	2.13272	3.05443	137
1786	-0.047955	2.13099	3.06243	137.034
1787	-0.0494111	2.12923	3.07005	137.068
1788	-0.0512781	2.12742	3.07608	137.103
1789	-0.0530204	2.12557	3.08206	137.137
1790	-0.0543926	2.1237	3.08528	137.172
1791	-0.0550135	2.1218	3.08397	137.207
1792	-0.0553	2.11991	3.08206	137.241
1793	-0.0553998	2.11801	3.0854	137.276
1794	-0.0546476	2.11613	3.08755	137.31
1795	-0.0537121	2.11427	3.0858	137.345
1796	-0.0533061	2.11243	3.08578	137.38
1797	-0.0516467	2.11062	3.08755	137.414
1798	-0.0505441	2.10885	3.08605	137.449
1799	-0.0498254	2.10709	3.08955	137.483
1800	-0.049674	2.10533	3.09127	137.518
1801	-0.0505662	2.10356	3.08951	137.553
1802	-0.0513477	2.10177	3.09265	137.587
1803	-0.0525023	2.09995	3.09532	137.622
1804	-0.0519685	2.09814	3.09524	137.657
1805	-0.0505203	2.09637	3.09808	137.692
1806	-0.0484531	2.09465	3.09892	137.726
1807	-0.046561	2.09298	3.10618	137.761
1808	-0.0445977	2.09135	3.11291	137.796
1809	-0.044209	2.08974	3.10951	137.831
1810	-0.0433396	2.08814	3.11075	137.866
1811	-0.0424259	2.08657	3.1094	137.901
1812	-0.0428325	2.08499	3.10779	137.936
1813	-0.0428397	2.08341	3.10282	137.971
1814	-0.0428515	2.08183	3.09793	138.006
1815	-0.0442385	2.08022	3.08952	138.04
1816	-0.0459887	2.07857	3.0923	138.075
1817	-0.0466309	2.0769	3.09471	138.11
1818	-0.0462627	2.07525	3.09749	138.144
1819	-0.0469487	2.07358	3.10021	138.179
1820	-0.0463848	2.07192	3.10268	138.214
1821	-0.0455842	2.07029	3.10363	138.249
1822	-0.0445304	2.06868	3.10279	138.283
1823	-0.0433725	2.0671	3.10281	138.318
1824	-0.0417185	2.06555	3.10482	138.353
1825	-0.0411201	2.06403	3.10502	138.388
1826	-0.0405868	2.06251	3.10449	138.422
1827	-0.0416112	2.06097	3.103	138.457
1828	-0.0427364	2.05941	3.10233	138.492
1829	-0.0427063	2.05785	3.1055	138.526
1830	-0.0426261	2.05629	3.11001	138.561
1831	-0.0443275	2.0547	3.11495	138.596
1832	-0.0454925	2.05308	3.11847	138.631
1833	-0.0463052	2.05143	3.12059	138.666
1834	-0.0473152	2.04977	3.11793	138.701
1835	-0.0489116	2.04807	3.12205	138.736
1836	-0.0498507	2.04635	3.11795	138.771
1837	-0.0505248	2.04462	3.1162	138.806
1838	-0.0499599	2.0429	3.1161	138.841
1839	-0.0505735	2.04116	3.11992	138.876
1840	-0.0514802	2.03941	3.12273	138.911
1841	-0.0520251	2.03765	3.12317	138.946
1842	-0.0531623	2.03585	3.1231	138.981
1843	-0.0546476	2.03403	3.11931	139.016
1844	-0.0561951	2.03217	3.11391	139.051
1845	-0.0584316	2.03026	3.11562	139.086
1846	-0.0607052	2.0283	3.12293	139.121
1847	-0.0620939	2.02631	3.1181	139.156
1848	-0.0624232	2.02431	3.11213	139.191
1849	-0.0626464	2.02231	3.11216	139.225
1850	-0.0620606	2.02032	3.11149	139.26
1851	-0.0605901	2.01836	3.10825	139.295
1852	-0.0600622	2.01643	3.1104	139.329
1853	-0.0593469	2.0145	3.11214	139.364
1854	-0.0581127	2.01261	3.11559	139.399
1855	-0.0568656	2.01075	3.11458	139.434
1856	-0.0562631	2.0089	3.11205	139.468
1857	-0.0565312	2.00705	3.10485	139.503
1858	-0.0576581	2.00518	3.10698	139.537
1859	-0.0576867	2.0033	3.10652	139.572
1860	-0.057312	2.00143	3.10341	139.606
1861	-0.0562015	1.99959	3.10682	139.641
1862	-0.0553627	1.99778	3.10626	139.675
1863	-0.0547378	1.99597	3.10423	139.71
1864	-0.0547751	1.99417	3.10235	139.744
1865	-0.0552491	1.99236	3.10076	139.778
1866	-0.0549863	1.99055	3.0952	139.813
1867	-0.0554755	1.98874	3.09201	139.847
1868	-0.0547922	1.98694	3.09406	139.881
1869	-0.0542233	1.98515	3.09406	139.915
1870	-0.0540279	1.98337	3.0949	139.949
1871	-0.0544247	1.98159	3.09829	139.983
1872	-0.0551247	1.97978	3.09936	140.018
1873	-0.0561162	1.97796	3.10301	140.052
1874	-0.0557553	1.97615	3.10402	140.086
1875	-0.0553104	1.97434	3.10409	140.121
1876	-0.0563903	1.97252	3.10507	140.155
1877	-0.055616	1.97071	3.10775	140.189
1878	-0.0540212	1.96894	3.10733	140.224
1879	-0.0533584	1.96718	3.10978	140.258
1880	-0.053236	1.96543	3.10404	140.292
1881	-0.0548702	1.96365	3.10793	140.327
1882	-0.0556298	1.96184	3.10898	140.361
1883	-0.0580767	1.95999	3.11553	140.396
1884	-0.0608888	1.95806	3.1257	140.43
1885	-0.0634377	1.95609	3.13242	140.465
1886	-0.0646903	1.95408	3.13402	140.5
1887	-0.0631218	1.95211	3.13864	140.535
1888	-0.0631288	1.95014	3.13626	140.57
1889	-0.062569	1.94819	3.1279	140.605
1890	-0.061429	1.94626	3.12729	140.64
1891	-0.0606993	1.94435	3.12596	140.674
1892	-0.058814	1.94248	3.12885	140.709
1893	-0.0580667	1.94064	3.12619	140.744
1894	-0.0588385	1.93877	3.12661	140.779
1895	-0.0602608	1.93688	3.13258	140.813
1896	-0.0623434	1.93494	3.13955	140.848
1897	-0.0627974	1.93299	3.13425	140.883
1898	-0.0622928	1.93105	3.13296	140.918
1899	-0.0621251	1.92912	3.1308	140.953
1900	-0.0612217	1.92721	3.13095	140.987
1901	-0.0615425	1.92529	3.12125	141.022
1902	-0.061486	1.92337	3.12022	141.056
1903	-0.0608994	1.92147	3.12103	141.091
1904	-0.0594593	1.91961	3.12296	141.125
1905	-0.0586203	1.91776	3.12335	141.16
1906	-0.0583725	1.91592	3.1264	141.195
1907	-0.0582545	1.91409	3.13066	141.229
1908	-0.0584803	1.91225	3.1335	141.264
1909	-0.0572627	1.91044	3.14011	141.299
1910	-0.0553468	1.90867	3.14214	141.334
1911	-0.0544683	1.90693	3.14184	141.369
1912	-0.0540294	1.9052	3.1351	141.403
1913	-0.0544132	1.90346	3.13439	141.438
1914	-0.0551796	1.9017	3.13429	141.473
1915	-0.0552407	1.89994	3.13514	141.507
1916	-0.0544367	1.8982	3.13529	141.542
1917	-0.0530759	1.8965	3.13545	141.577
1918	-0.0520559	1.89481	3.13422	141.611
1919	-0.0517018	1.89314	3.13062	141.646
1920	-0.0518339	1.89147	3.13116	141.681
1921	-0.0503648	1.88983	3.13545	141.715
1922	-0.0487745	1.88822	3.14042	141.75
1923	-0.0481184	1.88663	3.14403	141.785
1924	-0.0474613	1.88506	3.14625	141.82
1925	-0.0469357	1.88351	3.15031	141.855
1926	-0.0468067	1.88195	3.15237	141.89
1927	-0.0468852	1.8804	3.14926	141.925
1928	-0.0479377	1.87882	3.14743	141.959
1929	-0.0489049	1.87722	3.1446	141.994
1930	-0.0504187	1.87558	3.14363	142.029
1931	-0.05033	1.87395	3.13633	142.064
1932	-0.0519337	1.87229	3.13349	142.098
1933	-0.0518277	1.87063	3.13116	142.133
1934	-0.0524115	1.86895	3.12308	142.167
1935	-0.0520416	1.86729	3.11575	142.201
1936	-0.053182	1.8656	3.1051	142.235
1937	-0.0529385	1.86391	3.09771	142.268
1938	-0.0522904	1.86225	3.09093	142.302
1939	-0.0512879	1.8606	3.0878	142.335
1940	-0.0508028	1.85897	3.08362	142.369
1941	-0.0511745	1.85733	3.07906	142.402
1942	-0.0516875	1.85568	3.07695	142.435
1943	-0.0516133	1.85403	3.0732	142.468
1944	-0.052731	1.85236	3.07252	142.501
1945	-0.0533408	1.85068	3.07329	142.534
1946	-0.0528595	1.84901	3.07346	142.567
1947	-0.0535686	1.84732	3.0709	142.6
1948	-0.0548757	1.8456	3.07527	142.633
1949	-0.0544241	1.8439	3.07752	142.666
1950	-0.0542144	1.8422	3.07732	142.7
1951	-0.0533982	1.84052	3.07512	142.733
1952	-0.0531994	1.83884	3.0753	142.766
1953	-0.054076	1.83715	3.07448	142.799
1954	-0.0551002	1.83543	3.07599	142.832
1955	-0.0555032	1.83371	3.0763	142.865
1956	-0.0563206	1.83197	3.07731	142.898
1957	-0.0576257	1.8302	3.07767	142.931
1958	-0.058579	1.82841	3.08028	142.964
1959	-0.0591347	1.82661	3.08128	142.997
1960	-0.0581507	1.82483	3.08012	143.03
1961	-0.0583638	1.82305	3.07668	143.063
1962	-0.0578067	1.82128	3.07857	143.096
1963	-0.0573231	1.81952	3.0818	143.129
1964	-0.0576754	1.81776	3.08346	143.162
1965	-0.0578898	1.81599	3.08521	143.196
1966	-0.0587027	1.81421	3.0879	143.229
1967	-0.0589425	1.81242	3.08861	143.262
1968	-0.0588818	1.81063	3.08727	143.295
1969	-0.0579773	1.80886	3.08947	143.328
1970	-0.0581029	1.8071	3.08092	143.362
1971	-0.0584077	1.80532	3.08196	143.395
1972	-0.0577647	1.80357	3.07964	143.428
1973	-0.0580278	1.8018	3.08013	143.461
1974	-0.0578915	1.80005	3.0762	143.493
1975	-0.0582293	1.79828	3.07718	143.526
1976	-0.0586031	1.79651	3.07075	143.559
1977	-0.0599673	1.79471	3.07388	143.592
1978	-0.0592184	1.79292	3.07685	143.625
