#	<x>	stDevX	<E>	stDevE
0	1.08117	0	1.74708	0
1	0.679974	0.880572	1.13289	1.43999
2	0.406743	1.02195	1.07577	1.86476
3	0.457414	1.13679	1.02083	2.15492
4	0.453585	1.23155	0.975699	2.38091
5	0.258802	1.24388	0.80391	2.51788
6	0.361407	1.29441	0.973584	2.70486
7	0.387466	1.3515	1.02809	2.89639
8	0.280169	1.37233	0.921689	3.04199
9	0.174411	1.36234	0.798638	3.14345
10	0.168239	1.35385	0.91242	3.27457
11	0.211763	1.36013	0.955037	3.41215
12	0.325329	1.39802	0.676593	3.47003
13	0.354644	1.44251	0.357022	3.44568
14	0.376027	1.49096	0.31458	3.41584
15	0.320671	1.52446	0.424547	3.41752
16	0.173598	1.52269	0.625709	3.4692
17	0.185567	1.52486	0.702896	3.53831
18	0.22595	1.53694	0.85771	3.64079
19	0.285694	1.56237	1.00524	3.77261
20	0.242942	1.57836	1.08402	3.91716
21	0.250656	1.59603	1.11577	4.06385
22	0.265645	1.61674	1.1583	4.21485
23	0.22434	1.62903	1.2146	4.37272
24	0.25778	1.64801	1.2147	4.52613
25	0.290259	1.67312	1.26234	4.68455
26	0.325373	1.70451	1.29278	4.84453
27	0.283729	1.7276	1.30999	5.00361
28	0.311253	1.75543	1.34398	5.16495
29	0.311432	1.78285	1.36249	5.32573
30	0.251709	1.79931	1.35442	5.48135
31	0.240883	1.81381	1.27326	5.61937
32	0.230594	1.82652	1.26192	5.75259
33	0.232868	1.83963	1.23171	5.87808
34	0.22864	1.85203	1.15103	5.98776
35	0.287589	1.87413	1.26166	6.11376
36	0.295361	1.89725	1.26225	6.23759
37	0.276374	1.91704	1.30023	6.36535
38	0.255685	1.93337	1.31095	6.4926
39	0.223581	1.94459	1.33764	6.62188
40	0.242735	1.95877	1.32311	6.74677
41	0.207413	1.96751	1.36212	6.87561
42	0.171881	1.97095	1.32808	6.99728
43	0.2038	1.97932	1.36141	7.12208
44	0.244725	1.99379	1.42907	7.25497
45	0.278821	2.01315	1.46916	7.3917
46	0.27881	2.03232	1.44028	7.52221
47	0.242675	2.04615	1.46574	7.65447
48	0.230476	2.05819	1.46961	7.7854
49	0.23508	2.07084	1.45951	7.91309
50	0.217692	2.08103	1.44579	8.03715
51	0.217978	2.09126	1.44868	8.15998
52	0.222211	2.10205	1.46565	8.28354
53	0.219761	2.1125	1.48346	8.40794
54	0.205946	2.12108	1.48185	8.53057
55	0.199564	2.12883	1.45875	8.64864
56	0.215667	2.13872	1.46488	8.76613
57	0.221862	2.14941	1.43868	8.87884
58	0.196553	2.15681	1.41448	8.98716
59	0.238626	2.16962	1.44816	9.09863
60	0.254216	2.18434	1.45754	9.21008
61	0.264615	2.20028	1.46142	9.32083
62	0.258712	2.21536	1.44181	9.42796
63	0.242447	2.22833	1.38417	9.52686
64	0.233062	2.24008	1.4041	9.62726
65	0.236491	2.2522	1.37864	9.72358
66	0.232254	2.26374	1.3565	9.81634
67	0.224816	2.27435	1.37087	9.90999
68	0.208953	2.28302	1.37655	10.0035
69	0.217894	2.29275	1.3605	10.0943
70	0.226149	2.30343	1.34858	10.1829
71	0.21598	2.31288	1.3439	10.2702
72	0.204174	2.32094	1.30436	10.3522
73	0.17515	2.32564	1.32191	10.4356
74	0.177158	2.33062	1.31345	10.5174
75	0.180816	2.33604	1.29908	10.5969
76	0.16044	2.33919	1.31241	10.6774
77	0.143512	2.34049	1.32453	10.7586
78	0.134896	2.3409	1.33174	10.8401
79	0.126069	2.34042	1.31554	10.9192
80	0.112025	2.33848	1.31869	10.998
81	0.119214	2.33744	1.33041	11.0776
82	0.103802	2.33481	1.33746	11.1574
83	0.113383	2.33334	1.33101	11.2359
84	0.133176	2.33409	1.34905	11.3159
85	0.114986	2.33297	1.35752	11.3962
86	0.109427	2.33135	1.32894	11.473
87	0.106085	2.32946	1.30661	11.5468
88	0.108666	2.32794	1.30865	11.6205
89	0.11127	2.32678	1.29315	11.692
90	0.124388	2.32707	1.25734	11.7594
91	0.130124	2.32802	1.26272	11.8269
92	0.130264	2.32904	1.27754	11.8956
93	0.129302	2.33002	1.26033	11.9622
94	0.134333	2.33156	1.25001	12.0273
95	0.143268	2.33406	1.25227	12.0923
96	0.15028	2.33731	1.26033	12.1578
97	0.145708	2.34012	1.25015	12.2219
98	0.150846	2.34347	1.2433	12.2849
99	0.153076	2.34708	1.23427	12.3468
100	0.15011	2.35041	1.23911	12.4088
101	0.15128	2.35388	1.24461	12.4711
102	0.148114	2.35706	1.23936	12.5325
103	0.138597	2.35934	1.24515	12.5942
104	0.122279	2.36006	1.24629	12.6557
105	0.124349	2.36103	1.25232	12.7175
106	0.13385	2.36295	1.26228	12.7799
107	0.115807	2.36318	1.25958	12.8418
108	0.107248	2.36264	1.27237	12.9047
109	0.0904783	2.36057	1.28358	12.9682
110	0.0925473	2.35875	1.28169	13.0313
111	0.0940545	2.35714	1.28636	13.0945
112	0.100925	2.35623	1.29398	13.1582
113	0.104901	2.35575	1.30343	13.2224
114	0.102348	2.35508	1.30544	13.2865
115	0.10745	2.35493	1.30799	13.3505
116	0.12811	2.35672	1.31013	13.4144
117	0.126103	2.35836	1.3059	13.4777
118	0.132235	2.36058	1.31627	13.5416
119	0.135857	2.36316	1.31565	13.6051
120	0.135748	2.36575	1.30069	13.667
121	0.1359	2.36836	1.28887	13.7275
122	0.131782	2.37063	1.27106	13.7862
123	0.128624	2.37263	1.24852	13.8426
124	0.119474	2.37384	1.23483	13.8976
125	0.122705	2.37537	1.23309	13.9522
126	0.118491	2.37655	1.21011	14.0046
127	0.12097	2.37797	1.20112	14.0559
128	0.122361	2.37954	1.19801	14.1068
129	0.10544	2.37965	1.19722	14.1575
130	0.108092	2.38003	1.17876	14.2064
131	0.111401	2.38073	1.17901	14.2551
132	0.108206	2.38117	1.17643	14.3034
133	0.110604	2.38186	1.17992	14.3519
134	0.107391	2.38229	1.17019	14.3994
135	0.107809	2.3828	1.14876	14.4449
136	0.109499	2.38347	1.15024	14.4904
137	0.116891	2.38479	1.15008	14.5357
138	0.121503	2.38653	1.13566	14.5797
139	0.119278	2.3881	1.11114	14.6215
140	0.136567	2.39114	1.11876	14.6638
141	0.132121	2.39381	1.07417	14.7023
142	0.133677	2.39662	1.07831	14.741
143	0.132848	2.39938	1.0694	14.7789
144	0.130983	2.40199	1.05699	14.8157
145	0.128948	2.40444	1.05679	14.8524
146	0.130119	2.407	1.0633	14.8895
147	0.130798	2.40963	1.06112	14.9264
148	0.132036	2.41236	1.06489	14.9635
149	0.127171	2.41471	1.06588	15.0006
150	0.122579	2.4167	1.0682	15.0378
151	0.119303	2.41843	1.06791	15.0749
152	0.117888	2.42007	1.06548	15.1118
153	0.120024	2.42189	1.06828	15.1488
154	0.114267	2.42326	1.07367	15.1861
155	0.115111	2.42472	1.04752	15.2213
156	0.117478	2.42638	1.05209	15.2567
157	0.111702	2.4276	1.06307	15.293
158	0.109882	2.42869	1.07105	15.3298
159	0.106301	2.42951	1.06652	15.3661
160	0.103755	2.43015	1.06393	15.4022
161	0.104787	2.43089	1.05732	15.4377
162	0.102398	2.43147	1.05089	15.4727
163	0.108164	2.43251	1.04461	15.507
164	0.110033	2.43371	1.03839	15.5408
165	0.110418	2.43496	1.04513	15.5751
166	0.116057	2.43666	1.02764	15.608
167	0.118608	2.43856	1.01901	15.6401
168	0.118861	2.44049	1.00826	15.6714
169	0.114596	2.44211	1.01366	15.703
170	0.116509	2.44389	1.01716	15.7349
171	0.121013	2.44601	1.02465	15.7672
172	0.120292	2.44809	1.03209	15.8001
173	0.124529	2.4505	1.03567	15.8332
174	0.130765	2.45339	1.04812	15.8671
175	0.140184	2.45699	1.0612	15.902
176	0.138077	2.46042	1.06472	15.9371
177	0.138483	2.46389	1.06328	15.972
178	0.136689	2.46723	1.0699	16.0073
179	0.141604	2.47093	1.07608	16.043
180	0.145338	2.4749	1.06988	16.0782
181	0.145092	2.47886	1.06851	16.1132
182	0.138152	2.4823	1.07469	16.1486
183	0.135337	2.48553	1.06734	16.1833
184	0.138412	2.48899	1.07505	16.2186
185	0.146334	2.49303	1.07883	16.2541
186	0.149346	2.49728	1.0882	16.2902
187	0.147524	2.5014	1.07844	16.3255
188	0.145947	2.50539	1.07842	16.3607
189	0.146024	2.50939	1.08832	16.3965
190	0.140032	2.51295	1.09699	16.4329
191	0.132088	2.51594	1.10611	16.4699
192	0.123219	2.5183	1.11871	16.5078
193	0.131544	2.52125	1.13386	16.5466
194	0.137858	2.52466	1.1418	16.5859
195	0.134931	2.52786	1.1352	16.6246
196	0.131432	2.53081	1.12081	16.6622
197	0.132237	2.53381	1.09738	16.6981
198	0.130667	2.53671	1.06782	16.7318
199	0.132349	2.53973	1.06966	16.7656
200	0.131969	2.54272	1.07694	16.7998
201	0.131483	2.54568	1.06665	16.8332
202	0.128362	2.54842	1.06976	16.8668
203	0.125488	2.55096	1.06275	16.8999
204	0.122534	2.5533	1.06391	16.9329
205	0.124511	2.55578	1.0615	16.9658
206	0.125976	2.55836	1.06597	16.9988
207	0.121708	2.56065	1.06946	17.0321
208	0.121104	2.56291	1.05209	17.0641
209	0.123369	2.56532	1.04049	17.0952
210	0.124257	2.5678	1.04741	17.1268
211	0.127142	2.57047	1.03586	17.1575
212	0.129928	2.57334	1.03961	17.1885
213	0.134963	2.57655	1.04268	17.2196
214	0.133203	2.57965	1.03018	17.2498
215	0.137805	2.58305	1.02616	17.2796
216	0.138096	2.58647	1.01913	17.309
217	0.131893	2.58947	1.02667	17.3388
218	0.132384	2.59251	1.02272	17.3683
219	0.131431	2.59548	1.02905	17.3982
220	0.126264	2.5981	1.03141	17.4282
221	0.124306	2.60059	1.01548	17.457
222	0.125721	2.60318	1.01332	17.4857
223	0.122723	2.60557	1.0131	17.5144
224	0.124986	2.60811	1.00706	17.5426
225	0.120581	2.61037	1.01424	17.5712
226	0.126826	2.61303	1.01395	17.5998
227	0.122267	2.6154	1.01273	17.6282
228	0.12173	2.61774	1.00578	17.6562
229	0.121058	2.62003	1.00053	17.6838
230	0.121142	2.62233	1.00077	17.7113
231	0.119453	2.62452	0.987353	17.738
232	0.113292	2.62632	0.983672	17.7643
233	0.112506	2.62806	0.982498	17.7906
234	0.111963	2.62978	0.986188	17.817
235	0.113162	2.63157	0.984308	17.8434
236	0.112548	2.63333	0.97662	17.8691
237	0.113534	2.63516	0.977997	17.895
238	0.113253	2.63698	0.979124	17.9209
239	0.108916	2.63852	0.978629	17.9467
240	0.105781	2.63986	0.984102	17.9728
241	0.103154	2.64104	0.987604	17.9992
242	0.10563	2.64239	0.988847	18.0255
243	0.111929	2.64414	0.994845	18.0523
244	0.115291	2.64611	0.995907	18.079
245	0.111939	2.64787	0.985399	18.1051
246	0.117521	2.64999	0.982619	18.131
247	0.116424	2.65204	0.970461	18.156
248	0.114334	2.65396	0.954411	18.18
249	0.111754	2.65572	0.952715	18.2039
250	0.11267	2.65755	0.950799	18.2277
251	0.11054	2.65924	0.939132	18.2506
252	0.11062	2.66094	0.942371	18.2738
253	0.110968	2.66267	0.944904	18.2971
254	0.112756	2.66451	0.942776	18.3203
255	0.11024	2.6662	0.947069	18.3437
256	0.112123	2.66801	0.953415	18.3675
257	0.105802	2.66942	0.961777	18.3917
258	0.107861	2.67097	0.969979	18.4165
259	0.104472	2.67232	0.972387	18.4413
260	0.102286	2.67353	0.976166	18.4664
261	0.0999571	2.67461	0.97276	18.4913
262	0.0976011	2.67555	0.975741	18.5163
263	0.0955009	2.67636	0.979382	18.5415
264	0.0960076	2.67721	0.981409	18.5668
265	0.0931792	2.6779	0.982403	18.5921
266	0.0914911	2.67848	0.98179	18.6173
267	0.0920027	2.67911	0.981454	18.6425
268	0.0896942	2.6796	0.986527	18.668
269	0.0899455	2.68012	0.988301	18.6936
270	0.0871197	2.68047	0.982736	18.7188
271	0.0965908	2.6814	1.00028	18.745
272	0.0978067	2.68241	0.994939	18.7709
273	0.104582	2.68384	1.00225	18.7971
274	0.101977	2.68511	0.995551	18.823
275	0.106335	2.68665	0.993865	18.8487
276	0.106746	2.68821	0.989602	18.8741
277	0.106596	2.68977	0.98778	18.8994
278	0.105844	2.69129	0.986931	18.9246
279	0.102745	2.69263	0.974817	18.9491
280	0.100845	2.69386	0.975789	18.9735
281	0.0957486	2.69478	0.964159	18.9973
282	0.0918416	2.69549	0.967446	19.0212
283	0.089357	2.69605	0.972513	19.0454
284	0.0908601	2.6967	0.975196	19.0698
285	0.0904859	2.69734	0.982073	19.0945
286	0.0934492	2.69816	0.987622	19.1195
287	0.0888087	2.69871	0.984866	19.1443
288	0.0875853	2.6992	0.981638	19.1689
289	0.0868868	2.69965	0.974739	19.1931
290	0.0849276	2.69999	0.973145	19.2172
291	0.0870893	2.70047	0.978218	19.2415
292	0.0918876	2.70123	0.980557	19.2659
293	0.0927457	2.70205	0.981464	19.2904
294	0.0906629	2.70275	0.97889	19.3147
295	0.0884834	2.70333	0.978408	19.3389
296	0.0876363	2.70387	0.982885	19.3634
297	0.0846672	2.70424	0.971328	19.3871
298	0.0816308	2.70444	0.970432	19.4108
299	0.0841662	2.7048	0.968255	19.4344
300	0.0829433	2.70509	0.960335	19.4574
301	0.0840044	2.70545	0.956598	19.4803
302	0.08263	2.70573	0.952083	19.5028
303	0.0825132	2.70602	0.950126	19.5252
304	0.0839414	2.70639	0.94773	19.5474
305	0.079368	2.70651	0.947953	19.5697
306	0.0794096	2.70664	0.948167	19.5919
307	0.0800892	2.70681	0.952345	19.6144
308	0.0810579	2.70705	0.954655	19.6369
309	0.0858399	2.70756	0.9591	19.6597
310	0.0893528	2.70827	0.961129	19.6826
311	0.0869238	2.70886	0.962596	19.7055
312	0.0866379	2.70943	0.962756	19.7285
313	0.0889465	2.71014	0.964541	19.7515
314	0.0906446	2.71094	0.963817	19.7744
315	0.0931629	2.7119	0.967915	19.7976
316	0.0936703	2.71288	0.96596	19.8206
317	0.0913799	2.71374	0.960078	19.8432
318	0.09138	2.71461	0.94173	19.8649
319	0.0907151	2.71544	0.939608	19.8863
320	0.0969256	2.71662	0.948346	19.9083
321	0.0956866	2.71774	0.950455	19.9303
322	0.0948419	2.71881	0.951071	19.9524
323	0.0972113	2.72002	0.953883	19.9746
324	0.0964617	2.72118	0.958475	19.997
325	0.0919934	2.72211	0.959575	20.0195
326	0.0892651	2.72288	0.95731	20.0418
327	0.0903799	2.72372	0.957338	20.0641
328	0.0912778	2.72462	0.954155	20.0862
329	0.0915737	2.72553	0.95573	20.1084
330	0.0928923	2.72652	0.9547	20.1304
331	0.0960307	2.72769	0.957999	20.1527
332	0.102059	2.72919	0.967623	20.1755
333	0.102605	2.73072	0.967511	20.1982
334	0.101137	2.73217	0.963857	20.2207
335	0.103392	2.73374	0.967034	20.2433
336	0.102022	2.73525	0.96322	20.2658
337	0.0973107	2.73649	0.958157	20.2879
338	0.0918893	2.73745	0.963307	20.3103
339	0.0883449	2.73822	0.969711	20.333
340	0.0871873	2.73893	0.974414	20.3559
341	0.0853433	2.73954	0.972453	20.3787
342	0.0831789	2.74004	0.972519	20.4015
343	0.0819587	2.74048	0.966095	20.424
344	0.0819561	2.74092	0.959307	20.446
345	0.0790673	2.74121	0.957038	20.4679
346	0.0782101	2.74146	0.958771	20.4899
347	0.0756614	2.74158	0.960552	20.5119
348	0.0750901	2.74168	0.962956	20.534
349	0.0755626	2.7418	0.963622	20.5562
350	0.0753956	2.74192	0.962305	20.5783
351	0.0773033	2.74215	0.965106	20.6005
352	0.0769386	2.74237	0.957081	20.6222
353	0.0755485	2.74251	0.957714	20.644
354	0.0767509	2.74272	0.953353	20.6655
355	0.0762771	2.74292	0.94822	20.6867
356	0.076274	2.74311	0.942079	20.7076
357	0.0725004	2.74312	0.945935	20.7287
358	0.0743201	2.74322	0.9505	20.75
359	0.0731492	2.74327	0.952398	20.7713
360	0.0741562	2.74338	0.945965	20.7923
361	0.0683064	2.74318	0.954122	20.8138
362	0.0701368	2.74308	0.953041	20.8351
363	0.0700642	2.74299	0.950816	20.8563
364	0.0700239	2.7429	0.952137	20.8776
365	0.0713371	2.74289	0.953514	20.8989
366	0.0698785	2.7428	0.953446	20.9202
367	0.068002	2.74262	0.955085	20.9415
368	0.0686253	2.74248	0.9512	20.9626
369	0.0705607	2.74245	0.952339	20.9838
370	0.0686373	2.74232	0.949421	21.0048
371	0.0649615	2.742	0.949105	21.0258
372	0.0600957	2.74144	0.94731	21.0466
373	0.0582827	2.74079	0.938438	21.067
374	0.0593484	2.74021	0.937083	21.0873
375	0.0600201	2.73966	0.9386	21.1077
376	0.0589353	2.73906	0.939623	21.1281
377	0.05919	2.73849	0.940193	21.1485
378	0.0566156	2.73779	0.933387	21.1685
379	0.0606194	2.7373	0.938902	21.1888
380	0.0620151	2.73689	0.939264	21.2091
381	0.0638144	2.73657	0.942353	21.2296
382	0.0615849	2.73615	0.947066	21.2502
383	0.0606612	2.73568	0.949062	21.271
384	0.0641409	2.7354	0.947214	21.2916
385	0.0650829	2.73518	0.948767	21.3123
386	0.0639744	2.7349	0.943148	21.3327
387	0.0610316	2.73447	0.943677	21.3531
388	0.0596393	2.73399	0.947326	21.3737
389	0.0591456	2.73348	0.950794	21.3944
390	0.055994	2.73282	0.955564	21.4154
391	0.0585113	2.73229	0.956263	21.4364
392	0.0589693	2.73179	0.955679	21.4573
393	0.0579642	2.73125	0.954039	21.4781
394	0.0587096	2.73075	0.948946	21.4987
395	0.0593978	2.73029	0.947871	21.5192
396	0.0579449	2.72976	0.950318	21.5397
397	0.0562963	2.72915	0.944982	21.56
398	0.0575316	2.72862	0.943085	21.5802
399	0.0539003	2.72791	0.941715	21.6003
400	0.0544303	2.72723	0.943916	21.6205
401	0.0580695	2.72673	0.948023	21.6409
402	0.0563552	2.72616	0.952615	21.6615
403	0.0528293	2.72542	0.957551	21.6823
404	0.0538486	2.72473	0.956322	21.7031
405	0.0529807	2.72401	0.958703	21.7239
406	0.0486591	2.72308	0.958282	21.7447
407	0.0499946	2.72222	0.95754	21.7655
408	0.0527874	2.7215	0.961356	21.7864
409	0.0546624	2.72089	0.961547	21.8073
410	0.0521986	2.72015	0.955901	21.8279
411	0.0493298	2.71929	0.959899	21.8487
412	0.0482271	2.71837	0.95858	21.8694
413	0.0455053	2.71733	0.963344	21.8903
414	0.0434305	2.71619	0.963713	21.9113
415	0.0461153	2.71519	0.957954	21.9319
416	0.0427516	2.71403	0.962439	21.9527
417	0.0394129	2.71271	0.96643	21.9737
418	0.0395896	2.71141	0.967522	21.9947
419	0.0378277	2.71004	0.967446	22.0157
420	0.0345083	2.7085	0.973666	22.037
421	0.0333801	2.70692	0.976051	22.0584
422	0.0322584	2.70529	0.974572	22.0797
423	0.0292405	2.70353	0.979339	22.1013
424	0.0299368	2.7018	0.984548	22.123
425	0.0271591	2.69995	0.987825	22.1449
426	0.0276446	2.69813	0.982314	22.1665
427	0.0275973	2.69632	0.976484	22.1878
428	0.0289652	2.69458	0.974551	22.209
429	0.0292435	2.69286	0.970413	22.2299
430	0.0280463	2.69109	0.973137	22.251
431	0.027389	2.6893	0.970536	22.2719
432	0.0254526	2.68742	0.973844	22.293
433	0.0236413	2.68546	0.978188	22.3143
434	0.0230557	2.68348	0.981228	22.3357
435	0.0235104	2.68154	0.979388	22.3569
436	0.0223279	2.67954	0.97967	22.3782
437	0.0200668	2.67745	0.981958	22.3996
438	0.0220762	2.67545	0.98412	22.421
439	0.020318	2.67339	0.987612	22.4426
440	0.0202089	2.67132	0.988595	22.4642
441	0.0189367	2.6692	0.990685	22.4859
442	0.0163959	2.66698	0.994184	22.5078
443	0.015081	2.66469	0.993706	22.5296
444	0.0149354	2.66241	0.992064	22.5513
445	0.014169	2.6601	0.990411	22.5729
446	0.013578	2.65777	0.990148	22.5945
447	0.0184849	2.65568	0.995282	22.6163
448	0.0239899	2.65386	1.00306	22.6384
449	0.0280811	2.65224	1.00759	22.6607
450	0.0324363	2.65083	1.01513	22.6834
451	0.0294539	2.64929	1.01495	22.706
452	0.024158	2.6475	1.02302	22.729
453	0.0266782	2.64584	1.02693	22.7522
454	0.0308591	2.64438	1.02935	22.7754
455	0.0348592	2.64312	1.03448	22.7989
456	0.0364925	2.64194	1.03467	22.8223
457	0.0369045	2.64078	1.03611	22.8458
458	0.0347456	2.63953	1.03958	22.8694
459	0.0349915	2.63829	1.04174	22.8931
460	0.0338574	2.63701	1.04164	22.9168
461	0.0347202	2.63578	1.04381	22.9406
462	0.0344025	2.63453	1.04082	22.9641
463	0.0320138	2.63318	1.03996	22.9877
464	0.0360615	2.63203	1.04333	23.0113
465	0.0369757	2.63092	1.04516	23.035
466	0.0386452	2.62989	1.04525	23.0587
467	0.034794	2.62869	1.04544	23.0824
468	0.0354887	2.62753	1.04503	23.106
469	0.0349166	2.62635	1.04261	23.1295
470	0.0328379	2.62508	1.04187	23.153
471	0.0356357	2.62394	1.04395	23.1765
472	0.0326376	2.62267	1.04387	23.2
473	0.0339334	2.62146	1.04384	23.2234
474	0.0322505	2.62019	1.04702	23.247
475	0.0293582	2.61878	1.05062	23.2708
476	0.0334386	2.61757	1.05109	23.2945
477	0.035864	2.61648	1.05493	23.3183
478	0.0354788	2.61537	1.048	23.3419
479	0.0342187	2.61421	1.04712	23.3653
480	0.0349107	2.61309	1.0481	23.3888
481	0.0359753	2.61202	1.04352	23.4121
482	0.0378519	2.61104	1.04448	23.4354
483	0.0392822	2.61013	1.04375	23.4586
484	0.0365063	2.6091	1.04385	23.4818
485	0.0366415	2.60808	1.04416	23.505
486	0.0354034	2.60701	1.04025	23.528
487	0.0337631	2.60587	1.03511	23.5507
488	0.0316367	2.60464	1.03219	23.5733
489	0.0292744	2.6033	1.03295	23.5959
490	0.0294993	2.60199	1.03588	23.6186
491	0.0306501	2.60073	1.03413	23.6412
492	0.0298655	2.59944	1.03465	23.6638
493	0.025897	2.59797	1.03822	23.6866
494	0.026167	2.59653	1.03826	23.7093
495	0.0254704	2.59506	1.03047	23.7317
496	0.0257049	2.5936	1.02456	23.7537
497	0.0288049	2.59229	1.02492	23.7758
498	0.0281667	2.59096	1.02397	23.7978
499	0.0287245	2.58965	1.02229	23.8197
500	0.0301092	2.58842	1.02668	23.8418
501	0.028517	2.58711	1.02681	23.8639
502	0.0291277	2.58584	1.0259	23.8859
503	0.0304396	2.58464	1.02623	23.9079
504	0.0300805	2.58342	1.02088	23.9297
505	0.031436	2.58227	1.01788	23.9512
506	0.029102	2.58101	1.01857	23.9729
507	0.0277974	2.57971	1.01924	23.9945
508	0.0283636	2.57844	1.02075	24.0161
509	0.0281447	2.57716	1.01731	24.0376
510	0.0282389	2.57589	1.01536	24.059
511	0.0300645	2.5747	1.01248	24.0803
512	0.0295657	2.5735	1.0107	24.1014
513	0.0309795	2.57237	1.01083	24.1225
514	0.0309751	2.57124	1.01147	24.1437
515	0.0298308	2.57006	1.0077	24.1646
516	0.031341	2.56896	1.00669	24.1855
517	0.0313276	2.56785	1.00857	24.2065
518	0.0323558	2.5668	1.00792	24.2274
519	0.0324421	2.56576	1.00816	24.2483
520	0.034721	2.56482	1.00964	24.2693
521	0.03318	2.56382	1.00868	24.2902
522	0.0343011	2.56287	1.00949	24.3111
523	0.0326971	2.56185	1.00753	24.3319
524	0.0312513	2.56078	1.00802	24.3527
525	0.0324138	2.55976	1.00445	24.3733
526	0.0373986	2.55896	1.01161	24.3943
527	0.0393883	2.55826	1.0152	24.4153
528	0.0385918	2.55752	1.01696	24.4365
529	0.0344447	2.5566	1.02076	24.4577
530	0.0334443	2.55565	1.0189	24.4789
531	0.0313472	2.55461	1.01401	24.4999
532	0.0300872	2.55352	1.00986	24.5206
533	0.0286257	2.55237	1.00567	24.5412
534	0.0289846	2.55124	1.00033	24.5615
535	0.0291931	2.55012	1.00036	24.5818
536	0.0301057	2.54905	0.99953	24.602
537	0.0320204	2.54806	1.00173	24.6223
538	0.0323266	2.54709	1.00329	24.6427
539	0.0330011	2.54616	1.0056	24.6631
540	0.0325039	2.5452	1.00643	24.6836
541	0.0340503	2.54432	1.00369	24.7039
542	0.0362204	2.54353	0.999341	24.7241
543	0.0351504	2.5427	0.999868	24.7442
544	0.0352233	2.54188	1.00143	24.7644
545	0.0341687	2.54102	1.00499	24.7847
546	0.0338129	2.54014	1.0047	24.805
547	0.0315233	2.53917	0.999459	24.825
548	0.0305682	2.53817	0.993285	24.8448
549	0.0301198	2.53715	0.992426	24.8645
550	0.0295684	2.53611	0.991542	24.8842
551	0.0278026	2.53499	0.99266	24.9039
552	0.0282831	2.53391	0.989966	24.9235
553	0.0309641	2.53294	0.99233	24.9432
554	0.0318461	2.53201	0.990681	24.9627
555	0.0329644	2.53113	0.985613	24.9821
556	0.0345231	2.53032	0.987948	25.0015
557	0.0340438	2.5295	0.98828	25.0209
558	0.0323523	2.52861	0.985585	25.0402
559	0.029479	2.5276	0.98417	25.0594
560	0.0297175	2.5266	0.985501	25.0787
561	0.0304276	2.52564	0.985609	25.098
562	0.0326431	2.52477	0.983862	25.1171
563	0.0287086	2.52375	0.988583	25.1365
564	0.0282566	2.5227	0.985358	25.1557
565	0.0286932	2.52168	0.985407	25.1749
566	0.0290211	2.52068	0.984112	25.194
567	0.0310102	2.51976	0.985539	25.2132
568	0.0326586	2.51892	0.987978	25.2324
569	0.0336035	2.51812	0.990122	25.2518
570	0.0325749	2.51728	0.989134	25.271
571	0.0309951	2.51638	0.988419	25.2903
572	0.0322084	2.51553	0.990668	25.3096
573	0.0319048	2.51467	0.989422	25.3288
574	0.0340752	2.51391	0.993097	25.3482
575	0.0377695	2.5133	0.998033	25.3678
576	0.0400116	2.51279	1.00204	25.3875
577	0.0396967	2.51227	0.998155	25.407
578	0.0384857	2.5117	0.997582	25.4266
579	0.0363546	2.51104	0.994736	25.4459
580	0.0354847	2.51036	0.992633	25.4652
581	0.0351183	2.50966	0.992866	25.4845
582	0.0344558	2.50893	0.991162	25.5037
583	0.0358619	2.50827	0.990671	25.5228
584	0.0348323	2.50757	0.991001	25.542
585	0.033866	2.50683	0.990576	25.5611
586	0.0322492	2.50603	0.992459	25.5803
587	0.029965	2.50513	0.99613	25.5996
588	0.0287479	2.50419	0.996188	25.6189
589	0.0260038	2.50314	0.997342	25.6382
590	0.025283	2.50207	0.995627	25.6575
591	0.0254204	2.501	0.993269	25.6767
592	0.0270203	2.5	0.99521	25.6959
593	0.0279716	2.49905	0.996154	25.7151
594	0.0268548	2.49805	0.995653	25.7343
595	0.0251201	2.49699	0.998006	25.7536
596	0.0243909	2.4959	0.996743	25.7728
597	0.0215079	2.49469	0.992644	25.7918
598	0.0214344	2.49349	0.993465	25.8109
599	0.0234434	2.49237	0.992788	25.8299
600	0.0242947	2.49129	0.990935	25.8488
601	0.0245885	2.49022	0.988888	25.8677
602	0.0248359	2.48917	0.989125	25.8865
603	0.0266469	2.48819	0.990044	25.9053
604	0.0294887	2.48734	0.991054	25.9242
605	0.0294791	2.48648	0.991234	25.9431
606	0.0281323	2.48558	0.992331	25.962
607	0.0277647	2.48466	0.990902	25.9808
608	0.0264442	2.4837	0.987362	25.9995
609	0.0268136	2.48275	0.985091	26.0181
610	0.025659	2.48176	0.981419	26.0365
611	0.0249457	2.48074	0.980952	26.0548
612	0.0232543	2.47966	0.982042	26.0732
613	0.0232954	2.47858	0.981614	26.0916
614	0.0243058	2.47755	0.981332	26.11
615	0.0216671	2.47641	0.98079	26.1283
616	0.0228206	2.47532	0.975855	26.1464
617	0.0220513	2.47421	0.974983	26.1645
618	0.022214	2.47311	0.976687	26.1826
619	0.0225552	2.47202	0.976143	26.2006
620	0.0230018	2.47095	0.975403	26.2187
621	0.0210631	2.46981	0.978977	26.2369
622	0.0195106	2.46861	0.978796	26.255
623	0.0170244	2.46732	0.980558	26.2732
624	0.0141565	2.46591	0.98328	26.2915
625	0.0149601	2.46454	0.985536	26.3099
626	0.0131874	2.46311	0.987339	26.3284
627	0.0141307	2.46171	0.988235	26.3468
628	0.0150075	2.46035	0.987243	26.3652
629	0.0147629	2.45899	0.987144	26.3836
630	0.014484	2.45762	0.98965	26.4021
631	0.0139773	2.45624	0.98784	26.4205
632	0.0147978	2.45489	0.988541	26.4389
633	0.0128449	2.45346	0.987744	26.4573
634	0.0124294	2.45202	0.98904	26.4757
635	0.0120264	2.45058	0.990148	26.4942
636	0.0116575	2.44912	0.990801	26.5126
637	0.0102902	2.44761	0.993853	26.5312
638	0.0109732	2.44613	0.991931	26.5496
639	0.00973451	2.4446	0.990979	26.5681
640	0.00943761	2.44307	0.985212	26.5863
641	0.00991712	2.44156	0.98379	26.6044
642	0.00986542	2.44005	0.981407	26.6224
643	0.0110852	2.4386	0.979503	26.6403
644	0.0118351	2.43718	0.980096	26.6582
645	0.0119246	2.43576	0.981059	26.6762
646	0.0131319	2.4344	0.981638	26.6942
647	0.0144715	2.43309	0.984392	26.7122
648	0.0134713	2.43174	0.98107	26.7302
649	0.0147332	2.43045	0.979075	26.748
650	0.0121679	2.42906	0.97893	26.7658
651	0.00976355	2.42759	0.970034	26.7833
652	0.0099807	2.42612	0.967039	26.8006
653	0.0117957	2.42473	0.962854	26.8178
654	0.0107922	2.4233	0.95776	26.8347
655	0.00971311	2.42183	0.958025	26.8517
656	0.00729539	2.42028	0.960835	26.8687
657	0.00605723	2.41868	0.961283	26.8857
658	0.00564335	2.41706	0.961408	26.9028
659	0.0037795	2.41538	0.964202	26.9199
660	0.00314829	2.41368	0.964344	26.9371
661	0.00223575	2.41194	0.962252	26.9541
662	0.00152887	2.41019	0.963136	26.9712
663	0.00101905	2.40841	0.963205	26.9883
664	-0.000663238	2.40658	0.962368	27.0053
665	-0.0029774	2.40466	0.964236	27.0224
666	-0.00252598	2.40276	0.962571	27.0394
667	-0.00153772	2.40091	0.964751	27.0565
668	-0.00157238	2.39905	0.965057	27.0735
669	-0.00126904	2.39721	0.966534	27.0907
670	-0.000972159	2.39539	0.966417	27.1078
671	-0.00147145	2.39356	0.964138	27.1248
672	-0.000982976	2.39174	0.964855	27.1419
673	0.000114006	2.38997	0.962975	27.1588
674	0.000435105	2.38822	0.963723	27.1758
675	0.00146902	2.38651	0.965424	27.1928
676	0.00224137	2.38484	0.967341	27.2099
677	0.00174987	2.38315	0.969223	27.227
678	0.00105787	2.38144	0.970014	27.2442
679	0.00147312	2.37974	0.969274	27.2613
680	0.000667611	2.37803	0.968491	27.2784
681	0.000784708	2.37631	0.965466	27.2954
682	0.000689974	2.3746	0.96509	27.3123
683	-0.000529261	2.37285	0.964058	27.3292
684	-0.000482173	2.3711	0.964476	27.3461
685	-0.000342871	2.36936	0.966047	27.3631
686	0.00111752	2.36768	0.968432	27.3801
687	0.00244679	2.36605	0.970023	27.3972
688	-0.00050738	2.36432	0.972708	27.4144
689	-0.00282857	2.3625	0.974192	27.4316
690	-0.00131237	2.36074	0.975128	27.4488
691	-0.000986939	2.359	0.972074	27.4659
692	8.18684e-06	2.3573	0.972224	27.483
693	0.000822467	2.35564	0.973229	27.5002
694	0.00304209	2.35406	0.975829	27.5174
695	0.00253551	2.35247	0.977141	27.5347
696	0.00134056	2.35083	0.977048	27.5519
697	0.00108897	2.34919	0.977116	27.5692
698	0.00220398	2.3476	0.976836	27.5864
699	0.00129152	2.34597	0.975678	27.6035
700	0.000979635	2.34433	0.976057	27.6207
701	0.00135793	2.34272	0.971268	27.6377
702	-1.86266e-05	2.34105	0.969756	27.6546
703	-0.0010134	2.33935	0.969374	27.6715
704	-4.70788e-05	2.33769	0.969029	27.6884
705	-0.000785834	2.33601	0.967103	27.7052
706	-0.0011169	2.33432	0.963429	27.7218
707	-0.000624906	2.33265	0.958864	27.7382
708	-0.000349902	2.33099	0.95376	27.7545
709	-0.000604856	2.32933	0.950896	27.7706
710	-0.000596475	2.32767	0.945308	27.7865
711	-0.00131256	2.32599	0.944532	27.8024
712	-0.0032697	2.32424	0.945834	27.8183
713	-0.0047702	2.32243	0.944991	27.8342
714	-0.00537211	2.32061	0.940877	27.8499
715	-0.00308027	2.31888	0.941035	27.8657
716	-0.00169116	2.3172	0.941271	27.8814
717	-0.0036722	2.31545	0.939833	27.897
718	-0.00576663	2.31362	0.935719	27.9125
719	-0.00752251	2.31174	0.932292	27.9279
720	-0.00697266	2.30988	0.929284	27.9431
721	-0.00648276	2.30804	0.931424	27.9584
722	-0.00389528	2.3063	0.933855	27.9738
723	-0.00338525	2.30458	0.93068	27.9891
724	-0.00271246	2.3029	0.928151	28.0043
725	-0.00292448	2.3012	0.927492	28.0194
726	-0.00416879	2.29947	0.925593	28.0344
727	-0.00385824	2.29775	0.925192	28.0495
728	-0.00404455	2.29602	0.92647	28.0645
729	-0.00403394	2.2943	0.927325	28.0796
730	-0.00363732	2.2926	0.926955	28.0947
731	-0.00440994	2.29087	0.926383	28.1098
732	-0.00490667	2.28913	0.925328	28.1248
733	-0.00483973	2.28739	0.926396	28.1398
734	-0.00495484	2.28566	0.926241	28.1548
735	-0.00454502	2.28394	0.923266	28.1697
736	-0.00459938	2.28222	0.919176	28.1845
737	-0.0047283	2.2805	0.920152	28.1992
738	-0.00512981	2.27877	0.92193	28.2141
739	-0.00493693	2.27705	0.923076	28.2289
740	-0.00392461	2.27537	0.91897	28.2436
741	-0.00261831	2.27375	0.919471	28.2583
742	-0.00321928	2.2721	0.919671	28.2731
743	-0.00115905	2.27053	0.918555	28.2877
744	-0.00374089	2.26887	0.920766	28.3025
745	-0.00448297	2.26719	0.922452	28.3173
746	-0.0049149	2.26549	0.920986	28.332
747	-0.00541272	2.26378	0.921367	28.3468
748	-0.00686575	2.26202	0.922621	28.3616
749	-0.00605945	2.2603	0.922985	28.3763
750	-0.00830911	2.25849	0.923467	28.3911
751	-0.00899162	2.25666	0.921378	28.4059
752	-0.00874875	2.25485	0.916814	28.4204
753	-0.00746461	2.25308	0.916663	28.4349
754	-0.00600981	2.25137	0.914672	28.4494
755	-0.00572174	2.24968	0.908672	28.4636
756	-0.00613038	2.24797	0.910768	28.4779
757	-0.00692414	2.24624	0.911515	28.4922
758	-0.00914864	2.24443	0.910204	28.5065
759	-0.00817296	2.24265	0.909778	28.5208
760	-0.00830368	2.24088	0.907227	28.5349
761	-0.00889319	2.23909	0.907302	28.549
762	-0.00792645	2.23734	0.908657	28.5632
763	-0.00982671	2.23552	0.910292	28.5775
764	-0.00847311	2.23375	0.910258	28.5917
765	-0.00694754	2.23205	0.912353	28.606
766	-0.00667963	2.23035	0.914258	28.6204
767	-0.00625908	2.22868	0.914813	28.6347
768	-0.00660204	2.22699	0.914015	28.6491
769	-0.00666888	2.2253	0.914745	28.6634
770	-0.00643875	2.22363	0.91489	28.6778
771	-0.00610513	2.22197	0.91242	28.692
772	-0.0064463	2.22031	0.909215	28.7062
773	-0.00706817	2.21862	0.904483	28.7201
774	-0.00891686	2.21687	0.905968	28.7342
775	-0.00906432	2.21512	0.907161	28.7482
776	-0.0105089	2.21332	0.907168	28.7622
777	-0.0109461	2.2115	0.90393	28.7762
778	-0.011232	2.20968	0.902641	28.79
779	-0.0118264	2.20784	0.9046	28.804
780	-0.0127154	2.20598	0.905337	28.8179
781	-0.0127479	2.20411	0.906784	28.8319
782	-0.0136393	2.20222	0.908124	28.846
783	-0.0158438	2.20025	0.91075	28.8601
784	-0.0172481	2.19824	0.90921	28.8742
785	-0.0162161	2.19626	0.904524	28.888
786	-0.0153867	2.19432	0.904693	28.9019
787	-0.0137317	2.19244	0.904912	28.9158
788	-0.0127834	2.1906	0.904083	28.9297
789	-0.0117912	2.18879	0.905908	28.9436
790	-0.0102221	2.18705	0.908503	28.9576
791	-0.00940627	2.18533	0.907839	28.9716
792	-0.00969957	2.18361	0.908265	28.9856
793	-0.00817389	2.18195	0.911067	28.9996
794	-0.00746137	2.18031	0.909592	29.0137
795	-0.00933834	2.17861	0.910138	29.0277
796	-0.00992736	2.1769	0.911234	29.0418
797	-0.0102973	2.17517	0.913306	29.0559
798	-0.0103157	2.17344	0.913876	29.07
799	-0.0101947	2.17173	0.914535	29.0842
800	-0.00904266	2.17005	0.914282	29.0983
801	-0.0109448	2.16832	0.915658	29.1125
802	-0.0132142	2.1665	0.917687	29.1268
803	-0.0126614	2.16471	0.918495	29.1411
804	-0.01251	2.16292	0.918828	29.1553
805	-0.0117677	2.16117	0.919115	29.1696
806	-0.0110048	2.15944	0.91961	29.1839
807	-0.0115439	2.1577	0.916169	29.1981
808	-0.0126465	2.15593	0.911417	29.2121
809	-0.012053	2.15417	0.909954	29.226
810	-0.0118847	2.15243	0.906733	29.2398
811	-0.0116813	2.1507	0.907749	29.2537
812	-0.0121612	2.14895	0.906892	29.2675
813	-0.011184	2.14724	0.905548	29.2813
814	-0.011223	2.14553	0.902261	29.2949
815	-0.0108677	2.14384	0.903102	29.3086
816	-0.00912385	2.14221	0.905237	29.3223
817	-0.0078823	2.14062	0.906769	29.3361
818	-0.00734358	2.13906	0.905895	29.3498
819	-0.00794062	2.13748	0.905926	29.3635
820	-0.00978151	2.13584	0.908003	29.3774
821	-0.0114682	2.13414	0.909597	29.3912
822	-0.0092655	2.13252	0.914211	29.4052
823	-0.00968822	2.13089	0.912836	29.4192
824	-0.0101285	2.12925	0.910797	29.433
825	-0.00929157	2.12764	0.907198	29.4468
826	-0.0080954	2.12607	0.904766	29.4604
827	-0.00747887	2.12453	0.897596	29.4738
828	-0.00689982	2.12301	0.897429	29.4872
829	-0.00692854	2.12149	0.896238	29.5006
830	-0.00768582	2.11995	0.897338	29.514
831	-0.00700577	2.11843	0.899214	29.5274
832	-0.00715771	2.11692	0.89862	29.5408
833	-0.00905137	2.11534	0.898517	29.5542
834	-0.00968906	2.11373	0.898208	29.5676
835	-0.00983299	2.11213	0.899018	29.581
836	-0.00999825	2.11053	0.89782	29.5943
837	-0.00924544	2.10895	0.896606	29.6077
838	-0.00895187	2.10738	0.897457	29.621
839	-0.00962774	2.1058	0.895181	29.6343
840	-0.0102848	2.10419	0.895305	29.6475
841	-0.00911458	2.10263	0.89509	29.6607
842	-0.00800843	2.10111	0.897295	29.6741
843	-0.00854932	2.09957	0.896972	29.6873
844	-0.00757897	2.09807	0.895436	29.7006
845	-0.00808435	2.09655	0.893853	29.7138
846	-0.00934004	2.095	0.891484	29.7268
847	-0.0095501	2.09343	0.890152	29.7399
848	-0.00891903	2.0919	0.890198	29.7529
849	-0.0103069	2.09031	0.891243	29.766
850	-0.00886476	2.08878	0.891563	29.7791
851	-0.00967499	2.08723	0.891886	29.7921
852	-0.0099266	2.08566	0.891018	29.8052
853	-0.0114024	2.08405	0.8914	29.8182
854	-0.00999702	2.0825	0.889776	29.8312
855	-0.00884755	2.08098	0.889924	29.8442
856	-0.00919725	2.07945	0.887579	29.8571
857	-0.00926762	2.07792	0.887347	29.87
858	-0.0102459	2.07637	0.887025	29.8829
859	-0.00927128	2.07484	0.887242	29.8958
860	-0.00814347	2.07336	0.887642	29.9086
861	-0.00653246	2.07194	0.887872	29.9215
862	-0.00703035	2.0705	0.888035	29.9344
863	-0.00732404	2.06905	0.888625	29.9473
864	-0.00868059	2.06756	0.891132	29.9603
865	-0.00773369	2.06611	0.886801	29.9731
866	-0.00908047	2.06461	0.887686	29.986
867	-0.0105936	2.06306	0.884886	29.9988
868	-0.0110726	2.0615	0.885156	30.0115
869	-0.0104416	2.05996	0.886724	30.0243
870	-0.0105294	2.05843	0.888714	30.0372
871	-0.00973404	2.05692	0.890141	30.0501
872	-0.0107779	2.05537	0.889934	30.063
873	-0.0120076	2.05379	0.882838	30.0757
874	-0.0119394	2.05222	0.880291	30.0883
875	-0.0111732	2.05067	0.877508	30.1007
876	-0.011127	2.04913	0.875238	30.1131
877	-0.0108211	2.0476	0.871361	30.1254
878	-0.00965648	2.04611	0.867024	30.1375
879	-0.0106318	2.04459	0.86751	30.1496
880	-0.0107382	2.04307	0.866826	30.1617
881	-0.0107963	2.04155	0.865475	30.1737
882	-0.00999632	2.04005	0.864348	30.1857
883	-0.00999554	2.03857	0.866157	30.1978
884	-0.0103536	2.03707	0.868256	30.2099
885	-0.0104304	2.03557	0.868951	30.2221
886	-0.0115575	2.03403	0.866675	30.2341
887	-0.0109087	2.03252	0.866526	30.2462
888	-0.01146	2.031	0.862825	30.2581
889	-0.0130552	2.02942	0.861652	30.27
890	-0.0114642	2.0279	0.863255	30.2819
891	-0.0116064	2.02637	0.863205	30.2939
892	-0.0107565	2.02488	0.86125	30.3057
893	-0.0105136	2.0234	0.861109	30.3176
894	-0.00785199	2.02201	0.865545	30.3295
895	-0.00759543	2.02062	0.866254	30.3416
896	-0.00749247	2.01925	0.86735	30.3536
897	-0.00692164	2.01789	0.867136	30.3656
898	-0.00726224	2.01653	0.865234	30.3776
899	-0.00663751	2.01519	0.864129	30.3895
900	-0.00723472	2.01383	0.861917	30.4014
901	-0.00706074	2.01248	0.861182	30.4132
902	-0.0071277	2.01113	0.862075	30.425
903	-0.007531	2.00977	0.863284	30.4369
904	-0.00585088	2.00847	0.864578	30.4489
905	-0.00450513	2.00721	0.864995	30.4608
906	-0.0041205	2.00597	0.864691	30.4727
907	-0.00384591	2.00474	0.86416	30.4846
908	-0.00222111	2.00356	0.865381	30.4965
909	-0.00127888	2.00242	0.864286	30.5084
910	-0.00199437	2.00125	0.863107	30.5203
911	-0.00167208	2.0001	0.859004	30.532
912	-0.000969078	1.99898	0.86074	30.5437
913	-0.00141131	1.99784	0.86256	30.5556
914	-0.000818957	1.99672	0.863719	30.5674
915	-0.00137699	1.99558	0.860731	30.5792
916	-0.00200643	1.99443	0.858628	30.5909
917	-0.00135215	1.9933	0.857683	30.6025
918	-0.000808878	1.99219	0.854547	30.614
919	-0.00193611	1.99104	0.851639	30.6255
920	-0.00174634	1.98991	0.846727	30.6367
921	-0.00327187	1.98872	0.846557	30.648
922	-0.00346587	1.98753	0.842709	30.6591
923	-0.00370786	1.98633	0.842845	30.6703
924	-0.00403016	1.98513	0.840825	30.6813
925	-0.00391878	1.98393	0.838563	30.6923
926	-0.00555494	1.98268	0.841209	30.7034
927	-0.00513918	1.98144	0.841973	30.7145
928	-0.00478017	1.98022	0.840544	30.7255
929	-0.00562931	1.97897	0.839666	30.7366
930	-0.00590619	1.97772	0.838717	30.7475
931	-0.00521339	1.97648	0.839647	30.7585
932	-0.00605386	1.97523	0.8396	30.7695
933	-0.00660386	1.97396	0.839978	30.7806
934	-0.00692198	1.97267	0.836831	30.7915
935	-0.00779735	1.97137	0.837841	30.8024
936	-0.00740342	1.97007	0.839844	30.8134
937	-0.00701837	1.9688	0.83863	30.8244
938	-0.00698136	1.96752	0.839058	30.8353
939	-0.00569363	1.96629	0.840473	30.8463
940	-0.00448312	1.9651	0.841745	30.8574
941	-0.0043372	1.96392	0.843153	30.8685
942	-0.00491042	1.96272	0.844591	30.8796
943	-0.00498194	1.96151	0.846074	30.8908
944	-0.00323766	1.96037	0.847941	30.902
945	-0.00186651	1.95928	0.84826	30.9133
946	-0.00186525	1.95818	0.845269	30.9244
947	-0.000631561	1.95713	0.846732	30.9356
948	-0.00103406	1.95607	0.845866	30.9468
949	-0.000820359	1.95501	0.84493	30.9579
950	-0.000595953	1.95396	0.845966	30.969
951	0.00109152	1.95297	0.84802	30.9803
952	0.00197823	1.95201	0.848359	30.9915
953	0.00296239	1.95109	0.850605	31.0028
954	0.00381965	1.95019	0.85192	31.0141
955	0.00474891	1.94933	0.852637	31.0255
956	0.00488253	1.94847	0.852764	31.0368
957	0.00394537	1.94758	0.853319	31.0482
958	0.00234582	1.94664	0.856157	31.0596
959	0.00164133	1.94568	0.854799	31.0711
960	2.97454e-06	1.94467	0.855529	31.0825
961	-0.00157258	1.94361	0.854946	31.0939
962	-0.00241331	1.94252	0.849796	31.1051
963	-0.0039024	1.94139	0.84875	31.1163
964	-0.00461541	1.94023	0.848808	31.1275
965	-0.00527792	1.93906	0.850061	31.1388
966	-0.00702318	1.93783	0.846015	31.1499
967	-0.00726252	1.9366	0.840633	31.1608
968	-0.00621117	1.9354	0.838383	31.1717
969	-0.00602495	1.93421	0.837073	31.1825
970	-0.00644057	1.93301	0.835022	31.1932
971	-0.00584628	1.93183	0.836126	31.204
972	-0.00602464	1.93064	0.83792	31.2148
973	-0.0039449	1.92953	0.838342	31.2256
974	-0.00232816	1.92846	0.840371	31.2365
975	-0.00200204	1.92741	0.841227	31.2475
976	-0.00266912	1.92634	0.84186	31.2584
977	-0.00288671	1.92526	0.839337	31.2693
978	-0.00365847	1.92417	0.840872	31.2802
979	-0.00402559	1.92306	0.839592	31.291
980	-0.00389569	1.92195	0.84	31.3019
981	-0.00344002	1.92086	0.840177	31.3128
982	-0.00363039	1.91977	0.840724	31.3236
983	-0.00339098	1.91869	0.841414	31.3345
984	-0.00513866	1.91755	0.839946	31.3454
985	-0.00563592	1.9164	0.837879	31.3562
986	-0.006276	1.91523	0.836826	31.3669
987	-0.00759312	1.91402	0.837901	31.3777
988	-0.00716121	1.91283	0.839574	31.3886
989	-0.00710017	1.91164	0.837844	31.3993
990	-0.00670409	1.91046	0.837558	31.4101
991	-0.00757689	1.90926	0.838254	31.4209
992	-0.00656265	1.90809	0.838537	31.4317
993	-0.00749719	1.90689	0.838665	31.4424
994	-0.00730246	1.9057	0.839418	31.4533
995	-0.00650223	1.90454	0.840943	31.4641
996	-0.00594766	1.9034	0.842793	31.475
997	-0.0046735	1.9023	0.842461	31.4859
998	-0.00303476	1.90125	0.842271	31.4968
999	-0.0038322	1.90018	0.843046	31.5077
1000	-0.00409309	1.8991	0.843957	31.5187
1001	-0.00461403	1.89801	0.844708	31.5296
1002	-0.00573495	1.89688	0.846455	31.5406
1003	-0.00501664	1.89578	0.84799	31.5517
1004	-0.00553621	1.89466	0.845197	31.5626
1005	-0.00444863	1.89358	0.844977	31.5736
1006	-0.00453734	1.8925	0.844066	31.5845
1007	-0.00480244	1.89141	0.844044	31.5954
1008	-0.00631256	1.89028	0.843608	31.6063
1009	-0.00627058	1.88914	0.844122	31.6172
1010	-0.00566218	1.88803	0.845196	31.6282
1011	-0.00535466	1.88693	0.845685	31.6391
1012	-0.00466495	1.88585	0.846539	31.6501
1013	-0.00484307	1.88477	0.84805	31.6611
1014	-0.00430273	1.88371	0.850331	31.6722
1015	-0.00464677	1.88264	0.850548	31.6833
1016	-0.00483608	1.88156	0.850667	31.6944
1017	-0.00523625	1.88047	0.850468	31.7055
1018	-0.0041394	1.87942	0.850878	31.7166
1019	-0.00425988	1.87837	0.852238	31.7277
1020	-0.00410505	1.87732	0.851101	31.7388
1021	-0.00484147	1.87625	0.849693	31.7499
1022	-0.00540682	1.87517	0.850871	31.761
1023	-0.00541549	1.87408	0.850778	31.772
1024	-0.00419776	1.87304	0.852051	31.7832
1025	-0.00304504	1.87203	0.850656	31.7942
1026	-0.00380795	1.871	0.85217	31.8053
1027	-0.00473334	1.86994	0.85278	31.8165
1028	-0.00400617	1.86891	0.850783	31.8275
1029	-0.00468375	1.86786	0.851202	31.8386
1030	-0.00477319	1.8668	0.852996	31.8497
1031	-0.00627288	1.86571	0.853155	31.8608
1032	-0.0053356	1.86464	0.855062	31.872
1033	-0.00408052	1.86361	0.854844	31.8832
1034	-0.00497605	1.86256	0.853512	31.8943
1035	-0.00541422	1.86149	0.853666	31.9054
1036	-0.00639649	1.86039	0.853553	31.9166
1037	-0.00722132	1.85927	0.854903	31.9277
1038	-0.00765293	1.85814	0.853493	31.9388
1039	-0.00830076	1.85699	0.853009	31.9499
1040	-0.00984521	1.8558	0.85448	31.9611
1041	-0.00964263	1.85461	0.855929	31.9722
1042	-0.00997053	1.85341	0.856333	31.9834
1043	-0.0105061	1.8522	0.85516	31.9946
1044	-0.0104319	1.85099	0.856467	32.0058
1045	-0.0101921	1.84979	0.855664	32.0169
1046	-0.0108895	1.84857	0.85529	32.0281
1047	-0.0109152	1.84735	0.854639	32.0392
1048	-0.0104022	1.84615	0.855083	32.0503
1049	-0.0091859	1.84499	0.854852	32.0614
1050	-0.00967056	1.84382	0.854914	32.0725
1051	-0.00986363	1.84264	0.85684	32.0837
1052	-0.00909028	1.84148	0.85799	32.0949
1053	-0.00887369	1.84034	0.855781	32.1061
1054	-0.00735291	1.83924	0.856615	32.1172
1055	-0.00822724	1.83812	0.85747	32.1284
1056	-0.00946508	1.83696	0.859542	32.1396
1057	-0.00998302	1.83578	0.858221	32.1508
1058	-0.0109261	1.83458	0.858441	32.162
1059	-0.011928	1.83335	0.8594	32.1732
1060	-0.0124808	1.8321	0.856072	32.1844
1061	-0.0120713	1.83087	0.85771	32.1955
1062	-0.0131279	1.82961	0.858203	32.2067
1063	-0.0122989	1.82837	0.858133	32.2179
1064	-0.01378	1.82709	0.861017	32.2291
1065	-0.0141191	1.8258	0.86133	32.2404
1066	-0.012966	1.82455	0.859951	32.2516
1067	-0.0120205	1.82333	0.856417	32.2627
1068	-0.0117412	1.82212	0.854114	32.2737
1069	-0.010577	1.82094	0.854356	32.2848
1070	-0.0104837	1.81977	0.85271	32.2958
1071	-0.0105359	1.8186	0.852021	32.3067
1072	-0.0104206	1.81744	0.851517	32.3177
1073	-0.0106756	1.81627	0.850543	32.3286
1074	-0.0111385	1.81508	0.850097	32.3395
1075	-0.0113725	1.8139	0.846199	32.3502
1076	-0.0113709	1.81271	0.845404	32.361
1077	-0.00981209	1.81157	0.848183	32.3718
1078	-0.0105772	1.81041	0.848971	32.3826
1079	-0.0104057	1.80925	0.84536	32.3934
1080	-0.00955567	1.80813	0.843834	32.404
1081	-0.0109462	1.80696	0.843669	32.4147
1082	-0.0106783	1.8058	0.842044	32.4253
1083	-0.00926032	1.80469	0.840474	32.4359
1084	-0.00915881	1.80358	0.841393	32.4465
1085	-0.009554	1.80246	0.840716	32.4571
1086	-0.00905293	1.80136	0.840122	32.4676
1087	-0.00932249	1.80025	0.840265	32.4782
1088	-0.0100711	1.79912	0.840983	32.4887
1089	-0.0109401	1.79796	0.843174	32.4994
1090	-0.0115282	1.79679	0.843152	32.51
1091	-0.0115439	1.79562	0.841148	32.5206
1092	-0.011528	1.79445	0.842469	32.5312
1093	-0.0120284	1.79326	0.84354	32.5418
1094	-0.0115216	1.7921	0.844202	32.5525
1095	-0.0132265	1.79088	0.844151	32.5631
1096	-0.0131831	1.78967	0.844779	32.5738
1097	-0.012038	1.78849	0.846048	32.5845
1098	-0.0103084	1.78737	0.84694	32.5952
1099	-0.0100516	1.78625	0.847023	32.6059
1100	-0.0102216	1.78513	0.847909	32.6167
1101	-0.00992336	1.78402	0.848633	32.6274
1102	-0.0097315	1.78292	0.848349	32.6382
1103	-0.00909358	1.78184	0.845588	32.6488
1104	-0.00938698	1.78075	0.843804	32.6594
1105	-0.00947633	1.77967	0.844156	32.6701
1106	-0.00938572	1.77858	0.845816	32.6807
1107	-0.00844079	1.77752	0.847031	32.6914
1108	-0.00919796	1.77645	0.848463	32.7022
1109	-0.0099283	1.77535	0.849774	32.7129
1110	-0.00912057	1.77428	0.850323	32.7237
1111	-0.00904527	1.77321	0.850802	32.7345
1112	-0.00920634	1.77214	0.851108	32.7453
1113	-0.0092065	1.77107	0.850653	32.7561
1114	-0.0103815	1.76996	0.852228	32.7669
1115	-0.00980649	1.76888	0.853375	32.7778
1116	-0.010245	1.76778	0.853572	32.7887
1117	-0.0102043	1.76668	0.851267	32.7995
1118	-0.0104849	1.76558	0.85054	32.8102
1119	-0.0113873	1.76445	0.850909	32.821
1120	-0.0110261	1.76334	0.85059	32.8318
1121	-0.0122557	1.76219	0.851877	32.8426
1122	-0.0127585	1.76102	0.853071	32.8534
1123	-0.0129379	1.75985	0.853518	32.8643
1124	-0.012478	1.7587	0.854951	32.8751
1125	-0.0133652	1.75752	0.856838	32.8861
1126	-0.0139167	1.75633	0.858661	32.8971
1127	-0.0118774	1.7552	0.861793	32.9081
1128	-0.0119046	1.75407	0.860322	32.9192
1129	-0.0125663	1.75292	0.856885	32.9301
1130	-0.0129614	1.75176	0.856523	32.941
1131	-0.0124423	1.75061	0.855983	32.9519
1132	-0.0138186	1.74943	0.85853	32.9628
1133	-0.0147526	1.74822	0.860192	32.9739
1134	-0.0145553	1.74702	0.860623	32.9849
1135	-0.014674	1.74582	0.861035	32.9959
1136	-0.0137775	1.74464	0.861964	33.0069
1137	-0.0138583	1.74347	0.861435	33.018
1138	-0.0145222	1.74227	0.862219	33.029
1139	-0.015292	1.74105	0.861972	33.0401
1140	-0.0148285	1.73985	0.861928	33.0511
1141	-0.0146627	1.73866	0.859104	33.0621
1142	-0.015459	1.73744	0.860328	33.073
1143	-0.0148902	1.73624	0.860218	33.084
1144	-0.0146677	1.73505	0.860771	33.095
1145	-0.014318	1.73387	0.860817	33.106
1146	-0.0139379	1.73271	0.862204	33.117
1147	-0.0133258	1.73156	0.861639	33.128
1148	-0.0128156	1.73043	0.861929	33.139
1149	-0.0116291	1.72933	0.863137	33.1501
1150	-0.0105638	1.72827	0.864863	33.1612
1151	-0.0116581	1.72718	0.863814	33.1722
1152	-0.0115113	1.72609	0.86371	33.1833
1153	-0.0118008	1.725	0.861205	33.1942
1154	-0.0119316	1.7239	0.862173	33.2052
1155	-0.010984	1.72283	0.860494	33.2162
1156	-0.0113224	1.72175	0.859507	33.2271
1157	-0.0102387	1.72071	0.861148	33.2381
1158	-0.00962217	1.71969	0.86016	33.249
1159	-0.00890127	1.71868	0.859419	33.2599
1160	-0.00715983	1.71773	0.860397	33.2708
1161	-0.00474431	1.71686	0.861802	33.2818
1162	-0.00478029	1.71598	0.860728	33.2927
1163	-0.00389075	1.71513	0.860428	33.3036
1164	-0.00293852	1.71431	0.860456	33.3145
1165	-0.00292128	1.71349	0.860614	33.3255
1166	-0.00345955	1.71265	0.860905	33.3364
1167	-0.0037003	1.71181	0.860881	33.3473
1168	-0.00393433	1.71096	0.85844	33.3581
1169	-0.00357532	1.71013	0.858599	33.369
1170	-0.00367246	1.70929	0.858156	33.3798
1171	-0.00328695	1.70847	0.858202	33.3906
1172	-0.00371082	1.70763	0.859088	33.4015
1173	-0.00332653	1.70681	0.859801	33.4123
1174	-0.00421212	1.70596	0.860598	33.4232
1175	-0.00392573	1.70512	0.858864	33.4341
1176	-0.00324465	1.7043	0.85805	33.4449
1177	-0.00477591	1.70344	0.8579	33.4557
1178	-0.00524284	1.70256	0.858773	33.4665
1179	-0.00675828	1.70165	0.85946	33.4773
1180	-0.00687228	1.70073	0.859688	33.4882
1181	-0.00743002	1.69979	0.860084	33.499
1182	-0.00850715	1.69883	0.859881	33.5099
1183	-0.00930765	1.69784	0.859103	33.5207
1184	-0.00848459	1.69688	0.859376	33.5315
1185	-0.00885769	1.6959	0.857763	33.5423
1186	-0.00785327	1.69496	0.858041	33.553
1187	-0.00740893	1.69403	0.858287	33.5638
1188	-0.00618219	1.69314	0.857135	33.5746
1189	-0.00652589	1.69224	0.857498	33.5853
1190	-0.00671645	1.69134	0.8577	33.5961
1191	-0.0069268	1.69043	0.857012	33.6068
1192	-0.00814419	1.68949	0.857657	33.6175
1193	-0.00743987	1.68856	0.858264	33.6283
1194	-0.00860502	1.68761	0.860283	33.6391
1195	-0.00924675	1.68664	0.858402	33.6499
1196	-0.00891329	1.68567	0.857596	33.6606
1197	-0.00891958	1.68471	0.857344	33.6713
1198	-0.00871613	1.68376	0.85827	33.6821
1199	-0.00875298	1.68281	0.85701	33.6928
1200	-0.00919658	1.68184	0.855733	33.7034
1201	-0.00854065	1.6809	0.855933	33.7141
1202	-0.00826848	1.67996	0.856563	33.7248
1203	-0.00811725	1.67903	0.855308	33.7354
1204	-0.00782759	1.67811	0.853691	33.746
1205	-0.00772685	1.67719	0.853867	33.7566
1206	-0.00871235	1.67624	0.852084	33.7671
1207	-0.00920953	1.67529	0.851085	33.7777
1208	-0.00829375	1.67435	0.851079	33.7882
1209	-0.00821459	1.67343	0.852184	33.7987
1210	-0.0075944	1.67252	0.852251	33.8092
1211	-0.00691201	1.67163	0.85037	33.8197
1212	-0.00667793	1.67075	0.848338	33.8301
1213	-0.00786645	1.66984	0.84726	33.8405
1214	-0.0088428	1.6689	0.847243	33.8509
1215	-0.0095605	1.66794	0.848585	33.8613
1216	-0.00913375	1.66699	0.849145	33.8717
1217	-0.00885796	1.66605	0.850456	33.8822
1218	-0.00896176	1.66511	0.8516	33.8927
1219	-0.00922829	1.66417	0.852742	33.9032
1220	-0.0094531	1.66322	0.853877	33.9138
1221	-0.00942912	1.66227	0.85291	33.9243
1222	-0.00814454	1.66135	0.852888	33.9348
1223	-0.00808101	1.66044	0.851793	33.9453
1224	-0.00804108	1.65954	0.851476	33.9557
1225	-0.00863411	1.65861	0.851942	33.9662
1226	-0.00846232	1.6577	0.851652	33.9767
1227	-0.00890836	1.65677	0.852217	33.9872
1228	-0.00780413	1.65587	0.852991	33.9977
1229	-0.00805723	1.65497	0.8532	34.0082
1230	-0.00868023	1.65405	0.852517	34.0187
1231	-0.00942248	1.65311	0.85296	34.0292
1232	-0.00876185	1.65219	0.852766	34.0397
1233	-0.00963499	1.65125	0.854761	34.0502
1234	-0.0106697	1.65028	0.855622	34.0608
1235	-0.0105484	1.64931	0.856717	34.0713
1236	-0.010539	1.64835	0.856762	34.0819
1237	-0.0100151	1.6474	0.857692	34.0925
1238	-0.0116716	1.6464	0.859844	34.1032
1239	-0.0113783	1.64541	0.858845	34.1138
1240	-0.0102696	1.64446	0.859262	34.1245
1241	-0.0102993	1.64351	0.860504	34.1352
1242	-0.0105876	1.64254	0.860617	34.1458
1243	-0.0105442	1.64159	0.860803	34.1565
1244	-0.00957907	1.64066	0.861674	34.1672
1245	-0.00880893	1.63975	0.863405	34.178
1246	-0.00925114	1.63883	0.863194	34.1887
1247	-0.0101352	1.63789	0.864419	34.1995
1248	-0.0108045	1.63693	0.866007	34.2103
1249	-0.0100714	1.63599	0.86357	34.221
1250	-0.00941137	1.63507	0.862625	34.2317
1251	-0.00968505	1.63414	0.860617	34.2424
1252	-0.0100562	1.63321	0.86004	34.253
1253	-0.00940137	1.63229	0.859953	34.2636
1254	-0.00866169	1.63139	0.858596	34.2742
1255	-0.00935093	1.63048	0.858054	34.2848
1256	-0.00997631	1.62955	0.85744	34.2953
1257	-0.0099902	1.62862	0.857553	34.3059
1258	-0.0103963	1.62768	0.856884	34.3164
1259	-0.00919583	1.62678	0.857965	34.327
1260	-0.00840894	1.6259	0.859173	34.3375
1261	-0.0079412	1.62503	0.86039	34.3482
1262	-0.00770402	1.62417	0.86196	34.3588
1263	-0.00817036	1.6233	0.862443	34.3695
1264	-0.00857662	1.62242	0.863366	34.3802
1265	-0.00857581	1.62154	0.863159	34.3908
1266	-0.00918039	1.62064	0.862795	34.4015
1267	-0.00938074	1.61974	0.862276	34.4122
1268	-0.0090464	1.61885	0.862581	34.4228
1269	-0.00847	1.61797	0.863534	34.4335
1270	-0.00740287	1.61713	0.863756	34.4442
1271	-0.00810796	1.61626	0.864437	34.4549
1272	-0.00845155	1.61539	0.865625	34.4656
1273	-0.00792652	1.61454	0.865783	34.4763
1274	-0.00715115	1.6137	0.867412	34.4871
1275	-0.00799374	1.61285	0.867865	34.4979
1276	-0.00811247	1.61199	0.868123	34.5087
1277	-0.00690969	1.61117	0.869459	34.5195
1278	-0.00658417	1.61035	0.868426	34.5303
1279	-0.00547136	1.60957	0.867489	34.541
1280	-0.00510802	1.6088	0.86776	34.5518
1281	-0.00444122	1.60805	0.868203	34.5626
1282	-0.0043613	1.6073	0.867999	34.5733
1283	-0.00326685	1.60659	0.868835	34.5841
1284	-0.0035307	1.60586	0.867843	34.5949
1285	-0.0037928	1.60513	0.868521	34.6056
1286	-0.00388348	1.6044	0.867657	34.6164
1287	-0.00343434	1.60368	0.866808	34.6271
1288	-0.00352789	1.60296	0.867265	34.6378
1289	-0.00337906	1.60225	0.868329	34.6485
1290	-0.00357331	1.60153	0.869921	34.6593
1291	-0.00381868	1.6008	0.87049	34.6701
1292	-0.00445403	1.60006	0.871275	34.681
1293	-0.00452762	1.59932	0.869988	34.6917
1294	-0.00453536	1.59857	0.870395	34.7025
1295	-0.00463514	1.59783	0.87149	34.7133
1296	-0.00505497	1.59707	0.872441	34.7242
1297	-0.00451371	1.59633	0.871252	34.735
1298	-0.00428846	1.5956	0.870735	34.7458
1299	-0.00489993	1.59485	0.871554	34.7566
1300	-0.00364772	1.59414	0.87164	34.7674
1301	-0.0029048	1.59344	0.869714	34.7781
1302	-0.00317798	1.59275	0.868809	34.7889
1303	-0.003314	1.59204	0.867397	34.7995
1304	-0.00325204	1.59134	0.86838	34.8103
1305	-0.00288022	1.59066	0.868755	34.821
1306	-0.00293651	1.58997	0.867397	34.8316
1307	-0.00346357	1.58926	0.866456	34.8423
1308	-0.00333296	1.58856	0.866792	34.8529
1309	-0.00355126	1.58786	0.866844	34.8636
1310	-0.00420523	1.58714	0.867486	34.8742
1311	-0.00428589	1.58642	0.865968	34.8848
1312	-0.0043922	1.58569	0.864205	34.8954
1313	-0.00497393	1.58495	0.864817	34.906
1314	-0.00360385	1.58425	0.8671	34.9166
1315	-0.00316946	1.58356	0.867601	34.9273
1316	-0.00470982	1.58283	0.869574	34.938
1317	-0.00567592	1.58207	0.870456	34.9487
1318	-0.00638551	1.5813	0.870091	34.9594
1319	-0.00688901	1.58051	0.869189	34.9701
1320	-0.00582923	1.57975	0.869454	34.9808
1321	-0.00480947	1.57902	0.869087	34.9914
1322	-0.00552884	1.57827	0.867784	35.0021
1323	-0.00534112	1.57753	0.865418	35.0126
1324	-0.0059556	1.57677	0.864565	35.0232
1325	-0.00480638	1.57605	0.86553	35.0337
1326	-0.0038638	1.57535	0.865821	35.0443
1327	-0.00440439	1.57463	0.866244	35.0549
1328	-0.00397926	1.57393	0.866249	35.0654
1329	-0.00428389	1.57322	0.866452	35.076
1330	-0.00402427	1.57252	0.865865	35.0866
1331	-0.00446222	1.57181	0.865005	35.0971
1332	-0.00452953	1.5711	0.8645	35.1076
1333	-0.00320143	1.57042	0.865653	35.1182
1334	-0.00231765	1.56977	0.867222	35.1287
1335	-0.0022901	1.56912	0.867635	35.1393
1336	-0.0024641	1.56847	0.867821	35.1499
1337	-0.0013654	1.56784	0.869109	35.1605
1338	-0.00210088	1.5672	0.870913	35.1712
1339	-0.0035806	1.56652	0.873186	35.1819
1340	-0.0031611	1.56585	0.873539	35.1927
1341	-0.00258047	1.56519	0.874153	35.2034
1342	-0.00257403	1.56454	0.873608	35.2142
1343	-0.00238915	1.5639	0.874273	35.2249
1344	-0.00208209	1.56326	0.875519	35.2357
1345	-0.00356348	1.56258	0.87551	35.2464
1346	-0.00385212	1.5619	0.874776	35.2572
1347	-0.00357162	1.56122	0.875232	35.268
1348	-0.00352853	1.56054	0.87632	35.2787
1349	-0.00456413	1.55984	0.877063	35.2895
1350	-0.00435245	1.55915	0.875536	35.3003
1351	-0.00386095	1.55847	0.875943	35.3111
1352	-0.00371699	1.55779	0.87506	35.3218
1353	-0.00470046	1.55709	0.874733	35.3325
1354	-0.00421386	1.5564	0.873139	35.3432
1355	-0.00469266	1.5557	0.873295	35.3539
1356	-0.00364247	1.55503	0.874888	35.3646
1357	-0.0030696	1.55437	0.875332	35.3753
1358	-0.00323546	1.55371	0.875736	35.3861
1359	-0.00355726	1.55304	0.875232	35.3968
1360	-0.00424984	1.55236	0.876118	35.4076
1361	-0.0051728	1.55165	0.877455	35.4183
1362	-0.00491041	1.55095	0.875769	35.4291
1363	-0.00474813	1.55025	0.87464	35.4397
1364	-0.00507463	1.54955	0.874952	35.4504
1365	-0.00513192	1.54884	0.872682	35.4611
1366	-0.00557606	1.54812	0.8725	35.4717
1367	-0.00577569	1.5474	0.870854	35.4823
1368	-0.00558534	1.54669	0.871458	35.4929
1369	-0.00560471	1.54597	0.871665	35.5035
1370	-0.00469209	1.54528	0.873262	35.5141
1371	-0.00537143	1.54457	0.874251	35.5248
1372	-0.00566182	1.54386	0.875881	35.5355
1373	-0.00547492	1.54315	0.875666	35.5462
1374	-0.00466012	1.54246	0.875203	35.5568
1375	-0.00417001	1.54179	0.873538	35.5675
1376	-0.00350431	1.54113	0.873132	35.5781
1377	-0.00411654	1.54046	0.874308	35.5887
1378	-0.00414509	1.5398	0.873802	35.5993
1379	-0.00459629	1.53911	0.874734	35.61
1380	-0.00410288	1.53845	0.875475	35.6207
1381	-0.00303329	1.53781	0.876015	35.6313
1382	-0.00330821	1.53716	0.875886	35.642
1383	-0.00429068	1.53649	0.876103	35.6527
1384	-0.00539273	1.53579	0.877097	35.6634
1385	-0.00591917	1.53508	0.87753	35.6741
1386	-0.0066637	1.53435	0.879324	35.6848
1387	-0.00628109	1.53363	0.879351	35.6956
1388	-0.00593249	1.53292	0.879601	35.7063
1389	-0.00611736	1.5322	0.879392	35.7171
1390	-0.00750382	1.53145	0.880148	35.7278
1391	-0.00889934	1.53066	0.881266	35.7386
1392	-0.00903128	1.52987	0.881401	35.7494
1393	-0.00906053	1.52908	0.88044	35.7601
1394	-0.00861177	1.5283	0.879417	35.7709
1395	-0.00804249	1.52754	0.877215	35.7815
1396	-0.00755233	1.52679	0.87518	35.7921
1397	-0.00711148	1.52606	0.874759	35.8027
1398	-0.00679818	1.52533	0.873102	35.8133
1399	-0.00751705	1.52458	0.873617	35.8238
1400	-0.00718848	1.52385	0.874262	35.8344
1401	-0.00729415	1.52311	0.872844	35.8449
1402	-0.00748219	1.52237	0.872164	35.8554
1403	-0.00618098	1.52166	0.873562	35.866
1404	-0.00572043	1.52097	0.872484	35.8765
1405	-0.0056136	1.52028	0.872774	35.887
1406	-0.00601036	1.51958	0.871712	35.8975
1407	-0.00570849	1.51889	0.868974	35.9079
1408	-0.00533823	1.51821	0.866755	35.9183
1409	-0.00513632	1.51753	0.865716	35.9286
1410	-0.00516697	1.51686	0.866699	35.9389
1411	-0.00478407	1.51619	0.866204	35.9492
1412	-0.00437426	1.51554	0.86661	35.9596
1413	-0.00381945	1.5149	0.865969	35.9699
1414	-0.00408188	1.51426	0.864632	35.9802
1415	-0.00410501	1.51361	0.863664	35.9904
1416	-0.00425413	1.51297	0.862564	36.0006
1417	-0.00348313	1.51234	0.862746	36.0108
1418	-0.00308976	1.51173	0.860355	36.021
1419	-0.00191998	1.51114	0.856006	36.031
1420	-0.000839508	1.51059	0.853057	36.041
1421	-9.35396e-05	1.51006	0.85124	36.0509
1422	-0.000121104	1.50952	0.849921	36.0607
1423	0.000120795	1.509	0.849263	36.0706
1424	-7.80807e-05	1.50847	0.848576	36.0804
1425	-0.00160344	1.5079	0.849754	36.0902
1426	-0.00200176	1.50731	0.84876	36.1001
1427	-0.00321231	1.5067	0.849924	36.1099
1428	-0.00211664	1.50612	0.849578	36.1198
1429	-0.00157801	1.50555	0.850496	36.1296
1430	-0.00233394	1.50496	0.850637	36.1395
1431	-0.00178649	1.50439	0.850757	36.1493
1432	-0.00259672	1.5038	0.850851	36.1592
1433	-0.00282496	1.5032	0.849976	36.169
1434	-0.00247859	1.50261	0.850176	36.1789
1435	-0.00207043	1.50203	0.85039	36.1887
1436	-0.00178164	1.50146	0.849211	36.1985
1437	-0.00187832	1.50089	0.848546	36.2083
1438	-0.00186431	1.50032	0.84767	36.2181
1439	-0.0014805	1.49976	0.84682	36.2278
1440	-0.00172587	1.4992	0.847795	36.2376
1441	-0.00167491	1.49863	0.847471	36.2473
1442	-0.00105815	1.49809	0.846981	36.2571
1443	-0.000617533	1.49755	0.847488	36.2668
1444	-0.000931949	1.49701	0.846868	36.2765
1445	-0.00045769	1.49648	0.847915	36.2863
1446	-0.000727599	1.49594	0.848486	36.2961
1447	-0.00165771	1.49538	0.847674	36.3058
1448	-0.00226766	1.49481	0.847462	36.3155
1449	-0.00275512	1.49422	0.846766	36.3252
1450	-0.00299053	1.49363	0.844969	36.3349
1451	-0.00345757	1.49302	0.842201	36.3445
1452	-0.00278662	1.49244	0.842117	36.3541
1453	-0.00318817	1.49184	0.843452	36.3637
1454	-0.00274029	1.49126	0.844132	36.3733
1455	-0.00293703	1.49067	0.845311	36.383
1456	-0.0023479	1.49009	0.845301	36.3927
1457	-0.00145967	1.48954	0.846291	36.4023
1458	-0.00234117	1.48897	0.846726	36.412
1459	-0.00356804	1.48837	0.847645	36.4217
1460	-0.00239412	1.4878	0.849617	36.4315
1461	-0.00214901	1.48723	0.849038	36.4412
1462	-0.00216984	1.48667	0.847716	36.451
1463	-0.00145774	1.48612	0.846219	36.4606
1464	-0.0017244	1.48557	0.84302	36.4702
1465	-0.00188405	1.48502	0.841204	36.4797
1466	-0.00222638	1.48445	0.841863	36.4893
1467	-0.00233775	1.48389	0.841374	36.4988
1468	-0.0023122	1.48332	0.839423	36.5083
1469	-0.00306259	1.48274	0.839646	36.5178
1470	-0.0031185	1.48215	0.838675	36.5272
1471	-0.00359664	1.48155	0.837891	36.5366
1472	-0.0036183	1.48096	0.836911	36.5461
1473	-0.00425705	1.48034	0.837751	36.5555
1474	-0.00452723	1.47973	0.83749	36.5649
1475	-0.0045577	1.47911	0.837923	36.5743
1476	-0.00426902	1.47849	0.837856	36.5837
1477	-0.00361884	1.4779	0.838404	36.5932
1478	-0.00385338	1.4773	0.835759	36.6025
1479	-0.00361358	1.47671	0.834678	36.6118
1480	-0.00417602	1.4761	0.833739	36.6212
1481	-0.00367951	1.47551	0.833497	36.6304
1482	-0.00260165	1.47494	0.832343	36.6397
1483	-0.00207439	1.47439	0.832439	36.649
1484	-0.00254413	1.47383	0.833164	36.6583
1485	-0.00180916	1.47329	0.834277	36.6676
1486	-0.00287317	1.47272	0.836108	36.6769
1487	-0.00374116	1.47213	0.838105	36.6863
1488	-0.0042926	1.47152	0.839056	36.6957
1489	-0.00424595	1.47092	0.839086	36.7052
1490	-0.00536105	1.47029	0.841078	36.7146
1491	-0.00568696	1.46965	0.842655	36.7241
1492	-0.00595651	1.469	0.843005	36.7337
1493	-0.00559604	1.46836	0.843685	36.7432
1494	-0.00635971	1.46771	0.843731	36.7527
1495	-0.00668605	1.46705	0.844671	36.7623
1496	-0.0067181	1.46638	0.844892	36.7718
1497	-0.0065047	1.46573	0.845459	36.7814
1498	-0.00695225	1.46506	0.845124	36.791
1499	-0.00701053	1.46439	0.844892	36.8005
1500	-0.00718861	1.46372	0.84424	36.81
1501	-0.00715352	1.46304	0.841364	36.8195
1502	-0.00671294	1.46238	0.84061	36.8289
1503	-0.00651157	1.46173	0.840853	36.8384
1504	-0.00628323	1.46108	0.840676	36.8478
1505	-0.00618751	1.46044	0.841003	36.8572
1506	-0.00628474	1.45979	0.841645	36.8667
1507	-0.00633327	1.45915	0.841135	36.8761
1508	-0.00682492	1.45849	0.841035	36.8856
1509	-0.00715499	1.45782	0.841606	36.895
1510	-0.00845342	1.45712	0.841771	36.9044
1511	-0.00943536	1.4564	0.842176	36.9139
1512	-0.0105642	1.45564	0.842258	36.9233
1513	-0.0110455	1.45488	0.842866	36.9328
1514	-0.0115591	1.4541	0.84216	36.9423
1515	-0.0116723	1.45332	0.842922	36.9517
1516	-0.0111997	1.45256	0.843481	36.9612
1517	-0.011296	1.45179	0.843726	36.9707
1518	-0.0104205	1.45104	0.84511	36.9802
1519	-0.0106018	1.4503	0.844512	36.9897
1520	-0.0105237	1.44955	0.845518	36.9992
1521	-0.0106541	1.4488	0.846033	37.0087
1522	-0.011132	1.44804	0.846241	37.0183
1523	-0.0104923	1.4473	0.846934	37.0278
1524	-0.0111416	1.44654	0.846988	37.0374
1525	-0.0110368	1.44578	0.84623	37.0469
1526	-0.0111004	1.44502	0.846366	37.0564
1527	-0.0109956	1.44427	0.845958	37.0659
1528	-0.0119258	1.44349	0.847049	37.0755
1529	-0.0120478	1.44271	0.847291	37.085
1530	-0.0130247	1.44191	0.845445	37.0945
1531	-0.0136664	1.44109	0.845053	37.104
1532	-0.012771	1.44029	0.844618	37.1135
1533	-0.013172	1.43949	0.844872	37.1229
1534	-0.0129081	1.43869	0.844008	37.1324
1535	-0.0124355	1.43791	0.844489	37.1418
1536	-0.0114434	1.43715	0.843143	37.1513
1537	-0.0116587	1.43638	0.841128	37.1606
1538	-0.0118407	1.43561	0.83998	37.17
1539	-0.0110307	1.43487	0.841152	37.1793
1540	-0.0114337	1.43411	0.841547	37.1887
1541	-0.0114595	1.43335	0.840282	37.1981
1542	-0.0113293	1.4326	0.840217	37.2074
1543	-0.011355	1.43185	0.838379	37.2167
1544	-0.0107265	1.43111	0.838462	37.226
1545	-0.010495	1.43038	0.838695	37.2353
1546	-0.0110266	1.42964	0.838383	37.2445
1547	-0.0114719	1.42889	0.838439	37.2538
1548	-0.0113177	1.42814	0.838414	37.2631
1549	-0.0112757	1.42739	0.838289	37.2724
1550	-0.0110629	1.42665	0.839085	37.2816
1551	-0.0109995	1.42591	0.838997	37.2909
1552	-0.0113858	1.42517	0.83802	37.3002
1553	-0.0121296	1.4244	0.838285	37.3095
1554	-0.0122623	1.42363	0.839078	37.3187
1555	-0.0124739	1.42286	0.839773	37.328
1556	-0.0126881	1.42208	0.840904	37.3374
1557	-0.013578	1.42128	0.842106	37.3467
1558	-0.0126448	1.4205	0.843464	37.3561
1559	-0.0129092	1.41972	0.844204	37.3655
1560	-0.0120358	1.41896	0.84353	37.3749
1561	-0.0128393	1.41818	0.843341	37.3842
1562	-0.0122409	1.41742	0.842662	37.3936
1563	-0.0118821	1.41667	0.842353	37.4029
1564	-0.0111301	1.41593	0.842022	37.4123
1565	-0.0114713	1.41519	0.840571	37.4216
1566	-0.0121363	1.41443	0.840351	37.4309
1567	-0.0123679	1.41367	0.839172	37.4401
1568	-0.0127813	1.4129	0.83892	37.4494
1569	-0.0137743	1.4121	0.839483	37.4586
1570	-0.0138943	1.4113	0.8402	37.4679
1571	-0.0136788	1.41051	0.840451	37.4772
1572	-0.0128293	1.40974	0.839845	37.4864
1573	-0.0121881	1.40898	0.837423	37.4956
1574	-0.0126431	1.40822	0.836707	37.5048
1575	-0.0124369	1.40746	0.835634	37.514
1576	-0.012448	1.4067	0.83604	37.5231
1577	-0.0129194	1.40593	0.836308	37.5323
1578	-0.0123838	1.40517	0.835041	37.5414
1579	-0.0124585	1.40441	0.8329	37.5505
1580	-0.0131003	1.40364	0.833506	37.5596
1581	-0.0129115	1.40287	0.83256	37.5686
1582	-0.0121723	1.40212	0.833125	37.5777
1583	-0.0124278	1.40137	0.832607	37.5868
1584	-0.0123663	1.40062	0.831657	37.5958
1585	-0.0122222	1.39987	0.830982	37.6048
1586	-0.0118916	1.39913	0.831176	37.6138
1587	-0.0128978	1.39836	0.832506	37.6229
1588	-0.0135542	1.39758	0.832208	37.6319
1589	-0.0133153	1.39681	0.831747	37.6409
1590	-0.0126843	1.39605	0.832724	37.65
1591	-0.011802	1.39532	0.833753	37.659
1592	-0.0117725	1.39459	0.833815	37.6681
1593	-0.012329	1.39384	0.833993	37.6772
1594	-0.012548	1.39309	0.832999	37.6862
1595	-0.0119716	1.39236	0.831999	37.6952
1596	-0.0124016	1.39161	0.832685	37.7043
1597	-0.0124191	1.39086	0.831793	37.7133
1598	-0.0121088	1.39013	0.831666	37.7223
1599	-0.0117279	1.3894	0.830969	37.7313
1600	-0.0118116	1.38867	0.828937	37.7402
1601	-0.0114886	1.38795	0.828305	37.7491
1602	-0.01094	1.38724	0.828396	37.758
1603	-0.0108314	1.38654	0.826999	37.7669
1604	-0.0104768	1.38585	0.827006	37.7758
1605	-0.00971845	1.38517	0.827207	37.7847
1606	-0.0087968	1.38452	0.828252	37.7936
1607	-0.00852637	1.38388	0.828623	37.8025
1608	-0.00935173	1.38322	0.829915	37.8114
1609	-0.00924924	1.38256	0.830938	37.8204
1610	-0.00881204	1.38191	0.830669	37.8294
1611	-0.00886814	1.38126	0.831345	37.8383
1612	-0.00900053	1.38061	0.831063	37.8473
1613	-0.00931313	1.37995	0.829869	37.8562
1614	-0.00894066	1.3793	0.830359	37.8652
1615	-0.00812866	1.37867	0.831513	37.8741
1616	-0.00831857	1.37804	0.829856	37.8831
1617	-0.00838118	1.37741	0.828951	37.892
1618	-0.00763291	1.37679	0.829515	37.9009
1619	-0.0078052	1.37617	0.829156	37.9098
1620	-0.00804267	1.37555	0.828401	37.9187
1621	-0.00854759	1.37491	0.828439	37.9275
1622	-0.00812237	1.37429	0.828968	37.9364
1623	-0.0081003	1.37366	0.829619	37.9453
1624	-0.00751718	1.37305	0.829833	37.9542
1625	-0.00767659	1.37244	0.829154	37.9631
1626	-0.0074254	1.37184	0.828473	37.972
1627	-0.00635763	1.37126	0.829418	37.9809
1628	-0.00602182	1.37069	0.830467	37.9898
1629	-0.00634546	1.37011	0.831055	37.9987
1630	-0.00717019	1.36951	0.832074	38.0077
1631	-0.00649734	1.36893	0.830561	38.0166
1632	-0.00656657	1.36835	0.830647	38.0255
1633	-0.00660674	1.36777	0.831329	38.0345
1634	-0.00731811	1.36717	0.831673	38.0434
1635	-0.0069812	1.36658	0.831822	38.0523
1636	-0.00646795	1.366	0.831261	38.0612
1637	-0.00611078	1.36544	0.830658	38.0702
1638	-0.00651623	1.36486	0.830715	38.0791
1639	-0.00686909	1.36427	0.829496	38.0879
1640	-0.00795137	1.36366	0.829435	38.0968
1641	-0.00856745	1.36303	0.829193	38.1057
1642	-0.00886019	1.3624	0.82887	38.1145
1643	-0.0092266	1.36176	0.829232	38.1234
1644	-0.00925835	1.36112	0.829547	38.1322
1645	-0.00871987	1.36049	0.83087	38.1411
1646	-0.00765498	1.35989	0.831878	38.15
1647	-0.006814	1.35931	0.833546	38.159
1648	-0.00690767	1.35873	0.833436	38.168
1649	-0.00791688	1.35812	0.833983	38.1769
1650	-0.00848837	1.3575	0.835176	38.1859
1651	-0.00877009	1.35687	0.835807	38.1949
1652	-0.00872627	1.35625	0.836146	38.2039
1653	-0.00968465	1.3556	0.83651	38.2129
1654	-0.0107541	1.35493	0.837506	38.222
1655	-0.01079	1.35425	0.837982	38.231
1656	-0.0102164	1.35359	0.838602	38.2401
1657	-0.0100177	1.35294	0.838393	38.2492
1658	-0.0109499	1.35226	0.839545	38.2582
1659	-0.0103862	1.3516	0.839655	38.2673
1660	-0.0105698	1.35094	0.839448	38.2764
1661	-0.0106863	1.35027	0.840239	38.2855
1662	-0.00979584	1.34962	0.840457	38.2946
1663	-0.00923699	1.34899	0.837533	38.3036
1664	-0.0091734	1.34836	0.837718	38.3126
1665	-0.00862657	1.34774	0.837801	38.3217
1666	-0.00814248	1.34714	0.836002	38.3307
1667	-0.00864488	1.34653	0.836001	38.3396
1668	-0.00862176	1.34591	0.835124	38.3486
1669	-0.00878349	1.34529	0.835223	38.3575
1670	-0.0086531	1.34468	0.834671	38.3665
1671	-0.00790362	1.34408	0.834429	38.3754
1672	-0.00790385	1.34349	0.834335	38.3843
1673	-0.00872117	1.34288	0.833164	38.3932
1674	-0.00889661	1.34226	0.833112	38.4021
1675	-0.00875476	1.34164	0.832793	38.411
1676	-0.0086513	1.34103	0.832547	38.4199
1677	-0.0081383	1.34043	0.831396	38.4287
1678	-0.00770818	1.33985	0.832039	38.4376
1679	-0.00802783	1.33925	0.832334	38.4465
1680	-0.00859732	1.33865	0.832419	38.4553
1681	-0.00816408	1.33805	0.833911	38.4642
1682	-0.00900261	1.33743	0.834215	38.4731
1683	-0.00896624	1.33682	0.833267	38.482
1684	-0.00901513	1.3362	0.833129	38.4909
1685	-0.00881903	1.33559	0.831981	38.4998
1686	-0.00929561	1.33497	0.832579	38.5086
1687	-0.00918746	1.33435	0.833536	38.5175
1688	-0.00889444	1.33374	0.832968	38.5264
1689	-0.00848401	1.33314	0.832295	38.5352
1690	-0.00896836	1.33253	0.832144	38.544
1691	-0.00938463	1.3319	0.832165	38.5529
1692	-0.00941309	1.33128	0.83059	38.5617
1693	-0.00977947	1.33065	0.830131	38.5705
1694	-0.00930491	1.33003	0.830095	38.5793
1695	-0.00914227	1.32942	0.830375	38.588
1696	-0.00866727	1.32882	0.83085	38.5968
1697	-0.00869469	1.32822	0.831152	38.6056
1698	-0.00907654	1.3276	0.831012	38.6144
1699	-0.00889653	1.327	0.831189	38.6232
1700	-0.00910463	1.32639	0.831232	38.632
1701	-0.00944635	1.32577	0.832284	38.6409
1702	-0.00886649	1.32517	0.831337	38.6497
1703	-0.00954261	1.32455	0.830449	38.6584
1704	-0.0089714	1.32394	0.831185	38.6672
1705	-0.00937641	1.32333	0.831938	38.676
1706	-0.00957517	1.32271	0.831984	38.6849
1707	-0.00960843	1.32209	0.83147	38.6936
1708	-0.00917197	1.32148	0.831751	38.7024
1709	-0.00873554	1.32088	0.831827	38.7112
1710	-0.00836961	1.32029	0.83011	38.72
1711	-0.00832734	1.31971	0.829382	38.7287
1712	-0.00812087	1.31913	0.827534	38.7374
1713	-0.00764438	1.31856	0.825954	38.7461
1714	-0.00734354	1.31799	0.825039	38.7547
1715	-0.00635916	1.31746	0.825261	38.7633
1716	-0.00593142	1.31693	0.825861	38.772
1717	-0.00626968	1.3164	0.82584	38.7806
1718	-0.00666515	1.31585	0.826611	38.7893
1719	-0.00644764	1.31531	0.827384	38.7979
1720	-0.00633884	1.31478	0.827195	38.8066
1721	-0.00560572	1.31426	0.826567	38.8153
1722	-0.00538682	1.31375	0.826503	38.8239
1723	-0.00526159	1.31324	0.826581	38.8325
1724	-0.00507591	1.31274	0.825878	38.8412
1725	-0.00511799	1.31224	0.824825	38.8498
1726	-0.00493516	1.31174	0.824489	38.8584
1727	-0.0052264	1.31124	0.823594	38.8669
1728	-0.00532799	1.31073	0.823125	38.8755
1729	-0.0054311	1.31022	0.821502	38.884
1730	-0.00514087	1.30972	0.820957	38.8925
1731	-0.00466646	1.30923	0.820718	38.901
1732	-0.00465518	1.30874	0.820898	38.9095
1733	-0.00503189	1.30824	0.821367	38.918
1734	-0.00436342	1.30776	0.822357	38.9265
1735	-0.00489789	1.30726	0.820709	38.935
1736	-0.00573937	1.30675	0.820938	38.9435
1737	-0.00560375	1.30624	0.820647	38.952
1738	-0.00569485	1.30573	0.81961	38.9604
1739	-0.00561199	1.30522	0.820042	38.9689
1740	-0.00532761	1.30472	0.81994	38.9774
1741	-0.00530452	1.30422	0.819395	38.9858
1742	-0.0057774	1.3037	0.82037	38.9943
1743	-0.00610196	1.30318	0.819653	39.0027
1744	-0.00618948	1.30266	0.820313	39.0112
1745	-0.00588834	1.30215	0.821158	39.0196
1746	-0.0059821	1.30163	0.822101	39.0281
1747	-0.00632298	1.30111	0.822497	39.0367
1748	-0.00702782	1.30057	0.822774	39.0452
1749	-0.00685569	1.30003	0.823489	39.0537
1750	-0.00652071	1.29951	0.823402	39.0622
1751	-0.00586839	1.299	0.824378	39.0708
1752	-0.00635396	1.29847	0.824629	39.0793
1753	-0.00552743	1.29797	0.824731	39.0879
1754	-0.00567633	1.29747	0.823431	39.0964
1755	-0.00556283	1.29697	0.822516	39.1049
1756	-0.00575896	1.29646	0.82256	39.1134
1757	-0.00636056	1.29594	0.823038	39.1219
1758	-0.00640514	1.29542	0.82298	39.1304
1759	-0.00589989	1.29491	0.823733	39.1389
1760	-0.00567604	1.29441	0.823179	39.1474
1761	-0.00652033	1.29388	0.822436	39.1559
1762	-0.00594759	1.29338	0.821343	39.1643
1763	-0.00605466	1.29287	0.819511	39.1728
1764	-0.00646642	1.29235	0.818386	39.1811
1765	-0.00668003	1.29182	0.818154	39.1895
1766	-0.0066668	1.2913	0.817912	39.1979
1767	-0.00735208	1.29076	0.817802	39.2062
1768	-0.00662252	1.29023	0.818401	39.2146
1769	-0.00687839	1.28971	0.818571	39.223
1770	-0.00624144	1.28919	0.818402	39.2314
1771	-0.00606227	1.28869	0.818692	39.2397
1772	-0.00568064	1.28819	0.819702	39.2481
1773	-0.00579589	1.28769	0.82048	39.2566
1774	-0.00607213	1.28718	0.819898	39.265
1775	-0.00522246	1.2867	0.821081	39.2734
1776	-0.00463707	1.28622	0.82061	39.2818
1777	-0.00464731	1.28575	0.821147	39.2902
1778	-0.00413372	1.28529	0.821581	39.2987
1779	-0.00418137	1.28483	0.821091	39.3071
1780	-0.00403919	1.28438	0.821346	39.3155
1781	-0.00333075	1.28394	0.821572	39.324
1782	-0.00346541	1.2835	0.821843	39.3324
1783	-0.00312524	1.28306	0.822032	39.3408
1784	-0.00330045	1.28262	0.822719	39.3493
1785	-0.00376747	1.28218	0.822582	39.3577
1786	-0.00339237	1.28174	0.822313	39.3662
1787	-0.0031065	1.28131	0.822262	39.3746
1788	-0.0036746	1.28086	0.823161	39.3831
1789	-0.00361375	1.28042	0.823681	39.3915
1790	-0.0043035	1.27996	0.822758	39.4
1791	-0.00465376	1.27949	0.822509	39.4084
1792	-0.0043999	1.27903	0.82254	39.4168
1793	-0.00457875	1.27857	0.82204	39.4253
1794	-0.00462663	1.2781	0.822241	39.4337
1795	-0.00447165	1.27764	0.822211	39.4421
1796	-0.00507093	1.27717	0.821802	39.4505
1797	-0.00488715	1.2767	0.820589	39.4589
1798	-0.00521721	1.27622	0.819672	39.4673
1799	-0.0051103	1.27574	0.819982	39.4756
1800	-0.0043395	1.27529	0.819745	39.484
1801	-0.0048861	1.27482	0.819999	39.4923
1802	-0.00493245	1.27435	0.81773	39.5006
1803	-0.00459581	1.27389	0.817814	39.5089
1804	-0.00490172	1.27342	0.818087	39.5173
1805	-0.00462101	1.27296	0.817951	39.5256
1806	-0.00439259	1.2725	0.818436	39.5339
1807	-0.0043668	1.27205	0.81871	39.5422
1808	-0.00445174	1.27159	0.818803	39.5505
1809	-0.00332806	1.27116	0.819573	39.5589
1810	-0.00304961	1.27074	0.819299	39.5672
1811	-0.00383874	1.2703	0.819035	39.5755
1812	-0.00398362	1.26986	0.819645	39.5838
1813	-0.00457057	1.2694	0.819717	39.5922
1814	-0.00444665	1.26895	0.819674	39.6005
1815	-0.00387524	1.26851	0.818891	39.6088
1816	-0.00402595	1.26806	0.818674	39.6171
1817	-0.00400458	1.26762	0.81882	39.6254
1818	-0.00342504	1.26719	0.818376	39.6337
1819	-0.00392583	1.26675	0.817649	39.642
1820	-0.00466763	1.26629	0.8168	39.6503
1821	-0.00510814	1.26583	0.816402	39.6585
1822	-0.00544466	1.26535	0.815557	39.6667
1823	-0.00583065	1.26487	0.814821	39.6749
1824	-0.0058835	1.26439	0.814285	39.6831
1825	-0.00622765	1.26389	0.814023	39.6913
1826	-0.00693918	1.26339	0.813311	39.6995
1827	-0.00764337	1.26286	0.813667	39.7076
1828	-0.00807632	1.26233	0.812054	39.7158
1829	-0.00852718	1.26178	0.81068	39.7239
1830	-0.00898618	1.26123	0.810786	39.732
1831	-0.00934598	1.26067	0.810277	39.7401
1832	-0.00925788	1.26011	0.809406	39.7481
1833	-0.0092668	1.25955	0.807901	39.7562
1834	-0.00943796	1.25898	0.80685	39.7642
1835	-0.00981963	1.25841	0.806148	39.7721
1836	-0.00995826	1.25784	0.806287	39.7801
1837	-0.00991917	1.25726	0.806653	39.7881
1838	-0.00922896	1.25671	0.807309	39.7961
1839	-0.0092878	1.25615	0.807876	39.8041
1840	-0.00982202	1.25558	0.808023	39.8122
1841	-0.0094646	1.25502	0.808756	39.8202
1842	-0.00870179	1.25448	0.810175	39.8283
1843	-0.00883447	1.25393	0.810226	39.8363
1844	-0.0082559	1.2534	0.809684	39.8444
1845	-0.00867875	1.25286	0.810124	39.8525
1846	-0.00864273	1.25232	0.811078	39.8605
1847	-0.00850171	1.25178	0.811473	39.8686
1848	-0.00861231	1.25124	0.812258	39.8767
1849	-0.00887498	1.2507	0.812026	39.8848
1850	-0.00908518	1.25015	0.812036	39.8929
1851	-0.00968865	1.24959	0.811365	39.901
1852	-0.00972779	1.24902	0.810724	39.9091
1853	-0.010147	1.24845	0.810406	39.9171
1854	-0.0103338	1.24787	0.809692	39.9252
1855	-0.010253	1.2473	0.81	39.9332
1856	-0.00942851	1.24675	0.811816	39.9413
1857	-0.00851092	1.24621	0.813752	39.9494
1858	-0.0078513	1.2457	0.814307	39.9576
1859	-0.00779308	1.24518	0.813258	39.9657
1860	-0.00704019	1.24468	0.813032	39.9738
1861	-0.00797827	1.24416	0.813096	39.9819
1862	-0.00837928	1.24364	0.814253	39.99
1863	-0.00839176	1.24311	0.81477	39.9982
1864	-0.00798823	1.24259	0.815317	40.0063
1865	-0.00807435	1.24207	0.815621	40.0145
1866	-0.00832099	1.24155	0.815266	40.0227
1867	-0.00870069	1.24101	0.815248	40.0308
1868	-0.00808577	1.24049	0.815203	40.039
1869	-0.00899036	1.23995	0.814517	40.0471
1870	-0.00970343	1.2394	0.814595	40.0552
1871	-0.0101231	1.23883	0.81492	40.0634
1872	-0.00985194	1.23828	0.814965	40.0715
1873	-0.0107037	1.2377	0.813902	40.0796
1874	-0.0105285	1.23712	0.813431	40.0877
1875	-0.010967	1.23654	0.81229	40.0958
1876	-0.0113983	1.23595	0.812451	40.1038
1877	-0.0114664	1.23536	0.813331	40.1119
1878	-0.0117876	1.23476	0.813192	40.12
1879	-0.0114092	1.23416	0.811005	40.128
1880	-0.0118109	1.23356	0.810815	40.1361
1881	-0.0125664	1.23295	0.811689	40.1441
1882	-0.0129732	1.23232	0.812219	40.1522
1883	-0.0131485	1.23169	0.81244	40.1602
1884	-0.0127632	1.23107	0.813311	40.1683
1885	-0.0122461	1.23046	0.813838	40.1764
1886	-0.0122234	1.22986	0.81407	40.1845
1887	-0.0124741	1.22924	0.813929	40.1926
1888	-0.0117757	1.22865	0.812942	40.2007
1889	-0.0114791	1.22806	0.813408	40.2087
1890	-0.0107816	1.22749	0.814179	40.2168
1891	-0.0107556	1.22691	0.814155	40.2249
1892	-0.0120964	1.22631	0.816678	40.233
1893	-0.0122723	1.22571	0.816805	40.2412
1894	-0.0118003	1.22511	0.817233	40.2494
1895	-0.0114374	1.22453	0.816682	40.2575
1896	-0.0110171	1.22395	0.81779	40.2657
1897	-0.0111122	1.22337	0.817454	40.2738
1898	-0.0107784	1.2228	0.818013	40.282
1899	-0.010778	1.22224	0.818546	40.2902
1900	-0.0111794	1.22166	0.818602	40.2983
1901	-0.0115848	1.22107	0.818381	40.3065
1902	-0.0121835	1.22047	0.817798	40.3147
1903	-0.0114627	1.21989	0.817298	40.3228
1904	-0.0104072	1.21933	0.817304	40.3309
1905	-0.0103995	1.21877	0.816035	40.3391
1906	-0.0110299	1.2182	0.814207	40.3471
1907	-0.0114617	1.21762	0.81264	40.3552
1908	-0.0107046	1.21706	0.812983	40.3632
1909	-0.0110588	1.21648	0.812854	40.3712
1910	-0.0109172	1.21592	0.812623	40.3792
1911	-0.0109313	1.21535	0.813025	40.3873
1912	-0.00972055	1.21481	0.814502	40.3953
1913	-0.00914451	1.21428	0.814456	40.4034
1914	-0.00917743	1.21376	0.814573	40.4115
1915	-0.00902652	1.21323	0.813528	40.4195
1916	-0.00922139	1.21271	0.813844	40.4276
1917	-0.00953707	1.21217	0.814666	40.4356
1918	-0.009975	1.21163	0.814495	40.4437
1919	-0.0103391	1.21108	0.813859	40.4517
1920	-0.0104422	1.21052	0.814913	40.4598
1921	-0.00999928	1.20998	0.81586	40.4679
1922	-0.00905456	1.20946	0.816919	40.476
1923	-0.00839024	1.20896	0.816962	40.4841
1924	-0.00850099	1.20845	0.814192	40.4921
1925	-0.00895065	1.20793	0.814534	40.5002
1926	-0.0093031	1.20741	0.814971	40.5082
1927	-0.00804183	1.20691	0.816473	40.5163
1928	-0.00817961	1.20641	0.816195	40.5244
1929	-0.00896815	1.20589	0.816386	40.5325
1930	-0.00927382	1.20537	0.817351	40.5406
1931	-0.00960612	1.20484	0.816743	40.5487
1932	-0.00912048	1.20432	0.817331	40.5568
1933	-0.00898229	1.20381	0.816878	40.5649
1934	-0.00944251	1.20328	0.817397	40.573
1935	-0.00898681	1.20277	0.817315	40.5811
1936	-0.00963866	1.20224	0.817624	40.5892
1937	-0.0093453	1.20171	0.817299	40.5972
1938	-0.00956172	1.20119	0.817563	40.6053
1939	-0.00911184	1.20067	0.816664	40.6134
1940	-0.00808767	1.20018	0.816824	40.6215
1941	-0.00801876	1.19969	0.816265	40.6296
1942	-0.00768321	1.1992	0.81571	40.6376
1943	-0.00739845	1.19873	0.814973	40.6456
1944	-0.00727244	1.19826	0.815229	40.6537
1945	-0.00685062	1.19779	0.815046	40.6617
1946	-0.00663841	1.19733	0.814564	40.6697
1947	-0.00659146	1.19688	0.814035	40.6777
1948	-0.00656392	1.19642	0.814246	40.6857
1949	-0.00668671	1.19596	0.813879	40.6937
1950	-0.00643682	1.19551	0.814346	40.7017
1951	-0.0064124	1.19506	0.814634	40.7098
1952	-0.00598082	1.19462	0.815371	40.7178
1953	-0.00590276	1.19418	0.8161	40.7258
1954	-0.00644614	1.19373	0.817278	40.7339
1955	-0.00624587	1.19328	0.817997	40.742
1956	-0.00557601	1.19285	0.819013	40.7501
1957	-0.0058172	1.19242	0.818823	40.7582
1958	-0.00581252	1.19198	0.818827	40.7663
1959	-0.0056262	1.19155	0.819232	40.7744
1960	-0.00601781	1.19111	0.819624	40.7825
1961	-0.00670668	1.19066	0.819721	40.7906
1962	-0.0067227	1.1902	0.820133	40.7987
1963	-0.00606293	1.18976	0.819974	40.8068
1964	-0.00596845	1.18932	0.819428	40.8149
1965	-0.00667281	1.18887	0.819021	40.823
1966	-0.00664302	1.18842	0.819077	40.8311
1967	-0.00683316	1.18796	0.819449	40.8392
1968	-0.00736731	1.1875	0.819472	40.8473
1969	-0.00731747	1.18703	0.818234	40.8554
1970	-0.0080724	1.18655	0.817928	40.8634
1971	-0.00803207	1.18607	0.817589	40.8715
1972	-0.0082971	1.18558	0.817268	40.8795
1973	-0.0081026	1.1851	0.817446	40.8876
1974	-0.00789074	1.18462	0.817713	40.8956
1975	-0.00734348	1.18415	0.817831	40.9037
1976	-0.00699346	1.1837	0.814739	40.9116
1977	-0.00701539	1.18324	0.811897	40.9196
1978	-0.00651289	1.1828	0.812215	40.9275
