#	<x>	stDevX	<E>	stDevE
0	3.09217	0	-1.25397	0
1	2.56656	2.82936	2.97772	0.861875
2	2.82255	3.99811	5.4218	3.36844
3	3.2535	5.08131	7.23136	6.22538
4	3.05885	5.91745	6.37641	8.30133
5	2.64796	6.5001	4.61757	9.45517
6	2.40162	6.94368	5.51137	10.8065
7	1.89848	7.19039	6.09891	12.2304
8	1.37712	7.26554	6.56806	13.6862
9	0.816215	7.1805	7.0228	15.1716
10	0.452403	7.01089	6.53322	16.4166
11	0.603101	6.90701	6.36946	17.5435
12	0.604718	6.82035	6.68412	18.6952
13	0.641433	6.75698	6.27331	19.6843
14	0.603175	6.69503	6.61407	20.7154
15	0.403201	6.59449	6.44446	21.6622
16	0.336477	6.4893	6.32302	22.5444
17	0.365983	6.40124	5.66684	23.2453
18	0.374213	6.3237	5.7815	23.9513
19	0.342518	6.24679	5.8912	24.6612
20	0.38766	6.18643	5.67304	25.3051
21	0.424826	6.13955	5.97274	25.9955
22	0.483967	6.10951	6.09619	26.6936
23	0.585001	6.10343	6.17697	27.3906
24	0.70656	6.12377	5.82627	28.0023
25	0.853946	6.17388	6.00663	28.6356
26	0.91805	6.23634	5.69019	29.1957
27	0.989612	6.31181	5.80072	29.7658
28	0.95264	6.37982	5.86827	30.3375
29	0.841018	6.42729	5.82368	30.8907
30	0.751156	6.459	6.11042	31.4849
31	0.700324	6.48244	6.32248	32.1053
32	0.702769	6.50706	6.28613	32.7081
33	0.71489	6.53438	5.97413	33.2477
34	0.739971	6.56642	5.5711	33.7116
35	0.802528	6.60911	5.5991	34.1738
36	0.853449	6.6601	5.52927	34.6185
37	0.833026	6.70763	5.42139	35.0402
38	0.82392	6.7536	5.49775	35.469
39	0.837781	6.80163	5.30189	35.8621
40	0.798818	6.8435	5.44846	36.2736
41	0.800188	6.88554	5.21049	36.6442
42	0.812427	6.92938	5.35039	37.0323
43	0.85548	6.97954	5.50125	37.4388
44	0.829592	7.02562	5.50938	37.8422
45	0.760437	7.06145	5.46111	38.2342
46	0.69545	7.08793	5.43707	38.6188
47	0.648339	7.10789	5.35186	38.9875
48	0.615863	7.1236	5.21566	39.3334
49	0.593022	7.13649	4.97242	39.6424
50	0.571422	7.14682	4.8464	39.9316
51	0.574941	7.15809	4.70964	40.2002
52	0.566963	7.16869	4.74273	40.4718
53	0.530913	7.17484	4.5141	40.711
54	0.510709	7.17877	4.33349	40.9251
55	0.550918	7.18852	4.30382	41.1347
56	0.577013	7.20208	4.31111	41.3448
57	0.601899	7.21917	4.40472	41.5665
58	0.609565	7.23747	4.49403	41.7989
59	0.597524	7.25443	4.57063	42.0402
60	0.577819	7.2691	4.3623	42.254
61	0.539354	7.27915	4.28424	42.4571
62	0.517859	7.28681	4.25865	42.6566
63	0.518346	7.29486	3.9376	42.8157
64	0.515634	7.30287	3.90529	42.9709
65	0.484227	7.30734	3.86921	43.1218
66	0.485665	7.31233	3.93476	43.2808
67	0.477432	7.31664	3.87657	43.4328
68	0.499901	7.32396	3.85461	43.5823
69	0.498094	7.33132	3.84269	43.7304
70	0.51742	7.34123	3.95427	43.8917
71	0.500287	7.34934	4.02868	44.0617
72	0.508776	7.35867	4.03862	44.2325
73	0.50333	7.36758	4.03902	44.4031
74	0.48297	7.37436	4.06536	44.5764
75	0.459783	7.37873	3.91613	44.7323
76	0.457873	7.38313	3.79166	44.874
77	0.4574	7.38773	3.72	45.0077
78	0.444523	7.39112	3.67848	45.1368
79	0.442582	7.39454	3.66511	45.2646
80	0.432748	7.39712	3.65915	45.3919
81	0.452968	7.40215	3.59093	45.5119
82	0.481547	7.41051	3.58691	45.6316
83	0.449819	7.41559	3.62343	45.7554
84	0.425054	7.41819	3.48716	45.8647
85	0.42014	7.42049	3.47564	45.973
86	0.432515	7.42432	3.33098	46.0662
87	0.450717	7.43027	3.22077	46.1481
88	0.463462	7.43774	3.16136	46.2243
89	0.485651	7.44768	3.10015	46.2947
90	0.525604	7.4619	3.06746	46.3622
91	0.538479	7.47751	3.08475	46.4322
92	0.54675	7.49403	3.13802	46.5083
93	0.558102	7.51175	3.15544	46.5866
94	0.557374	7.52942	3.26317	46.6764
95	0.553312	7.54669	3.23915	46.7641
96	0.571138	7.56579	3.23859	46.8521
97	0.57907	7.58568	3.22302	46.9388
98	0.550826	7.60275	3.24538	47.0281
99	0.54086	7.61884	3.23052	47.1162
100	0.516563	7.63255	3.21326	47.2029
101	0.444574	7.63922	3.43717	47.3119
102	0.389091	7.64056	3.61291	47.4382
103	0.343382	7.63761	3.6561	47.5685
104	0.315141	7.63211	3.74979	47.7079
105	0.264247	7.62192	3.94069	47.8654
106	0.216639	7.6074	4.07488	48.0354
107	0.166079	7.58833	4.23062	48.2198
108	0.122822	7.56548	4.36605	48.4164
109	0.119733	7.54269	4.39786	48.6153
110	0.12133	7.52042	4.35475	48.8093
111	0.123558	7.49869	4.31777	48.999
112	0.138391	7.4787	4.31522	49.1878
113	0.170002	7.46197	4.291	49.3736
114	0.199341	7.44825	4.2907	49.5588
115	0.21398	7.43614	4.31076	49.7451
116	0.238765	7.42654	4.35618	49.9349
117	0.252671	7.41844	4.36924	50.1252
118	0.255713	7.41081	4.25475	50.3043
119	0.269628	7.40464	4.16701	50.4748
120	0.284428	7.39999	4.19393	50.6473
121	0.307128	7.39754	4.2601	50.8251
122	0.321486	7.39652	4.19471	50.9964
123	0.339408	7.39724	3.92416	51.143
124	0.354932	7.39945	3.66274	51.266
125	0.355141	7.40178	3.36613	51.3625
126	0.347201	7.4035	3.25712	51.4494
127	0.351286	7.40568	3.0852	51.5212
128	0.34743	7.40761	2.99711	51.5856
129	0.341391	7.40911	2.94157	51.6453
130	0.339353	7.41054	2.95066	51.7062
131	0.338145	7.41195	2.94674	51.7669
132	0.339948	7.41361	2.91967	51.8256
133	0.366444	7.41764	3.00913	51.8923
134	0.393238	7.42404	3.10692	51.9676
135	0.417999	7.43261	3.17359	52.0488
136	0.421834	7.44154	3.15177	52.1282
137	0.440337	7.45208	3.21558	52.2131
138	0.437298	7.46238	3.15504	52.2929
139	0.423929	7.47157	3.1287	52.3707
140	0.411335	7.47973	3.04007	52.4411
141	0.403633	7.48729	3.02402	52.5103
142	0.396058	7.49425	2.97159	52.5753
143	0.40102	7.50167	2.91365	52.6356
144	0.399327	7.50899	2.90092	52.6952
145	0.394217	7.51592	2.87112	52.7524
146	0.394564	7.52292	2.79572	52.8037
147	0.386401	7.52929	2.82955	52.8581
148	0.376734	7.53491	2.81893	52.9117
149	0.373059	7.54028	2.84825	52.968
150	0.36885	7.54536	2.86251	53.0257
151	0.353572	7.54924	2.88767	53.0856
152	0.340434	7.55213	2.89546	53.1463
153	0.344834	7.55543	2.87192	53.2053
154	0.351135	7.55928	2.8288	53.261
155	0.359069	7.56383	2.79352	53.314
156	0.349178	7.56764	2.85399	53.3721
157	0.330097	7.56998	2.92705	53.4361
158	0.341584	7.57329	2.94831	53.502
159	0.343198	7.57679	2.9366	53.567
160	0.348658	7.58076	2.93449	53.632
161	0.363441	7.58594	2.97901	53.7006
162	0.389142	7.59316	3.01814	53.7723
163	0.406881	7.6018	3.04254	53.846
164	0.420039	7.61147	3.06925	53.9218
165	0.414364	7.62071	3.03365	53.9948
166	0.407268	7.62942	3.0062	54.0658
167	0.397318	7.63738	3.04943	54.1402
168	0.390422	7.64482	3.09039	54.2178
169	0.393385	7.65252	3.07145	54.2939
170	0.400256	7.66076	3.11362	54.3733
171	0.422974	7.67075	3.19318	54.4587
172	0.444021	7.68234	3.25515	54.5487
173	0.441983	7.69377	3.25218	54.6385
174	0.42911	7.70423	3.24751	54.7278
175	0.423066	7.71423	3.26008	54.8181
176	0.427076	7.72455	3.22633	54.9057
177	0.431507	7.73519	3.23791	54.9941
178	0.45174	7.74735	3.27689	55.0854
179	0.445794	7.75905	3.29262	55.1778
180	0.448341	7.77094	3.30366	55.2709
181	0.454242	7.78326	3.33975	55.3665
182	0.460991	7.79606	3.3607	55.4636
183	0.475299	7.80991	3.38015	55.5621
184	0.476327	7.82382	3.37652	55.6601
185	0.473977	7.83753	3.3476	55.7559
186	0.457181	7.85	3.3484	55.8516
187	0.446389	7.86168	3.32293	55.9454
188	0.437946	7.87273	3.29077	56.0367
189	0.447376	7.88447	3.31001	56.1293
190	0.464546	7.89744	3.37112	56.2262
191	0.462931	7.91027	3.40188	56.3253
192	0.472494	7.92378	3.44468	56.4272
193	0.462925	7.93659	3.4235	56.5275
194	0.456422	7.94892	3.41672	56.6272
195	0.440638	7.96012	3.46858	56.7304
196	0.427938	7.9704	3.49172	56.8351
197	0.41599	7.97984	3.52403	56.9419
198	0.411002	7.98893	3.48162	57.0456
199	0.405656	7.99764	3.44642	57.1466
200	0.398701	8.00588	3.37767	57.2427
201	0.401103	8.01429	3.30217	57.3333
202	0.409416	8.02328	3.2884	57.4228
203	0.415951	8.03274	3.2627	57.5105
204	0.417669	8.04232	3.2732	57.5988
205	0.416668	8.05183	3.29719	57.6886
206	0.414676	8.06121	3.31896	57.7799
207	0.414948	8.0706	3.32616	57.8716
208	0.423833	8.08061	3.3581	57.9654
209	0.423905	8.09063	3.34419	58.0581
210	0.421917	8.1005	3.38517	58.1535
211	0.422147	8.11039	3.37134	58.2478
212	0.41728	8.11994	3.39022	58.3433
213	0.419376	8.12964	3.43747	58.4419
214	0.417118	8.13918	3.46222	58.5421
215	0.411897	8.14836	3.49886	58.6445
216	0.400946	8.15681	3.50735	58.7474
217	0.400934	8.16526	3.46517	58.8473
218	0.393506	8.17321	3.4574	58.9465
219	0.385517	8.18063	3.44045	59.0444
220	0.382808	8.18788	3.40559	59.1399
221	0.390126	8.19563	3.40229	59.235
222	0.39247	8.20353	3.38176	59.3286
223	0.391344	8.21137	3.37663	59.4217
224	0.387714	8.21898	3.35297	59.5131
225	0.389546	8.22671	3.38449	59.6065
226	0.387779	8.23433	3.40663	59.7013
227	0.376365	8.2412	3.4162	59.7965
228	0.364202	8.24728	3.389	59.8899
229	0.364688	8.25341	3.36003	59.9812
230	0.356926	8.25904	3.37654	60.0734
231	0.359024	8.26481	3.33619	60.1629
232	0.367448	8.27116	3.30273	60.2502
233	0.379177	8.27828	3.30721	60.3376
234	0.381528	8.28555	3.31177	60.4252
235	0.376009	8.29248	3.31292	60.5128
236	0.367934	8.29889	3.30338	60.5996
237	0.359629	8.30477	3.27895	60.6848
238	0.368977	8.31127	3.31053	60.772
239	0.378888	8.31842	3.33218	60.8604
240	0.386582	8.32606	3.32438	60.9482
241	0.390757	8.33398	3.27141	61.0326
242	0.388348	8.34175	3.24767	61.1153
243	0.383244	8.34919	3.22919	61.1967
244	0.380456	8.35646	3.21397	61.2771
245	0.378382	8.3636	3.21156	61.3573
246	0.376225	8.37062	3.14481	61.4332
247	0.375884	8.37761	3.15196	61.5095
248	0.37614	8.38463	3.11633	61.5834
249	0.373334	8.39147	3.08112	61.6551
250	0.372963	8.3983	3.02199	61.723
251	0.369274	8.40491	2.98785	61.7887
252	0.363593	8.41116	2.98634	61.8544
253	0.357544	8.41704	2.98193	61.9197
254	0.3642	8.42335	2.98069	61.985
255	0.363112	8.42959	2.94812	62.0481
256	0.362988	8.43584	2.9251	62.1099
257	0.350546	8.44132	2.93697	62.1724
258	0.340165	8.44617	2.94347	62.2352
259	0.33966	8.451	2.90251	62.2956
260	0.345949	8.45623	2.89287	62.3553
261	0.345509	8.46144	2.8729	62.4138
262	0.346366	8.46672	2.86901	62.472
263	0.351907	8.47235	2.85922	62.5297
264	0.352922	8.47805	2.80892	62.5843
265	0.361354	8.48427	2.81221	62.6391
266	0.355989	8.49017	2.82311	62.6946
267	0.357228	8.49616	2.81112	62.7493
268	0.351158	8.50178	2.83767	62.8057
269	0.349908	8.50733	2.85967	62.8634
270	0.359909	8.5135	2.91087	62.9243
271	0.362747	8.51985	2.92989	62.9862
272	0.36476	8.52633	2.91771	63.0475
273	0.367793	8.53299	2.92824	63.1093
274	0.356138	8.53896	2.9387	63.1718
275	0.342853	8.54413	2.94889	63.2348
276	0.333468	8.54875	2.94251	63.2975
277	0.32673	8.55297	2.92519	63.3591
278	0.327768	8.55728	2.91593	63.4201
279	0.332055	8.56184	2.9022	63.4803
280	0.33507	8.5666	2.88497	63.5394
281	0.331945	8.57119	2.90859	63.5999
282	0.326479	8.57546	2.86938	63.6581
283	0.317961	8.57923	2.8613	63.7159
284	0.311271	8.58263	2.85629	63.7733
285	0.306172	8.58574	2.83286	63.8293
286	0.299179	8.58845	2.7955	63.8831
287	0.293789	8.59086	2.72013	63.9325
288	0.284543	8.59274	2.6461	63.9776
289	0.276174	8.59415	2.54363	64.0166
290	0.271482	8.59531	2.53341	64.0552
291	0.26218	8.59595	2.49195	64.0914
292	0.252618	8.59605	2.50465	64.1284
293	0.250396	8.59605	2.48236	64.1641
294	0.251898	8.59616	2.49641	64.2007
295	0.258666	8.59668	2.51554	64.2385
296	0.256551	8.59711	2.47509	64.274
297	0.261806	8.59786	2.46455	64.309
298	0.261463	8.59862	2.49265	64.3456
299	0.25716	8.59914	2.51112	64.3834
300	0.248823	8.59921	2.50738	64.421
301	0.24331	8.59899	2.52844	64.4599
302	0.249515	8.59915	2.55559	64.5003
303	0.259484	8.5999	2.59763	64.5432
304	0.275415	8.60158	2.65512	64.5895
305	0.28781	8.60398	2.68503	64.6374
306	0.293172	8.60671	2.72081	64.6875
307	0.291501	8.60935	2.72592	64.7378
308	0.293338	8.61212	2.7207	64.7878
309	0.300154	8.61528	2.72618	64.8382
310	0.298563	8.61837	2.71439	64.8878
311	0.300359	8.62156	2.67612	64.9354
312	0.305873	8.62509	2.67328	64.9827
313	0.319432	8.62938	2.69938	65.0316
314	0.333339	8.63447	2.7228	65.0818
315	0.34123	8.64001	2.73885	65.1329
316	0.348729	8.64597	2.72094	65.183
317	0.345963	8.65177	2.69794	65.2318
318	0.341266	8.65732	2.72691	65.2822
319	0.332437	8.66238	2.75316	65.3341
320	0.333038	8.66748	2.76058	65.3864
321	0.334416	8.67266	2.74298	65.4378
322	0.331816	8.6777	2.75233	65.4896
323	0.329209	8.6826	2.75021	65.5413
324	0.328682	8.68748	2.77	65.5942
325	0.332356	8.69257	2.79035	65.6481
326	0.337705	8.69795	2.82307	65.7038
327	0.337519	8.70333	2.85167	65.7611
328	0.34341	8.70904	2.87095	65.8194
329	0.346921	8.71494	2.88333	65.8784
330	0.349256	8.72097	2.90691	65.9387
331	0.351092	8.72711	2.93203	66.0003
332	0.351627	8.73328	2.89176	66.0596
333	0.355543	8.73966	2.87307	66.1179
334	0.357843	8.74616	2.83369	66.1741
335	0.356752	8.75261	2.82305	66.2296
336	0.348564	8.75861	2.8305	66.2855
337	0.345957	8.76448	2.82706	66.3412
338	0.344517	8.77026	2.81443	66.3962
339	0.340637	8.77584	2.78652	66.4497
340	0.34373	8.78159	2.76679	66.5021
341	0.34352	8.78732	2.76178	66.5542
342	0.335806	8.79265	2.75623	66.606
343	0.328204	8.79757	2.77457	66.6588
344	0.323254	8.80222	2.80337	66.7131
345	0.322036	8.80682	2.82059	66.7683
346	0.318421	8.81122	2.82555	66.8238
347	0.31462	8.81543	2.8334	66.8796
348	0.314684	8.81965	2.84899	66.9363
349	0.319975	8.82416	2.82076	66.9914
350	0.320339	8.82869	2.84636	67.0479
351	0.320568	8.83324	2.8731	67.1058
352	0.320345	8.83778	2.89509	67.1648
353	0.322669	8.84245	2.9116	67.2247
354	0.329026	8.84746	2.94372	67.2862
355	0.329211	8.85248	2.94194	67.3476
356	0.330963	8.8576	2.94556	67.4092
357	0.330296	8.86269	2.95322	67.4711
358	0.33571	8.86806	2.97878	67.5343
359	0.343783	8.87387	2.97747	67.5974
360	0.35506	8.88026	2.98922	67.6611
361	0.363307	8.88709	3.02544	67.7267
362	0.366014	8.89406	3.01022	67.7913
363	0.354412	8.90042	2.99569	67.8552
364	0.34241	8.90615	2.97726	67.9181
365	0.32539	8.91099	3.00654	67.9824
366	0.311713	8.91513	3.0037	68.0466
367	0.307801	8.91906	2.97274	68.1091
368	0.306549	8.92294	2.95071	68.1704
369	0.30646	8.92682	2.91341	68.2297
370	0.303837	8.93056	2.85139	68.2858
371	0.305363	8.93439	2.83351	68.3409
372	0.307012	8.93832	2.81671	68.3951
373	0.309526	8.94238	2.78944	68.4479
374	0.313744	8.94666	2.7652	68.4994
375	0.3143	8.95097	2.76719	68.551
376	0.313918	8.95527	2.78073	68.6033
377	0.316707	8.95972	2.76079	68.6546
378	0.317392	8.9642	2.75035	68.7053
379	0.309305	8.96827	2.72644	68.7547
380	0.302076	8.97198	2.72559	68.8041
381	0.301011	8.97564	2.72459	68.8534
382	0.302284	8.97938	2.70637	68.9018
383	0.301842	8.98309	2.67115	68.9484
384	0.309511	8.9872	2.66765	68.9949
385	0.310686	8.99137	2.66357	69.0411
386	0.30985	8.99551	2.66337	69.0872
387	0.30609	8.99946	2.65763	69.1331
388	0.305634	9.00339	2.66354	69.1793
389	0.303373	9.00721	2.68695	69.2267
390	0.300103	9.01087	2.67384	69.2734
391	0.295322	9.0143	2.67	69.3199
392	0.297073	9.01782	2.61865	69.3638
393	0.302372	9.02161	2.62833	69.4082
394	0.303927	9.02549	2.61916	69.4521
395	0.303516	9.02935	2.62666	69.4964
396	0.30134	9.0331	2.64248	69.5415
397	0.302072	9.0369	2.64472	69.5867
398	0.299754	9.04058	2.66216	69.6328
399	0.303894	9.04448	2.6772	69.6796
400	0.308626	9.04861	2.69263	69.7271
401	0.311907	9.05292	2.69958	69.7751
402	0.314029	9.05733	2.69791	69.8229
403	0.308014	9.06145	2.7169	69.8716
404	0.304898	9.06541	2.72856	69.9209
405	0.302141	9.06925	2.75367	69.9715
406	0.296941	9.07282	2.75143	70.0219
407	0.298911	9.07651	2.75715	70.0726
408	0.299597	9.08023	2.76106	70.1234
409	0.297586	9.08385	2.77886	70.1751
410	0.292894	9.08725	2.7975	70.2277
411	0.288125	9.09042	2.79717	70.2803
412	0.279582	9.09318	2.78483	70.3323
413	0.271077	9.09552	2.80033	70.3849
414	0.264116	9.09753	2.81085	70.4381
415	0.259331	9.09932	2.82162	70.4918
416	0.251974	9.10075	2.83255	70.5459
417	0.242964	9.10175	2.84759	70.6008
418	0.2359	9.10242	2.83597	70.6551
419	0.231761	9.1029	2.85423	70.7102
420	0.234375	9.10352	2.87106	70.7662
421	0.233894	9.10412	2.88024	70.8225
422	0.234569	9.10477	2.88507	70.8791
423	0.240154	9.10571	2.89846	70.9362
424	0.242165	9.10674	2.87589	70.9923
425	0.243762	9.10787	2.87551	71.0482
426	0.244487	9.10904	2.87009	71.1039
427	0.242245	9.11012	2.87828	71.16
428	0.237205	9.11096	2.87307	71.2157
429	0.233103	9.11161	2.87916	71.2717
430	0.235678	9.1124	2.83551	71.3256
431	0.236468	9.11323	2.82517	71.379
432	0.236259	9.11407	2.82092	71.4321
433	0.225351	9.11439	2.85709	71.4869
434	0.21341	9.11415	2.89064	71.5434
435	0.21094	9.11381	2.87448	71.599
436	0.20871	9.11337	2.85927	71.6538
437	0.209829	9.113	2.8657	71.7089
438	0.214227	9.11285	2.89254	71.7653
439	0.220204	9.113	2.91438	71.8226
440	0.224712	9.11337	2.93883	71.8811
441	0.23024	9.11402	2.96196	71.9407
442	0.227722	9.11456	2.96528	72.0004
443	0.228635	9.11515	2.9492	72.0592
444	0.228307	9.11574	2.95695	72.1184
445	0.229365	9.11638	2.97617	72.1785
446	0.233847	9.11725	2.98593	72.2389
447	0.236	9.11823	2.99943	72.3
448	0.238482	9.11934	2.99323	72.3607
449	0.238075	9.12043	2.99335	72.4214
450	0.239981	9.12162	2.99999	72.4824
451	0.235758	9.12263	2.99364	72.543
452	0.232181	9.12347	2.99809	72.6037
453	0.228386	9.12415	3.00291	72.6647
454	0.226245	9.12473	3.01479	72.7261
455	0.229818	9.12549	3.02629	72.7881
456	0.231536	9.12634	3.0257	72.85
457	0.224745	9.12689	3.04451	72.9127
458	0.213307	9.12691	3.08557	72.9772
459	0.206286	9.12661	3.10597	73.0427
460	0.201915	9.12612	3.10074	73.1079
461	0.198995	9.12551	3.10728	73.1733
462	0.197784	9.12485	3.09743	73.2382
463	0.190125	9.12385	3.11705	73.304
464	0.185935	9.12267	3.13666	73.3706
465	0.179587	9.12121	3.16327	73.4383
466	0.173046	9.11946	3.13603	73.5048
467	0.170045	9.11758	3.12371	73.5706
468	0.170179	9.11573	3.11175	73.6359
469	0.171966	9.11397	3.10331	73.7006
470	0.171844	9.11222	3.10122	73.7653
471	0.169019	9.11035	3.11164	73.8303
472	0.173998	9.10873	3.12685	73.896
473	0.174129	9.10713	3.11094	73.961
474	0.172244	9.10545	3.08555	74.0246
475	0.16925	9.10365	3.07265	74.0877
476	0.167105	9.10177	3.0779	74.1509
477	0.162481	9.09968	3.07164	74.2138
478	0.162011	9.0976	3.06928	74.2766
479	0.159747	9.09542	3.07452	74.3395
480	0.158061	9.09318	3.08462	74.4029
481	0.155668	9.09084	3.08784	74.4663
482	0.153237	9.08841	3.08575	74.5296
483	0.147467	9.08573	3.08969	74.593
484	0.13973	9.08272	3.10037	74.6569
485	0.137546	9.07962	3.09421	74.7204
486	0.135756	9.07646	3.07632	74.7831
487	0.137232	9.07338	3.04767	74.8444
488	0.139698	9.07043	3.02806	74.9048
489	0.138527	9.06744	3.00784	74.9642
490	0.138223	9.06445	2.97982	75.0223
491	0.135083	9.06134	2.94216	75.0787
492	0.135168	9.05824	2.90803	75.1335
493	0.138923	9.05533	2.87196	75.1867
494	0.140413	9.0525	2.85167	75.2389
495	0.1401	9.04968	2.83453	75.2903
496	0.142467	9.04697	2.82919	75.3414
497	0.138802	9.04411	2.82541	75.3924
498	0.139671	9.04131	2.82546	75.4433
499	0.141719	9.03862	2.83169	75.4945
500	0.141274	9.03591	2.8423	75.5461
501	0.139979	9.03317	2.83634	75.5975
502	0.138305	9.03036	2.83179	75.6486
503	0.139153	9.02761	2.82188	75.6992
504	0.13998	9.02491	2.80158	75.7489
505	0.139015	9.02218	2.79337	75.7982
506	0.137082	9.01938	2.78607	75.8472
507	0.136778	9.01657	2.75838	75.8949
508	0.138889	9.01388	2.7669	75.943
509	0.140703	9.01128	2.77683	75.9915
510	0.141237	9.00872	2.79989	76.041
511	0.142307	9.00622	2.81581	76.0912
512	0.141942	9.00371	2.82944	76.1419
513	0.141008	9.00118	2.84939	76.1935
514	0.138731	8.99856	2.86901	76.2459
515	0.139575	8.99599	2.88927	76.2992
516	0.144663	8.99366	2.90961	76.3534
517	0.151135	8.99163	2.91018	76.4075
518	0.155814	8.98981	2.92464	76.4623
519	0.155889	8.98801	2.9313	76.5173
520	0.148686	8.9859	2.94312	76.5728
521	0.145137	8.98365	2.93464	76.6279
522	0.143296	8.98134	2.9106	76.6819
523	0.1404	8.97891	2.90801	76.7357
524	0.140547	8.9765	2.90016	76.7892
525	0.1424	8.97418	2.89317	76.8423
526	0.145335	8.972	2.87749	76.8948
527	0.143978	8.96978	2.87008	76.9468
528	0.141715	8.96747	2.85023	76.998
529	0.138825	8.96504	2.84781	77.0491
530	0.136637	8.96254	2.85237	77.1003
531	0.138883	8.96014	2.8649	77.152
532	0.140973	8.95785	2.87077	77.204
533	0.14208	8.95562	2.88306	77.2564
534	0.135185	8.9531	2.89626	77.3094
535	0.1316	8.95044	2.91156	77.363
536	0.129777	8.94771	2.91917	77.417
537	0.128351	8.94493	2.91395	77.4706
538	0.12759	8.94214	2.89743	77.5236
539	0.12762	8.93936	2.88559	77.5759
540	0.127807	8.9366	2.87381	77.6278
541	0.125006	8.93373	2.85844	77.6789
542	0.122369	8.93076	2.83938	77.7292
543	0.120132	8.92771	2.82526	77.7789
544	0.122567	8.92477	2.82477	77.8285
545	0.122659	8.92186	2.82271	77.8781
546	0.123287	8.91898	2.83672	77.9282
547	0.120689	8.916	2.84132	77.9784
548	0.117927	8.91292	2.8426	78.0287
549	0.113618	8.90967	2.83929	78.0788
550	0.115228	8.9065	2.82904	78.1285
551	0.116345	8.90339	2.78676	78.1763
552	0.11191	8.90011	2.77139	78.2235
553	0.113885	8.89692	2.76109	78.2702
554	0.112825	8.8937	2.7605	78.3168
555	0.114544	8.89057	2.75392	78.3632
556	0.117328	8.88756	2.75106	78.4094
557	0.116576	8.88454	2.74506	78.4553
558	0.118028	8.88159	2.726	78.5004
559	0.113939	8.87849	2.70906	78.5448
560	0.109508	8.8752	2.6955	78.5886
561	0.109996	8.87195	2.65568	78.6307
562	0.110394	8.86873	2.63584	78.672
563	0.114793	8.86571	2.62079	78.7126
564	0.117027	8.86279	2.6014	78.7523
565	0.114388	8.85978	2.58927	78.7916
566	0.113048	8.85672	2.57933	78.8304
567	0.110379	8.85356	2.57151	78.869
568	0.106627	8.85026	2.55522	78.9068
569	0.104051	8.84686	2.54026	78.9439
570	0.104874	8.84351	2.53792	78.981
571	0.10394	8.84013	2.54162	79.0183
572	0.10258	8.83671	2.54587	79.0557
573	0.0989442	8.83315	2.55566	79.0935
574	0.0932024	8.82936	2.57392	79.132
575	0.0859003	8.82528	2.58523	79.171
576	0.0804763	8.82099	2.60734	79.211
577	0.0773089	8.81658	2.61645	79.2513
578	0.0709166	8.81192	2.61419	79.2915
579	0.0658849	8.80707	2.61939	79.3319
580	0.0624951	8.80209	2.63065	79.3727
581	0.0595248	8.797	2.62126	79.4132
582	0.0592164	8.79192	2.62331	79.4537
583	0.0564269	8.78673	2.62634	79.4944
584	0.0511437	8.78135	2.63618	79.5354
585	0.0481669	8.77585	2.64491	79.5768
586	0.0492054	8.77041	2.64145	79.6181
587	0.049626	8.76501	2.64265	79.6593
588	0.0506692	8.75967	2.6556	79.7011
589	0.0546582	8.7545	2.66801	79.7434
590	0.0554105	8.74938	2.67105	79.7858
591	0.0544481	8.74424	2.66731	79.828
592	0.0527455	8.73904	2.67171	79.8704
593	0.052014	8.73382	2.67944	79.9131
594	0.0518419	8.72862	2.66713	79.9553
595	0.0520032	8.72343	2.64154	79.9964
596	0.0524355	8.71828	2.6056	80.0361
597	0.0547249	8.71323	2.6046	80.0757
598	0.0546822	8.7082	2.60225	80.1151
599	0.0551199	8.7032	2.61792	80.1552
600	0.0513296	8.69806	2.622	80.1955
601	0.0479667	8.6928	2.62627	80.2359
602	0.0488235	8.68759	2.61017	80.2757
603	0.0468489	8.68231	2.59177	80.3147
604	0.0436748	8.67692	2.57753	80.3531
605	0.0409298	8.67143	2.58966	80.392
606	0.0391906	8.66589	2.60278	80.4314
607	0.0374075	8.66028	2.6041	80.4709
608	0.0375303	8.6547	2.60252	80.5103
609	0.0376185	8.64914	2.61155	80.55
610	0.0389655	8.64364	2.62658	80.5903
611	0.0358501	8.63804	2.63621	80.6311
612	0.0365098	8.63248	2.64382	80.6721
613	0.0377794	8.62698	2.64249	80.713
614	0.0360405	8.62142	2.63595	80.7537
615	0.0401278	8.61605	2.62953	80.7941
616	0.0440249	8.61085	2.63607	80.8347
617	0.0455831	8.60572	2.6363	80.8754
618	0.0472694	8.60068	2.62952	80.9157
619	0.0480821	8.59568	2.61171	80.9553
620	0.0477828	8.59068	2.61524	80.9951
621	0.0462851	8.58564	2.6267	81.0353
622	0.0476684	8.58067	2.63994	81.076
623	0.0474884	8.5757	2.65612	81.1174
624	0.0485216	8.57079	2.6654	81.1591
625	0.0498872	8.56594	2.67506	81.2012
626	0.0541857	8.56128	2.68999	81.2439
627	0.0509852	8.5565	2.7045	81.2871
628	0.0481617	8.55163	2.71264	81.3306
629	0.0487601	8.54679	2.72017	81.3744
630	0.049302	8.54199	2.73038	81.4186
631	0.04963	8.53721	2.74775	81.4635
632	0.0546662	8.53265	2.7505	81.5085
633	0.0565234	8.52817	2.75163	81.5535
634	0.0616965	8.52391	2.7688	81.5991
635	0.0666664	8.51986	2.79131	81.6456
636	0.0713102	8.516	2.80603	81.6927
637	0.0738438	8.51225	2.81268	81.74
638	0.0703694	8.50838	2.82807	81.788
639	0.0694196	8.50449	2.83603	81.8361
640	0.0672784	8.50052	2.84516	81.8847
641	0.0715435	8.49672	2.85579	81.9336
642	0.0722661	8.49297	2.85547	81.9825
643	0.0712404	8.48919	2.85223	82.0312
644	0.0675995	8.48528	2.85469	82.08
645	0.0668194	8.48135	2.84788	82.1285
646	0.0701896	8.47756	2.83739	82.1766
647	0.0718149	8.47384	2.84423	82.2249
648	0.0717573	8.47013	2.85118	82.2735
649	0.0718286	8.46644	2.84877	82.3219
650	0.0736363	8.46283	2.85522	82.3706
651	0.0753082	8.4593	2.85955	82.4194
652	0.0718854	8.45564	2.8588	82.4681
653	0.0676568	8.45182	2.87633	82.5175
654	0.0651694	8.44792	2.87994	82.5671
655	0.0641391	8.44399	2.88384	82.6167
656	0.0649131	8.44011	2.89159	82.6666
657	0.0627115	8.43614	2.89727	82.7167
658	0.0640628	8.43224	2.90043	82.767
659	0.064907	8.42839	2.90357	82.8173
660	0.063523	8.42449	2.90691	82.8677
661	0.0646645	8.42064	2.90431	82.9179
662	0.0621199	8.41671	2.90974	82.9684
663	0.0588484	8.41266	2.90096	83.0185
664	0.0568903	8.40855	2.90166	83.0686
665	0.057108	8.40445	2.9034	83.1187
666	0.054829	8.40028	2.8999	83.1687
667	0.0573272	8.39622	2.91102	83.219
668	0.0601128	8.39227	2.91495	83.2695
669	0.0630469	8.38845	2.92072	83.3202
670	0.0641535	8.38468	2.93368	83.3714
671	0.0640011	8.38092	2.93156	83.4224
672	0.0666539	8.37726	2.94664	83.474
673	0.0703887	8.37377	2.94896	83.5256
674	0.0714974	8.37032	2.94376	83.5771
675	0.0722381	8.36691	2.93595	83.6281
676	0.0715305	8.36349	2.92468	83.6788
677	0.0719486	8.36009	2.89899	83.7284
678	0.0719228	8.3567	2.87389	83.777
679	0.0763941	8.35348	2.87923	83.8258
680	0.0796692	8.35041	2.87072	83.8742
681	0.0811192	8.3474	2.86679	83.9225
682	0.07979	8.34434	2.86987	83.9709
683	0.0801651	8.34131	2.88554	84.0198
684	0.0793925	8.33826	2.90031	84.0693
685	0.0798234	8.33524	2.9022	84.1188
686	0.0760719	8.33208	2.91594	84.1688
687	0.0740639	8.32885	2.90821	84.2185
688	0.0737707	8.32562	2.91029	84.2683
689	0.0696553	8.32225	2.91873	84.3183
690	0.0660669	8.31874	2.92972	84.3687
691	0.066137	8.31525	2.94631	84.4197
692	0.064906	8.31172	2.95285	84.471
693	0.0636223	8.30815	2.9524	84.5222
694	0.0628283	8.30456	2.93173	84.5726
695	0.0637311	8.30102	2.92929	84.6228
696	0.0665806	8.29759	2.93839	84.6734
697	0.0676752	8.29421	2.93737	84.7239
698	0.0684133	8.29087	2.94045	84.7745
699	0.067751	8.28751	2.94649	84.8253
700	0.0642796	8.28404	2.96127	84.8767
701	0.0620667	8.28048	2.96759	84.9282
702	0.0628473	8.27697	2.9692	84.9798
703	0.0644053	8.27352	2.95403	85.0307
704	0.0639432	8.27007	2.9446	85.0813
705	0.0601442	8.26648	2.94616	85.1319
706	0.0562027	8.26275	2.93549	85.1821
707	0.056217	8.25903	2.92318	85.2318
708	0.0547432	8.25527	2.91089	85.281
709	0.0530893	8.25145	2.90205	85.3298
710	0.0521814	8.24761	2.8951	85.3784
711	0.0510469	8.24374	2.88706	85.4266
712	0.0507008	8.23986	2.8777	85.4745
713	0.0492324	8.23594	2.88105	85.5224
714	0.0514089	8.2321	2.88799	85.5706
715	0.0527509	8.22833	2.87864	85.6184
716	0.0547709	8.22464	2.8925	85.6667
717	0.0530056	8.2209	2.90524	85.7155
718	0.0491199	8.21702	2.89907	85.764
719	0.0457584	8.21302	2.89391	85.8122
720	0.0440874	8.20897	2.87213	85.8597
721	0.0398003	8.20478	2.86437	85.9068
722	0.0337409	8.20036	2.87932	85.9545
723	0.0264277	8.19569	2.90197	86.003
724	0.0208798	8.19081	2.91534	86.0519
725	0.0162807	8.18578	2.92254	86.1011
726	0.0128829	8.18064	2.92779	86.1504
727	0.0121006	8.17547	2.91065	86.1991
728	0.00975984	8.17023	2.91677	86.248
729	0.0100636	8.16501	2.90432	86.2964
730	0.00963206	8.15979	2.88781	86.3442
731	0.00769609	8.15451	2.88143	86.3917
732	0.00473712	8.14912	2.87684	86.439
733	0.00440159	8.14374	2.85614	86.4856
734	0.00328472	8.13833	2.84135	86.5315
735	0.000938089	8.13284	2.83069	86.5771
736	-0.000344303	8.12731	2.81811	86.6221
737	-0.000389052	8.1218	2.80402	86.6666
738	-0.00309016	8.1162	2.79925	86.711
739	-0.00257014	8.11062	2.79649	86.7552
740	-0.00250023	8.10506	2.77973	86.7987
741	-0.00423627	8.09945	2.76603	86.8418
742	-0.0038057	8.09387	2.75515	86.8844
743	-0.00281956	8.08833	2.76127	86.9272
744	-0.00628446	8.08268	2.76781	86.9703
745	-0.00904774	8.07694	2.77958	87.0138
746	-0.0109855	8.07113	2.77957	87.0572
747	-0.0128319	8.06527	2.77764	87.1006
748	-0.0116797	8.05947	2.77454	87.1438
749	-0.0110806	8.0537	2.78059	87.1872
750	-0.0105552	8.04796	2.79194	87.2311
751	-0.00787265	8.04232	2.80869	87.2755
752	-0.00427846	8.03683	2.81599	87.3201
753	-0.00368091	8.03137	2.81393	87.3647
754	-0.0047422	8.02589	2.80243	87.4088
755	-0.00640454	8.02035	2.8119	87.4533
756	-0.00430972	8.0149	2.80792	87.4975
757	-0.00441309	8.00946	2.80432	87.5417
758	-0.00301198	8.00408	2.80097	87.5857
759	-0.0032498	7.9987	2.80408	87.6297
760	-0.00499625	7.99327	2.80601	87.6739
761	-0.00316609	7.98792	2.81477	87.7183
762	-0.00564473	7.98248	2.822	87.763
763	-0.00616775	7.97704	2.8192	87.8075
764	-0.00818121	7.97154	2.82631	87.8523
765	-0.00846478	7.96603	2.82446	87.897
766	-0.00737358	7.96058	2.82039	87.9415
767	-0.00735874	7.95514	2.83015	87.9864
768	-0.00568518	7.94977	2.83999	88.0316
769	-0.00715116	7.94435	2.85154	88.0772
770	-0.00779055	7.93892	2.85446	88.1228
771	-0.00897307	7.93346	2.85401	88.1685
772	-0.00884769	7.92802	2.84422	88.2137
773	-0.00802525	7.92261	2.84619	88.259
774	-0.00433342	7.91735	2.85637	88.3047
775	-0.00327976	7.91214	2.8621	88.3505
776	-0.00280727	7.90695	2.86793	88.3966
777	-0.00293561	7.90177	2.84771	88.4418
778	-0.00508904	7.89652	2.84636	88.487
779	-0.00532238	7.89127	2.85338	88.5325
780	-0.00754527	7.88596	2.85382	88.5779
781	-0.0110779	7.88052	2.85765	88.6234
782	-0.0116166	7.87508	2.85872	88.669
783	-0.015481	7.86951	2.8552	88.7144
784	-0.0172631	7.86389	2.85398	88.7598
785	-0.0156469	7.85833	2.85039	88.805
786	-0.0154854	7.85279	2.85262	88.8502
787	-0.0182317	7.84716	2.86094	88.8957
788	-0.0192153	7.84151	2.86852	88.9415
789	-0.0184307	7.8359	2.84403	88.9864
790	-0.0209348	7.83021	2.85047	89.0315
791	-0.0240279	7.82442	2.84065	89.0762
792	-0.0219773	7.81871	2.84239	89.121
793	-0.0219799	7.81301	2.82152	89.165
794	-0.0214136	7.80734	2.82179	89.209
795	-0.0236667	7.8016	2.8142	89.2527
796	-0.0293811	7.79567	2.81849	89.2965
797	-0.031843	7.78967	2.82054	89.3404
798	-0.0329019	7.78363	2.82221	89.3843
799	-0.0339147	7.77757	2.8192	89.4281
800	-0.0352411	7.77148	2.82837	89.4722
801	-0.0367233	7.76534	2.82939	89.5163
802	-0.0363421	7.75923	2.82096	89.5601
803	-0.0351064	7.75317	2.81151	89.6036
804	-0.032936	7.7472	2.80825	89.6469
805	-0.0333912	7.74122	2.8135	89.6904
806	-0.0343399	7.73522	2.80506	89.7335
807	-0.0319893	7.72932	2.8136	89.777
808	-0.0294981	7.72351	2.82891	89.8209
809	-0.0263085	7.71782	2.83638	89.8651
810	-0.0237172	7.71224	2.82151	89.9088
811	-0.0201928	7.70678	2.81167	89.9521
812	-0.0162075	7.70148	2.81021	89.9953
813	-0.0128831	7.6963	2.82351	90.039
814	-0.0117642	7.69117	2.82119	90.0826
815	-0.010308	7.6861	2.81585	90.1259
816	-0.00826691	7.68111	2.81067	90.1691
817	-0.00765093	7.67616	2.8036	90.212
818	-0.00565726	7.67128	2.8095	90.2551
819	-0.00357728	7.66648	2.81245	90.2983
820	-0.00274321	7.66172	2.81719	90.3416
821	-0.00372438	7.65693	2.83193	90.3854
822	-0.00163854	7.65223	2.83815	90.4294
823	-0.00204465	7.64752	2.83699	90.4734
824	-0.00288543	7.64279	2.82345	90.5168
825	-0.00390948	7.63803	2.82475	90.5603
826	-0.00769318	7.63315	2.83697	90.6042
827	-0.0108416	7.62817	2.84159	90.6482
828	-0.0139961	7.62308	2.84503	90.6924
829	-0.0187238	7.61785	2.86218	90.7371
830	-0.0210113	7.61254	2.87372	90.7821
831	-0.0231986	7.60716	2.87948	90.8274
832	-0.0262341	7.60169	2.8868	90.8729
833	-0.0267797	7.59621	2.8903	90.9185
834	-0.0288478	7.59067	2.90107	90.9644
835	-0.0301076	7.58509	2.90005	91.0103
836	-0.0312589	7.57949	2.90602	91.0564
837	-0.0358595	7.57373	2.90298	91.1023
838	-0.0359773	7.56798	2.90515	91.1483
839	-0.035496	7.56226	2.90726	91.1944
840	-0.0360744	7.55652	2.90573	91.2403
841	-0.0383812	7.55071	2.90199	91.2861
842	-0.043132	7.54476	2.90842	91.3322
843	-0.0451916	7.53874	2.90003	91.3779
844	-0.0451487	7.53273	2.90123	91.4236
845	-0.0454533	7.52672	2.90838	91.4695
846	-0.0471182	7.52066	2.92254	91.516
847	-0.0462103	7.51464	2.92773	91.5625
848	-0.0457355	7.50865	2.93129	91.6092
849	-0.0453788	7.50268	2.93607	91.656
850	-0.0430478	7.49681	2.92068	91.7022
851	-0.0434994	7.49092	2.89935	91.7478
852	-0.0443475	7.48502	2.87951	91.7926
853	-0.0448186	7.4791	2.87032	91.837
854	-0.0450401	7.47319	2.86764	91.8814
855	-0.046104	7.46726	2.87055	91.9258
856	-0.0457225	7.46134	2.88101	91.9706
857	-0.0445379	7.45548	2.88997	92.0156
858	-0.0463763	7.44956	2.88894	92.0606
859	-0.048931	7.44357	2.89091	92.1057
860	-0.0506536	7.43752	2.89412	92.1508
861	-0.0523744	7.43143	2.88266	92.1955
862	-0.0546589	7.42527	2.88726	92.2404
863	-0.05497	7.41911	2.89507	92.2855
864	-0.0571339	7.41288	2.90323	92.3309
865	-0.0567852	7.40668	2.90059	92.3761
866	-0.0554712	7.40053	2.89935	92.4213
867	-0.0554951	7.39438	2.89734	92.4664
868	-0.0542807	7.38829	2.90619	92.5117
869	-0.055501	7.38217	2.91728	92.5575
870	-0.0573939	7.37599	2.92775	92.6035
871	-0.0600327	7.36973	2.93627	92.6499
872	-0.0636738	7.36336	2.93619	92.6962
873	-0.0671816	7.35688	2.94443	92.7427
874	-0.0700453	7.35032	2.94977	92.7894
875	-0.0735289	7.34364	2.95541	92.8363
876	-0.0764812	7.33688	2.9556	92.8832
877	-0.0767825	7.33011	2.95966	92.9301
878	-0.076409	7.32337	2.96026	92.9771
879	-0.0760919	7.31665	2.96052	93.0241
880	-0.0762593	7.30993	2.96289	93.0711
881	-0.0763304	7.30322	2.92628	93.1169
882	-0.0779353	7.29647	2.89282	93.1615
883	-0.0784029	7.28971	2.88974	93.206
884	-0.0785446	7.28296	2.89139	93.2505
885	-0.0770825	7.27626	2.89778	93.2952
886	-0.0771301	7.26958	2.90316	93.3401
887	-0.0745079	7.26299	2.9087	93.3851
888	-0.0742455	7.25642	2.91445	93.4303
889	-0.0728951	7.2499	2.91566	93.4756
890	-0.0723123	7.24342	2.91733	93.5208
891	-0.0716135	7.23696	2.92152	93.5662
892	-0.0720521	7.23051	2.9244	93.6117
893	-0.0724966	7.22404	2.91981	93.657
894	-0.0746883	7.21751	2.92302	93.7023
895	-0.0720196	7.21109	2.92831	93.7479
896	-0.0688753	7.20477	2.9321	93.7935
897	-0.067901	7.1985	2.93077	93.8391
898	-0.0687609	7.19221	2.93929	93.8849
899	-0.069925	7.18588	2.93739	93.9306
900	-0.0684668	7.17962	2.9444	93.9766
901	-0.0675342	7.1734	2.94438	94.0225
902	-0.0678597	7.16717	2.9533	94.0687
903	-0.0681522	7.16094	2.95354	94.1149
904	-0.0672248	7.15476	2.95372	94.1611
905	-0.0662003	7.14861	2.94668	94.207
906	-0.0661068	7.14248	2.94852	94.253
907	-0.0673167	7.13632	2.94019	94.2987
908	-0.064237	7.13027	2.94677	94.3445
909	-0.0629339	7.12427	2.94536	94.3903
910	-0.0614627	7.11833	2.94624	94.4361
911	-0.0620391	7.11237	2.94468	94.4818
912	-0.0635925	7.10638	2.93845	94.5273
913	-0.0636315	7.10039	2.93268	94.5726
914	-0.0634482	7.09442	2.93155	94.6178
915	-0.0663702	7.08836	2.94103	94.6633
916	-0.0692356	7.08221	2.94369	94.7089
917	-0.0706294	7.07603	2.94029	94.7544
918	-0.0723903	7.06979	2.94688	94.8
919	-0.0721723	7.06358	2.94481	94.8456
920	-0.0715744	7.05739	2.94519	94.8911
921	-0.0732694	7.05115	2.94745	94.9367
922	-0.072665	7.04494	2.95015	94.9824
923	-0.0715382	7.03878	2.94602	95.0279
924	-0.0709803	7.03265	2.9415	95.0732
925	-0.0689966	7.02659	2.94645	95.1187
926	-0.0671683	7.0206	2.92956	95.1636
927	-0.0638137	7.01472	2.937	95.2087
928	-0.0614518	7.00894	2.94879	95.2542
929	-0.0586159	7.00325	2.95541	95.2999
930	-0.0561181	6.99765	2.95844	95.3457
931	-0.0537871	6.99214	2.95564	95.3913
932	-0.0499458	6.98676	2.94532	95.4366
933	-0.0455256	6.98154	2.95398	95.4822
934	-0.0415856	6.97645	2.96258	95.528
935	-0.0362574	6.97154	2.97785	95.5743
936	-0.0307585	6.96682	2.99361	95.6211
937	-0.0251506	6.96229	3.01604	95.6686
938	-0.0221722	6.95786	3.02626	95.7164
939	-0.019861	6.95351	3.03254	95.7644
940	-0.0191855	6.9492	3.04403	95.8127
941	-0.0167815	6.94496	3.0511	95.8613
942	-0.0177408	6.94071	3.06248	95.9101
943	-0.0186089	6.93643	3.06645	95.9591
944	-0.0156174	6.93225	3.06282	96.008
945	-0.0152181	6.9281	3.06268	96.0568
946	-0.0155382	6.92394	3.06696	96.1057
947	-0.0155894	6.91978	3.07235	96.1548
948	-0.0188859	6.91553	3.08955	96.2044
949	-0.0187067	6.91128	3.08672	96.2539
950	-0.0145082	6.90718	3.08506	96.3034
951	-0.0111723	6.9032	3.07763	96.3525
952	-0.0102472	6.89925	3.07087	96.4014
953	-0.0093016	6.89533	3.07028	96.4503
954	-0.00886884	6.89144	3.06782	96.4991
955	-0.00739463	6.8876	3.05608	96.5474
956	-0.00524655	6.88383	3.04243	96.5953
957	-0.0036242	6.88012	3.04288	96.6432
958	-0.000723367	6.87652	3.04359	96.6911
959	0.00220815	6.87301	3.05489	96.7393
960	0.00365923	6.86955	3.06318	96.7878
961	0.00718407	6.86622	3.06997	96.8364
962	0.0118636	6.86304	3.07841	96.8853
963	0.0147402	6.85996	3.09194	96.9347
964	0.017614	6.85697	3.09539	96.9841
965	0.018689	6.85402	3.0923	97.0333
966	0.0157995	6.85099	3.09371	97.0827
967	0.0137751	6.8479	3.08176	97.1315
968	0.0133501	6.8448	3.05823	97.1797
969	0.012441	6.84167	3.06268	97.2279
970	0.014559	6.83862	3.05382	97.2758
971	0.016083	6.83562	3.05357	97.3237
972	0.0141061	6.83256	3.05146	97.3715
973	0.0136012	6.82949	3.02879	97.4186
974	0.0141893	6.82644	3.00125	97.4647
975	0.0127957	6.82336	3.00419	97.5109
976	0.0127202	6.82028	2.99723	97.5569
977	0.0131055	6.81721	2.99284	97.6027
978	0.0164843	6.81426	2.99805	97.6487
979	0.0199564	6.81142	3.00035	97.6947
980	0.0204163	6.8086	3.00376	97.7408
981	0.0195877	6.80577	3.00781	97.787
982	0.0224339	6.80302	3.01015	97.8333
983	0.0213697	6.80025	2.99902	97.8791
984	0.0208753	6.79746	2.99897	97.925
985	0.0191395	6.79463	2.99724	97.9708
986	0.0178973	6.79176	3.00004	98.0166
987	0.0153387	6.78881	3.00564	98.0626
988	0.0129205	6.78579	3.01428	98.1089
989	0.013077	6.78278	3.00964	98.155
990	0.0148412	6.77984	3.01801	98.2013
991	0.015903	6.77693	3.02277	98.2478
992	0.0148809	6.77399	3.02591	98.2943
993	0.0141644	6.77103	3.02354	98.3408
994	0.012839	6.76804	3.01615	98.387
995	0.0124215	6.76504	3.01576	98.4331
996	0.0137771	6.76208	3.00641	98.479
997	0.0149971	6.75917	3.00333	98.5247
998	0.014599	6.75625	3.00541	98.5705
999	0.0133428	6.7533	3.01399	98.6165
1000	0.0106949	6.75027	3.02271	98.6627
1001	0.0112967	6.74726	3.02639	98.7091
1002	0.0109272	6.74424	3.02578	98.7554
1003	0.00873993	6.74116	3.03117	98.8019
1004	0.0090965	6.7381	3.03813	98.8486
1005	0.00834223	6.73501	3.03973	98.8953
1006	0.00688367	6.73189	3.04339	98.942
1007	0.00744417	6.72879	3.04455	98.9889
1008	0.00655653	6.72566	3.0446	99.0356
1009	0.0075845	6.72257	3.03403	99.0821
1010	0.00732919	6.71948	3.01867	99.128
1011	0.00668198	6.71637	3.01053	99.1736
1012	0.00353997	6.71317	3.016	99.2194
1013	0.00113182	6.7099	3.02347	99.2655
1014	-0.00074483	6.70657	3.01622	99.3112
1015	-0.000245905	6.70327	2.99012	99.3561
1016	-0.00126287	6.69993	2.99583	99.4012
1017	-0.00222483	6.69658	3.00132	99.4465
1018	-0.00197295	6.69323	3.00359	99.4917
1019	0.000293593	6.68996	2.99976	99.5369
1020	-0.000163401	6.68668	2.993	99.5818
1021	-0.00125475	6.68337	2.99414	99.6267
1022	-0.000333193	6.6801	2.98161	99.6713
1023	-0.00216323	6.67677	2.97761	99.7156
1024	-0.00263025	6.67344	2.96811	99.7597
1025	-0.00291927	6.67009	2.96296	99.8036
1026	-0.00287084	6.66676	2.95773	99.8473
1027	-0.00271312	6.66344	2.95794	99.8909
1028	-0.00393095	6.66008	2.95873	99.9346
1029	-0.00202005	6.65678	2.9602	99.9783
1030	-0.0019787	6.6535	2.96746	100.022
1031	-4.73617e-05	6.65027	2.97996	100.067
1032	0.000525519	6.64707	2.98826	100.111
1033	0.00204068	6.64392	2.9919	100.156
1034	0.00235003	6.64079	2.99408	100.2
1035	0.00367594	6.6377	3.00244	100.245
1036	0.00199728	6.63457	3.01082	100.29
1037	0.00181177	6.63143	3.00433	100.335
1038	0.000282316	6.62825	3.01138	100.381
1039	0.000288337	6.62507	3.01307	100.426
1040	-0.00153403	6.62185	3.00885	100.471
1041	-0.00178149	6.61862	3.00331	100.515
1042	-0.00454628	6.6153	3.00005	100.56
1043	-0.00395966	6.61202	2.992	100.605
1044	-0.00503904	6.6087	2.98829	100.649
1045	-0.00552633	6.60537	2.99009	100.693
1046	-0.00297598	6.60213	3.00113	100.738
1047	-0.0034161	6.59887	2.99813	100.782
1048	-0.0023689	6.59566	2.99299	100.827
1049	-0.00139298	6.59248	2.98994	100.871
1050	-0.00189846	6.58928	2.97621	100.915
1051	-0.00209658	6.58609	2.98033	100.959
1052	-0.0015239	6.58292	2.97698	101.003
1053	-0.00163943	6.57975	2.97378	101.046
1054	0.00016026	6.57663	2.97046	101.09
1055	0.00245868	6.5736	2.97051	101.133
1056	0.00332827	6.57059	2.97061	101.177
1057	0.00559351	6.56766	2.98166	101.221
1058	0.00492034	6.56472	2.98105	101.265
1059	0.0044598	6.56176	2.98465	101.308
1060	0.00500627	6.55882	2.98288	101.352
1061	0.00388702	6.55585	2.98701	101.396
1062	0.0023506	6.55285	2.9883	101.44
1063	0.00128139	6.54981	2.97713	101.484
1064	0.00131373	6.54677	2.98097	101.527
1065	0.00178516	6.54376	2.98153	101.571
1066	0.00165021	6.54075	2.98553	101.615
1067	0.00107173	6.53772	2.98881	101.659
1068	0.00179405	6.53472	2.98539	101.703
1069	0.00242873	6.53174	2.97971	101.746
1070	0.00148625	6.52874	2.98192	101.79
1071	0.00163093	6.52575	2.97705	101.833
1072	0.0022012	6.52278	2.9704	101.876
1073	0.000212874	6.51975	2.96528	101.919
1074	-0.00114344	6.51668	2.97257	101.963
1075	-0.00134328	6.51361	2.98032	102.006
1076	-0.000389319	6.51058	2.98785	102.05
1077	9.26284e-05	6.50757	2.99136	102.094
1078	-0.000251271	6.50455	2.99589	102.137
1079	-0.0018532	6.50148	2.9982	102.181
1080	-0.00219393	6.49841	3.00469	102.225
1081	-0.000935402	6.49538	3.01162	102.27
1082	0.00131002	6.49242	3.02092	102.314
1083	0.00387633	6.48955	3.02153	102.359
1084	0.00569375	6.48673	3.03005	102.404
1085	0.00539642	6.48391	3.03251	102.449
1086	0.00648277	6.48113	3.02532	102.493
1087	0.00525848	6.47831	3.02788	102.538
1088	0.00508772	6.47549	3.02147	102.582
1089	0.0044506	6.47266	3.01064	102.626
1090	0.003654	6.4698	3.01718	102.671
1091	0.00292404	6.46693	3.02046	102.715
1092	0.00292834	6.46406	3.02344	102.76
1093	0.00231172	6.46118	3.01673	102.804
1094	0.00168721	6.45828	3.00098	102.848
1095	0.00235247	6.45541	3.00276	102.891
1096	0.00205309	6.45253	3.0088	102.935
1097	0.000631591	6.44962	3.0081	102.979
1098	0.00132798	6.44672	3.00029	103.023
1099	0.00356304	6.4439	3.00387	103.067
1100	0.00258751	6.44106	3.00596	103.11
1101	0.00164557	6.43818	3.00865	103.154
1102	0.00193685	6.43533	3.0014	103.198
1103	0.00350437	6.43252	3.0004	103.241
1104	0.00165685	6.42966	3.00044	103.285
1105	0.000192351	6.42676	3.00554	103.329
1106	0.00218054	6.42393	3.01505	103.373
1107	0.00312871	6.42112	3.02055	103.417
1108	0.000537291	6.41825	3.02124	103.461
1109	-0.00333154	6.41526	3.02501	103.505
1110	-0.00664963	6.41217	3.02554	103.549
1111	-0.00929192	6.40901	3.03504	103.593
1112	-0.0104751	6.40582	3.04337	103.638
1113	-0.0104412	6.40264	3.04599	103.683
1114	-0.0120661	6.39941	3.03576	103.727
1115	-0.0111919	6.39621	3.03108	103.772
1116	-0.0114888	6.393	3.0292	103.816
1117	-0.011922	6.38979	3.03266	103.86
1118	-0.0113576	6.38659	3.03512	103.904
1119	-0.0112693	6.38341	3.03303	103.949
1120	-0.011259	6.38023	3.03336	103.993
1121	-0.0096137	6.3771	3.03099	104.037
1122	-0.00905394	6.37399	3.02137	104.081
1123	-0.00816727	6.37091	3.02789	104.125
1124	-0.0077675	6.36785	3.03124	104.169
1125	-0.0083354	6.36478	3.03445	104.213
1126	-0.00791037	6.36172	3.0371	104.257
1127	-0.00779375	6.35867	3.03736	104.301
1128	-0.00834008	6.35561	3.04401	104.346
1129	-0.00923116	6.35252	3.04039	104.39
1130	-0.0100286	6.34942	3.03569	104.434
1131	-0.0117591	6.34627	3.03235	104.478
1132	-0.0117425	6.34312	3.02727	104.522
1133	-0.0119675	6.33997	3.02338	104.566
1134	-0.00849988	6.33693	3.02171	104.609
1135	-0.00417892	6.33402	3.02742	104.653
1136	-0.00234614	6.33116	3.02784	104.697
1137	-0.00267424	6.3283	3.02539	104.741
1138	-0.00181718	6.32547	3.028	104.784
1139	-0.000110731	6.3227	3.03173	104.828
1140	0.000193828	6.31994	3.03243	104.872
1141	6.61796e-05	6.31717	3.02959	104.916
1142	-0.00101001	6.31438	3.01745	104.959
1143	-0.000679321	6.3116	3.01134	105.002
1144	-0.00212614	6.30879	3.00306	105.045
1145	-0.00438057	6.30591	2.99513	105.088
1146	-0.00629467	6.30297	2.98843	105.13
1147	-0.00752587	6.30001	2.97377	105.172
1148	-0.00904798	6.297	2.96593	105.214
1149	-0.0106993	6.29395	2.96728	105.256
1150	-0.0131289	6.29083	2.97222	105.297
1151	-0.0128579	6.28772	2.96978	105.339
1152	-0.0125285	6.28463	2.968	105.381
1153	-0.0108879	6.28159	2.96297	105.422
1154	-0.00881851	6.27861	2.9543	105.464
1155	-0.0110639	6.27557	2.95475	105.505
1156	-0.0116891	6.27252	2.95678	105.546
1157	-0.01217	6.26945	2.95792	105.588
1158	-0.0106944	6.26644	2.96011	105.629
1159	-0.00867337	6.26348	2.96433	105.671
1160	-0.00715373	6.26058	2.97097	105.712
1161	-0.00577638	6.25772	2.97648	105.754
1162	-0.00401733	6.25491	2.98136	105.796
1163	-0.00417299	6.2521	2.98022	105.838
1164	-0.00625075	6.24924	2.97415	105.88
1165	-0.00641526	6.24637	2.97485	105.921
1166	-0.00658443	6.2435	2.97687	105.963
1167	-0.00517364	6.24068	2.96184	106.004
1168	-0.00516111	6.23786	2.94961	106.045
1169	-0.00474606	6.23506	2.93102	106.086
1170	-0.00717007	6.23219	2.9375	106.126
1171	-0.00952076	6.22926	2.9387	106.167
1172	-0.0109318	6.22628	2.94141	106.207
1173	-0.0136537	6.22323	2.93793	106.248
1174	-0.0120717	6.22024	2.94279	106.289
1175	-0.0133612	6.2172	2.94595	106.329
1176	-0.0132473	6.21418	2.94969	106.37
1177	-0.0127036	6.21117	2.95529	106.411
1178	-0.0102419	6.20824	2.96222	106.452
1179	-0.0081845	6.20537	2.96744	106.493
1180	-0.00713206	6.20254	2.96589	106.535
1181	-0.00573314	6.19975	2.9658	106.576
1182	-0.00468142	6.197	2.96801	106.617
1183	-0.00388493	6.19427	2.97225	106.658
1184	-0.00616629	6.19148	2.97191	106.7
1185	-0.00795051	6.18864	2.97524	106.741
1186	-0.00910733	6.18577	2.97275	106.782
1187	-0.00958264	6.18289	2.97337	106.824
1188	-0.00936946	6.18002	2.96926	106.865
1189	-0.00957417	6.17715	2.96769	106.906
1190	-0.0123177	6.1742	2.96775	106.947
1191	-0.0147149	6.17119	2.96876	106.988
1192	-0.014978	6.16817	2.95731	107.029
1193	-0.0153592	6.16514	2.94406	107.069
1194	-0.0158493	6.16211	2.94444	107.11
1195	-0.0174207	6.15903	2.94703	107.15
1196	-0.0196738	6.15589	2.95258	107.191
1197	-0.019987	6.15274	2.95417	107.231
1198	-0.018431	6.14965	2.96188	107.272
1199	-0.0157555	6.14663	2.96282	107.313
1200	-0.0138467	6.14367	2.96725	107.354
1201	-0.0134322	6.14073	2.97479	107.395
1202	-0.0152426	6.13774	2.97883	107.436
1203	-0.0161536	6.13473	2.98473	107.478
1204	-0.0169941	6.1317	2.98381	107.519
1205	-0.0201499	6.12858	2.98349	107.56
1206	-0.0239575	6.12535	2.99089	107.602
1207	-0.0274306	6.12203	2.99835	107.644
1208	-0.030177	6.11863	2.99907	107.685
1209	-0.0308513	6.11522	2.98969	107.727
1210	-0.0327309	6.11175	2.98929	107.768
1211	-0.0326509	6.1083	2.99017	107.81
1212	-0.0327436	6.10484	2.99187	107.851
1213	-0.0337425	6.10136	2.9893	107.892
1214	-0.0344367	6.09786	2.98292	107.934
1215	-0.0319807	6.09444	2.98741	107.975
1216	-0.0282676	6.09113	3.00156	108.017
1217	-0.0255929	6.0879	3.01171	108.059
1218	-0.0245106	6.0847	3.00792	108.1
1219	-0.0242604	6.08151	3.00939	108.142
1220	-0.0238198	6.07834	2.98818	108.183
1221	-0.0224232	6.07521	2.98045	108.224
1222	-0.024562	6.07203	2.98621	108.266
1223	-0.0254769	6.06882	2.99192	108.307
1224	-0.0276559	6.06556	3.00056	108.348
1225	-0.0277746	6.06229	2.99632	108.39
1226	-0.0284008	6.05901	2.99807	108.431
1227	-0.027926	6.05575	3.00287	108.473
1228	-0.0289941	6.05246	3.00502	108.514
1229	-0.0274179	6.04922	3.00464	108.556
1230	-0.0265788	6.04601	3.00738	108.597
1231	-0.0266815	6.0428	3.00791	108.639
1232	-0.029326	6.03951	3.00526	108.681
1233	-0.0302916	6.03621	3.00923	108.722
1234	-0.0302855	6.0329	3.0058	108.764
1235	-0.0301989	6.0296	3.00892	108.805
1236	-0.0295831	6.02633	3.01262	108.847
1237	-0.0287404	6.02308	3.01475	108.889
1238	-0.0296805	6.01981	3.01404	108.93
1239	-0.0300673	6.01653	3.01592	108.972
1240	-0.0300205	6.01325	3.01258	109.014
1241	-0.0291742	6.01001	3.01462	109.055
1242	-0.0282932	6.00679	3.02362	109.097
1243	-0.0274483	6.0036	3.02262	109.139
1244	-0.0267459	6.00043	3.02713	109.181
1245	-0.0256234	5.9973	3.0296	109.223
1246	-0.0230883	5.99424	3.0414	109.265
1247	-0.0208013	5.99125	3.05253	109.308
1248	-0.0206794	5.98827	3.05629	109.351
1249	-0.018622	5.98535	3.06593	109.394
1250	-0.016662	5.98249	3.06377	109.437
1251	-0.0171265	5.97962	3.0645	109.479
1252	-0.0175522	5.97674	3.0674	109.522
1253	-0.0169592	5.97388	3.0715	109.565
1254	-0.0177284	5.971	3.06686	109.608
1255	-0.0168471	5.96815	3.06407	109.651
1256	-0.0160901	5.96532	3.0651	109.694
1257	-0.0157686	5.96251	3.06413	109.737
1258	-0.0172281	5.95966	3.06365	109.78
1259	-0.0196434	5.95674	3.06681	109.822
1260	-0.0206051	5.9538	3.07417	109.865
1261	-0.0192229	5.9509	3.08221	109.909
1262	-0.0174008	5.94806	3.08943	109.952
1263	-0.0146915	5.94529	3.09869	109.996
1264	-0.0126628	5.94259	3.1069	110.04
1265	-0.0103519	5.93995	3.11514	110.084
1266	-0.00811305	5.93738	3.11682	110.128
1267	-0.00638901	5.93486	3.11599	110.172
1268	-0.0057362	5.93236	3.11168	110.216
1269	-0.00353257	5.92993	3.1104	110.26
1270	-0.0021947	5.92754	3.1151	110.304
1271	-0.00108625	5.92518	3.12084	110.348
1272	-0.000774327	5.92283	3.12335	110.392
1273	-0.00225659	5.92044	3.12735	110.436
1274	-0.00277815	5.91805	3.12211	110.48
1275	-0.0038415	5.91562	3.11625	110.524
1276	-0.00369674	5.9132	3.10818	110.568
1277	-0.00360094	5.91079	3.10857	110.612
1278	-0.00470872	5.90835	3.1093	110.655
1279	-0.00479748	5.90591	3.1086	110.699
1280	-0.00426322	5.90348	3.09773	110.742
1281	-0.00335511	5.90109	3.09551	110.786
1282	-0.00283404	5.89871	3.09674	110.829
1283	-0.00325659	5.89633	3.0979	110.872
1284	-0.00305532	5.89395	3.10319	110.916
1285	-0.00304861	5.89157	3.10648	110.959
1286	-0.00384341	5.88918	3.10598	111.003
1287	-0.0030238	5.88681	3.10435	111.046
1288	-0.00421775	5.88441	3.10576	111.089
1289	-0.00419946	5.88201	3.09816	111.133
1290	-0.00464898	5.87961	3.09668	111.176
1291	-0.00596483	5.87717	3.09441	111.219
1292	-0.00996369	5.87462	3.10249	111.262
1293	-0.0122774	5.87201	3.10989	111.305
1294	-0.0135318	5.86937	3.11577	111.349
1295	-0.0128156	5.86675	3.11758	111.393
1296	-0.00997692	5.86421	3.11706	111.436
1297	-0.00823452	5.86172	3.11415	111.48
1298	-0.00749753	5.85926	3.11144	111.523
1299	-0.00645271	5.85683	3.11054	111.567
1300	-0.00611331	5.85441	3.11349	111.61
1301	-0.00521793	5.85202	3.11684	111.653
1302	-0.00412226	5.84966	3.1197	111.697
1303	-0.00253052	5.84735	3.12383	111.741
1304	-0.00167433	5.84506	3.12812	111.785
1305	-0.00029896	5.84282	3.13227	111.828
1306	0.000814958	5.84061	3.13655	111.872
1307	0.000472841	5.83839	3.14141	111.916
1308	0.00248028	5.83623	3.14476	111.961
1309	0.00402748	5.83411	3.15006	112.005
1310	0.0039779	5.832	3.15613	112.049
1311	0.00310404	5.82986	3.15782	112.094
1312	0.00360673	5.82775	3.162	112.138
1313	0.00513441	5.82567	3.16392	112.183
1314	0.00566757	5.82361	3.15623	112.227
1315	0.00628909	5.82158	3.14494	112.271
1316	0.00794333	5.81959	3.14912	112.316
1317	0.00797473	5.8176	3.15246	112.36
1318	0.0102358	5.81568	3.15816	112.404
1319	0.0116068	5.81379	3.15386	112.448
1320	0.011625	5.81191	3.15175	112.492
1321	0.0105687	5.81001	3.14866	112.537
1322	0.00787466	5.80803	3.14816	112.581
1323	0.00938952	5.8061	3.14449	112.624
1324	0.00941632	5.80416	3.13932	112.668
1325	0.0080152	5.8022	3.13898	112.712
1326	0.00686826	5.8002	3.14179	112.756
1327	0.00615218	5.79819	3.14244	112.799
1328	0.0049832	5.79614	3.1436	112.843
1329	0.00386404	5.79407	3.14574	112.887
1330	0.00193024	5.79195	3.14777	112.931
1331	-0.000884824	5.78975	3.1524	112.975
1332	-0.00166365	5.78754	3.15154	113.019
1333	-0.000459529	5.78535	3.14887	113.063
1334	-0.00117172	5.78316	3.15288	113.107
1335	-0.00113691	5.78096	3.15617	113.151
1336	-0.00150371	5.77876	3.15917	113.195
1337	-0.00278387	5.77653	3.15916	113.239
1338	-0.00273286	5.7743	3.15493	113.283
1339	-0.00151473	5.7721	3.14755	113.326
1340	-0.00182699	5.7699	3.13312	113.37
1341	-0.00314195	5.76767	3.133	113.413
1342	-0.0025314	5.76545	3.14034	113.456
1343	-0.00336838	5.76322	3.14734	113.5
1344	-0.00392739	5.76097	3.15163	113.544
1345	-0.00378094	5.75873	3.15461	113.588
1346	-0.00238192	5.75652	3.16065	113.631
1347	-0.0017572	5.75434	3.16358	113.676
1348	-0.000850595	5.75219	3.16093	113.719
1349	0.00124826	5.75009	3.16889	113.764
1350	0.00312829	5.74805	3.17472	113.808
1351	0.0051581	5.74607	3.18509	113.852
1352	0.00541215	5.74409	3.1929	113.897
1353	0.00498166	5.74211	3.19116	113.942
1354	0.00658613	5.74017	3.19877	113.987
1355	0.00838062	5.73828	3.20823	114.032
1356	0.00823262	5.73639	3.21225	114.077
1357	0.00817586	5.7345	3.20068	114.122
1358	0.00885582	5.73263	3.19859	114.166
1359	0.0105533	5.73081	3.20165	114.211
1360	0.00888498	5.72895	3.2037	114.256
1361	0.00836182	5.72707	3.20393	114.301
1362	0.0103406	5.72525	3.20368	114.346
1363	0.0119657	5.72348	3.19889	114.391
1364	0.0117911	5.7217	3.19794	114.435
1365	0.0101598	5.71988	3.19189	114.48
1366	0.0103758	5.71807	3.18457	114.524
1367	0.00973306	5.71625	3.18109	114.568
1368	0.00991351	5.71443	3.18229	114.612
1369	0.0117617	5.71266	3.18446	114.656
1370	0.0134762	5.71094	3.18707	114.701
1371	0.0152705	5.70928	3.19181	114.745
1372	0.0137213	5.70757	3.19181	114.789
1373	0.0124357	5.70583	3.19544	114.834
1374	0.0117287	5.70407	3.19989	114.878
1375	0.0112638	5.7023	3.20287	114.923
1376	0.0124393	5.70057	3.2097	114.968
1377	0.0139049	5.69888	3.21191	115.012
1378	0.016791	5.69726	3.21612	115.057
1379	0.0173386	5.69567	3.21668	115.102
1380	0.0169564	5.69406	3.21264	115.147
1381	0.0163319	5.69244	3.21246	115.192
1382	0.0154775	5.6908	3.21269	115.236
1383	0.0145096	5.68914	3.21413	115.281
1384	0.0143413	5.68747	3.21344	115.326
1385	0.0146094	5.68581	3.20755	115.37
1386	0.0161931	5.6842	3.20304	115.415
1387	0.0173876	5.68262	3.20233	115.459
1388	0.0179164	5.68105	3.2016	115.504
1389	0.0167684	5.67946	3.2003	115.548
1390	0.0151619	5.67783	3.2012	115.592
1391	0.0163337	5.67622	3.1993	115.636
1392	0.0176871	5.67466	3.19484	115.68
1393	0.0187586	5.67313	3.19513	115.725
1394	0.0196439	5.67162	3.19992	115.769
1395	0.0202176	5.67013	3.19786	115.813
1396	0.0180324	5.66859	3.19463	115.857
1397	0.0170784	5.66702	3.18732	115.901
1398	0.0162054	5.66543	3.17019	115.944
1399	0.0162384	5.66384	3.15922	115.987
1400	0.0154386	5.66223	3.14805	116.03
1401	0.0159781	5.66064	3.14499	116.072
1402	0.0161886	5.65905	3.13506	116.115
1403	0.0144849	5.65743	3.13653	116.157
1404	0.0162067	5.65585	3.13289	116.199
1405	0.0156167	5.65425	3.12239	116.241
1406	0.0151937	5.65265	3.11468	116.283
1407	0.0144544	5.65103	3.11692	116.325
1408	0.0141688	5.6494	3.11265	116.366
1409	0.0150259	5.6478	3.10428	116.408
1410	0.0157766	5.64622	3.10546	116.449
1411	0.0162341	5.64465	3.10785	116.491
1412	0.0178122	5.64313	3.1128	116.532
1413	0.0176686	5.6416	3.11717	116.574
1414	0.0188385	5.64011	3.11933	116.616
1415	0.0198057	5.63865	3.12497	116.657
1416	0.0219471	5.63724	3.12713	116.699
1417	0.0216275	5.63583	3.13442	116.741
1418	0.0206795	5.63439	3.13387	116.783
1419	0.0202541	5.63295	3.13733	116.826
1420	0.0202438	5.6315	3.14286	116.868
1421	0.0207976	5.63008	3.14408	116.91
1422	0.0201781	5.62863	3.14697	116.952
1423	0.0195793	5.62718	3.15186	116.995
1424	0.0203064	5.62574	3.15187	117.037
1425	0.0214874	5.62434	3.1385	117.079
1426	0.02158	5.62294	3.12307	117.121
1427	0.0215121	5.62154	3.12133	117.163
1428	0.0219492	5.62016	3.12048	117.204
1429	0.0239665	5.61883	3.12621	117.246
1430	0.0246365	5.61751	3.13076	117.288
1431	0.0235337	5.61618	3.13041	117.329
1432	0.0231189	5.61483	3.13321	117.371
1433	0.0240609	5.61351	3.13975	117.413
1434	0.0248324	5.61221	3.14169	117.455
1435	0.0259588	5.61094	3.14628	117.497
1436	0.0265863	5.60969	3.14364	117.539
1437	0.0272352	5.60846	3.14467	117.581
1438	0.0279774	5.60725	3.15244	117.624
1439	0.0269538	5.60601	3.15927	117.666
1440	0.0249511	5.60472	3.16537	117.709
1441	0.0215952	5.60335	3.17544	117.751
1442	0.0200538	5.60194	3.18355	117.794
1443	0.0188916	5.6005	3.1902	117.838
1444	0.0179451	5.59903	3.19696	117.881
1445	0.015923	5.59751	3.20433	117.924
1446	0.0167613	5.59602	3.20397	117.968
1447	0.0175515	5.59455	3.20444	118.011
1448	0.0188521	5.59312	3.20258	118.055
1449	0.0207349	5.59173	3.20602	118.098
1450	0.0230287	5.59041	3.20821	118.142
1451	0.0251285	5.58915	3.205	118.185
1452	0.0263943	5.58792	3.19771	118.228
1453	0.0293202	5.58676	3.19851	118.272
1454	0.0328486	5.58571	3.19699	118.315
1455	0.0358614	5.58473	3.19334	118.358
1456	0.0382617	5.58382	3.19758	118.401
1457	0.0393244	5.58293	3.19935	118.444
1458	0.039728	5.58206	3.20203	118.487
1459	0.039482	5.58118	3.2032	118.531
1460	0.037991	5.58027	3.20118	118.574
1461	0.0369219	5.57932	3.20366	118.617
1462	0.0363566	5.57837	3.20568	118.66
1463	0.0367447	5.57742	3.20664	118.704
1464	0.0376877	5.5765	3.19629	118.747
1465	0.0383788	5.57561	3.19397	118.789
1466	0.0392151	5.57473	3.18665	118.832
1467	0.0383602	5.57383	3.18491	118.875
1468	0.0387577	5.57295	3.17962	118.917
1469	0.0383282	5.57205	3.16848	118.959
1470	0.0404627	5.57121	3.16936	119.002
1471	0.0392608	5.57035	3.17051	119.044
1472	0.0401155	5.5695	3.17292	119.086
1473	0.0410291	5.56868	3.16961	119.128
1474	0.0414968	5.56787	3.17506	119.171
1475	0.0427103	5.5671	3.17894	119.213
1476	0.0433264	5.56634	3.17828	119.255
1477	0.0445359	5.56562	3.17757	119.298
1478	0.0444646	5.56489	3.17874	119.34
1479	0.0451015	5.56419	3.1801	119.382
1480	0.0451492	5.56348	3.18039	119.425
1481	0.0439442	5.56275	3.18245	119.467
1482	0.0416937	5.56196	3.18766	119.509
1483	0.0375198	5.56106	3.20649	119.552
1484	0.0336359	5.56006	3.22077	119.596
1485	0.0299712	5.55896	3.23309	119.639
1486	0.0264015	5.55778	3.24517	119.683
1487	0.0249921	5.55656	3.24835	119.727
1488	0.0249402	5.55534	3.25255	119.771
1489	0.0245507	5.55412	3.24666	119.815
1490	0.0237513	5.55287	3.24126	119.859
1491	0.024405	5.55164	3.22967	119.902
1492	0.0252986	5.55044	3.22508	119.946
1493	0.025793	5.54925	3.22733	119.989
1494	0.0257211	5.54806	3.23021	120.032
1495	0.0240863	5.54683	3.23451	120.076
1496	0.0218841	5.54554	3.24082	120.12
1497	0.0209837	5.54423	3.24071	120.163
1498	0.0207362	5.54292	3.24342	120.207
1499	0.0189279	5.54156	3.25	120.251
1500	0.0167521	5.54015	3.25761	120.295
1501	0.0141022	5.53867	3.26631	120.339
1502	0.0118099	5.53713	3.27487	120.383
1503	0.010887	5.53557	3.2789	120.428
1504	0.01059	5.53401	3.2815	120.473
1505	0.0103013	5.53244	3.28119	120.517
1506	0.00977471	5.53085	3.28359	120.562
1507	0.00957523	5.52927	3.28583	120.606
1508	0.00877296	5.52766	3.28633	120.651
1509	0.00702664	5.52601	3.2935	120.696
1510	0.00765159	5.52438	3.2989	120.741
1511	0.00623151	5.52272	3.29628	120.785
1512	0.00592984	5.52104	3.293	120.83
1513	0.00572101	5.51937	3.2919	120.875
1514	0.00585088	5.5177	3.28909	120.92
1515	0.00684555	5.51606	3.28726	120.964
1516	0.00769449	5.51444	3.28275	121.008
1517	0.00880628	5.51285	3.27899	121.053
1518	0.0075997	5.51123	3.2759	121.097
1519	0.00844815	5.50963	3.27304	121.141
1520	0.00781366	5.50802	3.26711	121.185
1521	0.0072179	5.5064	3.26322	121.229
1522	0.00577824	5.50474	3.26309	121.273
1523	0.00593498	5.50309	3.26212	121.316
1524	0.00529727	5.50142	3.26335	121.36
1525	0.0047681	5.49974	3.26592	121.404
1526	0.00450065	5.49805	3.26832	121.448
1527	0.00495043	5.49638	3.26763	121.492
1528	0.00413383	5.49469	3.26838	121.536
1529	0.00567074	5.49304	3.2679	121.579
1530	0.00427006	5.49136	3.26792	121.623
1531	0.00416019	5.48967	3.26634	121.667
1532	0.00211646	5.48794	3.26923	121.711
1533	0.000472777	5.48616	3.27585	121.755
1534	0.00107279	5.4844	3.27786	121.799
1535	0.00254808	5.48268	3.2774	121.843
1536	0.0022624	5.48096	3.28313	121.887
1537	0.00237815	5.47924	3.28432	121.931
1538	0.00105381	5.47749	3.28393	121.975
1539	-0.00147148	5.47567	3.287	122.019
1540	-0.00418075	5.47379	3.28794	122.063
1541	-0.00505363	5.47189	3.28659	122.107
1542	-0.00525574	5.46998	3.28104	122.151
1543	-0.00531181	5.46807	3.27984	122.195
1544	-0.00767999	5.46611	3.28493	122.239
1545	-0.00827706	5.46413	3.2778	122.283
1546	-0.00739698	5.46218	3.27354	122.327
1547	-0.00798165	5.46021	3.27544	122.371
1548	-0.00770456	5.45826	3.27121	122.414
1549	-0.00736191	5.45631	3.26716	122.458
1550	-0.00860245	5.45433	3.26398	122.501
1551	-0.00871381	5.45235	3.2561	122.544
1552	-0.00753393	5.45041	3.25861	122.587
1553	-0.00778948	5.44846	3.26069	122.631
1554	-0.00785745	5.44651	3.25851	122.674
1555	-0.00722541	5.44458	3.2614	122.717
1556	-0.00666588	5.44266	3.25724	122.76
1557	-0.00793879	5.44071	3.26141	122.804
1558	-0.00825065	5.43876	3.26145	122.847
1559	-0.00828026	5.43681	3.25551	122.89
1560	-0.00783635	5.43487	3.24923	122.933
1561	-0.0060432	5.43298	3.24685	122.975
1562	-0.00502077	5.43111	3.23454	123.018
1563	-0.00417158	5.42927	3.22335	123.06
1564	-0.00400926	5.42744	3.20872	123.102
1565	-0.00329542	5.42562	3.19378	123.143
1566	-0.00296142	5.42382	3.18443	123.184
1567	-0.00179499	5.42204	3.18171	123.225
1568	-3.7329e-05	5.42031	3.17562	123.266
1569	0.00259515	5.41865	3.16802	123.307
1570	0.00424873	5.41704	3.15564	123.347
1571	0.00513732	5.41545	3.14839	123.388
1572	0.00658684	5.41389	3.14912	123.428
1573	0.00619288	5.41233	3.1414	123.468
1574	0.00596329	5.41076	3.13423	123.507
1575	0.00636504	5.40921	3.1284	123.547
1576	0.00683354	5.40766	3.12665	123.587
1577	0.00555389	5.40609	3.12995	123.626
1578	0.00477395	5.4045	3.12667	123.666
1579	0.00556371	5.40293	3.12673	123.705
1580	0.00643553	5.40138	3.12657	123.745
1581	0.00702172	5.39985	3.12863	123.784
1582	0.00831194	5.39836	3.12575	123.824
1583	0.00867341	5.39687	3.12656	123.863
1584	0.0095728	5.39541	3.13127	123.903
1585	0.0106055	5.39398	3.12635	123.942
1586	0.0104708	5.39254	3.12568	123.982
1587	0.0123181	5.39115	3.12388	124.021
1588	0.0135651	5.3898	3.11566	124.06
1589	0.0141529	5.38846	3.10622	124.099
1590	0.0139962	5.38712	3.10611	124.138
1591	0.0137865	5.38577	3.10889	124.177
1592	0.0131797	5.38441	3.11375	124.216
1593	0.0120742	5.38303	3.10938	124.255
1594	0.0121784	5.38164	3.10402	124.294
1595	0.0122937	5.38027	3.09827	124.332
1596	0.0126016	5.3789	3.09169	124.371
1597	0.0128654	5.37754	3.08988	124.409
1598	0.0127581	5.37618	3.08297	124.447
1599	0.0109504	5.37477	3.08278	124.485
1600	0.0105842	5.37336	3.08867	124.524
1601	0.0102901	5.37194	3.08805	124.562
1602	0.00994357	5.37051	3.08795	124.6
1603	0.00993746	5.36909	3.08978	124.639
1604	0.00925039	5.36764	3.09075	124.677
1605	0.00996971	5.36622	3.09363	124.715
1606	0.0111696	5.36483	3.09454	124.754
1607	0.012491	5.36348	3.09328	124.792
1608	0.0135298	5.36215	3.09637	124.83
1609	0.0137997	5.36083	3.09724	124.869
1610	0.0132287	5.35949	3.10012	124.907
1611	0.0134055	5.35817	3.10221	124.946
1612	0.0133446	5.35684	3.09967	124.984
1613	0.0128514	5.3555	3.10374	125.023
1614	0.0134777	5.35418	3.10478	125.061
1615	0.01466	5.35289	3.10737	125.1
1616	0.014705	5.3516	3.11018	125.139
1617	0.0138721	5.35029	3.11226	125.177
1618	0.012758	5.34895	3.11712	125.216
1619	0.0118026	5.3476	3.11092	125.255
1620	0.0121256	5.34625	3.10944	125.293
1621	0.0115607	5.34489	3.10452	125.332
1622	0.010603	5.34351	3.09587	125.37
1623	0.0106304	5.34213	3.09048	125.408
1624	0.0117563	5.34077	3.08537	125.446
1625	0.0127445	5.33945	3.08087	125.484
1626	0.013143	5.33813	3.07651	125.521
1627	0.0139685	5.33684	3.07327	125.559
1628	0.0140739	5.33555	3.06894	125.597
1629	0.014573	5.33428	3.06388	125.634
1630	0.0147227	5.33301	3.05564	125.671
1631	0.0133316	5.3317	3.04988	125.708
1632	0.0120825	5.33037	3.05152	125.745
1633	0.0117781	5.32903	3.05256	125.782
1634	0.0109071	5.32767	3.0518	125.819
1635	0.0103569	5.3263	3.04825	125.856
1636	0.00995734	5.32492	3.05133	125.893
1637	0.0101764	5.32355	3.05038	125.93
1638	0.0104602	5.32218	3.04783	125.967
1639	0.0109776	5.32083	3.04987	126.004
1640	0.0109215	5.31948	3.04974	126.041
1641	0.0102657	5.31812	3.04981	126.077
1642	0.0102661	5.31675	3.04902	126.114
1643	0.00993388	5.31538	3.03775	126.151
1644	0.00905238	5.31399	3.03157	126.187
1645	0.0096823	5.31261	3.02499	126.223
1646	0.0114924	5.31128	3.01301	126.259
1647	0.0128424	5.30999	3.00424	126.295
1648	0.0135336	5.30871	2.99013	126.33
1649	0.014928	5.30747	2.98873	126.366
1650	0.0141928	5.30622	2.98303	126.401
1651	0.0144512	5.30497	2.9779	126.436
1652	0.0144496	5.30372	2.97154	126.471
1653	0.015438	5.30249	2.96645	126.505
1654	0.0148392	5.30126	2.96309	126.54
1655	0.0137199	5.29999	2.9611	126.575
1656	0.0140969	5.29874	2.95733	126.609
1657	0.015018	5.29751	2.94842	126.643
1658	0.0146815	5.29628	2.94757	126.677
1659	0.0140027	5.29503	2.94663	126.712
1660	0.0132355	5.29376	2.94593	126.746
1661	0.0130331	5.29249	2.94607	126.78
1662	0.0129337	5.29121	2.94824	126.814
1663	0.0114784	5.28991	2.95329	126.848
1664	0.0124093	5.28862	2.95722	126.883
1665	0.0128136	5.28735	2.95945	126.917
1666	0.0125473	5.28607	2.95994	126.952
1667	0.0115476	5.28477	2.96168	126.986
1668	0.0110823	5.28346	2.96467	127.021
1669	0.0106788	5.28214	2.96846	127.055
1670	0.0108857	5.28082	2.96605	127.09
1671	0.0119549	5.27954	2.96022	127.124
1672	0.0123938	5.27826	2.95635	127.158
1673	0.0131439	5.27701	2.95296	127.193
1674	0.0132119	5.27576	2.95516	127.227
1675	0.0118924	5.27447	2.9574	127.261
1676	0.0124097	5.27321	2.9491	127.295
1677	0.0125333	5.27194	2.94382	127.329
1678	0.011816	5.27066	2.94746	127.363
1679	0.011131	5.26936	2.94885	127.397
1680	0.0102724	5.26805	2.94995	127.431
1681	0.0101675	5.26673	2.9538	127.465
1682	0.0106256	5.26543	2.95166	127.499
1683	0.0122906	5.26416	2.95512	127.534
1684	0.011462	5.26288	2.95419	127.568
1685	0.0106152	5.26158	2.95507	127.602
1686	0.0103622	5.26027	2.95263	127.636
1687	0.0100736	5.25896	2.94526	127.67
1688	0.0088871	5.25762	2.94564	127.704
1689	0.00733343	5.25624	2.94737	127.737
1690	0.00590891	5.25483	2.947	127.771
1691	0.00557648	5.25342	2.94823	127.805
1692	0.0068733	5.25203	2.95001	127.839
1693	0.00727366	5.25066	2.94817	127.873
1694	0.00691638	5.24928	2.95038	127.907
1695	0.00679825	5.2479	2.94554	127.941
1696	0.00729185	5.24653	2.94305	127.975
1697	0.00821788	5.24518	2.94359	128.008
1698	0.00989542	5.24388	2.94953	128.042
1699	0.0105188	5.24259	2.95545	128.076
1700	0.0109358	5.24132	2.96027	128.11
1701	0.012149	5.24007	2.96636	128.145
1702	0.0112407	5.23881	2.9642	128.179
1703	0.0118595	5.23756	2.95993	128.213
1704	0.0116211	5.23631	2.96198	128.247
1705	0.0111665	5.23504	2.9661	128.281
1706	0.011356	5.23378	2.96949	128.316
1707	0.0117648	5.23254	2.96505	128.35
1708	0.01204	5.2313	2.96428	128.384
1709	0.0113839	5.23004	2.95872	128.418
1710	0.0116235	5.2288	2.95962	128.452
1711	0.010525	5.22753	2.95652	128.486
1712	0.0101128	5.22624	2.95809	128.52
1713	0.0102574	5.22497	2.96314	128.554
1714	0.00918701	5.22367	2.96444	128.588
1715	0.00812657	5.22234	2.96728	128.622
1716	0.00770054	5.22101	2.95828	128.656
1717	0.00916785	5.21971	2.95877	128.69
1718	0.00893358	5.21841	2.95819	128.724
1719	0.00809486	5.21709	2.96306	128.758
1720	0.00728857	5.21575	2.96644	128.792
1721	0.0064766	5.21439	2.96824	128.826
1722	0.00581429	5.21302	2.97137	128.86
1723	0.00764784	5.21169	2.97781	128.895
1724	0.0102591	5.21043	2.98337	128.929
1725	0.0107358	5.20918	2.98444	128.964
1726	0.0122013	5.20796	2.98908	128.998
1727	0.0124848	5.20676	2.99078	129.033
1728	0.0143634	5.2056	2.99021	129.067
1729	0.0141841	5.20443	2.98538	129.102
1730	0.014271	5.20327	2.97877	129.136
1731	0.0137729	5.2021	2.98119	129.171
1732	0.0139723	5.20094	2.98171	129.205
1733	0.0156919	5.19982	2.98283	129.239
1734	0.0162075	5.19871	2.98043	129.274
1735	0.0153072	5.19758	2.9834	129.308
1736	0.015267	5.19645	2.98298	129.342
1737	0.0142386	5.1953	2.98826	129.377
1738	0.0135839	5.19413	2.99418	129.411
1739	0.013989	5.19297	2.99952	129.446
1740	0.0161307	5.19187	3.00997	129.481
1741	0.0186673	5.19083	3.02072	129.516
1742	0.0205333	5.18983	3.02968	129.552
1743	0.0207026	5.18884	3.03059	129.587
1744	0.0213997	5.18786	3.02963	129.622
1745	0.0211899	5.18689	3.03153	129.658
1746	0.0197396	5.18587	3.0354	129.693
1747	0.0182421	5.18483	3.04	129.729
1748	0.017438	5.18376	3.04558	129.765
1749	0.0183165	5.18272	3.05318	129.801
1750	0.0190216	5.18169	3.04245	129.836
1751	0.0176123	5.18064	3.03621	129.872
1752	0.0169811	5.17957	3.03132	129.907
1753	0.018457	5.17853	3.03504	129.943
1754	0.018434	5.1775	3.03317	129.978
1755	0.0190596	5.17648	3.0344	130.013
1756	0.0181318	5.17544	3.03362	130.049
1757	0.0165213	5.17436	3.03754	130.084
1758	0.0160121	5.17327	3.03719	130.12
1759	0.0163029	5.17219	3.0341	130.155
1760	0.0158845	5.1711	3.03569	130.19
1761	0.0157601	5.17001	3.03496	130.226
1762	0.0156403	5.16892	3.03471	130.261
1763	0.0140832	5.16779	3.03844	130.296
1764	0.0150577	5.16668	3.0415	130.332
1765	0.0156759	5.16559	3.0449	130.367
1766	0.0169894	5.16454	3.03675	130.403
1767	0.0179431	5.1635	3.0299	130.438
1768	0.0178514	5.16247	3.03278	130.473
1769	0.0190854	5.16146	3.03575	130.509
1770	0.0205664	5.1605	3.037	130.544
1771	0.0215804	5.15955	3.03312	130.579
1772	0.0223862	5.15863	3.0291	130.614
1773	0.0221939	5.1577	3.02454	130.649
1774	0.0216443	5.15676	3.02157	130.684
1775	0.0226106	5.15585	3.02093	130.719
1776	0.0214153	5.15491	3.01794	130.754
1777	0.019946	5.15393	3.01565	130.789
1778	0.019025	5.15293	3.00871	130.823
1779	0.0186835	5.15193	3.00739	130.858
1780	0.0169933	5.15089	3.00318	130.892
1781	0.016331	5.14983	2.99109	130.926
1782	0.0172436	5.14879	2.99255	130.96
1783	0.0180604	5.14778	2.99157	130.994
1784	0.0188323	5.14678	2.99366	131.029
1785	0.0172981	5.14575	2.99495	131.063
1786	0.0155044	5.14468	2.99622	131.097
1787	0.0155344	5.14361	2.99726	131.131
1788	0.0147244	5.14252	2.99838	131.165
1789	0.0140692	5.14142	2.99905	131.2
1790	0.0143708	5.14032	3.00099	131.234
1791	0.0154924	5.13925	3.00376	131.268
1792	0.016834	5.13822	3.00909	131.303
1793	0.0180784	5.13721	3.01301	131.337
1794	0.0189628	5.13623	3.01649	131.372
1795	0.0192515	5.13525	3.01963	131.407
1796	0.0199278	5.1343	3.023	131.441
1797	0.0203834	5.13335	3.02435	131.476
1798	0.019348	5.13238	3.02536	131.511
1799	0.0186852	5.1314	3.02139	131.546
1800	0.0182522	5.1304	3.01718	131.58
1801	0.0173739	5.12939	3.01917	131.615
1802	0.0160592	5.12834	3.02129	131.649
1803	0.0160333	5.1273	3.02034	131.684
1804	0.017521	5.12629	3.01734	131.719
1805	0.0192908	5.12533	3.02029	131.753
1806	0.0205986	5.12439	3.02647	131.788
1807	0.0212141	5.12348	3.02976	131.823
1808	0.020132	5.12253	3.02379	131.857
1809	0.0187838	5.12156	3.0247	131.892
1810	0.017957	5.12057	3.02907	131.927
1811	0.0175873	5.11957	3.03132	131.962
1812	0.0177979	5.11858	3.02836	131.996
1813	0.0171036	5.11757	3.02125	132.031
1814	0.0160116	5.11653	3.01585	132.065
1815	0.0156637	5.11549	3.01809	132.1
1816	0.0151837	5.11444	3.01531	132.134
1817	0.0159918	5.11341	3.01348	132.168
1818	0.0150026	5.11236	3.01605	132.203
1819	0.0153682	5.11132	3.01413	132.237
1820	0.015954	5.11029	3.01644	132.271
1821	0.0176604	5.1093	3.01714	132.306
1822	0.0189342	5.10834	3.02056	132.34
1823	0.0202612	5.10741	3.02201	132.375
1824	0.0201252	5.10649	3.01382	132.409
1825	0.0198594	5.10555	3.00983	132.443
1826	0.0182442	5.10458	3.01282	132.477
1827	0.0174843	5.1036	3.01762	132.512
1828	0.0171166	5.1026	3.01775	132.546
1829	0.0169619	5.10161	3.01749	132.58
1830	0.0152903	5.10057	3.01981	132.615
1831	0.0141516	5.09951	3.02413	132.649
1832	0.0128044	5.09842	3.02617	132.684
1833	0.0122785	5.09732	3.02544	132.718
1834	0.0106686	5.09618	3.02636	132.753
1835	0.00940534	5.09501	3.02192	132.787
1836	0.00803063	5.09381	3.02603	132.822
1837	0.00861055	5.09262	3.02696	132.856
1838	0.00797879	5.09143	3.02698	132.89
1839	0.00746206	5.09022	3.03104	132.925
1840	0.00661011	5.08899	3.02806	132.96
1841	0.00532049	5.08773	3.03239	132.994
1842	0.00366216	5.08644	3.03824	133.029
1843	0.00243883	5.08512	3.04201	133.064
1844	0.000165384	5.08374	3.05138	133.098
1845	-0.00202447	5.08232	3.05919	133.134
1846	-0.00322316	5.08087	3.05931	133.169
1847	-0.00359652	5.07941	3.05514	133.204
1848	-0.00458886	5.07793	3.05113	133.239
1849	-0.00608972	5.07642	3.04758	133.274
1850	-0.00701408	5.07488	3.03918	133.308
1851	-0.00775245	5.07333	3.03971	133.343
1852	-0.00734896	5.0718	3.03869	133.377
1853	-0.00630733	5.07028	3.03763	133.412
1854	-0.00565057	5.06878	3.03625	133.447
1855	-0.00499528	5.0673	3.03593	133.481
1856	-0.00555309	5.06581	3.03408	133.516
1857	-0.00610223	5.06431	3.03896	133.55
1858	-0.00578635	5.06281	3.04142	133.585
1859	-0.00494144	5.06134	3.04089	133.619
1860	-0.00342761	5.0599	3.04241	133.654
1861	-0.00213715	5.05849	3.04775	133.689
1862	-0.00113448	5.05711	3.05225	133.724
1863	-0.00101733	5.05573	3.04908	133.758
1864	-0.000839759	5.05435	3.04598	133.793
1865	-0.000759749	5.05298	3.04335	133.828
1866	-0.0010712	5.0516	3.03979	133.862
1867	-0.000635514	5.05024	3.038	133.896
1868	0.000686605	5.0489	3.04309	133.931
1869	0.0016603	5.04759	3.04735	133.966
1870	0.0027367	5.04631	3.05211	134
1871	0.00279796	5.04502	3.04782	134.035
1872	0.00180001	5.04372	3.04605	134.07
1873	0.00194876	5.04242	3.04663	134.104
1874	0.00177684	5.04112	3.04852	134.139
1875	0.000914279	5.03979	3.04859	134.174
1876	0.00210999	5.0385	3.05077	134.208
1877	0.00374606	5.03725	3.04992	134.243
1878	0.00460381	5.03601	3.05228	134.278
1879	0.00461458	5.03478	3.05031	134.312
1880	0.0035872	5.03353	3.04925	134.347
1881	0.00366709	5.03227	3.05266	134.381
1882	0.00155343	5.03097	3.05592	134.416
1883	-0.00175842	5.0296	3.06256	134.451
1884	-0.00397862	5.02817	3.06675	134.486
1885	-0.00556952	5.02671	3.06425	134.521
1886	-0.0051797	5.02526	3.05744	134.556
1887	-0.00468228	5.02382	3.06049	134.59
1888	-0.00295344	5.02243	3.06087	134.625
1889	-0.000720348	5.02108	3.06167	134.66
1890	-0.000946105	5.01973	3.06258	134.695
1891	0.00129255	5.01844	3.06367	134.73
1892	0.00210087	5.01716	3.06222	134.765
1893	0.000913426	5.01586	3.06491	134.799
1894	-0.00138168	5.0145	3.07209	134.834
1895	-0.00401574	5.01309	3.08141	134.87
1896	-0.0049499	5.01165	3.08185	134.905
1897	-0.00565045	5.0102	3.08431	134.94
1898	-0.00622211	5.00874	3.08872	134.975
1899	-0.00656357	5.00727	3.08904	135.011
1900	-0.00802792	5.00577	3.08703	135.046
1901	-0.00780879	5.00428	3.08985	135.081
1902	-0.00794573	5.00278	3.0935	135.117
1903	-0.0076547	5.00129	3.0938	135.152
1904	-0.00671305	4.99983	3.09617	135.188
1905	-0.00692511	4.99836	3.09306	135.223
1906	-0.00643292	4.9969	3.09529	135.258
1907	-0.00563235	4.99546	3.09928	135.294
1908	-0.00480486	4.99405	3.10194	135.33
1909	-0.00280275	4.99268	3.10445	135.365
1910	-0.00230595	4.99132	3.1046	135.401
1911	-0.0017874	4.98997	3.10103	135.436
1912	-0.00183003	4.98863	3.09935	135.472
1913	-0.00320973	4.98725	3.1027	135.507
1914	-0.0032444	4.98587	3.10333	135.543
1915	-0.00254484	4.98451	3.10279	135.578
1916	-0.0010881	4.98319	3.10227	135.614
1917	-0.000517486	4.98188	3.09987	135.649
1918	-0.00109639	4.98056	3.10409	135.685
1919	-0.00142022	4.97923	3.10474	135.72
1920	-0.00083666	4.97791	3.10715	135.756
1921	-0.000719437	4.9766	3.11003	135.791
1922	4.15094e-05	4.97531	3.11343	135.827
1923	0.00162902	4.97406	3.11843	135.863
1924	0.00260289	4.97282	3.11004	135.898
1925	0.00265787	4.97159	3.10268	135.934
1926	0.00247761	4.97036	3.09654	135.969
1927	0.00181825	4.96911	3.08582	136.004
1928	0.00022834	4.96783	3.0789	136.039
1929	-0.0015605	4.96651	3.07806	136.074
1930	-0.00291474	4.96516	3.07554	136.109
1931	-0.00333678	4.9638	3.0697	136.143
1932	-0.00376773	4.96243	3.06448	136.178
1933	-0.00389394	4.96106	3.0596	136.212
1934	-0.00400273	4.95968	3.05192	136.246
1935	-0.00580437	4.95827	3.04571	136.28
1936	-0.0067136	4.95684	3.03596	136.314
1937	-0.00562605	4.95543	3.03765	136.348
1938	-0.00476498	4.95405	3.03742	136.382
1939	-0.0040786	4.95268	3.03288	136.415
1940	-0.00381489	4.95132	3.02806	136.449
1941	-0.00371615	4.94996	3.03152	136.483
1942	-0.00377868	4.9486	3.03598	136.516
1943	-0.00426848	4.94723	3.03551	136.55
1944	-0.00513056	4.94584	3.04124	136.584
1945	-0.00465757	4.94447	3.04525	136.618
1946	-0.00468834	4.94309	3.04575	136.652
1947	-0.00536122	4.9417	3.04245	136.686
1948	-0.00569306	4.94031	3.04029	136.719
1949	-0.00518702	4.93892	3.03908	136.753
1950	-0.00435336	4.93756	3.04446	136.787
1951	-0.00459954	4.93619	3.04664	136.821
1952	-0.00524946	4.93481	3.05107	136.855
1953	-0.00633166	4.9334	3.058	136.889
1954	-0.00578627	4.93201	3.0609	136.923
1955	-0.00539677	4.93063	3.0599	136.958
1956	-0.0054721	4.92925	3.06142	136.992
1957	-0.00516536	4.92787	3.06223	137.026
1958	-0.00526795	4.92649	3.05552	137.06
1959	-0.00568576	4.92511	3.03934	137.094
1960	-0.00550738	4.92373	3.02352	137.127
1961	-0.00591404	4.92234	3.01776	137.16
1962	-0.00514732	4.92097	3.01533	137.193
1963	-0.00329424	4.91965	3.02001	137.227
1964	-0.00296458	4.91833	3.01538	137.26
1965	-0.00384329	4.91699	3.01017	137.293
1966	-0.00412151	4.91565	3.01278	137.326
1967	-0.00421282	4.91431	3.01553	137.359
1968	-0.00361822	4.91298	3.01533	137.392
1969	-0.00379512	4.91164	3.01534	137.425
1970	-0.00388042	4.91031	3.01715	137.458
1971	-0.00335712	4.90899	3.02088	137.491
1972	-0.00289459	4.90768	3.02407	137.524
1973	-0.00297504	4.90637	3.02751	137.558
1974	-0.00320159	4.90506	3.02659	137.591
1975	-0.00279257	4.90376	3.0307	137.624
1976	-0.00300957	4.90245	3.03371	137.658
1977	-0.00317318	4.90114	3.03726	137.691
1978	-0.00401645	4.89981	3.03841	137.725
