#	<x>	stDevX	<E>	stDevE
0	-0.199122	0	1.24468	0
1	-0.28693	0.243026	0.819821	1.03225
2	-0.0941226	0.273497	0.867755	1.38228
3	0.135762	0.192436	0.810065	1.62047
4	0.00515335	0.175704	0.877742	1.84802
5	-0.157804	0.222512	1.00318	2.09566
6	-0.0476193	0.225592	0.971024	2.30751
7	0.0574481	0.194209	0.959992	2.49833
8	-0.0527972	0.201142	1.02729	2.69692
9	-0.170027	0.243018	1.03804	2.88587
10	-0.220856	0.296367	0.944088	3.03684
11	-0.159709	0.329071	0.986187	3.19221
12	-0.0709425	0.336169	1.0061	3.34578
13	-0.0829709	0.346271	0.980667	3.48621
14	-0.0783456	0.354929	0.910668	3.60379
15	-0.0361686	0.35318	0.933215	3.72303
16	-0.0364566	0.351884	0.891607	3.82873
17	-0.123206	0.370785	0.888149	3.93075
18	-0.116507	0.387469	0.816233	4.0141
19	-0.0919355	0.39822	0.833618	4.09957
20	-0.0367046	0.396926	0.865887	4.19018
21	0.00875957	0.386416	0.866875	4.27906
22	0.00714721	0.376855	0.878501	4.36849
23	-0.0166233	0.372592	0.907031	4.4618
24	-0.00516151	0.366393	0.934578	4.5586
25	0.000950124	0.359383	0.90362	4.64742
26	0.0443509	0.34455	0.949862	4.74331
27	0.048843	0.329509	0.949368	4.83722
28	0.0451664	0.315744	0.945635	4.92866
29	0.0357535	0.304204	0.940609	5.01755
30	0.0269547	0.294661	0.908869	5.09929
31	-0.00911107	0.291756	0.890332	5.1765
32	-0.0138928	0.289824	0.846967	5.24515
33	-0.0234029	0.289615	0.843184	5.31227
34	-0.0448839	0.293049	0.838861	5.37785
35	-0.0655736	0.299844	0.848158	5.44418
36	-0.0443741	0.303074	0.836629	5.50785
37	-0.0472091	0.306726	0.80515	5.56576
38	-0.0597845	0.312323	0.819675	5.62541
39	-0.0469006	0.315818	0.777473	5.67785
40	-0.0137977	0.314169	0.799313	5.73324
41	-0.0109982	0.312175	0.756545	5.7816
42	-0.00780052	0.309787	0.743143	5.8276
43	-0.028548	0.310584	0.734339	5.87199
44	-0.0179004	0.309831	0.744034	5.91756
45	-0.0209245	0.309572	0.738442	5.96202
46	-0.0386821	0.311916	0.724036	6.00413
47	-0.0520682	0.316156	0.724467	6.04607
48	-0.0563284	0.320946	0.723386	6.08764
49	-0.0702225	0.327617	0.715963	6.12795
50	-0.073905	0.334701	0.709234	6.16712
51	-0.0646669	0.340412	0.715409	6.20696
52	-0.0604323	0.34547	0.719156	6.24711
53	-0.0715595	0.351965	0.738184	6.28961
54	-0.0825737	0.359843	0.746233	6.33295
55	-0.0602604	0.364655	0.761313	6.37801
56	-0.0600999	0.36939	0.765392	6.42331
57	-0.0697827	0.375331	0.777377	6.46986
58	-0.0755595	0.381946	0.774566	6.51573
59	-0.0689893	0.387636	0.784103	6.56252
60	-0.0687265	0.393226	0.784645	6.60904
61	-0.0732188	0.399318	0.793522	6.65637
62	-0.0728289	0.40529	0.747423	6.69761
63	-0.0871388	0.412969	0.703372	6.73314
64	-0.0973046	0.421806	0.674615	6.765
65	-0.100002	0.430863	0.676729	6.79701
66	-0.107647	0.440738	0.675622	6.82879
67	-0.109205	0.450679	0.686652	6.8618
68	-0.113223	0.460981	0.681378	6.89407
69	-0.0963865	0.469162	0.682324	6.92634
70	-0.0892446	0.476411	0.667924	6.95679
71	-0.0920379	0.483909	0.650194	6.98509
72	-0.0929684	0.491436	0.628502	7.01081
73	-0.095225	0.499144	0.623781	7.03595
74	-0.0766473	0.504642	0.608407	7.05931
75	-0.0632289	0.508561	0.622305	7.08425
76	-0.070719	0.513298	0.621991	7.10913
77	-0.0718078	0.518118	0.630434	7.13493
78	-0.0702944	0.522729	0.637364	7.16146
79	-0.0792568	0.528299	0.646665	7.18898
80	-0.0801878	0.533924	0.644067	7.21614
81	-0.0774475	0.539199	0.647542	7.24362
82	-0.0656358	0.543142	0.658018	7.27218
83	-0.0528902	0.545674	0.671532	7.30212
84	-0.0495486	0.547836	0.67619	7.33247
85	-0.0633392	0.55147	0.684896	7.36364
86	-0.0704454	0.555837	0.69308	7.39557
87	-0.0632586	0.559411	0.68592	7.42662
88	-0.0546376	0.562055	0.688308	7.4578
89	-0.0570664	0.564941	0.67748	7.48774
90	-0.0617104	0.568296	0.682943	7.51814
91	-0.063692	0.571837	0.689239	7.54909
92	-0.0596806	0.574943	0.696973	7.58072
93	-0.0542392	0.577475	0.702649	7.61281
94	-0.0497762	0.57954	0.703954	7.64491
95	-0.0467496	0.581292	0.711179	7.67761
96	-0.04554	0.582919	0.696226	7.70868
97	-0.0460855	0.5846	0.692604	7.73926
98	-0.0492219	0.586592	0.689156	7.76939
99	-0.0501524	0.588671	0.672344	7.79773
100	-0.058455	0.591567	0.68474	7.82722
101	-0.0659006	0.595182	0.686518	7.85678
102	-0.0630341	0.598495	0.687993	7.88638
103	-0.0691241	0.602384	0.681416	7.91524
104	-0.0811038	0.607413	0.685949	7.94444
105	-0.070099	0.611345	0.682434	7.97321
106	-0.0598435	0.614267	0.673746	8.00105
107	-0.0518759	0.616412	0.678646	8.02927
108	-0.0504571	0.618415	0.669856	8.05656
109	-0.0454913	0.619941	0.660978	8.08293
110	-0.046353	0.621547	0.651746	8.10835
111	-0.0483491	0.62334	0.638977	8.13251
112	-0.0513182	0.625406	0.627496	8.15553
113	-0.0533861	0.62766	0.635391	8.17925
114	-0.0623719	0.63074	0.639521	8.2033
115	-0.0626445	0.63383	0.641585	8.22748
116	-0.0631896	0.636956	0.648684	8.25227
117	-0.0555115	0.639363	0.658183	8.27786
118	-0.0620727	0.64236	0.657769	8.30334
119	-0.0577611	0.644951	0.656435	8.32864
120	-0.0516629	0.64698	0.649151	8.35321
121	-0.0457454	0.64847	0.652274	8.378
122	-0.0454337	0.64993	0.643396	8.40193
123	-0.045005	0.651351	0.644412	8.4259
124	-0.0455725	0.652821	0.637237	8.44917
125	-0.0491375	0.654606	0.636759	8.47234
126	-0.0437438	0.655911	0.62675	8.49458
127	-0.044867	0.657314	0.623608	8.5165
128	-0.039482	0.658244	0.626486	8.53863
129	-0.0346739	0.658756	0.632606	8.56125
130	-0.0429994	0.659999	0.626847	8.58332
131	-0.0468888	0.661579	0.632179	8.60581
132	-0.0442964	0.662933	0.636395	8.62862
133	-0.0425348	0.664134	0.641558	8.65182
134	-0.0383326	0.664975	0.632292	8.67418
135	-0.0372159	0.665723	0.637115	8.69689
136	-0.0358389	0.666358	0.638239	8.71966
137	-0.0292391	0.666437	0.646703	8.74309
138	-0.0253838	0.666198	0.649795	8.76673
139	-0.0204355	0.665553	0.655079	8.79076
140	-0.020474	0.664923	0.65507	8.81472
141	-0.00622324	0.663115	0.667514	8.83967
142	-0.00934302	0.661587	0.652595	8.86331
143	-0.00793879	0.659961	0.656143	8.88718
144	-0.0132358	0.658793	0.647368	8.91027
145	-0.0132322	0.65764	0.634216	8.93222
146	-0.011467	0.656357	0.637413	8.95439
147	-0.0103585	0.655	0.637584	8.97653
148	-0.0112315	0.65373	0.631891	8.99815
149	-0.00761819	0.652182	0.628691	9.01947
150	-0.00584139	0.650507	0.624048	9.04037
151	-0.00564	0.648834	0.62091	9.06098
152	-0.00957905	0.647496	0.622982	9.08172
153	-0.0100453	0.646211	0.623231	9.10243
154	-0.0131482	0.645189	0.62609	9.12334
155	-0.0208436	0.644795	0.636573	9.14504
156	-0.0234625	0.644618	0.640751	9.16703
157	-0.0212262	0.644271	0.632812	9.18835
158	-0.018225	0.643695	0.629933	9.20939
159	-0.0240318	0.643587	0.635844	9.23086
160	-0.0240725	0.643489	0.63505	9.25222
161	-0.0305485	0.643905	0.639934	9.27392
162	-0.0275537	0.644091	0.637632	9.2954
163	-0.0299263	0.644466	0.632689	9.31644
164	-0.0218023	0.644214	0.639534	9.33798
165	-0.0237156	0.644118	0.643051	9.35974
166	-0.0210732	0.643824	0.645989	9.38168
167	-0.0185672	0.643344	0.648128	9.40374
168	-0.0144922	0.642561	0.647208	9.42568
169	-0.0159249	0.641897	0.642536	9.44722
170	-0.0142193	0.641113	0.641473	9.46863
171	-0.0138912	0.640314	0.636857	9.48964
172	-0.0117077	0.639359	0.631941	9.51024
173	-0.0182575	0.63891	0.635462	9.53107
174	-0.0173551	0.6384	0.635637	9.55187
175	-0.01202	0.637498	0.635436	9.57261
176	-0.00621727	0.636171	0.640846	9.59372
177	-0.00863587	0.635037	0.640055	9.61472
178	-0.00254081	0.63346	0.642258	9.63585
179	-0.0030899	0.631937	0.645037	9.65714
180	-0.00149596	0.63031	0.640418	9.67804
181	-0.00028574	0.628606	0.639604	9.69885
182	-0.00266804	0.627093	0.635794	9.71933
183	-0.0105159	0.626169	0.639563	9.74005
184	-0.0172594	0.625749	0.644854	9.76111
185	-0.0184079	0.62542	0.638535	9.78167
186	-0.0191975	0.625154	0.639266	9.80225
187	-0.0162703	0.624682	0.641057	9.82291
188	-0.0174836	0.624304	0.6382	9.84333
189	-0.0201462	0.624126	0.63813	9.8637
190	-0.0194611	0.623903	0.638106	9.88403
191	-0.0150863	0.62337	0.63805	9.90432
192	-0.0187792	0.62311	0.644932	9.92507
193	-0.0182676	0.622818	0.63884	9.94533
194	-0.018146	0.622524	0.634754	9.96527
195	-0.0125188	0.621834	0.636648	9.98531
196	-0.0154248	0.621358	0.634795	10.0052
197	-0.0150338	0.62086	0.627285	10.0245
198	-0.0150869	0.620373	0.628727	10.0438
199	-0.0200794	0.620244	0.630693	10.0633
200	-0.0199485	0.620111	0.631562	10.0828
201	-0.017914	0.619839	0.631044	10.1022
202	-0.0211504	0.619799	0.630849	10.1216
203	-0.0226144	0.619865	0.632164	10.141
204	-0.0239756	0.620029	0.632521	10.1605
205	-0.0285683	0.620515	0.635739	10.1801
206	-0.0304221	0.621131	0.638781	10.1999
207	-0.034074	0.622	0.636042	10.2194
208	-0.0345262	0.6229	0.632145	10.2387
209	-0.0320969	0.623632	0.626459	10.2575
210	-0.0266908	0.623993	0.625143	10.2763
211	-0.0261336	0.624317	0.617684	10.2944
212	-0.0233794	0.624455	0.617937	10.3126
213	-0.0197089	0.624345	0.618949	10.3308
214	-0.0179932	0.624122	0.615749	10.3487
215	-0.0156353	0.623744	0.613215	10.3665
216	-0.0165622	0.623434	0.607508	10.3838
217	-0.0181296	0.623234	0.611999	10.4015
218	-0.0214148	0.62326	0.612216	10.4191
219	-0.024131	0.623471	0.613175	10.4367
220	-0.0255845	0.623782	0.608395	10.454
221	-0.0282609	0.624275	0.60221	10.4709
222	-0.0287387	0.6248	0.601758	10.4877
223	-0.0303578	0.625434	0.602695	10.5045
224	-0.0313102	0.626131	0.602718	10.5214
225	-0.0296502	0.626719	0.603369	10.5382
226	-0.0321791	0.627474	0.606938	10.5553
227	-0.033738	0.628332	0.608792	10.5724
228	-0.0325063	0.629108	0.609129	10.5896
229	-0.0306028	0.629758	0.608809	10.6067
230	-0.0310147	0.630436	0.610196	10.6239
231	-0.0322389	0.631194	0.612553	10.6412
232	-0.0322692	0.631953	0.614696	10.6586
233	-0.0313086	0.632649	0.613507	10.6759
234	-0.0321327	0.633399	0.615484	10.6934
235	-0.0302294	0.634025	0.616938	10.7108
236	-0.0330816	0.634836	0.616917	10.7283
237	-0.0333109	0.635662	0.615261	10.7456
238	-0.0270043	0.636079	0.61728	10.7631
239	-0.0275334	0.636532	0.616575	10.7804
240	-0.0283869	0.63704	0.61751	10.7978
241	-0.0332127	0.637858	0.622253	10.8155
242	-0.0307036	0.638516	0.625863	10.8334
243	-0.031513	0.639224	0.625307	10.8512
244	-0.0284195	0.639736	0.625411	10.869
245	-0.0246596	0.640009	0.626468	10.8868
246	-0.0221581	0.640124	0.629352	10.9048
247	-0.0188342	0.640031	0.632801	10.923
248	-0.0203758	0.640038	0.628152	10.9409
249	-0.0198174	0.640013	0.622396	10.9584
250	-0.0218912	0.640121	0.614244	10.9753
251	-0.0216537	0.640216	0.615022	10.9922
252	-0.0192067	0.64016	0.617423	11.0093
253	-0.0169273	0.639963	0.616281	11.0263
254	-0.0142587	0.639603	0.616205	11.0433
255	-0.0154619	0.639322	0.621037	11.0605
256	-0.0151628	0.639026	0.620464	11.0777
257	-0.0111764	0.638486	0.624066	11.095
258	-0.0113857	0.637963	0.625863	11.1125
259	-0.016481	0.63776	0.632037	11.1303
260	-0.0148757	0.63746	0.634248	11.1482
261	-0.0135859	0.637085	0.635938	11.1662
262	-0.0135399	0.636711	0.633546	11.1841
263	-0.00967459	0.636103	0.630479	11.2017
264	-0.010375	0.635542	0.629669	11.2192
265	-0.00886824	0.634893	0.632018	11.2368
266	-0.0064756	0.634103	0.630367	11.2544
267	-0.00559196	0.633265	0.625012	11.2715
268	-0.00468598	0.632376	0.626301	11.2888
269	-0.00345559	0.631418	0.62442	11.3058
270	-0.000352103	0.630278	0.625266	11.323
271	0.00178415	0.629014	0.62714	11.3402
272	0.00401366	0.627623	0.623514	11.3571
273	0.00192888	0.626365	0.625659	11.3742
274	0.00345591	0.625021	0.619699	11.3909
275	0.00542946	0.623566	0.621261	11.4076
276	0.00642848	0.622058	0.616329	11.424
277	0.00953194	0.620371	0.61874	11.4406
278	0.00821079	0.618772	0.618933	11.4571
279	0.00692289	0.617257	0.619173	11.4737
280	0.00897675	0.615627	0.620481	11.4902
281	0.00834123	0.614042	0.62121	11.5069
282	0.00605689	0.612601	0.623113	11.5236
283	0.0030941	0.611342	0.622957	11.5402
284	0.00666798	0.609878	0.623923	11.5569
285	0.0069924	0.608402	0.623876	11.5736
286	0.00902196	0.606813	0.623536	11.5902
287	0.00658183	0.605375	0.624064	11.6069
288	0.00515467	0.604028	0.623684	11.6235
289	0.00691787	0.602584	0.619916	11.6398
290	0.0079709	0.601084	0.616443	11.6559
291	0.00507192	0.599762	0.614312	11.6719
292	0.00570535	0.598408	0.610859	11.6877
293	0.00420331	0.597148	0.613401	11.7036
294	0.00377444	0.595919	0.613602	11.7194
295	0.00364983	0.594703	0.610681	11.7351
296	0.00135011	0.593627	0.61163	11.7509
297	0.00311876	0.592453	0.607699	11.7663
298	0.00690804	0.591066	0.610557	11.782
299	0.00461578	0.589817	0.608124	11.7974
300	0.00389829	0.588615	0.610881	11.813
301	0.00396211	0.587416	0.61138	11.8286
302	0.00229474	0.586317	0.612986	11.8443
303	0.00423067	0.585113	0.612979	11.86
304	0.00310703	0.583978	0.609945	11.8755
305	0.00398654	0.582799	0.610797	11.891
306	0.00501553	0.581566	0.61102	11.9065
307	0.00160189	0.580534	0.612548	11.922
308	0.00241455	0.579459	0.614986	11.9377
309	0.00355646	0.578325	0.618408	11.9536
310	0.00374095	0.577186	0.619302	11.9695
311	0.00253341	0.57612	0.618757	11.9853
312	0.0046609	0.574939	0.621513	12.0013
313	0.00323427	0.573843	0.62473	12.0174
314	0.00418382	0.572699	0.624811	12.0335
315	0.00569242	0.571476	0.628083	12.0498
316	0.00715247	0.570175	0.626038	12.066
317	0.00774671	0.568847	0.623453	12.0819
318	0.00769537	0.567528	0.624766	12.098
319	0.00706058	0.566249	0.622928	12.1139
320	0.00783389	0.564932	0.61892	12.1295
321	0.00872745	0.563572	0.620524	12.1453
322	0.00757655	0.56228	0.619353	12.1609
323	0.00843274	0.560947	0.621176	12.1767
324	0.0109392	0.55948	0.623587	12.1925
325	0.0128654	0.557912	0.622021	12.2083
326	0.0104092	0.556486	0.620287	12.2239
327	0.0091899	0.555133	0.615858	12.2392
328	0.0118425	0.55364	0.613456	12.2545
329	0.0106825	0.552216	0.612628	12.2696
330	0.00927268	0.550875	0.613157	12.2848
331	0.00887589	0.54956	0.612602	12.2999
332	0.00600528	0.548409	0.612974	12.315
333	0.0100543	0.54704	0.616099	12.3303
334	0.0117431	0.545585	0.616089	12.3455
335	0.0131278	0.54406	0.619038	12.3609
336	0.014287	0.542477	0.620757	12.3764
337	0.0118429	0.541033	0.62138	12.3918
338	0.011271	0.539626	0.615096	12.407
339	0.0083229	0.538383	0.618228	12.4222
340	0.00353314	0.537405	0.623116	12.4378
341	0.00313502	0.536451	0.624025	12.4533
342	0.00544534	0.535377	0.626177	12.469
343	0.00392573	0.53439	0.623352	12.4844
344	0.00208967	0.533505	0.620444	12.4997
345	0.00389107	0.532526	0.620115	12.515
346	0.0033061	0.531583	0.6213	12.5303
347	0.00386738	0.530614	0.621995	12.5456
348	0.0047333	0.529603	0.624488	12.5611
349	0.00659204	0.528496	0.625746	12.5766
350	0.00721067	0.52736	0.628286	12.5922
351	0.00804449	0.526185	0.627513	12.6077
352	0.0042297	0.525216	0.627177	12.6233
353	0.00481573	0.52422	0.624582	12.6386
354	0.00123074	0.523418	0.628066	12.6541
355	-0.00198823	0.52279	0.630715	12.6698
356	0.00189289	0.521959	0.631756	12.6855
357	-0.000945387	0.521282	0.634016	12.7012
358	-0.00164758	0.520644	0.632728	12.7169
359	0.00161326	0.519838	0.6352	12.7327
360	0.00081075	0.519077	0.632398	12.7484
361	9.14093e-05	0.518356	0.629028	12.7638
362	-0.0013637	0.517715	0.631246	12.7794
363	-0.00317077	0.517172	0.632395	12.795
364	-0.00352386	0.516649	0.632258	12.8105
365	-0.000925893	0.515993	0.633966	12.8261
366	-0.00202149	0.515397	0.63561	12.8418
367	-0.00276291	0.514842	0.635713	12.8575
368	0.000766147	0.514106	0.638686	12.8733
369	0.00169371	0.513324	0.638515	12.8891
370	0.00522986	0.512363	0.642653	12.9051
371	0.00643069	0.511342	0.641864	12.921
372	0.00391462	0.510456	0.640866	12.9369
373	0.000760995	0.509736	0.638727	12.9526
374	-6.38398e-05	0.509061	0.635882	12.9682
375	-0.00425816	0.508604	0.637757	12.9838
376	-0.00633038	0.508257	0.636208	12.9993
377	-0.00619984	0.507904	0.636337	13.0149
378	-0.00848371	0.507671	0.634774	13.0303
379	-0.00789882	0.507409	0.633743	13.0456
380	-0.00741139	0.507123	0.636197	13.0611
381	-0.00595389	0.506765	0.635398	13.0765
382	-0.00461199	0.50634	0.634094	13.0918
383	-0.00498084	0.505936	0.634295	13.1072
384	-0.00535704	0.505553	0.634028	13.1224
385	-0.00605492	0.505207	0.634973	13.1377
386	-0.00611877	0.504866	0.634774	13.153
387	-0.00582849	0.504513	0.634806	13.1683
388	-0.00522405	0.50413	0.635844	13.1836
389	-0.0050843	0.503742	0.631862	13.1987
390	-0.00676015	0.50344	0.631571	13.2137
391	-0.0070856	0.503157	0.632465	13.2288
392	-0.00737684	0.50289	0.632703	13.2439
393	-0.00852599	0.502682	0.632308	13.2589
394	-0.00754883	0.502426	0.631196	13.2739
395	-0.00753655	0.502171	0.633483	13.289
396	-0.0082436	0.501953	0.631511	13.3039
397	-0.00541194	0.501594	0.632305	13.3189
398	-0.00559242	0.501247	0.634125	13.3339
399	-0.00608734	0.500925	0.627898	13.3487
400	-0.00534441	0.500568	0.629123	13.3634
401	-0.00791162	0.500341	0.631526	13.3783
402	-0.0084604	0.500142	0.628684	13.393
403	-0.00713383	0.499879	0.629306	13.4077
404	-0.0103716	0.499778	0.630465	13.4225
405	-0.0118609	0.499751	0.62962	13.4372
406	-0.0118218	0.499724	0.62667	13.4518
407	-0.0119416	0.499703	0.624795	13.4662
408	-0.0106841	0.499621	0.626148	13.4807
409	-0.0108241	0.499547	0.627034	13.4952
410	-0.00806682	0.499338	0.626886	13.5097
411	-0.0035083	0.498905	0.630161	13.5243
412	-0.00320771	0.49846	0.629154	13.5389
413	-0.00241617	0.497978	0.629323	13.5535
414	-0.00453472	0.497601	0.631942	13.5682
415	-0.00483665	0.497241	0.632127	13.5829
416	-0.00751048	0.497013	0.632286	13.5975
417	-0.00728898	0.496776	0.633121	13.6122
418	-0.00624977	0.496489	0.633668	13.6269
419	-0.00762631	0.496271	0.632732	13.6416
420	-0.00905733	0.496123	0.63238	13.6562
421	-0.00883705	0.495966	0.633713	13.6708
422	-0.0108575	0.495908	0.635045	13.6856
423	-0.00950136	0.495785	0.634714	13.7002
424	-0.00953815	0.495665	0.631859	13.7148
425	-0.00651277	0.4954	0.633523	13.7293
426	-0.00714923	0.495166	0.632282	13.7439
427	-0.00640389	0.494898	0.631216	13.7583
428	-0.00826123	0.494721	0.631804	13.7728
429	-0.00777123	0.494521	0.630253	13.7871
430	-0.00785857	0.494326	0.629089	13.8014
431	-0.00787481	0.494133	0.6272	13.8156
432	-0.00865038	0.493979	0.625626	13.8297
433	-0.0108062	0.493929	0.625681	13.8438
434	-0.0121644	0.493945	0.62704	13.858
435	-0.0122886	0.493967	0.628989	13.8722
436	-0.0138845	0.494066	0.63113	13.8865
437	-0.0129661	0.494122	0.630642	13.9008
438	-0.00988117	0.494031	0.632612	13.9151
439	-0.0109421	0.493992	0.631293	13.9294
440	-0.0124755	0.494026	0.633012	13.9438
441	-0.0118245	0.49403	0.631779	13.958
442	-0.00947109	0.493923	0.633919	13.9724
443	-0.00923105	0.493805	0.633029	13.9867
444	-0.0105749	0.493752	0.633587	14.001
445	-0.0104392	0.493693	0.632499	14.0152
446	-0.0106977	0.493647	0.629851	14.0294
447	-0.0123274	0.493679	0.62803	14.0434
448	-0.0118113	0.493687	0.628496	14.0574
449	-0.00932801	0.493579	0.632227	14.0716
450	-0.00867036	0.49344	0.634477	14.0858
451	-0.00555192	0.493156	0.632977	14.1
452	-0.00534212	0.492864	0.63286	14.1142
453	-0.00449649	0.492532	0.6317	14.1283
454	-0.00432731	0.492195	0.633073	14.1424
455	-0.00482554	0.491882	0.633882	14.1566
456	-0.00699192	0.491671	0.633221	14.1707
457	-0.00580696	0.491406	0.63305	14.1848
458	-0.00654432	0.491177	0.631148	14.1988
459	-0.00758395	0.490997	0.629886	14.2127
460	-0.00579083	0.490735	0.630343	14.2267
461	-0.00608475	0.490487	0.626624	14.2404
462	-0.00807143	0.490333	0.626747	14.2542
463	-0.00992871	0.490266	0.626258	14.2679
464	-0.00974539	0.490191	0.624941	14.2815
465	-0.0116554	0.490206	0.626108	14.2952
466	-0.0127133	0.490269	0.624673	14.3088
467	-0.0117362	0.490288	0.624278	14.3223
468	-0.0127698	0.490355	0.624937	14.3359
469	-0.0129062	0.490429	0.625137	14.3495
470	-0.0134416	0.490528	0.626894	14.3631
471	-0.0156862	0.490731	0.626027	14.3767
472	-0.0167533	0.490982	0.623558	14.3902
473	-0.0170845	0.491249	0.622612	14.4036
474	-0.0165307	0.49149	0.622913	14.417
475	-0.017708	0.491786	0.622741	14.4304
476	-0.0175366	0.492073	0.62218	14.4438
477	-0.0171868	0.492345	0.620716	14.4571
478	-0.0182549	0.492665	0.622532	14.4704
479	-0.0181811	0.492981	0.623791	14.4838
480	-0.0160067	0.493199	0.625837	14.4973
481	-0.0164368	0.493436	0.624776	14.5107
482	-0.0165799	0.493679	0.622672	14.524
483	-0.0161205	0.493902	0.622562	14.5373
484	-0.0164909	0.494142	0.622253	14.5505
485	-0.0167566	0.494394	0.621547	14.5638
486	-0.0152237	0.494576	0.620082	14.5769
487	-0.0158099	0.494785	0.620099	14.59
488	-0.0169408	0.495045	0.620163	14.6031
489	-0.0185113	0.495376	0.620917	14.6163
490	-0.0200706	0.495777	0.623321	14.6295
491	-0.022791	0.496301	0.622578	14.6427
492	-0.0230229	0.496834	0.622099	14.6559
493	-0.0226469	0.49735	0.620902	14.669
494	-0.0216007	0.497818	0.621752	14.6821
495	-0.0221387	0.49831	0.62218	14.6952
496	-0.020506	0.498728	0.621518	14.7083
497	-0.022041	0.499215	0.622795	14.7215
498	-0.0219533	0.499697	0.623502	14.7346
499	-0.0215819	0.500163	0.619188	14.7476
500	-0.0208814	0.500596	0.617867	14.7604
501	-0.0201454	0.500997	0.618209	14.7733
502	-0.0211597	0.501442	0.61761	14.7862
503	-0.020978	0.501879	0.615443	14.7989
504	-0.0216727	0.502346	0.616919	14.8117
505	-0.0181818	0.502658	0.620815	14.8247
506	-0.0182379	0.502972	0.622368	14.8377
507	-0.0163916	0.503204	0.623495	14.8507
508	-0.016555	0.503444	0.619914	14.8636
509	-0.0162648	0.50367	0.620686	14.8765
510	-0.0167494	0.503918	0.620304	14.8894
511	-0.0175719	0.504203	0.62153	14.9023
512	-0.017147	0.504469	0.623543	14.9153
513	-0.0172812	0.50474	0.622489	14.9283
514	-0.0148667	0.504905	0.620875	14.9411
515	-0.0160029	0.50512	0.621426	14.954
516	-0.0142287	0.505258	0.623057	14.9669
517	-0.0130149	0.505342	0.624686	14.9799
518	-0.014491	0.505491	0.625424	14.993
519	-0.0128004	0.505567	0.625354	15.006
520	-0.01266	0.505637	0.62509	15.0189
521	-0.0135099	0.505744	0.623731	15.0318
522	-0.0133575	0.505844	0.623125	15.0447
523	-0.011853	0.50588	0.623783	15.0576
524	-0.0111101	0.505883	0.622647	15.0704
525	-0.0125002	0.505947	0.624557	15.0833
526	-0.0126163	0.506017	0.62431	15.0962
527	-0.0140261	0.506148	0.623889	15.1091
528	-0.0134779	0.506256	0.624217	15.1219
529	-0.0109349	0.506254	0.624857	15.1348
530	-0.0106118	0.506238	0.626614	15.1477
531	-0.00850763	0.506131	0.629223	15.1608
532	-0.00638929	0.505933	0.631197	15.1739
533	-0.00639402	0.505737	0.63021	15.1869
534	-0.00717328	0.505575	0.628319	15.1999
535	-0.00691109	0.505402	0.62798	15.2128
536	-0.0062039	0.5052	0.628303	15.2258
537	-0.00760553	0.505058	0.627699	15.2387
538	-0.00612181	0.504854	0.628565	15.2516
539	-0.00665422	0.504673	0.629029	15.2646
540	-0.00613895	0.504471	0.628655	15.2775
541	-0.00693634	0.504304	0.627658	15.2903
542	-0.00767882	0.50417	0.629248	15.3033
543	-0.00507019	0.503924	0.63222	15.3163
544	-0.00445044	0.503653	0.634207	15.3294
545	-0.00277532	0.503311	0.635725	15.3426
546	-0.00174432	0.502926	0.634801	15.3557
547	0.000278568	0.502456	0.634306	15.3688
548	-0.001359	0.502057	0.634141	15.3818
549	-0.0013194	0.501657	0.634643	15.3949
550	-0.000429423	0.501221	0.635505	15.408
551	0.000975468	0.500726	0.630689	15.4209
552	-0.00147195	0.500336	0.632757	15.4338
553	-0.00272843	0.500001	0.631401	15.4467
554	-0.00363644	0.499706	0.631	15.4596
555	-0.00633384	0.499525	0.631514	15.4725
556	-0.00600947	0.499332	0.630428	15.4853
557	-0.00460319	0.49908	0.630596	15.4981
558	-0.00399191	0.498803	0.629441	15.5108
559	-0.00357323	0.498509	0.626472	15.5235
560	-0.00350422	0.498213	0.623189	15.5359
561	-0.00471663	0.497969	0.620613	15.5483
562	-0.00388188	0.497691	0.620617	15.5606
563	-0.00695232	0.497543	0.621777	15.573
564	-0.00906195	0.497484	0.619391	15.5853
565	-0.00741089	0.497356	0.619585	15.5976
566	-0.00728518	0.497224	0.619027	15.6098
567	-0.00962919	0.49719	0.619472	15.622
568	-0.0093163	0.497144	0.619127	15.6343
569	-0.00904603	0.497087	0.618026	15.6464
570	-0.00954274	0.497052	0.619036	15.6586
571	-0.00749817	0.496931	0.619905	15.6709
572	-0.00479063	0.496698	0.621983	15.6832
573	-0.00383975	0.496426	0.621861	15.6955
574	-0.00523177	0.496213	0.622169	15.7077
575	-0.00547771	0.496011	0.622999	15.7201
576	-0.00523904	0.495799	0.622815	15.7324
577	-0.00460924	0.495562	0.622525	15.7446
578	-0.00516897	0.49535	0.624239	15.757
579	-0.00577739	0.495163	0.624703	15.7693
580	-0.00521913	0.494954	0.624402	15.7817
581	-0.0030406	0.494655	0.625551	15.794
582	-0.00227177	0.494325	0.627396	15.8065
583	-0.00245584	0.494004	0.627468	15.8189
584	-0.000432076	0.4936	0.629526	15.8314
585	-0.000492824	0.4932	0.628365	15.8438
586	-0.00013935	0.492786	0.627655	15.8562
587	-0.000300422	0.49238	0.627401	15.8686
588	0.000618666	0.491937	0.628077	15.881
589	-0.00038456	0.491537	0.62861	15.8935
590	-0.00151698	0.491184	0.628834	15.9059
591	-0.000201111	0.490778	0.629042	15.9183
592	0.000526311	0.490343	0.629843	15.9307
593	0.000331101	0.489917	0.631201	15.9432
594	-0.00140085	0.489563	0.633027	15.9558
595	-0.00138399	0.48921	0.632929	15.9683
596	-0.000183055	0.488808	0.630512	15.9807
597	0.00267239	0.48829	0.629234	15.9931
598	0.00262228	0.487776	0.627673	16.0054
599	0.000534913	0.487348	0.625269	16.0176
600	0.000104085	0.486939	0.619912	16.0295
601	-0.000234861	0.486545	0.61653	16.0413
602	-0.000321459	0.486155	0.615758	16.0531
603	-0.000718928	0.485782	0.615361	16.0648
604	0.000374427	0.485366	0.615755	16.0766
605	-3.22716e-05	0.484968	0.616285	16.0884
606	-3.77776e-05	0.48457	0.615062	16.1001
607	0.00124148	0.484122	0.615486	16.1118
608	0.00182892	0.483651	0.614822	16.1235
609	0.00276581	0.483143	0.614428	16.1351
610	0.00158224	0.482684	0.612325	16.1467
611	0.00283663	0.482176	0.611573	16.1582
612	0.00400116	0.481621	0.608267	16.1696
613	0.00609424	0.480984	0.606146	16.1809
614	0.00664267	0.480326	0.60293	16.192
615	0.00745799	0.479636	0.600024	16.2031
616	0.00619096	0.478999	0.600183	16.2141
617	0.00565505	0.478384	0.599847	16.2251
618	0.00585743	0.477763	0.601401	16.2362
619	0.00528418	0.477166	0.602411	16.2473
620	0.00423394	0.476613	0.60102	16.2583
621	0.00395997	0.476072	0.600442	16.2693
622	0.00456359	0.475507	0.600576	16.2803
623	0.00367945	0.47498	0.600683	16.2913
624	0.00419436	0.474432	0.599247	16.3022
625	0.00418519	0.473887	0.600177	16.3132
626	0.00316121	0.473383	0.601552	16.3242
627	0.00235144	0.472913	0.598748	16.3351
628	0.00155721	0.472475	0.599294	16.346
629	0.0028322	0.471988	0.599774	16.3569
630	0.00306913	0.471492	0.600996	16.3679
631	0.00174891	0.47105	0.60092	16.3788
632	0.00157439	0.470616	0.600494	16.3898
633	0.000818907	0.470213	0.598052	16.4006
634	0.000210449	0.469835	0.597211	16.4114
635	0.00146006	0.469408	0.596379	16.4221
636	0.000712905	0.469012	0.596573	16.4329
637	0.00087449	0.46861	0.597206	16.4436
638	8.41317e-05	0.468241	0.5969	16.4544
639	0.000105151	0.467871	0.596375	16.4651
640	0.000949371	0.467469	0.597379	16.4758
641	0.000991546	0.467066	0.598065	16.4866
642	0.00177249	0.466634	0.595992	16.4973
643	0.00256678	0.466171	0.595242	16.5079
644	0.000969126	0.465772	0.594072	16.5185
645	0.00110926	0.465368	0.59283	16.529
646	0.00233051	0.464917	0.592528	16.5396
647	0.00114248	0.464514	0.594119	16.5501
648	0.000328462	0.464144	0.594178	16.5607
649	0.00141181	0.463732	0.594374	16.5713
650	0.00289432	0.463263	0.594892	16.5819
651	0.00377173	0.46276	0.595694	16.5925
652	0.00371362	0.462261	0.594746	16.603
653	0.00378731	0.46176	0.596175	16.6137
654	0.00566225	0.461187	0.597496	16.6243
655	0.00484715	0.460647	0.59826	16.635
656	0.0035034	0.46016	0.599187	16.6457
657	0.00428828	0.459644	0.598719	16.6564
658	0.0029404	0.459181	0.599117	16.6671
659	0.00287543	0.458722	0.59905	16.6778
660	0.001863	0.458303	0.598763	16.6885
661	0.00158003	0.457895	0.5987	16.6991
662	0.00256063	0.457451	0.59605	16.7097
663	0.000327291	0.457094	0.597466	16.7203
664	0.000868995	0.456717	0.598044	16.7309
665	-9.97855e-06	0.456375	0.598511	16.7415
666	0.000389247	0.456018	0.598535	16.7521
667	0.00181396	0.455607	0.597139	16.7627
668	0.000934741	0.455231	0.595698	16.7732
669	0.000268053	0.454881	0.595715	16.7837
670	0.000435253	0.454526	0.595776	16.7942
671	-0.00108411	0.45423	0.593642	16.8046
672	-0.000235767	0.453902	0.593074	16.815
673	0.000151027	0.45356	0.591941	16.8253
674	-0.000906721	0.453259	0.590637	16.8355
675	-0.00051912	0.452944	0.59239	16.8459
676	0.00138811	0.452557	0.594472	16.8563
677	0.000567732	0.452202	0.592463	16.8666
678	0.000732701	0.451841	0.592384	16.8769
679	0.00260877	0.451409	0.593599	16.8873
680	0.00331008	0.450951	0.592601	16.8976
681	0.00257023	0.450523	0.593006	16.9079
682	0.0036699	0.450053	0.592337	16.9182
683	0.00368029	0.449584	0.590704	16.9284
684	0.00331396	0.449129	0.590132	16.9386
685	0.00518448	0.448605	0.590717	16.9488
686	0.00582366	0.448056	0.590765	16.959
687	0.00586042	0.447508	0.589903	16.9691
688	0.00412783	0.447026	0.589475	16.9793
689	0.00546713	0.446495	0.590405	16.9894
690	0.0057134	0.445955	0.590834	16.9996
691	0.00527456	0.445433	0.590446	17.0098
692	0.00549752	0.444903	0.590981	17.02
693	0.00642921	0.444339	0.591463	17.0301
694	0.00567318	0.443804	0.59224	17.0404
695	0.00556966	0.443275	0.591366	17.0505
696	0.00657008	0.442709	0.591122	17.0607
697	0.00714739	0.442122	0.591222	17.0708
698	0.00735507	0.441528	0.591648	17.081
699	0.00659826	0.440963	0.593122	17.0912
700	0.00648294	0.440405	0.594101	17.1015
701	0.00572126	0.439875	0.595175	17.1117
702	0.00513409	0.439369	0.595821	17.122
703	0.00476555	0.438878	0.594794	17.1323
704	0.00608347	0.438338	0.594228	17.1425
705	0.00405987	0.437875	0.592885	17.1527
706	0.00443452	0.437399	0.592759	17.1629
707	0.00476531	0.436912	0.592097	17.173
708	0.00305781	0.436489	0.593291	17.1831
709	0.00304187	0.436068	0.593354	17.1933
710	0.00388056	0.435617	0.594792	17.2035
711	0.00305671	0.435196	0.594868	17.2137
712	0.0037411	0.434752	0.595795	17.224
713	0.00360276	0.434313	0.597095	17.2343
714	0.00372271	0.43387	0.596227	17.2445
715	0.00334485	0.433443	0.59708	17.2548
716	0.00368457	0.433003	0.597889	17.2651
717	0.00424955	0.432543	0.59638	17.2753
718	0.00263235	0.432145	0.598511	17.2856
719	0.0021381	0.431765	0.598132	17.2959
720	0.00346716	0.431337	0.599148	17.3062
721	0.00483563	0.430859	0.600993	17.3166
722	0.00601422	0.430338	0.601014	17.3269
723	0.00544637	0.429839	0.599073	17.3372
724	0.00449435	0.429376	0.59893	17.3475
725	0.00502503	0.428894	0.59926	17.3578
726	0.00579388	0.428385	0.600727	17.3682
727	0.00585129	0.427874	0.599809	17.3785
728	0.00708996	0.427318	0.599645	17.3887
729	0.00752603	0.426748	0.599696	17.399
730	0.00857462	0.426139	0.600416	17.4093
731	0.00802931	0.425552	0.601834	17.4197
732	0.0086743	0.424942	0.601998	17.43
733	0.00965777	0.424296	0.602578	17.4404
734	0.00938232	0.423662	0.602569	17.4508
735	0.0111747	0.422963	0.60484	17.4612
736	0.0116564	0.422247	0.605993	17.4717
737	0.00962946	0.421607	0.608266	17.4822
738	0.00926387	0.420982	0.609319	17.4928
739	0.0102566	0.420321	0.609851	17.5034
740	0.00891521	0.41971	0.611939	17.5141
741	0.00895162	0.419099	0.611965	17.5247
742	0.00908083	0.418485	0.609456	17.5353
743	0.00919771	0.417867	0.608084	17.5458
744	0.00874917	0.417266	0.608585	17.5563
745	0.00797473	0.416695	0.609628	17.5669
746	0.00811092	0.41612	0.609609	17.5774
747	0.00871358	0.415523	0.605675	17.5878
748	0.0089436	0.41492	0.60347	17.5981
749	0.010514	0.41426	0.604933	17.6084
750	0.0095486	0.413636	0.605437	17.6188
751	0.00798023	0.41307	0.607425	17.6292
752	0.00914575	0.412463	0.609344	17.6397
753	0.0100738	0.411824	0.608535	17.6502
754	0.00949997	0.411206	0.60651	17.6606
755	0.0100415	0.410569	0.605066	17.6709
756	0.00916159	0.409965	0.605732	17.6813
757	0.0073895	0.409427	0.607293	17.6916
758	0.00664838	0.408916	0.607955	17.7021
759	0.00659971	0.408408	0.608051	17.7125
760	0.00631132	0.407912	0.608522	17.7229
761	0.00562241	0.407441	0.608557	17.7333
762	0.00595596	0.406958	0.608654	17.7437
763	0.00621484	0.406468	0.608067	17.7541
764	0.00666016	0.405962	0.60897	17.7645
765	0.00726218	0.405435	0.608333	17.7749
766	0.0068926	0.404922	0.607248	17.7852
767	0.00630757	0.404431	0.60795	17.7956
768	0.00733791	0.403904	0.608146	17.8059
769	0.00734088	0.403378	0.607913	17.8163
770	0.00770789	0.402839	0.607123	17.8266
771	0.00792163	0.402293	0.605617	17.8368
772	0.00808203	0.401743	0.606061	17.8471
773	0.00771354	0.401206	0.606597	17.8574
774	0.00719751	0.400689	0.607097	17.8676
775	0.00778393	0.400152	0.608112	17.878
776	0.00878938	0.39958	0.608187	17.8883
777	0.00814054	0.399032	0.608629	17.8986
778	0.00893171	0.398456	0.608039	17.9089
779	0.00834488	0.397902	0.607872	17.9192
780	0.00713087	0.397393	0.607892	17.9294
781	0.00685454	0.396894	0.60673	17.9397
782	0.00696567	0.396392	0.607208	17.9499
783	0.00797962	0.395855	0.607544	17.9602
784	0.00795909	0.395319	0.606814	17.9704
785	0.00680024	0.394825	0.606464	17.9806
786	0.00672798	0.394335	0.604954	17.9907
787	0.0067188	0.393846	0.604292	18.0008
788	0.00802814	0.393311	0.604499	18.0109
789	0.00673336	0.392823	0.606107	18.0211
790	0.00658645	0.392341	0.60651	18.0313
791	0.00659233	0.391859	0.606877	18.0414
792	0.00572141	0.391409	0.606917	18.0516
793	0.00606821	0.390948	0.607162	18.0618
794	0.00680414	0.390461	0.607639	18.072
795	0.00614364	0.389998	0.608337	18.0822
796	0.00616642	0.389535	0.607962	18.0924
797	0.0067584	0.389052	0.607893	18.1026
798	0.00668529	0.388573	0.607727	18.1127
799	0.00644056	0.388103	0.607972	18.1229
800	0.00559867	0.387663	0.605805	18.133
801	0.0046975	0.387256	0.605822	18.1431
802	0.00395336	0.386875	0.604549	18.1531
803	0.00516672	0.386453	0.604488	18.1631
804	0.00502535	0.386036	0.603813	18.1731
805	0.00499983	0.385621	0.602959	18.1831
806	0.00486628	0.385211	0.601783	18.193
807	0.00398925	0.384833	0.602244	18.2029
808	0.0035496	0.38447	0.60225	18.2129
809	0.00446469	0.384076	0.602248	18.2228
810	0.00418593	0.383693	0.603018	18.2327
811	0.00271934	0.383361	0.603791	18.2427
812	0.00194739	0.383058	0.604954	18.2527
813	0.00203921	0.382751	0.605529	18.2627
814	0.00323586	0.382403	0.607033	18.2727
815	0.00288125	0.382068	0.607659	18.2828
816	0.00213254	0.38176	0.608193	18.2929
817	0.00113171	0.381488	0.609065	18.303
818	0.00160517	0.381199	0.60883	18.3131
819	0.000992542	0.380932	0.60957	18.3232
820	0.000968991	0.380666	0.610179	18.3333
821	0.000730794	0.38041	0.609836	18.3435
822	-9.11926e-07	0.380179	0.609396	18.3536
823	-0.000120922	0.379952	0.606929	18.3636
824	0.000870662	0.379692	0.605314	18.3735
825	0.000998166	0.379428	0.605656	18.3835
826	0.000496033	0.379181	0.606852	18.3934
827	0.00020963	0.378945	0.608009	18.4035
828	0.00140206	0.378668	0.608904	18.4135
829	0.00133636	0.378394	0.608537	18.4235
830	0.00148048	0.378115	0.608234	18.4335
831	0.000214568	0.377881	0.608331	18.4436
832	-0.000527522	0.377672	0.608263	18.4536
833	-0.000453584	0.377462	0.608544	18.4636
834	-0.000687874	0.37726	0.607212	18.4735
835	-0.000766294	0.377061	0.607933	18.4835
836	-0.000165832	0.376842	0.60842	18.4935
837	0.000407705	0.376603	0.607664	18.5034
838	0.000563089	0.376359	0.606142	18.5133
839	-0.000470892	0.376152	0.607222	18.5233
840	9.20479e-05	0.375925	0.607402	18.5332
841	-2.90253e-05	0.375703	0.607624	18.5431
842	0.0018484	0.375417	0.606935	18.553
843	0.00219843	0.375119	0.606638	18.5629
844	0.00188514	0.374832	0.606136	18.5728
845	0.00216085	0.374537	0.606316	18.5826
846	0.00198126	0.374248	0.605429	18.5925
847	0.000929421	0.373995	0.604066	18.6022
848	0.00155686	0.373722	0.604794	18.612
849	0.000637574	0.37348	0.605377	18.6219
850	0.00053318	0.373243	0.604608	18.6316
851	0.000338461	0.373012	0.604393	18.6414
852	0.000240903	0.372786	0.604828	18.6512
853	9.89541e-05	0.372564	0.605117	18.661
854	-0.000569652	0.372366	0.605615	18.6708
855	-0.000791032	0.372176	0.605806	18.6806
856	-0.00065185	0.371981	0.60619	18.6904
857	0.000255556	0.371756	0.605346	18.7001
858	0.00118049	0.371499	0.603221	18.7098
859	5.75623e-06	0.371283	0.60387	18.7196
860	-0.000654986	0.37109	0.604309	18.7293
861	-0.000526802	0.370893	0.603909	18.739
862	-0.00060212	0.370699	0.602953	18.7486
863	-0.000413566	0.370499	0.602875	18.7583
864	-0.000359629	0.370297	0.60187	18.7679
865	-0.000719295	0.370108	0.601593	18.7775
866	-0.000679555	0.369917	0.600734	18.7871
867	-0.000762185	0.36973	0.599858	18.7966
868	-0.000720151	0.369542	0.597993	18.8061
869	-0.000897299	0.369361	0.598241	18.8156
870	-0.00119856	0.369189	0.596021	18.825
871	-0.00161098	0.369032	0.592603	18.8342
872	-0.00176418	0.368881	0.59162	18.8435
873	-0.00214963	0.368743	0.590673	18.8527
874	-0.00213194	0.368604	0.588629	18.8618
875	-0.00120484	0.368435	0.588885	18.8709
876	-0.000352403	0.368237	0.588917	18.88
877	0.000283746	0.368017	0.589193	18.8892
878	0.000579302	0.367789	0.588904	18.8983
879	-0.000451421	0.367595	0.589128	18.9074
880	-0.00106993	0.367423	0.588972	18.9165
881	-0.000948243	0.367247	0.588359	18.9256
882	-0.00257198	0.367125	0.589273	18.9347
883	-0.00339357	0.367032	0.590002	18.9439
884	-0.00390112	0.366956	0.59018	18.953
885	-0.00386396	0.366879	0.590257	18.9621
886	-0.00470208	0.36683	0.591054	18.9713
887	-0.00511778	0.366795	0.591117	18.9804
888	-0.00513603	0.366761	0.591756	18.9896
889	-0.00575303	0.366748	0.592641	18.9988
890	-0.00592599	0.366741	0.593569	19.008
891	-0.00591639	0.366733	0.5942	19.0172
892	-0.00666401	0.366751	0.595346	19.0265
893	-0.00670014	0.36677	0.595737	19.0358
894	-0.00763258	0.36682	0.596175	19.0451
895	-0.00861135	0.366903	0.596527	19.0544
896	-0.00829325	0.366976	0.596712	19.0637
897	-0.00876079	0.367064	0.597126	19.073
898	-0.009011	0.36716	0.596702	19.0823
899	-0.00891706	0.367253	0.597446	19.0916
900	-0.00882333	0.367344	0.597742	19.1009
901	-0.007925	0.367404	0.596558	19.1102
902	-0.00828735	0.367476	0.596164	19.1194
903	-0.00963371	0.367593	0.596021	19.1287
904	-0.00980444	0.367716	0.593497	19.1379
905	-0.0103191	0.367856	0.593909	19.147
906	-0.0100064	0.367985	0.592288	19.1561
907	-0.00958008	0.368101	0.591696	19.1652
908	-0.00996102	0.368229	0.590928	19.1743
909	-0.0104086	0.368371	0.591907	19.1834
910	-0.0102004	0.368507	0.592257	19.1924
911	-0.00957687	0.368622	0.591626	19.2015
912	-0.0100868	0.368754	0.592104	19.2106
913	-0.00946733	0.368866	0.591852	19.2197
914	-0.00958136	0.368981	0.592584	19.2287
915	-0.0106005	0.36913	0.592978	19.2378
916	-0.0113244	0.369302	0.59291	19.2469
917	-0.0111469	0.369469	0.591995	19.256
918	-0.0101222	0.369602	0.592614	19.265
919	-0.00943664	0.369712	0.593494	19.2741
920	-0.00938241	0.36982	0.592729	19.2832
921	-0.00952071	0.369933	0.593136	19.2923
922	-0.0110807	0.370098	0.593367	19.3014
923	-0.0121317	0.370297	0.593216	19.3104
924	-0.0111605	0.370463	0.594365	19.3195
925	-0.0118485	0.370653	0.593893	19.3286
926	-0.0120295	0.370848	0.59398	19.3377
927	-0.0126082	0.371062	0.593963	19.3468
928	-0.0125815	0.371275	0.593058	19.3558
929	-0.0130241	0.371502	0.591208	19.3648
930	-0.0135465	0.371746	0.59109	19.3738
931	-0.0138577	0.372001	0.591501	19.3827
932	-0.0139029	0.372257	0.591913	19.3917
933	-0.0143819	0.372528	0.592915	19.4008
934	-0.0144378	0.372801	0.593887	19.4098
935	-0.0138364	0.373054	0.594182	19.4188
936	-0.0148147	0.373339	0.595593	19.4279
937	-0.0139935	0.373596	0.593782	19.437
938	-0.014674	0.373876	0.592041	19.4459
939	-0.0145543	0.374152	0.589685	19.4548
940	-0.0148112	0.374436	0.5886	19.4637
941	-0.0154528	0.37474	0.587794	19.4725
942	-0.0159892	0.375062	0.588603	19.4813
943	-0.0154597	0.375367	0.588125	19.4902
944	-0.0155217	0.375673	0.585494	19.4989
945	-0.0166803	0.376017	0.586476	19.5076
946	-0.0160412	0.376339	0.586182	19.5164
947	-0.0154494	0.376642	0.585662	19.5251
948	-0.0161351	0.376968	0.58636	19.5339
949	-0.0159272	0.377286	0.585564	19.5426
950	-0.0145041	0.377558	0.585971	19.5513
951	-0.0128557	0.377776	0.587861	19.5601
952	-0.0123711	0.377978	0.587868	19.5689
953	-0.0123298	0.37818	0.587761	19.5776
954	-0.0125803	0.378389	0.58773	19.5864
955	-0.0123515	0.37859	0.588696	19.5952
956	-0.0119805	0.378779	0.587949	19.604
957	-0.0117159	0.37896	0.587823	19.6127
958	-0.0115659	0.379136	0.588344	19.6215
959	-0.0114012	0.379307	0.588775	19.6303
960	-0.0110822	0.379467	0.588658	19.639
961	-0.0113151	0.379634	0.588727	19.6478
962	-0.0102838	0.379769	0.588524	19.6566
963	-0.0101357	0.379898	0.588748	19.6653
964	-0.00990682	0.38002	0.588833	19.6741
965	-0.0115255	0.380194	0.590379	19.6829
966	-0.0107064	0.380342	0.590535	19.6917
967	-0.0117676	0.380524	0.591554	19.7006
968	-0.0134034	0.380758	0.592471	19.7094
969	-0.0134052	0.380992	0.591534	19.7183
970	-0.0133162	0.381223	0.592518	19.7271
971	-0.0129695	0.381443	0.592439	19.736
972	-0.0134393	0.381677	0.591875	19.7448
973	-0.0121356	0.38187	0.591432	19.7536
974	-0.0108082	0.382021	0.592637	19.7625
975	-0.0107249	0.382168	0.592784	19.7713
976	-0.0113654	0.382336	0.592971	19.7802
977	-0.0109809	0.382492	0.591996	19.789
978	-0.0111359	0.382652	0.590776	19.7978
979	-0.0110308	0.382809	0.589357	19.8065
980	-0.00982601	0.382928	0.590621	19.8152
981	-0.00857981	0.383007	0.590005	19.824
982	-0.00791227	0.383064	0.590708	19.8327
983	-0.00798204	0.383124	0.591198	19.8415
984	-0.00675909	0.383145	0.591978	19.8503
985	-0.00670796	0.383165	0.59222	19.8591
986	-0.00674307	0.383185	0.589959	19.8678
987	-0.00625925	0.38319	0.590375	19.8765
988	-0.00554167	0.383173	0.590341	19.8852
989	-0.00642651	0.383184	0.589272	19.8939
990	-0.00620217	0.383187	0.589439	19.9026
991	-0.00774244	0.38324	0.591357	19.9114
992	-0.00743242	0.383283	0.592092	19.9201
993	-0.00727874	0.383321	0.592098	19.9289
994	-0.00714232	0.383355	0.592262	19.9376
995	-0.00729261	0.383394	0.59178	19.9464
996	-0.00785195	0.38345	0.590405	19.9551
997	-0.0090236	0.383544	0.590411	19.9638
998	-0.00804485	0.383606	0.590843	19.9725
999	-0.00710494	0.383639	0.588074	19.9811
1000	-0.00767069	0.38369	0.587713	19.9897
1001	-0.00853759	0.383768	0.588897	19.9983
1002	-0.00822899	0.383837	0.589696	20.0069
1003	-0.00840204	0.383911	0.589283	20.0156
1004	-0.0086623	0.383993	0.588178	20.0242
1005	-0.00798944	0.384054	0.589131	20.0328
1006	-0.00868973	0.384137	0.590141	20.0414
1007	-0.00971476	0.384253	0.59149	20.0501
1008	-0.0106723	0.384398	0.5924	20.0588
1009	-0.0110679	0.384556	0.592702	20.0675
1010	-0.0103461	0.384691	0.593508	20.0763
1011	-0.0102689	0.384824	0.593491	20.085
1012	-0.00952271	0.384933	0.593854	20.0938
1013	-0.00867077	0.385016	0.59502	20.1025
1014	-0.0075695	0.385064	0.595335	20.1113
1015	-0.00665829	0.385083	0.59642	20.1201
1016	-0.00617178	0.385087	0.596767	20.129
1017	-0.00646921	0.385101	0.597848	20.1378
1018	-0.00655145	0.385117	0.598475	20.1467
1019	-0.00637386	0.385128	0.599098	20.1556
1020	-0.00607831	0.38513	0.599643	20.1644
1021	-0.00652175	0.385145	0.600377	20.1734
1022	-0.00597781	0.385144	0.600565	20.1823
1023	-0.00648196	0.385159	0.599907	20.1912
1024	-0.00649846	0.385174	0.600388	20.2001
1025	-0.00539075	0.385155	0.601597	20.209
1026	-0.00517516	0.385129	0.601985	20.2179
1027	-0.00541591	0.38511	0.599975	20.2268
1028	-0.00596908	0.385109	0.599205	20.2357
1029	-0.00601671	0.38511	0.599687	20.2445
1030	-0.00494178	0.385077	0.600623	20.2534
1031	-0.00515208	0.385051	0.600283	20.2623
1032	-0.00519268	0.385026	0.600629	20.2712
1033	-0.00609266	0.385029	0.601064	20.2801
1034	-0.00676573	0.385054	0.601368	20.2889
1035	-0.00589508	0.385051	0.600664	20.2978
1036	-0.00641897	0.385065	0.601267	20.3067
1037	-0.00701338	0.385097	0.602122	20.3156
1038	-0.00883005	0.385186	0.603153	20.3245
1039	-0.00872603	0.385271	0.602947	20.3335
1040	-0.00722244	0.38531	0.604851	20.3424
1041	-0.00708747	0.385345	0.605077	20.3514
1042	-0.00775644	0.3854	0.605427	20.3604
1043	-0.00702109	0.385433	0.605819	20.3694
1044	-0.00735552	0.385476	0.605846	20.3784
1045	-0.00728453	0.385517	0.605911	20.3874
1046	-0.00646192	0.385533	0.606535	20.3964
1047	-0.00713565	0.385569	0.607343	20.4054
1048	-0.00573791	0.385563	0.608502	20.4145
1049	-0.00609605	0.385567	0.609539	20.4236
1050	-0.00675111	0.385592	0.609319	20.4326
1051	-0.00710944	0.385628	0.609837	20.4417
1052	-0.00737326	0.385672	0.610565	20.4508
1053	-0.00758217	0.385723	0.610701	20.46
1054	-0.00690818	0.385753	0.611178	20.4691
1055	-0.00688264	0.385782	0.610175	20.4782
1056	-0.00637282	0.385795	0.609803	20.4872
1057	-0.00705671	0.38583	0.610041	20.4963
1058	-0.00710661	0.385866	0.609737	20.5053
1059	-0.0065301	0.385885	0.609351	20.5144
1060	-0.00613143	0.385891	0.60967	20.5234
1061	-0.00629883	0.385903	0.609834	20.5325
1062	-0.00594082	0.385904	0.610367	20.5415
1063	-0.00741075	0.385949	0.612254	20.5507
1064	-0.00747538	0.385997	0.612327	20.5598
1065	-0.00740467	0.386043	0.613028	20.5689
1066	-0.00728752	0.386085	0.612962	20.578
1067	-0.0070723	0.386121	0.61286	20.5871
1068	-0.00727009	0.386163	0.613277	20.5963
1069	-0.0071808	0.386202	0.613896	20.6054
1070	-0.00734888	0.386246	0.614409	20.6146
1071	-0.00789928	0.386307	0.614722	20.6237
1072	-0.00829865	0.386381	0.614777	20.6329
1073	-0.0080286	0.386446	0.613868	20.642
1074	-0.00755719	0.386497	0.614508	20.6511
1075	-0.00831573	0.38657	0.613127	20.6602
1076	-0.00779896	0.386629	0.613964	20.6694
1077	-0.00829077	0.386702	0.614187	20.6785
1078	-0.00912797	0.3868	0.614526	20.6876
1079	-0.00808289	0.386867	0.614672	20.6967
1080	-0.0076682	0.386922	0.6142	20.7058
1081	-0.00800582	0.386986	0.614015	20.7149
1082	-0.00844533	0.387064	0.614258	20.724
1083	-0.00761629	0.387117	0.614298	20.7331
1084	-0.00684706	0.387147	0.614487	20.7422
1085	-0.00679187	0.387174	0.61495	20.7513
1086	-0.00713649	0.387213	0.615038	20.7604
1087	-0.00629761	0.387226	0.616053	20.7696
1088	-0.00683239	0.387255	0.616812	20.7787
1089	-0.00714758	0.387294	0.616631	20.7879
1090	-0.00688148	0.387325	0.617198	20.797
1091	-0.00646369	0.387343	0.617404	20.8062
1092	-0.00644089	0.387361	0.617668	20.8153
1093	-0.00651798	0.387381	0.617857	20.8245
1094	-0.00764136	0.387435	0.618714	20.8337
1095	-0.00816841	0.387505	0.618091	20.8429
1096	-0.0084664	0.387584	0.618383	20.852
1097	-0.00788535	0.387645	0.618943	20.8612
1098	-0.00742353	0.387693	0.618261	20.8704
1099	-0.00709146	0.387731	0.618458	20.8795
1100	-0.00699076	0.387765	0.618905	20.8887
1101	-0.00789585	0.387827	0.619661	20.8979
1102	-0.00825812	0.3879	0.619653	20.9071
1103	-0.00913979	0.387999	0.619822	20.9162
1104	-0.00915336	0.388099	0.619697	20.9254
1105	-0.00856926	0.388181	0.620026	20.9346
1106	-0.00793967	0.388245	0.619979	20.9438
1107	-0.00742337	0.388293	0.61929	20.9529
1108	-0.00667834	0.388318	0.619513	20.9621
1109	-0.00601969	0.388324	0.619799	20.9712
1110	-0.00617466	0.388334	0.620531	20.9804
1111	-0.00680022	0.388364	0.62111	20.9896
1112	-0.00663806	0.388388	0.620818	20.9988
1113	-0.00657363	0.388411	0.620291	21.0079
1114	-0.0063052	0.388426	0.61892	21.0171
1115	-0.00727414	0.388469	0.618418	21.0262
1116	-0.00629399	0.388484	0.61741	21.0352
1117	-0.00616051	0.388494	0.615883	21.0442
1118	-0.0063866	0.388512	0.614546	21.0532
1119	-0.00629883	0.388527	0.615377	21.0622
1120	-0.00571147	0.388524	0.616152	21.0712
1121	-0.00538276	0.388511	0.616603	21.0802
1122	-0.00654216	0.388534	0.617434	21.0892
1123	-0.00637164	0.388551	0.616986	21.0983
1124	-0.00717136	0.388592	0.617253	21.1073
1125	-0.00712449	0.388632	0.61661	21.1163
1126	-0.00690276	0.388665	0.616915	21.1253
1127	-0.00649974	0.388686	0.61758	21.1343
1128	-0.00638243	0.388704	0.61837	21.1433
1129	-0.00681842	0.388735	0.618518	21.1524
1130	-0.00717554	0.388777	0.618904	21.1614
1131	-0.00734183	0.388823	0.619211	21.1705
1132	-0.0078366	0.388884	0.619779	21.1796
1133	-0.00763397	0.38894	0.620314	21.1886
1134	-0.00731131	0.388985	0.620526	21.1977
1135	-0.00711103	0.389025	0.620948	21.2068
1136	-0.00751711	0.389077	0.620471	21.2159
1137	-0.00814398	0.389147	0.61941	21.2249
1138	-0.0079115	0.389211	0.618861	21.2339
1139	-0.00764511	0.389267	0.617971	21.2429
1140	-0.0080821	0.389335	0.614684	21.2518
1141	-0.00722963	0.389379	0.613608	21.2607
1142	-0.00722069	0.389422	0.613079	21.2695
1143	-0.00719985	0.389465	0.612223	21.2783
1144	-0.00678781	0.389495	0.612283	21.2871
1145	-0.00691141	0.38953	0.611492	21.2959
1146	-0.00703072	0.389568	0.61207	21.3047
1147	-0.00680511	0.389599	0.611437	21.3134
1148	-0.00678783	0.389629	0.611797	21.3222
1149	-0.00703317	0.389667	0.612598	21.331
1150	-0.00658741	0.389692	0.61223	21.3398
1151	-0.00660259	0.389718	0.61145	21.3485
1152	-0.00719762	0.389761	0.611922	21.3573
1153	-0.00689061	0.389795	0.612172	21.3661
1154	-0.00801332	0.389862	0.611567	21.3748
1155	-0.008273	0.389937	0.610682	21.3835
1156	-0.00919805	0.390038	0.610481	21.3922
1157	-0.00911426	0.390138	0.610608	21.4009
1158	-0.00911252	0.390237	0.609621	21.4096
1159	-0.0086692	0.390324	0.608855	21.4182
1160	-0.00950687	0.390434	0.609823	21.4269
1161	-0.00917875	0.390536	0.609405	21.4356
1162	-0.0093968	0.390643	0.608388	21.4442
1163	-0.00803655	0.390711	0.609731	21.4529
1164	-0.00728517	0.390757	0.609822	21.4615
1165	-0.00770607	0.390815	0.61015	21.4702
1166	-0.00638391	0.390834	0.610404	21.4788
1167	-0.00465057	0.390803	0.612789	21.4876
1168	-0.00387756	0.39075	0.612408	21.4963
1169	-0.0039267	0.390697	0.611894	21.505
1170	-0.00319687	0.390624	0.612646	21.5137
1171	-0.00328186	0.390553	0.612853	21.5224
1172	-0.00385766	0.3905	0.613358	21.5312
1173	-0.0054369	0.390492	0.615138	21.5399
1174	-0.00641948	0.390513	0.614932	21.5487
1175	-0.00668296	0.390542	0.613952	21.5575
1176	-0.00738411	0.390591	0.612923	21.5662
1177	-0.00699171	0.390629	0.613206	21.5749
1178	-0.00653541	0.390654	0.612856	21.5836
1179	-0.00725969	0.3907	0.613309	21.5923
1180	-0.00719204	0.390744	0.613668	21.601
1181	-0.00654672	0.390769	0.613893	21.6097
1182	-0.00650891	0.390793	0.613036	21.6184
1183	-0.006013	0.390803	0.611979	21.6271
1184	-0.00633472	0.390822	0.611348	21.6357
1185	-0.00680118	0.390855	0.610852	21.6443
1186	-0.00556021	0.390851	0.611782	21.6529
1187	-0.00505986	0.390834	0.61189	21.6616
1188	-0.0057762	0.390837	0.611409	21.6702
1189	-0.00619339	0.390852	0.611885	21.6788
1190	-0.00657884	0.390879	0.610729	21.6874
1191	-0.00623512	0.390896	0.609506	21.696
1192	-0.00594931	0.390904	0.609431	21.7045
1193	-0.00549838	0.390899	0.60898	21.7131
1194	-0.00431076	0.390861	0.609565	21.7216
1195	-0.00464704	0.390832	0.610227	21.7302
1196	-0.00513085	0.390817	0.611261	21.7388
1197	-0.00484036	0.390794	0.610091	21.7473
1198	-0.00409484	0.390749	0.610539	21.7559
1199	-0.00471294	0.390722	0.610791	21.7644
1200	-0.00438016	0.390686	0.610345	21.773
1201	-0.00466263	0.390658	0.610407	21.7815
1202	-0.00470417	0.390631	0.609952	21.7901
1203	-0.00386184	0.39058	0.610684	21.7986
1204	-0.00340684	0.390517	0.610991	21.8072
1205	-0.00403956	0.390471	0.611639	21.8157
1206	-0.00371238	0.390416	0.611701	21.8243
1207	-0.00334647	0.390351	0.611597	21.8329
1208	-0.00270182	0.390267	0.612406	21.8415
1209	-0.00321127	0.390198	0.613298	21.8501
1210	-0.00376036	0.390145	0.61223	21.8586
1211	-0.00370995	0.390091	0.611812	21.8672
1212	-0.0036053	0.390034	0.61143	21.8757
1213	-0.00397727	0.389987	0.610999	21.8842
1214	-0.0044637	0.389955	0.611649	21.8928
1215	-0.00432044	0.389919	0.612176	21.9013
1216	-0.00417568	0.389878	0.612157	21.9099
1217	-0.00444294	0.389845	0.612343	21.9184
1218	-0.00522166	0.389835	0.612173	21.927
1219	-0.00540066	0.38983	0.611824	21.9355
1220	-0.00614076	0.389846	0.611507	21.944
1221	-0.00638098	0.389869	0.611672	21.9525
1222	-0.00631577	0.38989	0.611941	21.9611
1223	-0.00654088	0.389918	0.611985	21.9696
1224	-0.00647214	0.389944	0.612429	21.9781
1225	-0.00690119	0.389982	0.612729	21.9866
1226	-0.00708712	0.390025	0.61136	21.9951
1227	-0.00685331	0.390062	0.611433	22.0036
1228	-0.00604713	0.390076	0.612303	22.0121
1229	-0.00440673	0.390043	0.613469	22.0207
1230	-0.00441406	0.390011	0.614114	22.0292
1231	-0.0043563	0.389976	0.614006	22.0378
1232	-0.00395754	0.389931	0.613451	22.0463
1233	-0.00370393	0.389879	0.611448	22.0548
1234	-0.00366309	0.389825	0.610739	22.0632
1235	-0.00488986	0.389806	0.609997	22.0717
1236	-0.0053001	0.3898	0.609687	22.0801
1237	-0.00544512	0.389797	0.608911	22.0885
1238	-0.0050196	0.389782	0.607642	22.0968
1239	-0.00539034	0.389778	0.606882	22.1051
1240	-0.00553432	0.389778	0.607193	22.1135
1241	-0.00617045	0.389797	0.608014	22.1218
1242	-0.00641226	0.389822	0.608566	22.1302
1243	-0.00681673	0.389858	0.608884	22.1385
1244	-0.00689813	0.389897	0.608535	22.1469
1245	-0.00687889	0.389936	0.609022	22.1553
1246	-0.00655376	0.389965	0.609447	22.1636
1247	-0.00592109	0.389976	0.60942	22.172
1248	-0.00546479	0.389975	0.609124	22.1804
1249	-0.00574531	0.389981	0.609324	22.1887
1250	-0.00508755	0.389969	0.609211	22.1971
1251	-0.00462381	0.389944	0.609179	22.2054
1252	-0.00448472	0.389915	0.60926	22.2138
1253	-0.00538585	0.389912	0.609684	22.2221
1254	-0.00466219	0.389888	0.610571	22.2305
1255	-0.00411853	0.389849	0.610586	22.2389
1256	-0.00393335	0.389805	0.609772	22.2472
1257	-0.00349324	0.389749	0.609498	22.2556
1258	-0.00377005	0.389701	0.608219	22.2639
1259	-0.00492508	0.389685	0.608128	22.2722
1260	-0.0053775	0.389682	0.607373	22.2804
1261	-0.0054001	0.389679	0.607606	22.2887
1262	-0.00451146	0.389652	0.607997	22.297
1263	-0.00467134	0.389629	0.608015	22.3053
1264	-0.00510454	0.389619	0.606451	22.3135
1265	-0.00513615	0.389609	0.604203	22.3217
1266	-0.00563126	0.389614	0.603821	22.3298
1267	-0.00478212	0.389595	0.602434	22.338
1268	-0.00399517	0.389553	0.603302	22.3461
1269	-0.00338793	0.389495	0.602971	22.3542
1270	-0.00335738	0.389436	0.602771	22.3623
1271	-0.00290575	0.389364	0.603453	22.3704
1272	-0.00325724	0.389303	0.603075	22.3786
1273	-0.00282717	0.389229	0.603111	22.3867
1274	-0.00301128	0.389161	0.603152	22.3948
1275	-0.0036	0.389109	0.603283	22.4029
1276	-0.00347657	0.389054	0.603314	22.411
1277	-0.0028373	0.388982	0.603626	22.4191
1278	-0.00217857	0.388891	0.603823	22.4272
1279	-0.00250808	0.388809	0.604397	22.4354
1280	-0.00247393	0.388726	0.604878	22.4435
1281	-0.00262774	0.388648	0.604643	22.4516
1282	-0.00223336	0.388559	0.60445	22.4598
1283	-0.00281989	0.388486	0.605369	22.4679
1284	-0.00272326	0.388411	0.60492	22.476
1285	-0.00203632	0.388317	0.603849	22.4841
1286	-0.00234523	0.388232	0.604332	22.4923
1287	-0.00176475	0.38813	0.604951	22.5004
1288	-0.000700387	0.387999	0.605566	22.5085
1289	-0.000912563	0.387874	0.605983	22.5167
1290	-0.0011664	0.387757	0.606125	22.5248
1291	-0.00105668	0.387636	0.606451	22.533
1292	-0.00110548	0.387517	0.606846	22.5411
1293	-0.000448566	0.38738	0.607017	22.5493
1294	-0.000691624	0.38725	0.607183	22.5575
1295	0.000503723	0.387086	0.608044	22.5656
1296	0.00122168	0.386903	0.608384	22.5738
1297	0.00204461	0.386698	0.608592	22.582
1298	0.00225718	0.386486	0.608611	22.5902
1299	0.00214209	0.386278	0.608552	22.5984
1300	0.00189906	0.386077	0.606166	22.6065
1301	0.00246466	0.385861	0.604898	22.6146
1302	0.00266358	0.385639	0.604459	22.6227
1303	0.00268187	0.385417	0.604687	22.6307
1304	0.0020997	0.385211	0.604889	22.6388
1305	0.00169468	0.385017	0.60452	22.6469
1306	0.000920803	0.384844	0.604943	22.6549
1307	0.00107412	0.384668	0.60489	22.663
1308	0.00154645	0.384478	0.604713	22.6711
1309	0.00219991	0.384271	0.604688	22.6791
1310	0.00282325	0.384046	0.605105	22.6872
1311	0.00264432	0.383827	0.60496	22.6952
1312	0.00185958	0.38363	0.605694	22.7033
1313	0.00241233	0.383417	0.60544	22.7114
1314	0.00211713	0.383213	0.605274	22.7194
1315	0.00209955	0.38301	0.60539	22.7275
1316	0.00236884	0.382799	0.605106	22.7355
1317	0.00204446	0.382598	0.605534	22.7436
1318	0.00220763	0.382392	0.605635	22.7516
1319	0.0014874	0.382206	0.60636	22.7597
1320	0.00236122	0.381997	0.606272	22.7678
1321	0.00153384	0.38181	0.606273	22.7758
1322	0.00201362	0.381611	0.605635	22.7839
1323	0.00152515	0.381425	0.605203	22.7919
1324	0.00116129	0.381249	0.605008	22.7999
1325	0.00131694	0.381069	0.60453	22.8079
1326	0.00137994	0.380888	0.604335	22.8159
1327	0.000926095	0.380719	0.604439	22.8239
1328	0.00155874	0.380533	0.603716	22.8319
1329	0.00217573	0.380331	0.603026	22.8398
1330	0.00173723	0.38014	0.60252	22.8478
1331	0.00152874	0.379956	0.600999	22.8556
1332	0.00159651	0.37977	0.601036	22.8635
1333	0.00212326	0.379569	0.600592	22.8714
1334	0.00189622	0.379375	0.598112	22.8792
1335	0.00160778	0.379189	0.59827	22.887
1336	0.00165179	0.379003	0.597407	22.8948
1337	0.00122273	0.378828	0.596445	22.9025
1338	0.00100254	0.378659	0.59519	22.9102
1339	0.00114578	0.378486	0.594918	22.918
1340	0.00102196	0.378317	0.595502	22.9257
1341	0.0012618	0.378142	0.596005	22.9334
1342	0.00140829	0.377963	0.596495	22.9411
1343	0.00142822	0.377783	0.596488	22.9489
1344	0.000883706	0.377619	0.596358	22.9566
1345	0.00120546	0.377446	0.596736	22.9643
1346	0.000854825	0.377283	0.597414	22.9721
1347	0.00076338	0.377122	0.597162	22.9798
1348	0.000489171	0.376969	0.595986	22.9875
1349	0.00121201	0.376796	0.595625	22.9952
1350	0.000739428	0.376637	0.596289	23.0029
1351	0.00109226	0.376468	0.595692	23.0106
1352	0.0013844	0.376291	0.595834	23.0183
1353	0.000358157	0.376143	0.596163	23.026
1354	6.10851e-05	0.376002	0.595859	23.0337
1355	-0.000688544	0.375883	0.59597	23.0414
1356	-0.000533707	0.375759	0.596136	23.0491
1357	-0.00111499	0.375651	0.596804	23.0568
1358	-0.00117355	0.375544	0.597055	23.0645
1359	-0.00156786	0.375449	0.597403	23.0722
1360	-0.00171312	0.375357	0.595953	23.0799
1361	-0.00221949	0.37528	0.595687	23.0876
1362	-0.00363003	0.37524	0.597103	23.0953
1363	-0.00336241	0.375194	0.59733	23.103
1364	-0.00342307	0.375149	0.597912	23.1107
1365	-0.00310584	0.375096	0.596538	23.1184
1366	-0.0032134	0.375046	0.596499	23.1261
1367	-0.00374001	0.37501	0.59704	23.1338
1368	-0.00502385	0.375009	0.598666	23.1415
1369	-0.00562318	0.375024	0.599459	23.1492
1370	-0.00477148	0.375016	0.599287	23.157
1371	-0.0053324	0.375023	0.599768	23.1647
1372	-0.00589498	0.375046	0.59997	23.1725
1373	-0.00552301	0.375058	0.600001	23.1802
1374	-0.00524402	0.375063	0.60087	23.188
1375	-0.00490052	0.375059	0.601156	23.1958
1376	-0.00463783	0.375048	0.601422	23.2036
1377	-0.00543633	0.375058	0.601713	23.2114
1378	-0.0054581	0.375069	0.600853	23.2191
1379	-0.00548241	0.375081	0.601258	23.2269
1380	-0.00591739	0.375105	0.60189	23.2347
1381	-0.00604446	0.375131	0.601781	23.2425
1382	-0.00642752	0.375169	0.601924	23.2502
1383	-0.00581068	0.375189	0.602428	23.258
1384	-0.00516682	0.375193	0.602591	23.2658
1385	-0.00513592	0.375195	0.602007	23.2736
1386	-0.00520623	0.3752	0.601831	23.2814
1387	-0.00618154	0.375231	0.602391	23.2891
1388	-0.00550772	0.375243	0.602631	23.2969
1389	-0.00552607	0.375257	0.602504	23.3047
1390	-0.00616766	0.375287	0.602897	23.3125
1391	-0.00712176	0.375343	0.603513	23.3203
1392	-0.00844053	0.375435	0.604472	23.3281
1393	-0.00934565	0.37555	0.604774	23.336
1394	-0.00962206	0.375673	0.604904	23.3438
1395	-0.0103546	0.375816	0.604326	23.3516
1396	-0.00976562	0.375943	0.603815	23.3594
1397	-0.010017	0.376076	0.603519	23.3672
1398	-0.0109665	0.376235	0.603624	23.375
1399	-0.0110784	0.376396	0.603489	23.3827
1400	-0.0117147	0.376575	0.603783	23.3905
1401	-0.0115875	0.37675	0.603975	23.3983
1402	-0.0113871	0.37692	0.604694	23.4061
1403	-0.0111412	0.377083	0.604713	23.4139
1404	-0.0108715	0.377239	0.604608	23.4217
1405	-0.0114823	0.377411	0.605682	23.4295
1406	-0.0117059	0.377589	0.60542	23.4374
1407	-0.0119674	0.377774	0.60577	23.4452
1408	-0.012152	0.377963	0.605436	23.453
1409	-0.0124555	0.378161	0.605981	23.4608
1410	-0.0130187	0.378373	0.606204	23.4686
1411	-0.0129669	0.378584	0.605222	23.4764
1412	-0.013437	0.378808	0.605415	23.4842
1413	-0.0131051	0.379022	0.605574	23.492
1414	-0.0128935	0.379231	0.605734	23.4998
1415	-0.0132545	0.379449	0.605347	23.5076
1416	-0.0138299	0.379683	0.605274	23.5154
1417	-0.0139148	0.379918	0.603752	23.5231
1418	-0.0139544	0.380155	0.603615	23.5309
1419	-0.013771	0.380386	0.602482	23.5386
1420	-0.0142582	0.380631	0.601955	23.5462
1421	-0.0140057	0.380868	0.601113	23.5539
1422	-0.0138976	0.381103	0.599578	23.5615
1423	-0.0138858	0.381337	0.599993	23.5691
1424	-0.0141317	0.381577	0.598856	23.5767
1425	-0.0142906	0.381822	0.598406	23.5843
1426	-0.0133581	0.382042	0.598609	23.5919
1427	-0.0136125	0.382268	0.597492	23.5995
1428	-0.0132981	0.382486	0.595854	23.607
1429	-0.0128748	0.382693	0.595409	23.6144
1430	-0.0135237	0.382917	0.595145	23.6219
1431	-0.0143905	0.383163	0.594791	23.6294
1432	-0.014068	0.383401	0.594654	23.6369
1433	-0.0141101	0.38364	0.593784	23.6443
1434	-0.0141477	0.38388	0.593714	23.6517
1435	-0.0139913	0.384115	0.593682	23.6592
1436	-0.0132759	0.384332	0.59367	23.6666
1437	-0.0128595	0.384537	0.594045	23.674
1438	-0.0135804	0.384761	0.594007	23.6815
1439	-0.0139107	0.384994	0.594644	23.6889
1440	-0.0139332	0.385228	0.595023	23.6964
1441	-0.0134278	0.385448	0.595656	23.7038
1442	-0.0135853	0.385672	0.595595	23.7113
1443	-0.0139296	0.385905	0.595956	23.7188
1444	-0.0144588	0.386151	0.595615	23.7262
1445	-0.0152722	0.386419	0.596039	23.7337
1446	-0.014518	0.386668	0.596894	23.7412
1447	-0.0141351	0.386905	0.597261	23.7487
1448	-0.014349	0.387149	0.597644	23.7562
1449	-0.0148236	0.387405	0.598049	23.7637
1450	-0.0145237	0.387652	0.598558	23.7712
1451	-0.014549	0.3879	0.597765	23.7787
1452	-0.0141934	0.388139	0.597607	23.7862
1453	-0.0145995	0.388389	0.598286	23.7937
1454	-0.0147665	0.388642	0.598559	23.8012
1455	-0.0148978	0.388899	0.598516	23.8087
1456	-0.0148053	0.389153	0.598673	23.8163
1457	-0.0150726	0.389415	0.598603	23.8238
1458	-0.0147663	0.389668	0.597751	23.8312
1459	-0.01473	0.38992	0.597845	23.8387
1460	-0.0144596	0.390165	0.598327	23.8462
1461	-0.014501	0.39041	0.597619	23.8537
1462	-0.0145656	0.390658	0.597585	23.8612
1463	-0.0151703	0.390921	0.596935	23.8686
1464	-0.015377	0.391189	0.596835	23.8761
1465	-0.0152355	0.391453	0.596201	23.8835
1466	-0.0144659	0.391698	0.596274	23.8909
1467	-0.0145574	0.391944	0.595938	23.8983
1468	-0.0144875	0.392189	0.59462	23.9057
1469	-0.0149751	0.392446	0.595075	23.9131
1470	-0.0151929	0.392708	0.594851	23.9205
1471	-0.0153029	0.392974	0.593559	23.9278
1472	-0.0145524	0.393219	0.592722	23.9351
1473	-0.0151474	0.39348	0.59233	23.9425
1474	-0.0150384	0.393739	0.591712	23.9497
1475	-0.0154436	0.394007	0.592318	23.957
1476	-0.015024	0.394265	0.592884	23.9644
1477	-0.0156424	0.394538	0.593701	23.9717
1478	-0.0157501	0.394814	0.594072	23.979
1479	-0.0160546	0.395098	0.594493	23.9864
1480	-0.0158818	0.395377	0.594042	23.9937
1481	-0.0162112	0.395665	0.594493	24.0011
1482	-0.0157126	0.395939	0.594003	24.0084
1483	-0.0153146	0.396203	0.59424	24.0157
1484	-0.0151125	0.396462	0.594547	24.0231
1485	-0.0155481	0.396732	0.594094	24.0304
1486	-0.0158419	0.397009	0.594521	24.0377
1487	-0.0158947	0.397288	0.594303	24.0451
1488	-0.0157324	0.397562	0.594167	24.0524
1489	-0.0152676	0.397824	0.593526	24.0597
1490	-0.0153006	0.398087	0.593472	24.067
1491	-0.0153664	0.398351	0.593695	24.0743
1492	-0.0148694	0.398603	0.593794	24.0816
1493	-0.0151022	0.39886	0.593956	24.0889
1494	-0.0149995	0.399114	0.593947	24.0962
1495	-0.0152736	0.399376	0.594563	24.1035
1496	-0.0154205	0.399641	0.593341	24.1108
1497	-0.0156485	0.399912	0.592732	24.1181
1498	-0.015481	0.400178	0.592304	24.1253
1499	-0.0152705	0.400439	0.592313	24.1326
1500	-0.0156514	0.40071	0.592914	24.1399
1501	-0.0160334	0.40099	0.59335	24.1471
1502	-0.0153894	0.401253	0.594058	24.1544
1503	-0.015168	0.401511	0.594054	24.1617
1504	-0.0154231	0.401775	0.594353	24.169
1505	-0.0148789	0.402025	0.594312	24.1763
1506	-0.0146071	0.402268	0.594393	24.1836
1507	-0.0142444	0.402501	0.594826	24.1909
1508	-0.0147637	0.402748	0.595481	24.1982
1509	-0.0148096	0.402996	0.595515	24.2055
1510	-0.0145222	0.403236	0.59534	24.2128
1511	-0.0132434	0.403443	0.594965	24.2201
1512	-0.0131728	0.403648	0.594818	24.2274
1513	-0.0133018	0.403857	0.595201	24.2347
1514	-0.0126458	0.404048	0.595675	24.242
1515	-0.0118669	0.40422	0.595606	24.2493
1516	-0.0109143	0.404367	0.59644	24.2566
1517	-0.0103481	0.404499	0.596319	24.2639
1518	-0.0103397	0.404631	0.595993	24.2712
1519	-0.00979832	0.404749	0.596048	24.2785
1520	-0.0102606	0.40488	0.595231	24.2858
1521	-0.0107595	0.405022	0.595296	24.2931
1522	-0.0109431	0.40517	0.595314	24.3004
1523	-0.0115062	0.405331	0.595519	24.3076
1524	-0.0127565	0.405525	0.596536	24.3149
1525	-0.0127532	0.405719	0.596931	24.3223
1526	-0.0130121	0.405919	0.596938	24.3296
1527	-0.0130039	0.406119	0.596775	24.3369
1528	-0.0122593	0.406299	0.597495	24.3442
1529	-0.0124905	0.406486	0.597332	24.3515
1530	-0.0121387	0.406663	0.597538	24.3588
1531	-0.0117298	0.40683	0.597008	24.3661
1532	-0.012158	0.407008	0.597334	24.3734
1533	-0.0120115	0.407182	0.597383	24.3807
1534	-0.0119122	0.407353	0.597816	24.3881
1535	-0.0116379	0.407518	0.597894	24.3954
1536	-0.0115349	0.407679	0.598126	24.4027
1537	-0.0117085	0.407845	0.597744	24.41
1538	-0.0123973	0.408029	0.598583	24.4173
1539	-0.0123544	0.408211	0.598465	24.4246
1540	-0.0125177	0.408397	0.597952	24.432
1541	-0.0118634	0.408567	0.597652	24.4392
1542	-0.011793	0.408735	0.596833	24.4465
1543	-0.0118834	0.408905	0.597138	24.4538
1544	-0.0116286	0.409068	0.597391	24.4611
1545	-0.0121565	0.409245	0.598134	24.4684
1546	-0.0121424	0.409422	0.598558	24.4757
1547	-0.0120336	0.409595	0.598537	24.483
1548	-0.0119468	0.409767	0.599069	24.4903
1549	-0.0119795	0.409939	0.599256	24.4976
1550	-0.0121659	0.410115	0.599825	24.505
1551	-0.0121712	0.410292	0.599588	24.5123
1552	-0.0121335	0.410468	0.599351	24.5196
1553	-0.0125437	0.410654	0.599601	24.5269
1554	-0.0125547	0.41084	0.599086	24.5342
1555	-0.0123526	0.411021	0.59866	24.5415
1556	-0.013061	0.41122	0.598574	24.5488
1557	-0.0134166	0.411428	0.598079	24.5561
1558	-0.0132332	0.411631	0.597981	24.5634
1559	-0.0130049	0.411829	0.59811	24.5706
1560	-0.0132879	0.412033	0.59834	24.5779
1561	-0.0132086	0.412235	0.597887	24.5852
1562	-0.0132347	0.412438	0.598574	24.5924
1563	-0.0132255	0.412641	0.598318	24.5997
1564	-0.0136747	0.412854	0.598467	24.607
1565	-0.0141389	0.41308	0.598901	24.6142
1566	-0.014536	0.413315	0.597277	24.6215
1567	-0.0149132	0.41356	0.595805	24.6287
1568	-0.0139239	0.41378	0.595872	24.6359
1569	-0.0142177	0.414007	0.595511	24.643
1570	-0.0147293	0.414246	0.595646	24.6502
1571	-0.0154725	0.414505	0.596345	24.6574
1572	-0.0158976	0.414774	0.596482	24.6646
1573	-0.015622	0.415036	0.597028	24.6718
1574	-0.015503	0.415295	0.596978	24.6791
1575	-0.0154499	0.415552	0.596601	24.6862
1576	-0.0155883	0.415813	0.59635	24.6934
1577	-0.0149446	0.416057	0.595855	24.7006
1578	-0.0148526	0.416299	0.594882	24.7078
1579	-0.0146173	0.416535	0.59535	24.7149
1580	-0.0145146	0.416768	0.59531	24.7221
1581	-0.0142308	0.416994	0.595794	24.7292
1582	-0.0141472	0.417218	0.595848	24.7364
1583	-0.0148355	0.417459	0.596081	24.7436
1584	-0.0157883	0.417724	0.596588	24.7507
1585	-0.0156449	0.417985	0.596562	24.7579
1586	-0.0158013	0.41825	0.595988	24.7651
1587	-0.0157188	0.418513	0.595956	24.7722
1588	-0.0153873	0.418767	0.595646	24.7794
1589	-0.0156562	0.419028	0.595164	24.7865
1590	-0.0159871	0.419297	0.594642	24.7936
1591	-0.0156096	0.419556	0.593735	24.8007
1592	-0.0150976	0.419803	0.593686	24.8078
1593	-0.0153596	0.420056	0.593141	24.8149
1594	-0.015389	0.420309	0.593325	24.822
1595	-0.0153997	0.420563	0.593405	24.829
1596	-0.015228	0.420812	0.59343	24.8361
1597	-0.0152585	0.421062	0.592911	24.8432
1598	-0.0156638	0.421322	0.593524	24.8503
1599	-0.0151611	0.42157	0.593992	24.8573
1600	-0.0148172	0.421808	0.594119	24.8644
1601	-0.0144889	0.422039	0.594115	24.8715
1602	-0.013953	0.422255	0.594264	24.8786
1603	-0.0139572	0.422472	0.594397	24.8857
1604	-0.0141213	0.422693	0.594549	24.8928
1605	-0.0139817	0.42291	0.594813	24.8998
1606	-0.0145381	0.423141	0.595272	24.907
1607	-0.0147625	0.423378	0.595698	24.9141
1608	-0.014832	0.423616	0.59604	24.9212
1609	-0.0145818	0.423848	0.595473	24.9283
1610	-0.0147592	0.424084	0.594767	24.9354
1611	-0.014526	0.424314	0.594559	24.9424
1612	-0.0147366	0.424549	0.594635	24.9495
1613	-0.0144866	0.424779	0.594645	24.9566
1614	-0.0138708	0.424992	0.595034	24.9637
1615	-0.0134712	0.425196	0.594631	24.9707
1616	-0.0135225	0.4254	0.594085	24.9778
1617	-0.0145415	0.42563	0.594557	24.9848
1618	-0.0147158	0.425865	0.594237	24.9919
1619	-0.0145364	0.426094	0.594621	24.9989
1620	-0.0144061	0.426321	0.594924	25.006
1621	-0.0142255	0.426542	0.595079	25.0131
1622	-0.0136285	0.426749	0.595296	25.0201
1623	-0.0137708	0.42696	0.594825	25.0272
1624	-0.0139457	0.427174	0.594861	25.0343
1625	-0.0137755	0.427384	0.595043	25.0413
1626	-0.013733	0.427593	0.595281	25.0484
1627	-0.0137251	0.427802	0.595778	25.0554
1628	-0.0131455	0.427997	0.595815	25.0625
1629	-0.0128124	0.428183	0.595451	25.0696
1630	-0.0126092	0.428363	0.59407	25.0766
1631	-0.0130102	0.428554	0.592639	25.0836
1632	-0.0130929	0.428747	0.593086	25.0906
1633	-0.0137964	0.428957	0.593975	25.0976
1634	-0.0137957	0.429167	0.594355	25.1046
1635	-0.0140539	0.429383	0.594368	25.1116
1636	-0.0135813	0.429588	0.594755	25.1187
1637	-0.012278	0.42976	0.596292	25.1257
1638	-0.0116718	0.429917	0.596567	25.1328
1639	-0.0118773	0.430079	0.597017	25.1399
1640	-0.0121786	0.430249	0.597172	25.147
1641	-0.0119793	0.430413	0.59746	25.1541
1642	-0.0118088	0.430574	0.597031	25.1611
1643	-0.01192	0.430737	0.596977	25.1682
1644	-0.0121306	0.430905	0.596966	25.1753
1645	-0.0121701	0.431074	0.596291	25.1823
1646	-0.0124524	0.43125	0.595964	25.1894
1647	-0.012547	0.431428	0.596018	25.1964
1648	-0.012693	0.43161	0.595899	25.2034
1649	-0.0128027	0.431794	0.595716	25.2104
1650	-0.0127976	0.431978	0.595232	25.2175
1651	-0.0126112	0.432158	0.594922	25.2245
1652	-0.0120614	0.432324	0.594464	25.2315
1653	-0.011511	0.432476	0.594749	25.2385
1654	-0.0116629	0.432632	0.594288	25.2454
1655	-0.0115833	0.432786	0.593478	25.2524
1656	-0.0118058	0.432945	0.593641	25.2594
1657	-0.0127323	0.433128	0.594307	25.2663
1658	-0.0132451	0.433322	0.594369	25.2733
1659	-0.0135181	0.433523	0.594207	25.2803
1660	-0.0141783	0.433741	0.594865	25.2873
1661	-0.0144926	0.433966	0.59511	25.2943
1662	-0.0138897	0.434176	0.595124	25.3012
1663	-0.0140266	0.434389	0.595167	25.3082
1664	-0.014237	0.434608	0.595163	25.3152
1665	-0.0142663	0.434827	0.594442	25.3222
1666	-0.0139633	0.435038	0.595048	25.3292
1667	-0.0140152	0.435251	0.595101	25.3361
1668	-0.0144259	0.435473	0.595261	25.3431
1669	-0.0145463	0.435699	0.595766	25.3501
1670	-0.014969	0.435935	0.595519	25.3571
1671	-0.0148284	0.436167	0.596043	25.3641
1672	-0.0144549	0.43639	0.59672	25.3711
1673	-0.0146462	0.436618	0.596487	25.3781
1674	-0.0141283	0.436832	0.596485	25.3851
1675	-0.013961	0.437043	0.59696	25.3921
1676	-0.0137358	0.437248	0.596809	25.3991
1677	-0.0142052	0.437465	0.597094	25.4061
1678	-0.0145673	0.43769	0.59651	25.4131
1679	-0.0144342	0.437912	0.596928	25.4201
1680	-0.0150953	0.438149	0.597035	25.4271
1681	-0.0148918	0.438382	0.597034	25.4341
1682	-0.0144916	0.438605	0.597207	25.4411
1683	-0.0143561	0.438825	0.597331	25.4481
1684	-0.014337	0.439044	0.597132	25.4551
1685	-0.0141255	0.439258	0.597559	25.4621
1686	-0.0136795	0.43946	0.59673	25.4691
1687	-0.0135967	0.439661	0.597016	25.4761
1688	-0.0130045	0.439847	0.597195	25.483
1689	-0.0126623	0.440025	0.597556	25.49
1690	-0.0124084	0.440197	0.597514	25.497
1691	-0.0128799	0.44038	0.598096	25.504
1692	-0.0135331	0.440579	0.597934	25.511
1693	-0.0134439	0.440775	0.598319	25.518
1694	-0.0133368	0.440969	0.597892	25.525
1695	-0.0133555	0.441163	0.597764	25.532
1696	-0.0134283	0.441359	0.597647	25.539
1697	-0.0135486	0.441558	0.59704	25.546
1698	-0.0135091	0.441756	0.596004	25.5529
1699	-0.0132488	0.441947	0.594664	25.5598
1700	-0.0139413	0.442155	0.593658	25.5667
1701	-0.0137813	0.442359	0.592702	25.5736
1702	-0.0136888	0.442561	0.592501	25.5804
1703	-0.0138791	0.442768	0.592493	25.5873
1704	-0.0133872	0.442962	0.592769	25.5941
1705	-0.0130917	0.443149	0.59302	25.601
1706	-0.013472	0.443345	0.593581	25.6078
1707	-0.0132345	0.443536	0.593991	25.6147
1708	-0.0134957	0.443732	0.594778	25.6216
1709	-0.0130114	0.443917	0.594579	25.6285
1710	-0.01237	0.444086	0.594762	25.6354
1711	-0.0128036	0.444266	0.595329	25.6423
1712	-0.0127385	0.444444	0.595626	25.6492
1713	-0.0127781	0.444623	0.595195	25.6561
1714	-0.0126723	0.444799	0.595486	25.663
1715	-0.0125774	0.444973	0.595413	25.6699
1716	-0.0127815	0.445152	0.595688	25.6768
1717	-0.0137396	0.445354	0.595819	25.6837
1718	-0.0138494	0.445559	0.594908	25.6905
1719	-0.0135956	0.445757	0.594534	25.6974
1720	-0.0143179	0.445973	0.593796	25.7043
1721	-0.0145879	0.446195	0.593053	25.7111
1722	-0.0150662	0.446428	0.593086	25.7179
1723	-0.0150857	0.446662	0.592721	25.7247
1724	-0.0154109	0.446903	0.592716	25.7315
1725	-0.0151723	0.447139	0.591054	25.7383
1726	-0.0143689	0.447355	0.591492	25.7451
1727	-0.0140043	0.447563	0.590783	25.7519
1728	-0.0140861	0.447772	0.589677	25.7586
1729	-0.0141311	0.447982	0.589975	25.7653
1730	-0.0142448	0.448195	0.589511	25.772
1731	-0.0144799	0.448414	0.589587	25.7788
1732	-0.0146229	0.448635	0.589537	25.7855
1733	-0.0144895	0.448854	0.589676	25.7922
1734	-0.0147465	0.449079	0.590327	25.799
1735	-0.0145512	0.449299	0.58952	25.8057
1736	-0.0141984	0.44951	0.589454	25.8124
1737	-0.0137246	0.44971	0.58934	25.8191
1738	-0.0133627	0.449901	0.589249	25.8258
1739	-0.0135091	0.450095	0.589037	25.8325
1740	-0.0131425	0.450281	0.588905	25.8392
1741	-0.0133856	0.450472	0.588996	25.8459
1742	-0.0128284	0.45065	0.589113	25.8526
1743	-0.0133323	0.45084	0.589645	25.8593
1744	-0.0128095	0.451018	0.590029	25.866
1745	-0.0126671	0.451192	0.590554	25.8727
1746	-0.0126034	0.451364	0.591042	25.8795
1747	-0.0126283	0.451537	0.591337	25.8862
1748	-0.0131922	0.451723	0.591973	25.893
1749	-0.0127704	0.4519	0.592051	25.8997
1750	-0.0119372	0.452056	0.592998	25.9065
1751	-0.0122262	0.452219	0.592967	25.9133
1752	-0.0121433	0.45238	0.592309	25.92
1753	-0.0124601	0.452548	0.592443	25.9268
1754	-0.0123327	0.452714	0.592261	25.9335
1755	-0.0127272	0.452889	0.591846	25.9403
1756	-0.0126549	0.453062	0.591907	25.947
1757	-0.0125907	0.453233	0.59212	25.9537
1758	-0.0131582	0.453418	0.59108	25.9605
1759	-0.0132889	0.453606	0.590629	25.9672
1760	-0.0133778	0.453796	0.590515	25.9739
1761	-0.0133904	0.453986	0.590691	25.9806
1762	-0.0137884	0.454186	0.591007	25.9873
1763	-0.0144599	0.454401	0.591741	25.994
1764	-0.0144282	0.454616	0.591912	26.0007
1765	-0.0151113	0.454847	0.592378	26.0075
1766	-0.0154169	0.455085	0.591852	26.0142
1767	-0.0151369	0.455316	0.591218	26.0209
1768	-0.0151025	0.455546	0.591496	26.0276
1769	-0.0152301	0.455779	0.591012	26.0343
1770	-0.0157919	0.456026	0.591146	26.041
1771	-0.0165293	0.45629	0.591468	26.0477
1772	-0.0164744	0.456552	0.591333	26.0544
1773	-0.0167279	0.456821	0.590826	26.0611
1774	-0.0171711	0.4571	0.590489	26.0677
1775	-0.0174468	0.457385	0.589966	26.0744
1776	-0.0176805	0.457676	0.589694	26.081
1777	-0.0181067	0.457976	0.589079	26.0877
1778	-0.0183002	0.458281	0.587923	26.0943
1779	-0.0177687	0.458574	0.58662	26.1009
1780	-0.0173397	0.458856	0.586541	26.1074
1781	-0.0173609	0.459138	0.585478	26.114
1782	-0.017232	0.459417	0.585849	26.1205
1783	-0.0166364	0.459683	0.586467	26.1271
1784	-0.0162456	0.459938	0.586933	26.1337
1785	-0.0163924	0.460197	0.586876	26.1402
1786	-0.016441	0.460457	0.586989	26.1468
1787	-0.0171202	0.460733	0.587854	26.1534
1788	-0.0169499	0.461005	0.586687	26.1599
1789	-0.0170553	0.46128	0.585806	26.1665
1790	-0.0167703	0.461547	0.585605	26.173
1791	-0.0167631	0.461814	0.586001	26.1796
1792	-0.0169203	0.462085	0.585798	26.1861
1793	-0.0169874	0.462357	0.585798	26.1926
1794	-0.0169441	0.462628	0.585795	26.1991
1795	-0.0166622	0.462893	0.58634	26.2057
1796	-0.0171309	0.463168	0.586308	26.2122
1797	-0.0167837	0.463435	0.586083	26.2188
1798	-0.016575	0.463697	0.585667	26.2253
1799	-0.0169425	0.463967	0.585903	26.2318
1800	-0.0167727	0.464234	0.585953	26.2383
1801	-0.0170066	0.464505	0.585168	26.2448
1802	-0.0164561	0.464764	0.585227	26.2513
1803	-0.0166269	0.465027	0.585373	26.2578
1804	-0.0164603	0.465285	0.585832	26.2644
1805	-0.0166335	0.465548	0.586222	26.2709
1806	-0.0166669	0.465811	0.586419	26.2774
1807	-0.016722	0.466075	0.585917	26.2839
1808	-0.0170503	0.466347	0.586045	26.2904
1809	-0.0165191	0.466607	0.58663	26.297
1810	-0.0167211	0.466871	0.586443	26.3035
1811	-0.0174124	0.467151	0.587128	26.31
1812	-0.017597	0.467435	0.586544	26.3165
1813	-0.0179872	0.467729	0.586464	26.323
1814	-0.0175451	0.468012	0.586582	26.3296
1815	-0.0177777	0.4683	0.586755	26.3361
1816	-0.0177669	0.468588	0.586041	26.3426
1817	-0.0183891	0.46889	0.586181	26.3491
1818	-0.0184275	0.469193	0.586496	26.3556
1819	-0.0185787	0.4695	0.586431	26.3621
1820	-0.0186988	0.469809	0.586082	26.3686
1821	-0.0182591	0.470108	0.585859	26.3751
1822	-0.0190191	0.470424	0.586679	26.3816
1823	-0.0193855	0.470749	0.587145	26.3881
1824	-0.0203999	0.471098	0.588315	26.3946
1825	-0.0205135	0.471449	0.587995	26.4012
1826	-0.0196844	0.47178	0.588691	26.4077
1827	-0.0190888	0.472097	0.589098	26.4143
1828	-0.0189432	0.472411	0.589154	26.4208
1829	-0.0185811	0.472716	0.588926	26.4274
1830	-0.019003	0.473031	0.588932	26.4339
1831	-0.0191538	0.47335	0.588929	26.4405
1832	-0.019259	0.47367	0.588487	26.447
1833	-0.0190007	0.473985	0.587652	26.4535
1834	-0.0192951	0.474306	0.587986	26.46
1835	-0.0192248	0.474625	0.587656	26.4665
1836	-0.0192953	0.474946	0.587066	26.473
1837	-0.0194717	0.475271	0.586268	26.4795
1838	-0.0195443	0.475598	0.586628	26.486
1839	-0.0195053	0.475923	0.586789	26.4925
1840	-0.0190104	0.476237	0.586933	26.4989
1841	-0.0189114	0.476548	0.587142	26.5054
1842	-0.0185013	0.47685	0.587384	26.5119
1843	-0.0181671	0.477143	0.587499	26.5184
1844	-0.0179154	0.477431	0.587753	26.5249
1845	-0.0181099	0.477723	0.587963	26.5314
1846	-0.0187135	0.478029	0.587405	26.5379
1847	-0.0186511	0.478334	0.587537	26.5444
1848	-0.0190045	0.478646	0.587307	26.5509
1849	-0.0185146	0.478947	0.587279	26.5573
1850	-0.0190276	0.47926	0.587642	26.5638
1851	-0.0188954	0.47957	0.587149	26.5703
1852	-0.0185755	0.479872	0.586785	26.5767
1853	-0.0184889	0.480172	0.586074	26.5832
1854	-0.0185871	0.480474	0.585431	26.5896
1855	-0.0180007	0.480762	0.586125	26.5961
1856	-0.0181514	0.481054	0.586359	26.6025
1857	-0.0178048	0.481337	0.586406	26.6089
1858	-0.0174533	0.481613	0.586906	26.6154
1859	-0.0171954	0.481882	0.587108	26.6219
1860	-0.0170221	0.482147	0.587434	26.6283
1861	-0.017701	0.482428	0.587541	26.6348
1862	-0.0179282	0.482714	0.586996	26.6412
1863	-0.0175746	0.482991	0.587048	26.6477
1864	-0.0181179	0.483281	0.587396	26.6541
1865	-0.0179462	0.483567	0.587701	26.6606
1866	-0.0181187	0.483857	0.587512	26.6671
1867	-0.0181449	0.484147	0.58718	26.6735
1868	-0.0177872	0.484429	0.587726	26.68
1869	-0.0174977	0.484704	0.587993	26.6864
1870	-0.0176819	0.484983	0.588146	26.6929
1871	-0.0174502	0.485257	0.588574	26.6994
1872	-0.0179683	0.485542	0.588653	26.7058
1873	-0.0182899	0.485835	0.58922	26.7123
1874	-0.0177608	0.486116	0.589524	26.7188
1875	-0.0173446	0.486387	0.589951	26.7253
1876	-0.0176732	0.486665	0.589961	26.7318
1877	-0.0178304	0.486947	0.590271	26.7383
1878	-0.0176036	0.487223	0.590437	26.7448
1879	-0.0186312	0.487523	0.591266	26.7513
1880	-0.0190119	0.487832	0.591547	26.7579
1881	-0.0194167	0.48815	0.59138	26.7644
1882	-0.0192567	0.488464	0.59172	26.7709
1883	-0.0192029	0.488777	0.592063	26.7775
1884	-0.0196626	0.4891	0.591249	26.784
1885	-0.0200878	0.489433	0.590858	26.7905
1886	-0.0198349	0.489759	0.590264	26.797
1887	-0.0205209	0.490102	0.589485	26.8034
1888	-0.0212726	0.490462	0.589088	26.8099
1889	-0.0215128	0.490827	0.589031	26.8164
1890	-0.0216316	0.491194	0.589301	26.8228
1891	-0.0216093	0.491561	0.589109	26.8293
1892	-0.0221096	0.491939	0.589416	26.8357
1893	-0.0224096	0.492324	0.589053	26.8422
1894	-0.0225642	0.492713	0.589214	26.8486
1895	-0.0225719	0.493101	0.589516	26.8551
1896	-0.0218714	0.493473	0.589124	26.8615
1897	-0.0216535	0.49384	0.589575	26.868
1898	-0.0219983	0.494215	0.589737	26.8744
1899	-0.0221044	0.494592	0.589021	26.8809
1900	-0.0222316	0.494972	0.587516	26.8873
1901	-0.0223833	0.495355	0.587586	26.8937
1902	-0.022405	0.495738	0.587883	26.9001
1903	-0.0227655	0.496129	0.588225	26.9065
1904	-0.0237685	0.496544	0.589477	26.913
1905	-0.0241104	0.496966	0.5897	26.9194
1906	-0.0239248	0.497383	0.589909	26.9259
1907	-0.0232961	0.497786	0.590632	26.9323
1908	-0.0231622	0.498186	0.590972	26.9388
1909	-0.0230494	0.498582	0.591158	26.9453
1910	-0.0229079	0.498976	0.59086	26.9517
1911	-0.0229926	0.499371	0.590727	26.9582
1912	-0.0228622	0.499763	0.591092	26.9647
1913	-0.0228851	0.500156	0.591191	26.9711
1914	-0.0227707	0.500545	0.591349	26.9776
1915	-0.0223186	0.500925	0.591632	26.9841
1916	-0.0224013	0.501306	0.591472	26.9905
1917	-0.0224202	0.501687	0.59149	26.997
1918	-0.0223475	0.502066	0.591408	27.0035
1919	-0.022446	0.502447	0.590595	27.0099
1920	-0.0224379	0.502829	0.590279	27.0164
1921	-0.0227069	0.503216	0.590614	27.0228
1922	-0.0226732	0.503602	0.59109	27.0293
1923	-0.0222801	0.503979	0.5914	27.0357
1924	-0.0215595	0.504339	0.592221	27.0422
1925	-0.0214784	0.504698	0.591719	27.0487
1926	-0.0213096	0.505052	0.592034	27.0551
1927	-0.021796	0.505417	0.592625	27.0616
1928	-0.0219134	0.505785	0.592803	27.0681
1929	-0.0224074	0.506164	0.591983	27.0745
1930	-0.0226998	0.506549	0.591972	27.081
1931	-0.0224499	0.506929	0.592084	27.0875
1932	-0.0225608	0.507311	0.59229	27.0939
1933	-0.0217642	0.507675	0.593493	27.1004
1934	-0.0211367	0.508024	0.593766	27.1069
1935	-0.0204417	0.508357	0.594365	27.1134
1936	-0.0203994	0.508689	0.594738	27.1199
1937	-0.0203718	0.509021	0.594498	27.1264
1938	-0.0200971	0.509346	0.594448	27.1329
1939	-0.0195159	0.509658	0.594046	27.1394
1940	-0.0198281	0.509976	0.594474	27.1459
1941	-0.0196276	0.51029	0.594522	27.1524
1942	-0.0193953	0.510599	0.594754	27.1589
1943	-0.0194987	0.51091	0.594848	27.1655
1944	-0.0195662	0.511222	0.595318	27.172
1945	-0.019774	0.511539	0.59553	27.1785
1946	-0.0196792	0.511854	0.595829	27.185
1947	-0.019181	0.512157	0.595973	27.1915
1948	-0.0190415	0.512457	0.596047	27.1981
1949	-0.0190465	0.512756	0.595874	27.2046
1950	-0.019075	0.513057	0.596283	27.2111
1951	-0.0190145	0.513356	0.596337	27.2176
1952	-0.0182345	0.513637	0.596836	27.2242
1953	-0.0184198	0.513922	0.596446	27.2307
1954	-0.0182208	0.514203	0.596647	27.2372
1955	-0.0181966	0.514483	0.59696	27.2438
1956	-0.0174668	0.514746	0.59761	27.2503
1957	-0.0167435	0.514993	0.598372	27.2569
1958	-0.0164346	0.515233	0.598295	27.2634
1959	-0.0160486	0.515464	0.598158	27.27
1960	-0.0162499	0.515699	0.598478	27.2765
1961	-0.0162298	0.515934	0.598281	27.2831
1962	-0.0159989	0.516164	0.598786	27.2897
1963	-0.0159579	0.516392	0.598824	27.2962
1964	-0.0162465	0.516627	0.598838	27.3028
1965	-0.0163675	0.516865	0.598938	27.3094
1966	-0.016387	0.517103	0.59894	27.3159
1967	-0.0161104	0.517335	0.598777	27.3225
1968	-0.0155791	0.517555	0.599	27.329
1969	-0.0155028	0.517773	0.598623	27.3356
1970	-0.0153253	0.517986	0.598451	27.3421
1971	-0.0151997	0.518197	0.598741	27.3487
1972	-0.0152764	0.51841	0.598478	27.3552
1973	-0.0153619	0.518624	0.598179	27.3617
1974	-0.0154151	0.51884	0.597969	27.3683
1975	-0.0145283	0.519035	0.598425	27.3748
1976	-0.0145119	0.51923	0.598011	27.3813
1977	-0.0143638	0.519422	0.597281	27.3878
1978	-0.0144895	0.519616	0.596551	27.3943
