#	<x>	stDevX	<E>	stDevE
0	3.32488	0	9.95331	0
1	2.7478	3.03634	8.75445	9.35388
2	3.00867	4.28099	8.34882	12.7546
3	3.15784	5.29972	7.77537	15.0827
4	2.98847	6.09106	9.36912	17.6804
5	2.61748	6.65049	10.0943	20.2347
6	2.30312	7.05042	9.46639	22.312
7	1.69118	7.22272	8.41063	23.8688
8	1.06219	7.19729	8.02788	25.2045
9	0.473578	7.01256	8.44191	26.5927
10	0.0984423	6.7482	8.57043	27.9467
11	0.245507	6.55563	8.87113	29.32
12	0.239871	6.38435	8.92757	30.647
13	0.265841	6.23886	8.15064	31.719
14	0.294477	6.1162	8.13753	32.7518
15	0.19604	5.98264	8.26398	33.7829
16	0.0657686	5.83086	8.28598	34.7881
17	0.0571592	5.6895	6.97749	35.4649
18	0.0280389	5.55258	6.5116	36.0264
19	0.140973	5.45022	6.71717	36.6269
20	0.205379	5.36927	6.81401	37.2401
21	0.146598	5.28231	6.69328	37.8194
22	0.0456231	5.18085	6.71119	38.395
23	0.0148049	5.07953	6.63675	38.9483
24	0.0457071	4.99019	6.1743	39.4045
25	0.147202	4.92551	5.78018	39.7818
26	0.182115	4.87141	5.45302	40.0969
27	0.236891	4.83087	5.19105	40.3647
28	0.169221	4.78076	4.86026	40.5748
29	0.0323226	4.709	4.3807	40.7029
30	-0.0441651	4.6272	3.58466	40.6967
31	-0.0155938	4.55398	2.80752	40.5651
32	0.0826083	4.50081	2.75594	40.4377
33	0.0951984	4.45224	2.63864	40.3027
34	0.0796871	4.40336	2.30027	40.1232
35	0.139227	4.36642	2.0902	39.9217
36	0.19969	4.34105	1.66019	39.6629
37	0.205626	4.31804	1.52998	39.3967
38	0.258965	4.30473	1.64388	39.1617
39	0.338686	4.30485	1.75824	38.9563
40	0.337697	4.30545	1.68646	38.7505
41	0.329609	4.3054	1.76325	38.5666
42	0.374474	4.31269	1.99858	38.4275
43	0.457141	4.33268	2.34828	38.3486
44	0.497808	4.35876	2.61589	38.3155
45	0.452818	4.37822	2.71824	38.3025
46	0.40089	4.39027	2.88901	38.3187
47	0.358809	4.39653	3.09899	38.3686
48	0.336608	4.39997	3.27069	38.4458
49	0.312903	4.40046	3.03891	38.4928
50	0.284808	4.39747	3.04589	38.5434
51	0.285962	4.39509	3.08165	38.6016
52	0.260951	4.38974	2.87811	38.6344
53	0.217087	4.37894	2.72013	38.6485
54	0.17565	4.36316	2.49936	38.636
55	0.174663	4.34788	2.45229	38.6206
56	0.18043	4.33394	2.25916	38.583
57	0.203246	4.32354	1.99487	38.5145
58	0.214516	4.31507	2.03376	38.4549
59	0.210483	4.30652	2.13335	38.4117
60	0.206197	4.29785	2.12906	38.3712
61	0.199281	4.28873	2.17069	38.3391
62	0.210805	4.28145	2.1906	38.3123
63	0.193498	4.27241	2.21545	38.2914
64	0.185821	4.2628	2.33187	38.2873
65	0.162703	4.25076	2.42219	38.2965
66	0.159129	4.2387	2.43342	38.3091
67	0.141877	4.22496	2.34655	38.3131
68	0.167058	4.21465	2.30811	38.3144
69	0.183717	4.20668	2.36677	38.3246
70	0.21582	4.20281	2.40308	38.3408
71	0.204999	4.19793	2.38125	38.3561
72	0.22367	4.19548	2.39336	38.3743
73	0.241716	4.19533	2.30816	38.3842
74	0.200811	4.19068	2.41111	38.4075
75	0.166554	4.18237	2.53364	38.4461
76	0.160605	4.17367	2.65344	38.4993
77	0.153712	4.16447	2.74233	38.5635
78	0.132094	4.15313	2.82935	38.6381
79	0.132355	4.14213	2.9289	38.7243
80	0.124694	4.13057	2.95257	38.8136
81	0.151083	4.1222	2.98556	38.9068
82	0.175221	4.11672	2.86046	38.9867
83	0.152241	4.10895	2.76913	39.0571
84	0.14014	4.10011	2.7371	39.1245
85	0.137958	4.09127	2.55149	39.1726
86	0.135382	4.0824	2.19121	39.183
87	0.157463	4.07609	2.05957	39.1806
88	0.169699	4.07128	1.99684	39.1729
89	0.175138	4.06721	2.08038	39.1752
90	0.21022	4.06697	2.14705	39.1856
91	0.216603	4.06751	2.00685	39.1825
92	0.190706	4.06549	2.10369	39.1905
93	0.172381	4.06172	2.20102	39.2096
94	0.159423	4.05679	2.23227	39.2327
95	0.166902	4.05277	2.16541	39.2498
96	0.187412	4.05098	2.18519	39.2698
97	0.205174	4.05109	2.21252	39.2934
98	0.203605	4.05115	2.14397	39.3108
99	0.205243	4.05147	2.08322	39.3231
100	0.187881	4.05016	1.94872	39.3228
101	0.127274	4.043	2.11576	39.34
102	0.0887385	4.03222	2.23529	39.3696
103	0.0525672	4.01811	2.33762	39.4098
104	0.0219972	4.00125	2.34654	39.4514
105	-0.0271519	3.97988	2.50482	39.5088
106	-0.0715184	3.95454	2.6863	39.584
107	-0.116457	3.92521	2.84199	39.6742
108	-0.154676	3.89258	2.99822	39.7794
109	-0.152476	3.86054	3.03238	39.8876
110	-0.146412	3.82943	3.08202	40.0004
111	-0.150212	3.79832	3.16189	40.1204
112	-0.147436	3.76782	3.19123	40.243
113	-0.112735	3.74089	3.16738	40.363
114	-0.0808725	3.71723	3.20609	40.4864
115	-0.0426004	3.69737	3.32134	40.62
116	-0.00195671	3.68149	3.44873	40.7651
117	0.0194025	3.66777	3.4969	40.914
118	0.045805	3.65664	3.57287	41.0693
119	0.0739319	3.64822	3.58547	41.2252
120	0.095815	3.64192	3.61296	41.383
121	0.115936	3.63754	3.65261	41.5438
122	0.120716	3.63368	3.62041	41.7011
123	0.124763	3.63028	3.37575	41.8359
124	0.139741	3.6283	3.25698	41.9597
125	0.14299	3.62667	3.22769	42.0806
126	0.115362	3.62268	3.14375	42.1938
127	0.112977	3.61856	3.08243	42.3014
128	0.118388	3.615	3.13391	42.4132
129	0.116083	3.61132	3.15248	42.5265
130	0.116206	3.60773	3.21289	42.6447
131	0.12612	3.60508	3.27094	42.7678
132	0.13083	3.6029	3.31663	42.8944
133	0.152975	3.6027	3.34668	43.0233
134	0.185112	3.60531	3.42116	43.1582
135	0.202019	3.60938	3.45708	43.2958
136	0.208563	3.61404	3.48794	43.4355
137	0.235716	3.62101	3.60852	43.5851
138	0.237283	3.62811	3.67099	43.7394
139	0.240041	3.63544	3.72487	43.8977
140	0.225826	3.64156	3.79199	44.0611
141	0.220129	3.64722	3.84394	44.2282
142	0.227222	3.65347	3.92987	44.4019
143	0.223463	3.65941	3.96819	44.5781
144	0.226589	3.66561	4.05506	44.7607
145	0.225123	3.67168	4.13699	44.9495
146	0.216562	3.67706	4.10612	45.1349
147	0.217143	3.68249	4.05	45.3149
148	0.225162	3.68858	4.02949	45.4927
149	0.213185	3.6937	4.03102	45.6698
150	0.199934	3.69774	4.04787	45.8477
151	0.18817	3.70085	4.10223	46.0292
152	0.199579	3.7049	4.14	46.2132
153	0.199725	3.70897	4.18533	46.4
154	0.205064	3.71349	4.19088	46.5866
155	0.20683	3.71815	4.13895	46.7684
156	0.195856	3.72194	4.13683	46.9492
157	0.178574	3.72438	4.17785	47.1327
158	0.19046	3.72779	4.1412	47.3126
159	0.199713	3.73193	4.13217	47.4911
160	0.210963	3.73697	4.13827	47.6694
161	0.223312	3.74298	4.11864	47.8456
162	0.23993	3.75029	4.16292	48.0245
163	0.252645	3.75857	4.23056	48.2081
164	0.263303	3.76767	4.28766	48.3955
165	0.254302	3.77605	4.19384	48.5749
166	0.248917	3.784	4.19763	48.754
167	0.250423	3.79206	4.19492	48.9322
168	0.235421	3.79894	4.1972	49.11
169	0.22597	3.8051	4.13987	49.2828
170	0.223773	3.81109	4.09793	49.4518
171	0.24906	3.81899	4.14407	49.6237
172	0.272444	3.82866	4.12029	49.7933
173	0.266845	3.83787	4.05972	49.9577
174	0.24695	3.84557	4.08591	50.1236
175	0.240214	3.85275	4.12288	50.2917
176	0.242435	3.86008	4.13064	50.4598
177	0.257135	3.8685	4.11836	50.6265
178	0.276574	3.87836	4.13843	50.7941
179	0.277872	3.88828	4.14176	50.9615
180	0.285124	3.89872	4.18339	51.1314
181	0.297829	3.91007	4.20356	51.3022
182	0.311221	3.92237	4.23564	51.4749
183	0.326756	3.93578	4.23358	51.6469
184	0.337979	3.94997	4.24763	51.8193
185	0.327606	3.96335	4.21179	51.9885
186	0.314028	3.9757	4.19442	52.156
187	0.306329	3.98745	4.15482	52.3201
188	0.305264	3.99909	4.16408	52.4843
189	0.318587	4.01166	4.18684	52.6497
190	0.338676	4.02564	4.22525	52.8173
191	0.335547	4.03935	4.19534	52.9823
192	0.342207	4.0535	4.16512	53.1446
193	0.334422	4.06704	4.1467	53.3051
194	0.331202	4.08031	4.15071	53.4655
195	0.32088	4.0928	4.15502	53.6256
196	0.306244	4.10422	4.17206	53.7865
197	0.285437	4.11413	4.14937	53.9454
198	0.282379	4.1238	4.09978	54.1002
199	0.279423	4.13323	4.03356	54.25
200	0.271906	4.14212	3.99002	54.3963
201	0.272294	4.15102	3.95135	54.5395
202	0.278785	4.16035	3.96906	54.6835
203	0.275041	4.1694	3.97305	54.8275
204	0.270109	4.17809	3.98676	54.972
205	0.269886	4.18674	3.95255	55.1138
206	0.27334	4.19562	3.91389	55.2525
207	0.274589	4.20456	3.8369	55.3856
208	0.280791	4.21392	3.71264	55.5098
209	0.275899	4.22292	3.68971	55.6321
210	0.273804	4.23175	3.69961	55.7548
211	0.270674	4.24035	3.67812	55.8758
212	0.259976	4.2482	3.65548	55.995
213	0.251369	4.25546	3.66048	56.1143
214	0.239541	4.26189	3.68031	56.2346
215	0.233972	4.26794	3.65814	56.3533
216	0.219283	4.273	3.61515	56.4687
217	0.20616	4.27716	3.63066	56.585
218	0.198564	4.28082	3.63647	56.7014
219	0.188484	4.2838	3.64114	56.8179
220	0.184697	4.28654	3.61355	56.9323
221	0.188184	4.28952	3.58208	57.0444
222	0.196256	4.29304	3.57561	57.1558
223	0.200248	4.29684	3.57111	57.2668
224	0.19857	4.30054	3.52459	57.3744
225	0.195173	4.30401	3.52938	57.4821
226	0.197166	4.30762	3.54494	57.5907
227	0.202117	4.31156	3.56636	57.7005
228	0.196642	4.31514	3.54802	57.8089
229	0.198906	4.31888	3.52839	57.9158
230	0.195169	4.32237	3.54176	58.0233
231	0.192693	4.32571	3.50038	58.128
232	0.201443	4.32963	3.50345	58.2327
233	0.206165	4.33385	3.53987	58.3396
234	0.210457	4.33836	3.51865	58.4449
235	0.204617	4.34249	3.49092	58.5482
236	0.203401	4.34654	3.4819	58.6508
237	0.203607	4.35061	3.45712	58.7516
238	0.209579	4.35507	3.43842	58.851
239	0.216985	4.36	3.38996	58.9472
240	0.224268	4.3654	3.3378	59.0398
241	0.234134	4.37143	3.29253	59.1294
242	0.230398	4.37721	3.19698	59.2128
243	0.227075	4.38278	3.16201	59.2938
244	0.213033	4.38744	3.15371	59.3743
245	0.205127	4.3916	3.13152	59.4532
246	0.201834	4.39556	3.11045	59.5308
247	0.213987	4.40028	3.10219	59.6077
248	0.222005	4.40551	3.12567	59.686
249	0.221992	4.41074	3.11124	59.7634
250	0.214804	4.41551	3.11699	59.8411
251	0.215259	4.42031	3.14601	59.9205
252	0.2035	4.42437	3.13371	59.999
253	0.19522	4.42791	3.12401	60.0769
254	0.186109	4.43089	3.13842	60.1556
255	0.177305	4.43332	3.0999	60.2318
256	0.17246	4.43545	3.06789	60.306
257	0.168723	4.43737	3.08258	60.381
258	0.174466	4.43965	3.095	60.4567
259	0.179432	4.44224	3.0948	60.5324
260	0.185101	4.44519	3.04667	60.605
261	0.185696	4.44818	2.98969	60.674
262	0.186861	4.45125	2.97127	60.7418
263	0.192049	4.45464	2.96598	60.8093
264	0.19825	4.45842	2.93282	60.8747
265	0.195647	4.46203	2.89551	60.9378
266	0.194601	4.46559	2.85542	60.9985
267	0.182774	4.46842	2.87376	61.0602
268	0.172294	4.47063	2.87697	61.1221
269	0.165481	4.47242	2.89876	61.1853
270	0.170191	4.47451	2.87699	61.2472
271	0.162145	4.47612	2.8555	61.3077
272	0.167784	4.47808	2.85984	61.3685
273	0.175516	4.48052	2.87569	61.4303
274	0.184792	4.48352	2.91936	61.4946
275	0.18848	4.48674	2.9252	61.5593
276	0.192105	4.49019	2.94644	61.6252
277	0.193116	4.4937	2.98374	61.6932
278	0.196949	4.49743	3.01493	61.7632
279	0.198994	4.5013	3.02153	61.8334
280	0.199378	4.50518	3.01966	61.9035
281	0.198803	4.50903	3.05108	61.9754
282	0.198408	4.51286	3.02355	62.0456
283	0.195038	4.51649	3.00228	62.1145
284	0.189055	4.51976	2.98482	62.1823
285	0.183395	4.52271	2.96174	62.2487
286	0.177979	4.52534	2.92678	62.313
287	0.177556	4.52795	2.87431	62.3742
288	0.169441	4.53008	2.85216	62.434
289	0.172569	4.53241	2.85516	62.4941
290	0.167524	4.53444	2.84259	62.5533
291	0.160171	4.53606	2.84596	62.6127
292	0.151647	4.53718	2.84741	62.6722
293	0.150105	4.53822	2.82961	62.7307
294	0.149815	4.53926	2.80409	62.7876
295	0.155651	4.54064	2.8048	62.8445
296	0.160971	4.54234	2.80089	62.9013
297	0.162805	4.54416	2.79215	62.9575
298	0.172529	4.54654	2.81949	63.0152
299	0.165209	4.5485	2.81244	63.0726
300	0.158728	4.5501	2.83945	63.1315
301	0.147854	4.55108	2.87653	63.1925
302	0.149637	4.55217	2.90158	63.2549
303	0.159976	4.55386	2.92474	63.3185
304	0.174827	4.55641	2.97941	63.3853
305	0.189534	4.5598	3.046	63.4558
306	0.200586	4.56382	3.04861	63.5265
307	0.210111	4.56838	3.0807	63.5988
308	0.2133	4.57312	3.03388	63.6685
309	0.219924	4.57823	3.01676	63.7371
310	0.214621	4.58304	3.00475	63.805
311	0.208571	4.5875	2.98358	63.8716
312	0.216882	4.59243	3.00251	63.9393
313	0.228179	4.59799	3.00225	64.0069
314	0.243221	4.6044	3.05042	64.0771
315	0.253388	4.61136	3.0482	64.1472
316	0.260515	4.61871	3.0567	64.2177
317	0.267197	4.62643	3.05672	64.2881
318	0.268861	4.63422	3.06322	64.3588
319	0.263327	4.6417	3.0881	64.4308
320	0.273693	4.64974	3.12823	64.505
321	0.284826	4.65838	3.15567	64.5807
322	0.282891	4.6669	3.16786	64.6569
323	0.282473	4.67539	3.19631	64.7347
324	0.280919	4.68377	3.21417	64.8133
325	0.282842	4.69224	3.20344	64.8913
326	0.291722	4.70119	3.23296	64.9708
327	0.293559	4.71023	3.24704	65.051
328	0.300148	4.71961	3.26638	65.1322
329	0.31175	4.72961	3.3026	65.2153
330	0.315522	4.7398	3.24746	65.2952
331	0.319472	4.75018	3.25288	65.3754
332	0.323128	4.76074	3.22821	65.4541
333	0.326972	4.7715	3.2012	65.5312
334	0.326055	4.78218	3.15537	65.6057
335	0.321325	4.79258	3.13475	65.6791
336	0.322819	4.80305	3.11963	65.7515
337	0.315552	4.8131	3.12501	65.8242
338	0.305959	4.82261	3.12463	65.8968
339	0.306877	4.83215	3.13047	65.9696
340	0.304288	4.84153	3.10897	66.0412
341	0.304596	4.85092	3.08203	66.1113
342	0.302234	4.86016	3.05765	66.18
343	0.291812	4.86882	3.04874	66.2482
344	0.285565	4.87713	3.04938	66.3163
345	0.284068	4.88535	3.05407	66.3846
346	0.287532	4.89374	3.05137	66.4527
347	0.291933	4.90235	3.07301	66.522
348	0.283836	4.91051	3.09864	66.5925
349	0.284604	4.9187	3.09152	66.6626
350	0.29107	4.92722	3.10886	66.7335
351	0.294701	4.93592	3.1255	66.8053
352	0.293717	4.94456	3.15584	66.8786
353	0.291711	4.95307	3.1595	66.952
354	0.290535	4.96151	3.16794	67.0258
355	0.29898	4.97038	3.21135	67.1019
356	0.305184	4.97956	3.24725	67.1797
357	0.309199	4.98894	3.28358	67.2594
358	0.308274	4.99825	3.31324	67.3405
359	0.31667	5.00799	3.33153	67.4225
360	0.323056	5.01805	3.35998	67.5059
361	0.333172	5.02862	3.34977	67.5887
362	0.338372	5.03944	3.28135	67.6678
363	0.333396	5.04999	3.27913	67.7467
364	0.321382	5.05988	3.2985	67.8265
365	0.310137	5.06917	3.32104	67.9074
366	0.295564	5.07769	3.37725	67.9911
367	0.28625	5.08571	3.40559	68.0762
368	0.282018	5.09349	3.39604	68.1607
369	0.280531	5.10118	3.41074	68.2458
370	0.276522	5.10866	3.41216	68.3309
371	0.270719	5.11583	3.36908	68.4137
372	0.272866	5.12309	3.3372	68.4948
373	0.275167	5.13047	3.29872	68.5737
374	0.281791	5.13817	3.29413	68.6524
375	0.284166	5.14599	3.28713	68.7306
376	0.290948	5.15414	3.2744	68.808
377	0.295299	5.1625	3.26219	68.8847
378	0.29882	5.17104	3.2359	68.96
379	0.297568	5.17949	3.22984	69.0349
380	0.292553	5.18768	3.21392	69.109
381	0.294244	5.19593	3.22334	69.1834
382	0.296688	5.2043	3.19744	69.2564
383	0.290345	5.21234	3.2013	69.3296
384	0.295303	5.22061	3.21911	69.4036
385	0.299709	5.2291	3.23469	69.4783
386	0.300786	5.23763	3.23825	69.5531
387	0.299179	5.24606	3.22051	69.6269
388	0.297246	5.25438	3.19851	69.6995
389	0.294059	5.26253	3.19699	69.772
390	0.290143	5.27047	3.19619	69.8444
391	0.282081	5.27799	3.20394	69.9171
392	0.275541	5.28516	3.14931	69.987
393	0.279508	5.29253	3.14611	70.0566
394	0.287814	5.30031	3.1511	70.1265
395	0.288236	5.3081	3.15951	70.1967
396	0.286855	5.3158	3.17637	70.2676
397	0.285095	5.32341	3.19569	70.3395
398	0.28278	5.33089	3.2099	70.412
399	0.28198	5.33832	3.22363	70.4852
400	0.28649	5.34597	3.23573	70.5588
401	0.289614	5.35376	3.26494	70.6339
402	0.293469	5.36173	3.28637	70.7099
403	0.289639	5.3695	3.30738	70.7869
404	0.284914	5.37702	3.30563	70.8637
405	0.28321	5.38445	3.32641	70.9415
406	0.279901	5.3917	3.34912	71.0203
407	0.273624	5.39864	3.37553	71.1003
408	0.27284	5.40552	3.39856	71.1814
409	0.27524	5.41252	3.42342	71.2636
410	0.277207	5.4196	3.45236	71.3472
411	0.275256	5.42658	3.44821	71.4304
412	0.271356	5.43336	3.47434	71.5149
413	0.265642	5.43985	3.47676	71.5993
414	0.260775	5.4461	3.48328	71.684
415	0.255645	5.45208	3.49185	71.769
416	0.252513	5.45791	3.49527	71.8541
417	0.241426	5.46318	3.50821	71.9397
418	0.234903	5.46814	3.5117	72.0253
419	0.229181	5.47281	3.52678	72.1116
420	0.228061	5.47742	3.53406	72.1981
421	0.228895	5.48207	3.53987	72.2849
422	0.227311	5.48664	3.54236	72.3716
423	0.222753	5.49099	3.54892	72.4586
424	0.222266	5.49531	3.56095	72.546
425	0.21545	5.4993	3.58272	72.6344
426	0.211614	5.5031	3.59461	72.7232
427	0.213516	5.50699	3.61205	72.8128
428	0.211196	5.51077	3.62695	72.903
429	0.205038	5.51425	3.63888	72.9937
430	0.19868	5.51742	3.65765	73.0851
431	0.198939	5.52061	3.66457	73.1768
432	0.199732	5.52383	3.6762	73.2689
433	0.196382	5.52689	3.67994	73.3611
434	0.187964	5.52955	3.66858	73.4526
435	0.183998	5.53203	3.68002	73.5445
436	0.184023	5.5345	3.67951	73.6363
437	0.182937	5.53692	3.67991	73.7281
438	0.181382	5.53927	3.69929	73.8206
439	0.176929	5.54142	3.69892	73.913
440	0.173142	5.54338	3.69894	74.0053
441	0.166723	5.54504	3.69268	74.0971
442	0.160906	5.54643	3.71056	74.1897
443	0.157106	5.54764	3.72455	74.2829
444	0.146801	5.54837	3.7463	74.377
445	0.143744	5.54896	3.75555	74.4714
446	0.140887	5.54942	3.7407	74.5649
447	0.139313	5.54981	3.72076	74.6574
448	0.138452	5.55017	3.73335	74.7504
449	0.137447	5.55048	3.74567	74.8439
450	0.131161	5.55051	3.77014	74.9384
451	0.122288	5.55012	3.80966	75.0346
452	0.119837	5.54963	3.824	75.1314
453	0.118536	5.54909	3.80911	75.2274
454	0.117396	5.5485	3.82914	75.3242
455	0.118728	5.54798	3.84739	75.4217
456	0.116905	5.54738	3.85587	75.5195
457	0.115118	5.54671	3.86154	75.6174
458	0.113066	5.54595	3.84249	75.7143
459	0.105635	5.54485	3.84028	75.811
460	0.0990193	5.54345	3.82107	75.9067
461	0.0986427	5.54205	3.78334	76.0005
462	0.0927158	5.54038	3.78322	76.0942
463	0.0873059	5.53846	3.7778	76.1875
464	0.078055	5.53613	3.77549	76.2806
465	0.0751813	5.53368	3.77159	76.3734
466	0.0669229	5.53086	3.78199	76.4666
467	0.0657848	5.528	3.77249	76.5593
468	0.0694746	5.52532	3.75191	76.6508
469	0.0707831	5.52271	3.74657	76.742
470	0.0664675	5.51992	3.74682	76.8332
471	0.0693336	5.51727	3.75648	76.9246
472	0.0678597	5.51456	3.77086	77.0166
473	0.0621393	5.51161	3.78571	77.1092
474	0.0577007	5.50846	3.80791	77.2027
475	0.0524688	5.50508	3.83265	77.2973
476	0.0535264	5.50177	3.84912	77.3924
477	0.0566329	5.49861	3.86027	77.488
478	0.0600424	5.49562	3.86808	77.5838
479	0.0602041	5.49265	3.88413	77.6802
480	0.0596717	5.48967	3.90324	77.7773
481	0.0595862	5.48669	3.91381	77.8749
482	0.066337	5.48404	3.92757	77.9729
483	0.0720418	5.48165	3.92564	78.0707
484	0.0704066	5.4792	3.92885	78.1686
485	0.0685185	5.47668	3.92536	78.2662
486	0.068572	5.47417	3.91101	78.363
487	0.070406	5.47175	3.89224	78.4588
488	0.0705623	5.46936	3.86055	78.5531
489	0.0720835	5.46704	3.81813	78.6454
490	0.0711697	5.46469	3.80723	78.7371
491	0.072724	5.46242	3.8112	78.8288
492	0.0773578	5.46037	3.81671	78.9207
493	0.0789335	5.45839	3.81412	79.0124
494	0.0827766	5.45661	3.81449	79.104
495	0.0848665	5.45492	3.80476	79.195
496	0.0889723	5.45343	3.81217	79.2863
497	0.0901304	5.452	3.81271	79.3775
498	0.0891857	5.45053	3.82662	79.4692
499	0.084872	5.44888	3.82135	79.5606
500	0.0836286	5.44718	3.81813	79.6517
501	0.0863847	5.44562	3.82517	79.7431
502	0.087331	5.4441	3.81999	79.8341
503	0.0923242	5.44282	3.82564	79.9252
504	0.0985752	5.44182	3.81934	80.016
505	0.0952987	5.44068	3.8071	80.1061
506	0.0925139	5.43943	3.80548	80.1961
507	0.0941816	5.43826	3.76163	80.284
508	0.0949031	5.43713	3.77086	80.3722
509	0.0971273	5.4361	3.77048	80.4603
510	0.101127	5.43526	3.79161	80.5493
511	0.108166	5.43473	3.80976	80.639
512	0.115037	5.43452	3.83103	80.7295
513	0.118022	5.43444	3.84416	80.8204
514	0.11199	5.4341	3.8726	80.9126
515	0.115153	5.43391	3.88484	81.0051
516	0.122926	5.43406	3.91409	81.0989
517	0.132	5.43462	3.9421	81.1937
518	0.13636	5.43537	3.94113	81.2885
519	0.137471	5.43617	3.93432	81.3828
520	0.137344	5.43698	3.90818	81.4758
521	0.132472	5.43757	3.90722	81.5688
522	0.128366	5.43798	3.9107	81.6617
523	0.124142	5.43822	3.90344	81.7543
524	0.119928	5.43828	3.89208	81.8462
525	0.120786	5.43838	3.85983	81.9367
526	0.122214	5.43854	3.83892	82.0261
527	0.120764	5.43865	3.81035	82.1142
528	0.117905	5.43864	3.77422	82.2007
529	0.11533	5.43852	3.76591	82.2867
530	0.113767	5.43834	3.76491	82.3725
531	0.11646	5.43828	3.75933	82.458
532	0.116114	5.43821	3.74872	82.543
533	0.119734	5.4383	3.76068	82.6284
534	0.113603	5.43813	3.74069	82.7129
535	0.107394	5.4377	3.74918	82.7976
536	0.101762	5.43703	3.74699	82.8822
537	0.0986544	5.43624	3.75445	82.967
538	0.0963014	5.43535	3.74484	83.0513
539	0.0977416	5.43452	3.7293	83.1348
540	0.100081	5.43381	3.704	83.2172
541	0.0971125	5.43297	3.68647	83.2987
542	0.0930625	5.43196	3.66655	83.3793
543	0.0932663	5.43097	3.63309	83.4584
544	0.0930108	5.42998	3.6394	83.5377
545	0.0982689	5.42921	3.65983	83.6178
546	0.0996815	5.42851	3.67519	83.6985
547	0.0941168	5.42758	3.68316	83.7794
548	0.0916716	5.42656	3.69019	83.8606
549	0.0855238	5.42527	3.6982	83.942
550	0.0842544	5.42394	3.70127	84.0234
551	0.0872787	5.42275	3.69247	84.1045
552	0.0839143	5.42142	3.67895	84.1848
553	0.0794405	5.4199	3.66867	84.2647
554	0.0758311	5.41824	3.67743	84.3448
555	0.0723374	5.41644	3.66343	84.4243
556	0.0746894	5.41475	3.67827	84.5043
557	0.0769456	5.41316	3.68994	84.5848
558	0.078199	5.41163	3.701	84.6656
559	0.0751057	5.40997	3.70868	84.7467
560	0.0714546	5.40817	3.72294	84.8283
561	0.069472	5.40629	3.70901	84.9093
562	0.0684766	5.40438	3.71	84.9902
563	0.0714533	5.4026	3.7072	85.0709
564	0.0756188	5.40101	3.70175	85.1513
565	0.0719939	5.39927	3.71089	85.232
566	0.0688631	5.3974	3.71236	85.3127
567	0.0662288	5.39543	3.7088	85.3932
568	0.0600082	5.39321	3.70016	85.4733
569	0.0579409	5.39091	3.68832	85.5527
570	0.0575341	5.3886	3.68773	85.6321
571	0.0607984	5.38644	3.68481	85.7113
572	0.0633089	5.38439	3.66391	85.7895
573	0.060835	5.38224	3.61805	85.8658
574	0.0567332	5.37993	3.60036	85.9412
575	0.0530385	5.37747	3.59919	86.0166
576	0.0494809	5.37488	3.59432	86.0916
577	0.0464206	5.37216	3.58268	86.1661
578	0.0415764	5.36926	3.58071	86.2405
579	0.0370091	5.36617	3.58387	86.3149
580	0.0330513	5.36293	3.57689	86.389
581	0.0339856	5.35973	3.54423	86.4617
582	0.0345234	5.35657	3.53323	86.5338
583	0.0381292	5.35357	3.53408	86.606
584	0.0411984	5.3507	3.54398	86.6784
585	0.0374913	5.34769	3.55366	86.7512
586	0.0362814	5.34463	3.54708	86.8237
587	0.0358054	5.34157	3.54272	86.896
588	0.0369504	5.33856	3.55341	86.9686
589	0.0353414	5.3355	3.55085	87.041
590	0.0372559	5.33252	3.55101	87.1134
591	0.035595	5.32948	3.53453	87.1851
592	0.036387	5.32649	3.53406	87.2567
593	0.0371507	5.32353	3.53465	87.3282
594	0.0365655	5.32056	3.53377	87.3997
595	0.0353753	5.31755	3.54065	87.4714
596	0.0363341	5.31459	3.54713	87.5433
597	0.0349413	5.31158	3.55703	87.6155
598	0.0340163	5.30854	3.54408	87.6871
599	0.0309278	5.30539	3.54555	87.7588
600	0.0273583	5.30209	3.53629	87.83
601	0.0218702	5.29859	3.54054	87.9013
602	0.0194572	5.29499	3.53838	87.9725
603	0.0195935	5.29141	3.52459	88.043
604	0.014379	5.28762	3.52639	88.1136
605	0.0114484	5.28373	3.52737	88.1842
606	0.0100312	5.27979	3.53697	88.2551
607	0.0104539	5.27588	3.53399	88.3258
608	0.0163096	5.27221	3.53761	88.3966
609	0.0220743	5.26879	3.54982	88.4678
610	0.0263354	5.26555	3.56925	88.5398
611	0.0278792	5.26238	3.58041	88.6122
612	0.0279352	5.25922	3.58977	88.6849
613	0.032085	5.25623	3.60279	88.758
614	0.0331734	5.2533	3.59089	88.8306
615	0.0358787	5.25049	3.59077	88.9032
616	0.0443353	5.24802	3.59761	88.9759
617	0.0464165	5.24565	3.60495	89.0489
618	0.0490985	5.24339	3.61716	89.1223
619	0.0513314	5.24122	3.62842	89.1962
620	0.0510762	5.23906	3.63108	89.27
621	0.0530871	5.23698	3.64482	89.3444
622	0.0521421	5.23487	3.65728	89.4192
623	0.0525257	5.23278	3.66688	89.4943
624	0.0524523	5.23069	3.67845	89.5698
625	0.0512818	5.22857	3.67501	89.6451
626	0.0510756	5.22644	3.6767	89.7204
627	0.0530023	5.2244	3.67589	89.7956
628	0.0510726	5.22228	3.67616	89.8708
629	0.0518079	5.22021	3.66175	89.9453
630	0.0521524	5.21815	3.6493	90.0193
631	0.0528355	5.21613	3.66027	90.0937
632	0.0548428	5.21419	3.66754	90.1682
633	0.0578039	5.21238	3.67997	90.2432
634	0.0620179	5.21074	3.68841	90.3185
635	0.0689114	5.20938	3.69523	90.394
636	0.0708325	5.2081	3.70664	90.4699
637	0.0749658	5.20698	3.72563	90.5465
638	0.0759216	5.20592	3.7254	90.6229
639	0.0721547	5.2047	3.74016	90.7
640	0.0698572	5.20341	3.75563	90.7775
641	0.0686613	5.20207	3.7657	90.8554
642	0.0733845	5.20092	3.76897	90.9334
643	0.0710275	5.19968	3.73867	91.01
644	0.0666221	5.19828	3.73626	91.0866
645	0.0653784	5.19683	3.73028	91.1628
646	0.0641684	5.19534	3.72743	91.2389
647	0.0692087	5.19405	3.73439	91.3151
648	0.069593	5.19278	3.73187	91.3912
649	0.0683977	5.19147	3.73546	91.4674
650	0.0721097	5.19031	3.73253	91.5434
651	0.0735113	5.18921	3.71834	91.6188
652	0.0730632	5.1881	3.7213	91.6943
653	0.07024	5.18689	3.71207	91.7693
654	0.0653951	5.18548	3.72678	91.8448
655	0.0642815	5.18404	3.72538	91.9202
656	0.0641736	5.1826	3.72158	91.9954
657	0.062272	5.1811	3.72345	92.0707
658	0.0594682	5.17949	3.73938	92.1464
659	0.0599032	5.1779	3.74816	92.2225
660	0.0609565	5.17635	3.76187	92.299
661	0.0625184	5.17488	3.7651	92.3756
662	0.0611065	5.17335	3.77216	92.4524
663	0.0603665	5.1718	3.78294	92.5296
664	0.0604703	5.17026	3.7898	92.6069
665	0.0589808	5.16866	3.78753	92.6842
666	0.0604777	5.16713	3.79906	92.7617
667	0.0602773	5.1656	3.80682	92.8396
668	0.0602578	5.16407	3.81484	92.9176
669	0.066971	5.16281	3.83241	92.9963
670	0.0703241	5.16168	3.82427	93.0746
671	0.0733413	5.16067	3.82994	93.1531
672	0.0764349	5.15978	3.84266	93.232
673	0.0838626	5.15919	3.86853	93.3118
674	0.0891233	5.1588	3.89208	93.3924
675	0.0892561	5.15842	3.88506	93.4727
676	0.0853298	5.15789	3.88223	93.5529
677	0.0811701	5.1572	3.89396	93.6334
678	0.0797762	5.15647	3.88287	93.7134
679	0.0787178	5.1557	3.86671	93.7928
680	0.079393	5.15496	3.88061	93.8726
681	0.0809221	5.15428	3.89029	93.9527
682	0.0797669	5.15356	3.89786	94.033
683	0.0767846	5.15273	3.91338	94.1139
684	0.0750116	5.15184	3.91327	94.1947
685	0.074577	5.15093	3.90834	94.2752
686	0.0752372	5.15006	3.89954	94.3553
687	0.0801852	5.14937	3.91234	94.4359
688	0.0862686	5.14892	3.92832	94.517
689	0.0934326	5.14875	3.94036	94.5985
690	0.0964586	5.1487	3.94606	94.6801
691	0.0971144	5.14867	3.95444	94.762
692	0.096994	5.14864	3.96114	94.844
693	0.0946901	5.14853	3.97545	94.9266
694	0.0935547	5.14837	3.97222	95.0089
695	0.0907902	5.14812	3.9536	95.0905
696	0.0929053	5.14794	3.94758	95.1718
697	0.0933624	5.14779	3.94621	95.2529
698	0.0957658	5.14773	3.94531	95.334
699	0.0996607	5.14782	3.96242	95.4156
700	0.10256	5.14803	3.97587	95.4977
701	0.101843	5.14821	3.98008	95.5799
702	0.097798	5.14823	3.99519	95.6625
703	0.0986198	5.1483	3.99557	95.7452
704	0.100348	5.14843	3.99181	95.8276
705	0.0990239	5.14851	3.9877	95.9097
706	0.0954595	5.14846	3.98459	95.9917
707	0.0981215	5.14851	3.99457	96.074
708	0.0997911	5.14863	3.9823	96.1558
709	0.100041	5.14876	3.98406	96.2376
710	0.097026	5.14878	3.9858	96.3193
711	0.0929428	5.14865	3.98665	96.4011
712	0.0905661	5.14843	3.98129	96.4825
713	0.091774	5.14826	3.97592	96.5637
714	0.0921875	5.14811	3.97861	96.645
715	0.0934144	5.14801	3.98406	96.7263
716	0.0941014	5.14793	3.99358	96.808
717	0.0952147	5.1479	4.0025	96.8899
718	0.0917945	5.14775	4.0024	96.9718
719	0.0881634	5.14746	3.99166	97.0532
720	0.0873748	5.14714	3.96079	97.1333
721	0.0884478	5.14687	3.93998	97.2127
722	0.0911984	5.14671	3.92681	97.2914
723	0.0897424	5.14649	3.91831	97.3698
724	0.0873068	5.14618	3.91781	97.4482
725	0.0853915	5.14581	3.89502	97.5256
726	0.0823626	5.14533	3.88517	97.6026
727	0.0834623	5.14489	3.88229	97.6794
728	0.0823907	5.14441	3.88393	97.7562
729	0.0808054	5.14388	3.88013	97.8328
730	0.0806286	5.14335	3.87984	97.9094
731	0.080409	5.14281	3.88934	97.9862
732	0.0777594	5.14217	3.89995	98.0634
733	0.0760894	5.14148	3.91295	98.141
734	0.0768018	5.14082	3.90497	98.2183
735	0.0763451	5.14014	3.90322	98.2954
736	0.0737526	5.13937	3.90895	98.3726
737	0.0759978	5.13869	3.91291	98.45
738	0.0778732	5.13808	3.89978	98.5268
739	0.0757781	5.13739	3.90955	98.6039
740	0.0755476	5.1367	3.91774	98.6813
741	0.0722333	5.1359	3.93084	98.7591
742	0.0725504	5.1351	3.92816	98.8367
743	0.0727444	5.13432	3.93381	98.9145
744	0.0698435	5.13344	3.94177	98.9925
745	0.064493	5.13236	3.95713	99.071
746	0.0611212	5.13116	3.952	99.1492
747	0.0574759	5.12983	3.96225	99.2278
748	0.0569224	5.12849	3.96623	99.3064
749	0.0579692	5.12719	3.9734	99.3853
750	0.0608749	5.126	3.97586	99.4642
751	0.0638281	5.12492	3.98917	99.5435
752	0.067068	5.12397	3.99174	99.6228
753	0.0694639	5.1231	3.99494	99.7022
754	0.0694838	5.12224	3.99289	99.7815
755	0.0673884	5.1213	3.98569	99.8604
756	0.0696632	5.12045	3.98075	99.9391
757	0.0689736	5.11958	3.97553	100.018
758	0.0675187	5.11866	3.95537	100.095
759	0.0643203	5.11763	3.94343	100.172
760	0.0569915	5.11634	3.94344	100.249
761	0.0545134	5.11495	3.93551	100.326
762	0.0535593	5.11354	3.93121	100.403
763	0.0558389	5.11222	3.94183	100.48
764	0.055632	5.11089	3.9469	100.557
765	0.0550205	5.10955	3.9533	100.634
766	0.05451	5.10818	3.94901	100.711
767	0.0551817	5.10685	3.95817	100.788
768	0.0578948	5.10562	3.94549	100.865
769	0.0572522	5.10437	3.94494	100.941
770	0.0588011	5.10318	3.93712	101.018
771	0.0581272	5.10197	3.92425	101.093
772	0.0574618	5.10074	3.9176	101.169
773	0.0574636	5.09951	3.88732	101.243
774	0.0587466	5.09833	3.85536	101.316
775	0.0601473	5.09721	3.84047	101.389
776	0.0628138	5.09618	3.83586	101.461
777	0.0618878	5.09513	3.81448	101.533
778	0.0590766	5.09398	3.81541	101.604
779	0.0598331	5.09286	3.81375	101.676
780	0.0622192	5.09182	3.81526	101.747
781	0.0624527	5.0908	3.81552	101.819
782	0.0618212	5.08976	3.80313	101.889
783	0.0595174	5.08864	3.80143	101.96
784	0.057634	5.08746	3.80244	102.031
785	0.0562969	5.08624	3.79364	102.101
786	0.0588234	5.0851	3.80261	102.172
787	0.0593064	5.08399	3.79654	102.242
788	0.0601518	5.08291	3.80281	102.313
789	0.0609598	5.08187	3.80847	102.384
790	0.0619741	5.08086	3.79827	102.454
791	0.0630902	5.07989	3.80212	102.524
792	0.0656594	5.07902	3.80146	102.595
793	0.066872	5.0782	3.80158	102.665
794	0.0668768	5.07738	3.80329	102.735
795	0.0643671	5.07647	3.81107	102.806
796	0.0606058	5.07544	3.81977	102.877
797	0.0572494	5.07429	3.82423	102.947
798	0.0563749	5.07311	3.81829	103.018
799	0.0575109	5.07197	3.82543	103.089
800	0.0601232	5.07093	3.8323	103.16
801	0.059694	5.06988	3.8411	103.231
802	0.0587365	5.0688	3.85287	103.303
803	0.0596425	5.06775	3.8598	103.375
804	0.0612881	5.06676	3.85886	103.447
805	0.0583855	5.06568	3.86906	103.519
806	0.0573318	5.06456	3.8793	103.591
807	0.0600119	5.06354	3.87019	103.663
808	0.0638181	5.06265	3.87935	103.735
809	0.0682695	5.06193	3.87794	103.808
810	0.0736453	5.0614	3.87386	103.88
811	0.0780439	5.06102	3.88337	103.952
812	0.0846686	5.06088	3.89101	104.024
813	0.0886031	5.06087	3.88534	104.097
814	0.0890543	5.06089	3.87376	104.168
815	0.0904036	5.06096	3.87038	104.24
816	0.0916014	5.06106	3.87272	104.312
817	0.0917638	5.06118	3.87537	104.383
818	0.0926507	5.06133	3.8857	104.455
819	0.0941823	5.06153	3.88515	104.527
820	0.0931116	5.0617	3.87883	104.599
821	0.094256	5.06191	3.88123	104.671
822	0.0973217	5.06223	3.88669	104.743
823	0.0979499	5.06257	3.88594	104.814
824	0.0978484	5.06291	3.8829	104.886
825	0.0972352	5.06323	3.87673	104.957
826	0.0944342	5.06345	3.87776	105.029
827	0.092981	5.06362	3.86868	105.1
828	0.0909126	5.06373	3.85765	105.17
829	0.0879487	5.06373	3.85388	105.241
830	0.0860205	5.06367	3.85904	105.311
831	0.0825946	5.06349	3.86618	105.382
832	0.0791751	5.0632	3.86619	105.453
833	0.0769535	5.06283	3.86861	105.523
834	0.0765875	5.06245	3.85404	105.594
835	0.0752585	5.06202	3.85465	105.664
836	0.0741251	5.06156	3.84016	105.733
837	0.0698412	5.06096	3.81889	105.802
838	0.0682211	5.0603	3.80921	105.871
839	0.070789	5.05973	3.80971	105.939
840	0.0719952	5.0592	3.80267	106.007
841	0.0739045	5.05875	3.79363	106.075
842	0.0714703	5.05821	3.78404	106.142
843	0.071845	5.05769	3.7747	106.209
844	0.0745924	5.05726	3.77222	106.276
845	0.0768227	5.05692	3.76734	106.343
846	0.0790849	5.05665	3.76352	106.409
847	0.0782784	5.05636	3.74797	106.475
848	0.0769691	5.05602	3.73803	106.541
849	0.0774268	5.0557	3.72743	106.606
850	0.0769804	5.05537	3.7241	106.671
851	0.0766262	5.05503	3.71627	106.736
852	0.076101	5.05468	3.71318	106.8
853	0.0759973	5.05432	3.6972	106.864
854	0.0758877	5.05396	3.67976	106.928
855	0.0744926	5.05355	3.67332	106.991
856	0.073291	5.05311	3.66839	107.054
857	0.0717341	5.05262	3.65988	107.116
858	0.0680976	5.052	3.63935	107.178
859	0.0632327	5.05122	3.63184	107.239
860	0.0601297	5.05034	3.63372	107.301
861	0.0588081	5.04941	3.61051	107.362
862	0.0569697	5.04843	3.61272	107.422
863	0.0561732	5.04742	3.61335	107.483
864	0.0564721	5.04642	3.60016	107.543
865	0.0564691	5.04543	3.58822	107.603
866	0.0563486	5.04443	3.5788	107.663
867	0.0549464	5.0434	3.58202	107.722
868	0.0534802	5.04231	3.59099	107.782
869	0.0522329	5.04118	3.6026	107.842
870	0.0499316	5.03998	3.61507	107.903
871	0.0488086	5.03875	3.62127	107.964
872	0.0453342	5.0374	3.63571	108.025
873	0.0413702	5.03592	3.64918	108.086
874	0.0384102	5.03434	3.65861	108.148
875	0.034926	5.03265	3.65537	108.21
876	0.0310513	5.03083	3.65083	108.272
877	0.0282056	5.02892	3.65819	108.333
878	0.0275276	5.02699	3.65983	108.395
879	0.026933	5.02504	3.65575	108.457
880	0.026054	5.02307	3.64793	108.518
881	0.0267722	5.02112	3.63471	108.579
882	0.0263063	5.01917	3.62853	108.64
883	0.0279785	5.01727	3.62434	108.7
884	0.0280036	5.01538	3.61068	108.76
885	0.0298365	5.01356	3.61749	108.82
886	0.0301916	5.01174	3.60425	108.88
887	0.0321002	5.01	3.60277	108.939
888	0.0331667	5.0083	3.60608	108.999
889	0.033879	5.00662	3.60413	109.059
890	0.0347216	5.00498	3.60521	109.118
891	0.036454	5.00339	3.60643	109.178
892	0.0359278	5.0018	3.60497	109.237
893	0.0335318	5.00012	3.60887	109.297
894	0.0327183	4.99842	3.61089	109.356
895	0.0335874	4.99676	3.60064	109.416
896	0.0357112	4.99517	3.59008	109.475
897	0.0350318	4.99356	3.59254	109.534
898	0.0340692	4.99192	3.5995	109.593
899	0.0337998	4.99027	3.60199	109.652
900	0.0345144	4.98866	3.59288	109.711
901	0.0329502	4.98699	3.59403	109.769
902	0.0325549	4.98531	3.58687	109.828
903	0.0308933	4.98358	3.57909	109.886
904	0.0296427	4.98182	3.58052	109.945
905	0.0284432	4.98002	3.58916	110.003
906	0.0262906	4.97814	3.59959	110.062
907	0.0228737	4.97616	3.60453	110.121
908	0.0210839	4.97413	3.60092	110.18
909	0.0193843	4.97204	3.6019	110.239
910	0.019899	4.96997	3.59864	110.297
911	0.0188977	4.96787	3.59269	110.356
912	0.0169209	4.96572	3.58499	110.414
913	0.0153095	4.96351	3.583	110.472
914	0.0163889	4.96134	3.57663	110.53
915	0.0131327	4.95907	3.58489	110.588
916	0.00957226	4.95668	3.59184	110.646
917	0.00868216	4.95427	3.5812	110.704
918	0.00684901	4.9518	3.56872	110.762
919	0.00874384	4.9494	3.55454	110.819
920	0.00850208	4.947	3.54126	110.875
921	0.00794951	4.94458	3.53458	110.932
922	0.0102127	4.94224	3.52978	110.988
923	0.0108467	4.93992	3.51456	111.043
924	0.0113628	4.93763	3.49916	111.098
925	0.0120975	4.93536	3.48776	111.153
926	0.0169111	4.93326	3.48208	111.207
927	0.0170693	4.93116	3.47951	111.262
928	0.0193537	4.92914	3.48885	111.316
929	0.0220824	4.92722	3.49304	111.371
930	0.0215214	4.92528	3.48595	111.425
931	0.0244731	4.92344	3.48953	111.48
932	0.0285612	4.92174	3.48983	111.534
933	0.033048	4.92019	3.50609	111.589
934	0.0384722	4.91882	3.52784	111.645
935	0.042018	4.91756	3.53649	111.701
936	0.0445575	4.9164	3.54401	111.757
937	0.0466245	4.9153	3.54554	111.813
938	0.0483306	4.91426	3.55403	111.87
939	0.0494077	4.91326	3.56538	111.926
940	0.0503161	4.91229	3.57184	111.983
941	0.0504737	4.91133	3.57945	112.041
942	0.0518894	4.91041	3.59049	112.098
943	0.0530761	4.90954	3.58686	112.155
944	0.0548972	4.90873	3.59328	112.213
945	0.0543774	4.90791	3.59492	112.27
946	0.0532547	4.90705	3.59395	112.328
947	0.0521184	4.90615	3.59849	112.386
948	0.0515547	4.90524	3.59675	112.443
949	0.0536664	4.9044	3.60277	112.501
950	0.0579627	4.90371	3.62155	112.559
951	0.0581424	4.90302	3.63191	112.618
952	0.0583893	4.90234	3.63819	112.676
953	0.0610309	4.90174	3.64747	112.735
954	0.0609869	4.90115	3.64964	112.794
955	0.0632188	4.90063	3.65395	112.854
956	0.0651872	4.90018	3.65381	112.913
957	0.0669378	4.89979	3.65081	112.972
958	0.0697728	4.89949	3.65064	113.031
959	0.0694784	4.89918	3.64956	113.09
960	0.0679294	4.89882	3.6454	113.148
961	0.067788	4.89846	3.64292	113.207
962	0.0683184	4.89812	3.64203	113.266
963	0.0684506	4.89778	3.64374	113.324
964	0.0704662	4.89752	3.6445	113.383
965	0.0692574	4.89721	3.64699	113.441
966	0.0665767	4.89682	3.64337	113.5
967	0.0639946	4.89635	3.63832	113.558
968	0.0608122	4.89578	3.64529	113.617
969	0.0597405	4.89517	3.64233	113.675
970	0.060649	4.8946	3.64186	113.733
971	0.0617872	4.89406	3.64709	113.792
972	0.0601448	4.89348	3.646	113.85
973	0.0604825	4.8929	3.62962	113.908
974	0.0603965	4.89233	3.61072	113.965
975	0.0587803	4.89171	3.61267	114.023
976	0.0592671	4.8911	3.61445	114.08
977	0.0596528	4.89051	3.61845	114.137
978	0.0624902	4.89001	3.62481	114.195
979	0.0664423	4.88964	3.63658	114.253
980	0.0652725	4.88923	3.63755	114.31
981	0.0640623	4.88879	3.64276	114.369
982	0.0605135	4.88823	3.6352	114.426
983	0.0580828	4.8876	3.62154	114.484
984	0.0553396	4.88688	3.6278	114.541
985	0.0519986	4.88606	3.62756	114.598
986	0.0498291	4.88517	3.62785	114.656
987	0.0473185	4.88421	3.62993	114.713
988	0.0440201	4.88314	3.63305	114.771
989	0.0414276	4.88199	3.62353	114.828
990	0.0427095	4.88089	3.62336	114.885
991	0.0434792	4.87981	3.62244	114.942
992	0.0424545	4.8787	3.62593	114.999
993	0.0424623	4.87759	3.62686	115.057
994	0.0425838	4.87649	3.63337	115.114
995	0.0431086	4.87541	3.63449	115.171
996	0.0440899	4.87436	3.62797	115.228
997	0.0429425	4.87328	3.63309	115.286
998	0.041386	4.87215	3.62808	115.343
999	0.0400657	4.87099	3.63061	115.4
1000	0.0384521	4.86977	3.63907	115.457
1001	0.0381751	4.86855	3.64026	115.515
1002	0.0389129	4.86735	3.64317	115.572
1003	0.0380382	4.86613	3.64633	115.63
1004	0.0372829	4.86488	3.64689	115.687
1005	0.0363991	4.86361	3.63774	115.744
1006	0.0356083	4.86232	3.63389	115.801
1007	0.0361347	4.86105	3.6264	115.858
1008	0.0364877	4.85979	3.61864	115.915
1009	0.0368175	4.85854	3.6134	115.971
1010	0.0368997	4.8573	3.60359	116.027
1011	0.0350249	4.85601	3.60037	116.083
1012	0.031819	4.85461	3.6122	116.139
1013	0.0285703	4.85312	3.62035	116.195
1014	0.0273039	4.85158	3.61855	116.252
1015	0.0275832	4.85006	3.60819	116.308
1016	0.0282186	4.84856	3.59871	116.363
1017	0.0282032	4.84707	3.5866	116.418
1018	0.0273778	4.84555	3.57536	116.473
1019	0.0291291	4.84409	3.57328	116.528
1020	0.0288074	4.84262	3.57009	116.583
1021	0.0252441	4.84104	3.57373	116.637
1022	0.0237954	4.83942	3.57019	116.692
1023	0.0208738	4.83771	3.57901	116.747
1024	0.0192669	4.83595	3.58913	116.802
1025	0.0186819	4.83418	3.59562	116.857
1026	0.018661	4.83241	3.60044	116.913
1027	0.0190674	4.83066	3.60043	116.968
1028	0.016957	4.82884	3.59938	117.024
1029	0.0177375	4.82705	3.59422	117.079
1030	0.0181358	4.82527	3.58662	117.134
1031	0.0197333	4.82355	3.58936	117.189
1032	0.0195006	4.82183	3.58632	117.244
1033	0.0197174	4.82011	3.57491	117.298
1034	0.019202	4.81838	3.56263	117.352
1035	0.0184797	4.81663	3.56167	117.406
1036	0.0137956	4.81474	3.56491	117.46
1037	0.0118463	4.81279	3.55879	117.514
1038	0.0109242	4.81081	3.55387	117.568
1039	0.0110086	4.80884	3.55651	117.621
1040	0.0108399	4.80687	3.5553	117.675
1041	0.0107339	4.80489	3.55218	117.729
1042	0.00791605	4.80284	3.55636	117.782
1043	0.00888611	4.80081	3.5629	117.836
1044	0.00790232	4.79876	3.56721	117.89
1045	0.00794129	4.79672	3.57041	117.944
1046	0.00806717	4.79468	3.56667	117.998
1047	0.00979512	4.79269	3.56473	118.052
1048	0.0107481	4.79074	3.56815	118.106
1049	0.012913	4.78886	3.56039	118.159
1050	0.0118578	4.78695	3.55879	118.213
1051	0.0122489	4.78505	3.55516	118.266
1052	0.0137711	4.78321	3.55401	118.32
1053	0.0159137	4.78143	3.54858	118.373
1054	0.0167634	4.77968	3.55038	118.426
1055	0.0181481	4.77798	3.55029	118.479
1056	0.019576	4.77632	3.5538	118.532
1057	0.0212163	4.77472	3.5627	118.586
1058	0.0198378	4.77307	3.55205	118.639
1059	0.019251	4.77142	3.54857	118.692
1060	0.0209442	4.76981	3.54949	118.745
1061	0.0203794	4.76819	3.55157	118.798
1062	0.018995	4.76653	3.54793	118.851
1063	0.0176871	4.76484	3.5534	118.904
1064	0.0167733	4.76312	3.54883	118.957
1065	0.0184909	4.76145	3.54742	119.01
1066	0.0205674	4.75985	3.54231	119.063
1067	0.0222228	4.7583	3.54461	119.115
1068	0.0232022	4.75679	3.54839	119.168
1069	0.0237017	4.75529	3.55734	119.221
1070	0.0229127	4.75377	3.56415	119.274
1071	0.0231412	4.75226	3.56469	119.328
1072	0.0226753	4.75074	3.55881	119.381
1073	0.0204747	4.74916	3.55233	119.434
1074	0.0186166	4.74752	3.54931	119.486
1075	0.017907	4.74586	3.54498	119.539
1076	0.0182651	4.74421	3.5326	119.591
1077	0.0194785	4.7426	3.52773	119.643
1078	0.0193363	4.741	3.51656	119.694
1079	0.0185285	4.73937	3.5064	119.746
1080	0.0196387	4.73777	3.50051	119.797
1081	0.0237044	4.73631	3.5015	119.848
1082	0.026041	4.73491	3.51122	119.899
1083	0.0293075	4.73362	3.49748	119.95
1084	0.0302144	4.73236	3.47651	120
1085	0.030648	4.73111	3.4734	120.051
1086	0.0314665	4.72989	3.46627	120.1
1087	0.030668	4.72864	3.47107	120.15
1088	0.0290161	4.72735	3.47757	120.201
1089	0.0274426	4.72602	3.48909	120.251
1090	0.0263374	4.72465	3.49665	120.302
1091	0.0277773	4.72333	3.50193	120.353
1092	0.0283922	4.72203	3.50431	120.404
1093	0.0283114	4.72073	3.51005	120.455
1094	0.0291705	4.71945	3.51587	120.506
1095	0.0296033	4.7182	3.51926	120.557
1096	0.0327618	4.71704	3.53489	120.609
1097	0.0358243	4.71597	3.53522	120.661
1098	0.037327	4.71495	3.53966	120.713
1099	0.0395471	4.714	3.54384	120.765
1100	0.0398816	4.71306	3.54966	120.817
1101	0.0403488	4.71214	3.5547	120.869
1102	0.0394918	4.7112	3.55718	120.921
1103	0.0403511	4.71028	3.55895	120.974
1104	0.0404151	4.70936	3.55333	121.026
1105	0.0391163	4.70841	3.54896	121.078
1106	0.0402109	4.70749	3.54099	121.13
1107	0.0411947	4.70661	3.52756	121.181
1108	0.0407565	4.70571	3.51963	121.232
1109	0.0381078	4.70474	3.51848	121.283
1110	0.0350728	4.70367	3.51582	121.334
1111	0.0321708	4.70252	3.51274	121.385
1112	0.0309932	4.70134	3.51225	121.435
1113	0.0298811	4.70013	3.51993	121.486
1114	0.0277361	4.69885	3.52707	121.537
1115	0.0287305	4.69761	3.53031	121.589
1116	0.0287066	4.69636	3.53561	121.64
1117	0.0282848	4.69511	3.54072	121.692
1118	0.0280928	4.69385	3.54696	121.743
1119	0.0277701	4.69259	3.55431	121.795
1120	0.0277626	4.69132	3.55294	121.847
1121	0.0265489	4.69003	3.54824	121.898
1122	0.0267883	4.68874	3.54829	121.95
1123	0.0255646	4.68742	3.5486	122.002
1124	0.0243773	4.68606	3.55477	122.053
1125	0.0234881	4.68468	3.55863	122.105
1126	0.0232458	4.6833	3.55769	122.157
1127	0.0230503	4.68191	3.55525	122.209
1128	0.0222729	4.6805	3.54422	122.26
1129	0.021557	4.67907	3.54238	122.311
1130	0.0208769	4.67762	3.53299	122.362
1131	0.0205476	4.67617	3.51608	122.413
1132	0.0220903	4.67476	3.50672	122.463
1133	0.0222965	4.67337	3.49504	122.513
1134	0.0267579	4.6721	3.51059	122.563
1135	0.0330818	4.67103	3.53263	122.614
1136	0.0381713	4.67011	3.5447	122.665
1137	0.0385252	4.6692	3.54233	122.716
1138	0.037567	4.66826	3.54799	122.767
1139	0.0371069	4.66731	3.53987	122.818
1140	0.0366985	4.66636	3.53581	122.869
1141	0.0374908	4.66542	3.52537	122.92
1142	0.0373851	4.66449	3.50508	122.969
1143	0.0373939	4.66356	3.50528	123.019
1144	0.0367205	4.66261	3.49329	123.069
1145	0.0345197	4.66159	3.48436	123.118
1146	0.0319003	4.6605	3.47549	123.167
1147	0.0309732	4.65939	3.46442	123.216
1148	0.0297599	4.65824	3.4532	123.264
1149	0.0295822	4.65709	3.4568	123.312
1150	0.0275886	4.65588	3.45547	123.36
1151	0.0283556	4.6547	3.46202	123.409
1152	0.0293855	4.65354	3.46963	123.458
1153	0.0312177	4.65245	3.47487	123.506
1154	0.0342527	4.65144	3.48397	123.555
1155	0.0348397	4.65046	3.48276	123.604
1156	0.0346663	4.64947	3.47769	123.653
1157	0.0333195	4.64844	3.47872	123.702
1158	0.0348974	4.64746	3.48455	123.751
1159	0.0367164	4.64653	3.4945	123.8
1160	0.0386754	4.64567	3.50564	123.85
1161	0.0392672	4.64482	3.51361	123.9
1162	0.0407994	4.64402	3.52373	123.95
1163	0.0395462	4.64319	3.52302	124
1164	0.0384714	4.64232	3.52357	124.05
1165	0.0381989	4.64145	3.51762	124.099
1166	0.039824	4.64063	3.52033	124.149
1167	0.0412027	4.63985	3.51022	124.199
1168	0.0436301	4.63914	3.5176	124.249
1169	0.0423981	4.6384	3.51887	124.298
1170	0.0418176	4.63764	3.51846	124.348
1171	0.0444098	4.63696	3.52007	124.398
1172	0.0447273	4.63629	3.52276	124.448
1173	0.0454537	4.63564	3.51996	124.497
1174	0.0497156	4.63512	3.51905	124.547
1175	0.052421	4.63468	3.51724	124.597
1176	0.0535476	4.63427	3.51098	124.646
1177	0.0529204	4.63385	3.50881	124.695
1178	0.053535	4.63344	3.50685	124.745
1179	0.0533782	4.63303	3.5089	124.794
1180	0.0530211	4.63262	3.51063	124.843
1181	0.0536937	4.63222	3.512	124.893
1182	0.0546668	4.63185	3.51486	124.942
1183	0.0551498	4.6315	3.51713	124.991
1184	0.0534407	4.6311	3.51575	125.041
1185	0.0513096	4.63064	3.52111	125.09
1186	0.0525284	4.63021	3.52672	125.14
1187	0.052593	4.62979	3.52047	125.189
1188	0.0518975	4.62935	3.5181	125.239
1189	0.0516464	4.6289	3.5177	125.288
1190	0.0501213	4.62841	3.52381	125.338
1191	0.0479725	4.62786	3.53061	125.387
1192	0.0462992	4.62726	3.53273	125.437
1193	0.0454765	4.62664	3.53575	125.487
1194	0.0459274	4.62603	3.53916	125.537
1195	0.0447281	4.62539	3.53985	125.587
1196	0.0420519	4.62468	3.54698	125.637
1197	0.0397882	4.6239	3.55108	125.687
1198	0.0371764	4.62304	3.5468	125.737
1199	0.0370165	4.62219	3.54382	125.787
1200	0.0365091	4.62132	3.54011	125.836
1201	0.0354858	4.62042	3.54289	125.886
1202	0.035262	4.61951	3.54487	125.936
1203	0.0359403	4.61863	3.53881	125.986
1204	0.0356871	4.61774	3.53236	126.035
1205	0.0353292	4.61685	3.53225	126.085
1206	0.0332883	4.6159	3.53969	126.134
1207	0.0311094	4.61488	3.54216	126.184
1208	0.0289237	4.6138	3.53636	126.234
1209	0.0280962	4.61271	3.51999	126.283
1210	0.0262703	4.61156	3.52202	126.332
1211	0.0244746	4.61036	3.52281	126.381
1212	0.0236945	4.60914	3.52845	126.43
1213	0.0243819	4.60794	3.53244	126.479
1214	0.0254638	4.60678	3.5336	126.529
1215	0.0271924	4.60566	3.53443	126.578
1216	0.030017	4.60463	3.5425	126.627
1217	0.0328818	4.60369	3.5489	126.677
1218	0.0336366	4.60276	3.55105	126.727
1219	0.0353994	4.60189	3.54932	126.777
1220	0.0357048	4.60103	3.5493	126.826
1221	0.0357527	4.60017	3.5542	126.876
1222	0.0334139	4.59924	3.56642	126.926
1223	0.0316404	4.59827	3.57677	126.976
1224	0.0308944	4.59728	3.58404	127.027
1225	0.029915	4.59626	3.59099	127.078
1226	0.0290361	4.59521	3.59301	127.129
1227	0.0284203	4.59415	3.59284	127.179
1228	0.02725	4.59306	3.5939	127.23
1229	0.0265151	4.59195	3.59646	127.281
1230	0.0255958	4.59082	3.60196	127.332
1231	0.0261948	4.5897	3.59885	127.383
1232	0.0249525	4.58855	3.60272	127.434
1233	0.0236609	4.58737	3.60734	127.485
1234	0.0232346	4.58617	3.60897	127.536
1235	0.0238521	4.585	3.60719	127.587
1236	0.0249363	4.58385	3.60785	127.638
1237	0.0271174	4.58277	3.60427	127.689
1238	0.02742	4.5817	3.59465	127.739
1239	0.0280446	4.58065	3.58858	127.79
1240	0.0280442	4.57961	3.58022	127.84
1241	0.0288753	4.57858	3.57657	127.89
1242	0.0289934	4.57756	3.57708	127.94
1243	0.0299941	4.57657	3.56865	127.99
1244	0.0303296	4.5756	3.56144	128.039
1245	0.0320338	4.57467	3.55509	128.088
1246	0.0349244	4.57382	3.55987	128.138
1247	0.0374021	4.57305	3.57218	128.188
1248	0.039164	4.57233	3.57917	128.238
1249	0.0410486	4.57166	3.57715	128.287
1250	0.0426974	4.57104	3.58173	128.337
1251	0.042261	4.57041	3.57946	128.387
1252	0.0420385	4.56978	3.57373	128.437
1253	0.0417637	4.56913	3.56711	128.486
1254	0.0411069	4.56848	3.55375	128.536
1255	0.0425882	4.56786	3.55386	128.585
1256	0.044326	4.56729	3.56199	128.634
1257	0.047118	4.56681	3.56747	128.683
1258	0.0489546	4.56637	3.57049	128.733
1259	0.0505952	4.56599	3.57707	128.783
1260	0.0499964	4.56558	3.58258	128.832
1261	0.0511942	4.56522	3.58552	128.882
1262	0.0516961	4.56487	3.59024	128.932
1263	0.0536132	4.56457	3.59274	128.982
1264	0.0542574	4.56429	3.59289	129.032
1265	0.0552782	4.56404	3.59127	129.082
1266	0.0552947	4.56379	3.58985	129.132
1267	0.0550046	4.56354	3.58912	129.182
1268	0.0556379	4.5633	3.59105	129.232
1269	0.0576749	4.56313	3.58486	129.282
1270	0.0599009	4.56301	3.58171	129.331
1271	0.061544	4.56294	3.58145	129.381
1272	0.0619027	4.56289	3.5813	129.43
1273	0.0606813	4.5628	3.56771	129.48
1274	0.0611397	4.56272	3.55332	129.528
1275	0.0602474	4.56262	3.54822	129.577
1276	0.0611359	4.56254	3.54343	129.625
1277	0.0608144	4.56246	3.53986	129.674
1278	0.0600306	4.56236	3.53691	129.722
1279	0.0601188	4.56225	3.54337	129.77
1280	0.0612228	4.56218	3.54737	129.819
1281	0.0616403	4.56213	3.553	129.867
1282	0.0621785	4.56209	3.55608	129.916
1283	0.0612017	4.56202	3.5571	129.965
1284	0.0601892	4.56192	3.56123	130.013
1285	0.060254	4.56183	3.55766	130.062
1286	0.0586232	4.56169	3.56388	130.111
1287	0.057367	4.56152	3.5651	130.16
1288	0.0551255	4.56129	3.56132	130.208
1289	0.0541923	4.56103	3.55196	130.257
1290	0.054833	4.56079	3.5498	130.305
1291	0.0547192	4.56054	3.55124	130.353
1292	0.0539127	4.56028	3.55614	130.402
1293	0.0529109	4.55999	3.56072	130.45
1294	0.0533659	4.55971	3.56425	130.499
1295	0.0539624	4.55945	3.56467	130.548
1296	0.0556796	4.55924	3.57067	130.597
1297	0.0583521	4.55911	3.5725	130.645
1298	0.0595881	4.559	3.57545	130.694
1299	0.0606114	4.55893	3.57387	130.743
1300	0.0603154	4.55885	3.57228	130.792
1301	0.0601043	4.55877	3.56836	130.841
1302	0.0598837	4.55868	3.56746	130.889
1303	0.0594629	4.55858	3.57276	130.938
1304	0.0569991	4.55841	3.58477	130.987
1305	0.0557162	4.55821	3.59349	131.036
1306	0.0555075	4.558	3.5997	131.086
1307	0.0547999	4.55777	3.6063	131.135
1308	0.0566094	4.5576	3.60561	131.185
1309	0.0576529	4.55745	3.61043	131.235
1310	0.0574205	4.5573	3.61626	131.284
1311	0.0556764	4.5571	3.6218	131.334
1312	0.0557378	4.5569	3.62084	131.384
1313	0.0546077	4.55667	3.62837	131.434
1314	0.0521042	4.55638	3.63014	131.484
1315	0.0510068	4.55605	3.62745	131.535
1316	0.0505164	4.55572	3.62885	131.585
1317	0.0508863	4.55539	3.63058	131.635
1318	0.0524389	4.55511	3.62891	131.685
1319	0.0538148	4.55486	3.62407	131.734
1320	0.0525849	4.55459	3.62603	131.784
1321	0.0515592	4.55428	3.62635	131.834
1322	0.0502265	4.55394	3.6319	131.884
1323	0.0520306	4.55365	3.63865	131.934
1324	0.0529371	4.55339	3.64413	131.985
1325	0.0536124	4.55315	3.6489	132.035
1326	0.0551359	4.55294	3.65607	132.086
1327	0.0550685	4.55274	3.65721	132.136
1328	0.054121	4.55251	3.65811	132.187
1329	0.0521066	4.55223	3.65937	132.238
1330	0.0500258	4.55189	3.66677	132.289
1331	0.0481261	4.5515	3.67105	132.339
1332	0.0490052	4.55114	3.66992	132.39
1333	0.0501431	4.55081	3.67142	132.441
1334	0.0487192	4.55044	3.68059	132.492
1335	0.0486747	4.55007	3.68737	132.544
1336	0.0491835	4.54971	3.69474	132.595
1337	0.049054	4.54935	3.6998	132.647
1338	0.0495357	4.54901	3.69559	132.698
1339	0.0503233	4.54868	3.69534	132.75
1340	0.0492853	4.54833	3.68402	132.801
1341	0.0486875	4.54797	3.67557	132.851
1342	0.0476686	4.54758	3.68321	132.903
1343	0.0470746	4.54717	3.68799	132.954
1344	0.0471703	4.54677	3.69521	133.005
1345	0.046888	4.54636	3.68726	133.056
1346	0.045536	4.54591	3.6928	133.107
1347	0.0439373	4.54542	3.69987	133.159
1348	0.043623	4.54492	3.69969	133.21
1349	0.0437172	4.54443	3.70107	133.261
1350	0.043518	4.54393	3.70241	133.313
1351	0.043722	4.54344	3.7054	133.364
1352	0.0450233	4.54299	3.71126	133.416
1353	0.0449103	4.54253	3.7096	133.467
1354	0.0472818	4.54214	3.71524	133.519
1355	0.0476596	4.54176	3.71543	133.571
1356	0.0478513	4.54139	3.71429	133.622
1357	0.0466068	4.54098	3.70566	133.674
1358	0.0461033	4.54056	3.70231	133.725
1359	0.0461152	4.54014	3.70003	133.776
1360	0.0437056	4.53966	3.69982	133.827
1361	0.0426182	4.53915	3.69352	133.878
1362	0.0440664	4.53868	3.69036	133.929
1363	0.0432216	4.53818	3.68505	133.98
1364	0.0434615	4.5377	3.69221	134.031
1365	0.0421521	4.53718	3.69385	134.081
1366	0.0414146	4.53664	3.69739	134.132
1367	0.0419528	4.53612	3.70055	134.183
1368	0.0426166	4.53561	3.69933	134.234
1369	0.0446441	4.53516	3.70341	134.285
1370	0.0462984	4.53476	3.70611	134.337
1371	0.0467838	4.53437	3.70177	134.387
1372	0.0450392	4.53393	3.70635	134.439
1373	0.0433332	4.53345	3.70082	134.489
1374	0.0430548	4.53297	3.70096	134.54
1375	0.0432261	4.53249	3.70393	134.591
1376	0.0433668	4.53201	3.70373	134.642
1377	0.0441372	4.53155	3.70794	134.693
1378	0.0452387	4.53113	3.70884	134.744
1379	0.0451374	4.5307	3.71208	134.795
1380	0.0444947	4.53026	3.71506	134.847
1381	0.0448344	4.52983	3.72029	134.898
1382	0.0454546	4.52941	3.72111	134.949
1383	0.0445224	4.52897	3.72153	135
1384	0.0438585	4.52852	3.71826	135.052
1385	0.0461308	4.52812	3.71819	135.103
1386	0.0481103	4.52778	3.71462	135.154
1387	0.0488367	4.52746	3.71248	135.205
1388	0.0490342	4.52715	3.70944	135.256
1389	0.0496382	4.52685	3.70568	135.306
1390	0.0509023	4.52659	3.7116	135.357
1391	0.0527093	4.52638	3.70706	135.408
1392	0.0544494	4.52621	3.69608	135.458
1393	0.0559235	4.52609	3.69742	135.509
1394	0.0565099	4.52598	3.69746	135.559
1395	0.0560302	4.52586	3.68277	135.609
1396	0.0540165	4.52568	3.67339	135.659
1397	0.052775	4.52548	3.66316	135.708
1398	0.0523288	4.52526	3.65525	135.758
1399	0.0537247	4.52508	3.65495	135.807
1400	0.0539704	4.52491	3.64311	135.856
1401	0.0558682	4.52479	3.63564	135.904
1402	0.0569169	4.52469	3.62946	135.953
1403	0.0571089	4.52461	3.62468	136.001
1404	0.0584897	4.52456	3.63037	136.049
1405	0.0577412	4.52449	3.63121	136.098
1406	0.0570553	4.5244	3.62841	136.146
1407	0.0573713	4.52432	3.63199	136.195
1408	0.0565338	4.52422	3.62079	136.243
1409	0.0549941	4.52409	3.61851	136.291
1410	0.0534478	4.52391	3.62341	136.339
1411	0.0521831	4.52369	3.62688	136.387
1412	0.0520011	4.52348	3.62526	136.435
1413	0.0512327	4.52324	3.6238	136.483
1414	0.0520537	4.52302	3.62493	136.532
1415	0.0522733	4.52282	3.63028	136.58
1416	0.0539737	4.52266	3.63216	136.628
1417	0.0535316	4.52248	3.63968	136.677
1418	0.0533785	4.52231	3.64724	136.725
1419	0.0532983	4.52213	3.65316	136.774
1420	0.0541368	4.52197	3.6563	136.823
1421	0.0547089	4.52184	3.66012	136.872
1422	0.0550306	4.52171	3.66267	136.921
1423	0.0543201	4.52156	3.65961	136.97
1424	0.0547233	4.52142	3.66106	137.019
1425	0.0561651	4.52132	3.67035	137.068
1426	0.0560311	4.52122	3.67696	137.117
1427	0.055661	4.52111	3.67955	137.166
1428	0.0569203	4.52104	3.67885	137.216
1429	0.0596262	4.52103	3.68201	137.265
1430	0.060125	4.52104	3.68294	137.315
1431	0.0596143	4.52104	3.6881	137.364
1432	0.0598272	4.52104	3.68718	137.414
1433	0.0611332	4.52108	3.69145	137.463
1434	0.0620572	4.52114	3.69814	137.513
1435	0.0639359	4.52126	3.70427	137.563
1436	0.0651154	4.5214	3.70216	137.612
1437	0.0639727	4.52152	3.70301	137.662
1438	0.0643938	4.52164	3.69511	137.712
1439	0.0624593	4.52172	3.70322	137.762
1440	0.060177	4.52174	3.70065	137.811
1441	0.0564859	4.52166	3.70547	137.861
1442	0.054482	4.52153	3.70566	137.911
1443	0.0528878	4.52135	3.69769	137.96
1444	0.0511577	4.52113	3.70021	138.01
1445	0.049287	4.52087	3.70043	138.06
1446	0.050327	4.52063	3.70047	138.109
1447	0.0516268	4.52042	3.70377	138.159
1448	0.0529936	4.52026	3.70765	138.208
1449	0.0552635	4.52015	3.71372	138.258
1450	0.0558276	4.52006	3.71718	138.308
1451	0.0570289	4.52	3.71975	138.358
1452	0.0578953	4.51996	3.72524	138.408
1453	0.0600341	4.51998	3.73489	138.459
1454	0.0619147	4.52005	3.74146	138.509
1455	0.0637851	4.52017	3.74635	138.56
1456	0.0653801	4.52033	3.74578	138.61
1457	0.065791	4.52051	3.74492	138.661
1458	0.0668864	4.52071	3.75102	138.712
1459	0.0661077	4.52089	3.74252	138.762
1460	0.0651353	4.52105	3.74092	138.812
1461	0.0626489	4.52114	3.74483	138.863
1462	0.0607182	4.52118	3.75037	138.913
1463	0.0587418	4.52117	3.75589	138.964
1464	0.0576512	4.52114	3.75627	139.015
1465	0.0551711	4.52104	3.75779	139.066
1466	0.0530232	4.52088	3.76493	139.116
1467	0.0506449	4.52066	3.7724	139.168
1468	0.0493653	4.52041	3.77006	139.219
1469	0.0501754	4.52018	3.77446	139.27
1470	0.0519692	4.52	3.78221	139.321
1471	0.050972	4.5198	3.78856	139.372
1472	0.0511573	4.5196	3.7828	139.424
1473	0.0524916	4.51943	3.77964	139.475
1474	0.0520068	4.51925	3.77894	139.526
1475	0.0528235	4.5191	3.77976	139.577
1476	0.0520534	4.51892	3.78438	139.628
1477	0.051502	4.51873	3.77751	139.679
1478	0.0527801	4.51858	3.7771	139.73
1479	0.0532441	4.51844	3.77059	139.781
1480	0.0539549	4.51831	3.76817	139.832
1481	0.0534315	4.51818	3.75466	139.882
1482	0.0518149	4.518	3.75172	139.932
1483	0.0495519	4.51776	3.7586	139.983
1484	0.0474043	4.51747	3.76365	140.033
1485	0.0446168	4.51711	3.77558	140.084
1486	0.0420503	4.51668	3.78682	140.135
1487	0.041981	4.51625	3.79168	140.186
1488	0.0426341	4.51584	3.79155	140.237
1489	0.0424552	4.51543	3.79103	140.289
1490	0.0413541	4.51498	3.79036	140.34
1491	0.0417865	4.51455	3.78832	140.391
1492	0.0428032	4.51415	3.78058	140.442
1493	0.0433218	4.51376	3.77436	140.492
1494	0.0440521	4.51339	3.76888	140.543
1495	0.0432195	4.513	3.7671	140.593
1496	0.0422506	4.51259	3.76693	140.643
1497	0.0420388	4.51217	3.76513	140.694
1498	0.0428401	4.51177	3.75822	140.744
1499	0.0403841	4.51131	3.75476	140.794
1500	0.0376503	4.51078	3.74795	140.844
1501	0.0346555	4.51017	3.74924	140.894
1502	0.0318256	4.50949	3.76118	140.944
1503	0.0309245	4.50879	3.76341	140.994
1504	0.0300672	4.50807	3.76667	141.044
1505	0.0297207	4.50734	3.7682	141.094
1506	0.0306844	4.50663	3.77133	141.145
1507	0.0316119	4.50595	3.76458	141.195
1508	0.0318488	4.50528	3.75174	141.245
1509	0.0304183	4.50457	3.75058	141.294
1510	0.0311502	4.50388	3.75132	141.344
1511	0.029883	4.50316	3.75013	141.394
1512	0.0305246	4.50246	3.7381	141.443
1513	0.0301786	4.50175	3.73771	141.493
1514	0.0307285	4.50105	3.74183	141.542
1515	0.0315659	4.50038	3.74183	141.591
1516	0.0328877	4.49974	3.74279	141.641
1517	0.0340122	4.49913	3.7496	141.69
1518	0.0329084	4.4985	3.75539	141.74
1519	0.0333713	4.49787	3.7546	141.79
1520	0.0333336	4.49725	3.75271	141.839
1521	0.0331794	4.49662	3.7493	141.889
1522	0.0336562	4.49601	3.75042	141.938
1523	0.0350472	4.49543	3.75189	141.988
1524	0.0368911	4.4949	3.75712	142.038
1525	0.0385895	4.49442	3.76003	142.087
1526	0.0386907	4.49394	3.75732	142.137
1527	0.0374916	4.49343	3.75898	142.187
1528	0.0392846	4.49296	3.76451	142.236
1529	0.0410623	4.49254	3.7646	142.286
1530	0.0402805	4.49211	3.76232	142.336
1531	0.0375064	4.4916	3.76697	142.385
1532	0.0357583	4.49105	3.77268	142.435
1533	0.0340005	4.49045	3.77186	142.485
1534	0.0353454	4.48989	3.77182	142.535
1535	0.0369268	4.48937	3.77929	142.585
1536	0.0366566	4.48885	3.78527	142.635
1537	0.0363787	4.48832	3.78652	142.685
1538	0.0344878	4.48774	3.77982	142.735
1539	0.0321384	4.4871	3.77825	142.785
1540	0.0307581	4.48643	3.77579	142.835
1541	0.0308823	4.48576	3.77775	142.885
1542	0.0312734	4.4851	3.78099	142.935
1543	0.0294243	4.4844	3.78577	142.985
1544	0.0278738	4.48366	3.78807	143.035
1545	0.0270415	4.4829	3.7874	143.085
1546	0.0269191	4.48213	3.78278	143.135
1547	0.0268894	4.48137	3.78196	143.185
1548	0.0281407	4.48064	3.78671	143.235
1549	0.0289481	4.47993	3.7869	143.285
1550	0.0299364	4.47924	3.78891	143.335
1551	0.0284173	4.47852	3.79022	143.385
1552	0.0295193	4.47783	3.78993	143.435
1553	0.0297061	4.47714	3.79257	143.485
1554	0.0295467	4.47645	3.79292	143.535
1555	0.029348	4.47576	3.79572	143.585
1556	0.0302479	4.47509	3.79945	143.635
1557	0.0284136	4.47437	3.79532	143.685
1558	0.0266382	4.47361	3.78013	143.735
1559	0.0255395	4.47283	3.77652	143.785
1560	0.026441	4.47207	3.76905	143.834
1561	0.0282655	4.47135	3.76853	143.883
1562	0.0301357	4.47068	3.76898	143.933
1563	0.0310615	4.47004	3.76618	143.982
1564	0.0324717	4.46943	3.76104	144.031
1565	0.0336716	4.46886	3.76206	144.08
1566	0.0350949	4.46832	3.75794	144.129
1567	0.0360673	4.4678	3.75835	144.178
1568	0.0372814	4.46732	3.75846	144.227
1569	0.0389198	4.46688	3.7585	144.276
1570	0.0395491	4.46646	3.75263	144.324
1571	0.0405183	4.46606	3.75418	144.373
1572	0.0394078	4.46563	3.75386	144.422
1573	0.0390074	4.4652	3.75199	144.471
1574	0.0384644	4.46475	3.74811	144.519
1575	0.0384584	4.4643	3.75074	144.568
1576	0.0366926	4.46381	3.75584	144.617
1577	0.034554	4.46327	3.76057	144.665
1578	0.0335603	4.4627	3.7609	144.714
1579	0.032869	4.46211	3.75975	144.763
1580	0.0329647	4.46153	3.75707	144.812
1581	0.0330626	4.46095	3.75578	144.86
1582	0.0327313	4.46037	3.75953	144.909
1583	0.0335092	4.4598	3.75372	144.958
1584	0.0338014	4.45925	3.75553	145.006
1585	0.0331778	4.45867	3.75615	145.055
1586	0.0327488	4.45809	3.75752	145.103
1587	0.033523	4.45753	3.75144	145.152
1588	0.0329686	4.45695	3.74658	145.2
1589	0.0329018	4.45638	3.74619	145.248
1590	0.0323381	4.45579	3.75078	145.297
1591	0.0330626	4.45522	3.75729	145.345
1592	0.0332786	4.45465	3.762	145.394
1593	0.0323198	4.45407	3.76347	145.443
1594	0.031927	4.45347	3.76812	145.491
1595	0.0317996	4.45287	3.77092	145.54
1596	0.0309662	4.45225	3.77513	145.589
1597	0.0292882	4.45159	3.77684	145.638
1598	0.0284585	4.45091	3.77798	145.687
1599	0.0279758	4.45022	3.77754	145.736
1600	0.0285954	4.44955	3.78104	145.785
1601	0.0292915	4.44889	3.78416	145.834
1602	0.0290829	4.44823	3.78194	145.883
1603	0.0285071	4.44755	3.77659	145.932
1604	0.0292343	4.4469	3.77628	145.98
1605	0.0301557	4.44627	3.77746	146.029
1606	0.0302125	4.44564	3.77118	146.078
1607	0.0284165	4.44497	3.7668	146.126
1608	0.0285475	4.4443	3.75603	146.175
1609	0.0285603	4.44363	3.74219	146.222
1610	0.0274734	4.44293	3.73777	146.27
1611	0.0262385	4.44221	3.73834	146.318
1612	0.0256182	4.44147	3.73576	146.366
1613	0.0252706	4.44072	3.73822	146.413
1614	0.0245943	4.43996	3.73852	146.461
1615	0.0237677	4.43918	3.73261	146.508
1616	0.0228098	4.43837	3.72499	146.556
1617	0.0217625	4.43754	3.72135	146.603
1618	0.0209364	4.4367	3.71154	146.65
1619	0.0201425	4.43583	3.70699	146.697
1620	0.0202602	4.43496	3.69781	146.743
1621	0.0189049	4.43407	3.68599	146.79
1622	0.018457	4.43316	3.67371	146.836
1623	0.0192697	4.43227	3.66416	146.881
1624	0.0211024	4.43143	3.65992	146.927
1625	0.0217433	4.43061	3.65458	146.972
1626	0.0230343	4.42982	3.65067	147.018
1627	0.023933	4.42905	3.63867	147.063
1628	0.0240216	4.42829	3.63774	147.108
1629	0.0230491	4.4275	3.64104	147.153
1630	0.0218792	4.42669	3.64242	147.198
1631	0.02018	4.42583	3.64401	147.243
1632	0.0189928	4.42494	3.64391	147.288
1633	0.0171785	4.42402	3.64966	147.333
1634	0.0145741	4.42302	3.65379	147.379
1635	0.0124121	4.42198	3.65668	147.424
1636	0.0121823	4.42093	3.65265	147.469
1637	0.0102477	4.41984	3.65819	147.515
1638	0.010241	4.41874	3.66247	147.56
1639	0.0108488	4.41766	3.66468	147.605
1640	0.0109422	4.41659	3.66346	147.651
1641	0.0105054	4.4155	3.66636	147.696
1642	0.00932467	4.41439	3.66924	147.742
1643	0.00869984	4.41326	3.66532	147.787
1644	0.00896138	4.41214	3.66615	147.833
1645	0.010134	4.41105	3.66044	147.878
1646	0.0103138	4.40997	3.65857	147.923
1647	0.0106599	4.40889	3.64942	147.968
1648	0.0114211	4.40784	3.64473	148.013
1649	0.0101216	4.40675	3.64267	148.058
1650	0.00942516	4.40565	3.63672	148.103
1651	0.00876419	4.40453	3.63582	148.147
1652	0.00884061	4.40342	3.63922	148.192
1653	0.00871757	4.4023	3.63903	148.237
1654	0.00808507	4.40117	3.63741	148.281
1655	0.00911094	4.40007	3.63507	148.326
1656	0.0104151	4.39899	3.62601	148.37
1657	0.011202	4.39794	3.62542	148.415
1658	0.0108041	4.39688	3.61673	148.459
1659	0.00973192	4.3958	3.61153	148.503
1660	0.00829269	4.39468	3.60525	148.546
1661	0.00792165	4.39355	3.60507	148.59
1662	0.00721344	4.39241	3.60312	148.634
1663	0.00704336	4.39126	3.60551	148.677
1664	0.00759072	4.39013	3.61027	148.721
1665	0.00695827	4.38898	3.61437	148.765
1666	0.00568937	4.38781	3.61254	148.809
1667	0.00501401	4.38661	3.61349	148.853
1668	0.00445113	4.38541	3.619	148.897
1669	0.0040464	4.3842	3.61149	148.941
1670	0.00239721	4.38294	3.60645	148.984
1671	0.00281075	4.3817	3.60338	149.028
1672	0.00322749	4.38047	3.60318	149.071
1673	0.00411875	4.37927	3.60565	149.115
1674	0.00372919	4.37805	3.60934	149.159
1675	0.00326561	4.37682	3.61078	149.202
1676	0.00228483	4.37558	3.6159	149.246
1677	0.00164593	4.37431	3.62206	149.29
1678	0.0008667	4.37303	3.6198	149.334
1679	0.000637905	4.37175	3.62069	149.378
1680	0.000748307	4.37046	3.6196	149.422
1681	0.00045821	4.36918	3.62222	149.466
1682	0.00269824	4.36795	3.63193	149.51
1683	0.00244269	4.36671	3.63353	149.554
1684	0.00180075	4.36546	3.63539	149.598
1685	0.00144353	4.3642	3.63989	149.642
1686	0.00105131	4.36293	3.63796	149.687
1687	0.00135262	4.36167	3.63617	149.731
1688	0.00180425	4.36043	3.64098	149.775
1689	0.00186443	4.35918	3.64779	149.819
1690	0.00188052	4.35794	3.65542	149.864
1691	0.00202392	4.3567	3.65679	149.909
1692	0.00213982	4.35547	3.6547	149.953
1693	0.00132679	4.35421	3.65393	149.998
1694	0.000949324	4.35295	3.65031	150.042
1695	0.00121056	4.3517	3.64438	150.086
1696	0.00312227	4.35049	3.64299	150.131
1697	0.00419403	4.34931	3.64637	150.175
1698	0.00541037	4.34817	3.64952	150.219
1699	0.00593616	4.34703	3.64662	150.263
1700	0.00810789	4.34595	3.65442	150.308
1701	0.00995458	4.34492	3.65523	150.352
1702	0.0101225	4.34389	3.65394	150.397
1703	0.00974868	4.34285	3.64915	150.441
1704	0.00968857	4.34181	3.64722	150.485
1705	0.00963091	4.34077	3.64949	150.529
1706	0.0092186	4.33972	3.65048	150.574
1707	0.00856162	4.33866	3.6549	150.618
1708	0.00793356	4.33758	3.657	150.662
1709	0.00770217	4.3365	3.65227	150.707
1710	0.00688038	4.3354	3.65141	150.751
1711	0.00662202	4.3343	3.65193	150.795
1712	0.00649955	4.33319	3.65162	150.839
1713	0.00669692	4.33209	3.65014	150.883
1714	0.00572536	4.33096	3.65289	150.928
1715	0.0048275	4.32982	3.65343	150.972
1716	0.00557034	4.32869	3.65037	151.016
1717	0.00549024	4.32757	3.64637	151.06
1718	0.00462352	4.32642	3.64733	151.104
1719	0.00449265	4.32527	3.64786	151.148
1720	0.00522065	4.32414	3.64904	151.192
1721	0.00388641	4.32298	3.65625	151.236
1722	0.00448339	4.32183	3.65909	151.281
1723	0.00615208	4.32073	3.66348	151.325
1724	0.00594364	4.31962	3.66074	151.369
1725	0.00660823	4.31853	3.66444	151.414
1726	0.00781946	4.31747	3.67	151.458
1727	0.00800102	4.31641	3.67042	151.502
1728	0.00841246	4.31536	3.67513	151.547
1729	0.00970636	4.31435	3.68032	151.592
1730	0.0106504	4.31336	3.67718	151.636
1731	0.00938433	4.31234	3.67253	151.681
1732	0.00945123	4.31132	3.67031	151.725
1733	0.00960585	4.31031	3.66073	151.769
1734	0.00921813	4.30929	3.65344	151.813
1735	0.00920226	4.30827	3.64724	151.857
1736	0.00817475	4.30723	3.6488	151.901
1737	0.0074324	4.30617	3.64827	151.945
1738	0.00828255	4.30513	3.64915	151.989
1739	0.0114726	4.30417	3.65828	152.033
1740	0.0138792	4.30326	3.66413	152.077
1741	0.0154275	4.3024	3.66162	152.121
1742	0.0150204	4.30153	3.66452	152.165
1743	0.014167	4.30063	3.66557	152.209
1744	0.0130542	4.29971	3.6643	152.253
1745	0.0105081	4.29873	3.66873	152.297
1746	0.00933364	4.29773	3.67393	152.342
1747	0.00843462	4.2967	3.67726	152.386
1748	0.00830739	4.29567	3.67541	152.43
1749	0.00738976	4.29462	3.67428	152.475
1750	0.00601147	4.29354	3.67447	152.519
1751	0.00490807	4.29243	3.67639	152.563
1752	0.00368296	4.29129	3.67811	152.608
1753	0.00170879	4.29011	3.68351	152.652
1754	0.0006934	4.28891	3.68407	152.696
1755	0.00137843	4.28772	3.68281	152.741
1756	-0.000576398	4.28649	3.68493	152.785
1757	-0.00187167	4.28522	3.68081	152.83
1758	-0.00146827	4.28397	3.67802	152.874
1759	-0.00217798	4.2827	3.67852	152.918
1760	-0.00239757	4.28143	3.68025	152.962
1761	-0.00307653	4.28014	3.67771	153.007
1762	-0.00350242	4.27884	3.67939	153.051
1763	-0.00332278	4.27755	3.68093	153.095
1764	-0.00302435	4.27627	3.6768	153.139
1765	-0.00169294	4.27502	3.67769	153.183
1766	-0.000906755	4.27379	3.67595	153.227
1767	-0.00035049	4.27257	3.67953	153.272
1768	0.00172653	4.27141	3.68487	153.316
1769	0.00467479	4.27031	3.69213	153.36
1770	0.00637861	4.26926	3.69257	153.405
1771	0.00722615	4.26823	3.68449	153.449
1772	0.0068822	4.26719	3.6805	153.493
1773	0.006987	4.26615	3.68011	153.537
1774	0.00758967	4.26513	3.68377	153.581
1775	0.00665684	4.26409	3.68862	153.626
1776	0.00534509	4.26301	3.69602	153.67
1777	0.00442437	4.26192	3.69704	153.715
1778	0.00366983	4.26081	3.70151	153.759
1779	0.00266848	4.25968	3.70723	153.804
1780	0.00231364	4.25854	3.7123	153.849
1781	0.00248488	4.2574	3.71481	153.893
1782	0.00265544	4.25627	3.71557	153.938
1783	0.00183591	4.25512	3.71623	153.983
1784	7.26702e-05	4.25393	3.71712	154.028
1785	-0.00192725	4.2527	3.71532	154.073
1786	-0.00215111	4.25145	3.71287	154.117
1787	-0.00280403	4.2502	3.71019	154.162
1788	-0.00276123	4.24895	3.7049	154.207
1789	-0.00206665	4.24771	3.7057	154.251
1790	-0.00144797	4.24649	3.70784	154.296
1791	-0.000214801	4.2453	3.71196	154.34
1792	0.000441185	4.24413	3.71209	154.385
1793	0.00116418	4.24298	3.71319	154.429
1794	0.00163035	4.24183	3.71247	154.474
1795	0.00175999	4.24069	3.71263	154.519
1796	0.00261347	4.23958	3.71565	154.563
1797	0.00235911	4.23845	3.717	154.608
1798	0.00161509	4.23731	3.72012	154.653
1799	-6.45006e-06	4.23614	3.72311	154.698
1800	-0.000680817	4.23495	3.72417	154.742
1801	-0.00223148	4.23372	3.72496	154.787
1802	-0.00128853	4.23251	3.72271	154.832
1803	0.000251959	4.23135	3.71621	154.876
1804	0.00250591	4.23023	3.71891	154.921
1805	0.00488511	4.22918	3.72703	154.966
1806	0.00600548	4.22815	3.72813	155.011
1807	0.00521131	4.2271	3.73014	155.056
1808	0.005415	4.22606	3.7291	155.1
1809	0.00533687	4.22502	3.72586	155.145
1810	0.00381032	4.22395	3.72153	155.19
1811	0.00367537	4.22287	3.71529	155.234
1812	0.00244762	4.22176	3.71428	155.279
1813	0.000444382	4.22061	3.71616	155.323
1814	-0.00064901	4.21943	3.71827	155.367
1815	-0.00150189	4.21823	3.71776	155.412
1816	-0.00207708	4.21702	3.72099	155.456
1817	-0.00355855	4.21578	3.72519	155.501
1818	-0.00242391	4.21457	3.72383	155.546
1819	-0.00185244	4.21337	3.71821	155.59
1820	-0.000984384	4.21219	3.71353	155.634
1821	-0.000805695	4.21101	3.7104	155.679
1822	0.00129546	4.20989	3.71478	155.723
1823	0.0015749	4.20877	3.71288	155.767
1824	0.00303611	4.20769	3.71789	155.811
1825	0.00230046	4.20659	3.7225	155.856
1826	0.00229967	4.20549	3.72661	155.9
1827	0.00279901	4.20441	3.72911	155.945
1828	0.00307738	4.20333	3.73149	155.99
1829	0.00351292	4.20227	3.73245	156.034
1830	0.00336085	4.2012	3.73518	156.079
1831	0.00186991	4.2001	3.73693	156.124
1832	0.00112195	4.19898	3.73871	156.168
1833	-0.000154228	4.19783	3.74239	156.213
1834	-0.0014003	4.19665	3.74521	156.258
1835	-0.00153519	4.19548	3.74895	156.303
1836	-0.00141106	4.1943	3.75208	156.348
1837	-0.00299655	4.19309	3.7595	156.393
1838	-0.00415842	4.19185	3.76208	156.438
1839	-0.00455298	4.19061	3.76669	156.484
1840	-0.00555376	4.18934	3.77029	156.529
1841	-0.00697985	4.18804	3.77426	156.574
1842	-0.00759127	4.18673	3.77781	156.62
1843	-0.00960054	4.18537	3.78508	156.666
1844	-0.0115041	4.18397	3.79063	156.711
1845	-0.0128881	4.18254	3.78431	156.757
1846	-0.0133715	4.1811	3.7807	156.803
1847	-0.0144528	4.17963	3.78148	156.848
1848	-0.0145314	4.17816	3.77968	156.894
1849	-0.0142868	4.1767	3.76934	156.939
1850	-0.0137785	4.17525	3.76514	156.984
1851	-0.0139182	4.1738	3.76495	157.029
1852	-0.0135308	4.17236	3.76552	157.074
1853	-0.0137428	4.17092	3.76357	157.119
1854	-0.0131635	4.16949	3.76454	157.164
1855	-0.0134727	4.16805	3.76771	157.209
1856	-0.013888	4.16661	3.77285	157.254
1857	-0.0136264	4.16517	3.77531	157.3
1858	-0.012512	4.16376	3.77715	157.345
1859	-0.0109379	4.16239	3.77784	157.39
1860	-0.00952353	4.16105	3.78442	157.436
1861	-0.00841382	4.15974	3.78962	157.481
1862	-0.00814574	4.15843	3.79127	157.527
1863	-0.00876526	4.15712	3.79498	157.572
1864	-0.00868632	4.1558	3.80003	157.618
1865	-0.00861599	4.15449	3.79583	157.664
1866	-0.00784722	4.1532	3.79665	157.71
1867	-0.0066243	4.15193	3.80233	157.755
1868	-0.00604391	4.15068	3.80681	157.801
1869	-0.00451219	4.14947	3.81082	157.847
1870	-0.00409639	4.14826	3.81085	157.893
1871	-0.0046145	4.14705	3.81148	157.939
1872	-0.00415411	4.14585	3.80979	157.985
1873	-0.00386962	4.14465	3.80364	158.03
1874	-0.00511973	4.14343	3.79852	158.076
1875	-0.00452032	4.14222	3.79627	158.122
1876	-0.00328182	4.14104	3.78862	158.167
1877	-0.00281259	4.13988	3.78409	158.212
1878	-0.0024558	4.13872	3.77367	158.257
1879	-0.00321673	4.13754	3.77153	158.302
1880	-0.00369511	4.13636	3.77051	158.347
1881	-0.00533223	4.13514	3.76378	158.391
1882	-0.00758811	4.13386	3.76641	158.436
1883	-0.00992056	4.13254	3.77224	158.481
1884	-0.0111647	4.13119	3.77073	158.526
1885	-0.0112246	4.12983	3.77296	158.571
1886	-0.0112668	4.12848	3.77418	158.616
1887	-0.00994199	4.12716	3.77337	158.66
1888	-0.00824319	4.12588	3.77971	158.705
1889	-0.00716772	4.12462	3.78492	158.75
1890	-0.00497242	4.12342	3.79241	158.796
1891	-0.00461348	4.12222	3.79077	158.841
1892	-0.00579043	4.121	3.7934	158.886
1893	-0.00780604	4.11973	3.80024	158.931
1894	-0.0107566	4.1184	3.81332	158.977
1895	-0.0116138	4.11705	3.81014	159.023
1896	-0.012666	4.11567	3.81118	159.068
1897	-0.0128597	4.11429	3.81307	159.114
1898	-0.0122555	4.11293	3.81411	159.159
1899	-0.01303	4.11155	3.809	159.205
1900	-0.0129155	4.11017	3.80994	159.25
1901	-0.0129698	4.10879	3.80932	159.296
1902	-0.0125285	4.10743	3.80621	159.341
1903	-0.012	4.10607	3.8082	159.387
1904	-0.012947	4.1047	3.8047	159.432
1905	-0.0124699	4.10334	3.80554	159.477
1906	-0.0114809	4.102	3.80515	159.523
1907	-0.0108574	4.10068	3.80657	159.568
1908	-0.00926601	4.09939	3.80853	159.613
1909	-0.00909485	4.09811	3.81093	159.659
1910	-0.00931177	4.09683	3.81062	159.704
1911	-0.00948319	4.09554	3.80976	159.75
1912	-0.010986	4.09422	3.81537	159.795
1913	-0.01141	4.09289	3.81778	159.841
1914	-0.0114564	4.09156	3.81904	159.886
1915	-0.0109872	4.09024	3.82051	159.932
1916	-0.0120426	4.0889	3.81818	159.977
1917	-0.0120606	4.08756	3.81576	160.023
1918	-0.0125227	4.08621	3.81599	160.068
1919	-0.0126414	4.08485	3.81369	160.113
1920	-0.0126526	4.0835	3.81598	160.159
1921	-0.0131851	4.08214	3.81698	160.204
1922	-0.0128131	4.08079	3.80612	160.249
1923	-0.0127357	4.07944	3.79692	160.294
1924	-0.0132519	4.07808	3.79076	160.339
1925	-0.0132043	4.07672	3.79195	160.384
1926	-0.0117189	4.07539	3.79388	160.428
1927	-0.0111022	4.07408	3.78855	160.473
1928	-0.0117499	4.07276	3.79115	160.518
1929	-0.0122674	4.07143	3.79004	160.563
1930	-0.0132683	4.07007	3.79132	160.607
1931	-0.0148122	4.06868	3.78686	160.652
1932	-0.0163838	4.06726	3.78	160.696
1933	-0.017251	4.06581	3.77538	160.74
1934	-0.0195926	4.06432	3.77648	160.785
1935	-0.0211415	4.06279	3.7815	160.829
1936	-0.0212808	4.06126	3.78186	160.874
1937	-0.0210924	4.05973	3.78372	160.918
1938	-0.020576	4.05822	3.78118	160.962
1939	-0.0203922	4.05671	3.77471	161.007
1940	-0.020325	4.0552	3.77055	161.051
1941	-0.0200532	4.0537	3.76906	161.095
1942	-0.0204034	4.0522	3.76764	161.139
1943	-0.0213924	4.05067	3.76792	161.183
1944	-0.0212006	4.04915	3.76595	161.227
1945	-0.0208712	4.04764	3.76102	161.271
1946	-0.0207368	4.04613	3.76246	161.314
1947	-0.0198206	4.04464	3.75825	161.358
1948	-0.0190805	4.04317	3.75797	161.402
1949	-0.0179851	4.04173	3.76137	161.446
1950	-0.0167083	4.04031	3.76336	161.49
1951	-0.0178801	4.03888	3.76376	161.533
1952	-0.0192735	4.03741	3.76341	161.577
1953	-0.0194175	4.03593	3.75968	161.621
1954	-0.0197691	4.03445	3.75534	161.664
1955	-0.0201198	4.03297	3.75428	161.708
1956	-0.0202735	4.03148	3.75244	161.751
1957	-0.0207995	4.02998	3.75208	161.795
1958	-0.0203715	4.02849	3.75111	161.838
1959	-0.0209337	4.02699	3.74923	161.882
1960	-0.0200492	4.02551	3.75412	161.925
1961	-0.0189007	4.02406	3.75872	161.969
1962	-0.0191667	4.02261	3.75795	162.012
1963	-0.0190942	4.02115	3.75354	162.056
1964	-0.0199925	4.01968	3.75088	162.099
1965	-0.0194642	4.01822	3.75324	162.143
1966	-0.0193251	4.01676	3.75259	162.186
1967	-0.0182704	4.01533	3.75067	162.229
1968	-0.0172287	4.01392	3.75315	162.273
1969	-0.016062	4.01254	3.74946	162.316
1970	-0.0148319	4.01119	3.74511	162.359
1971	-0.0140103	4.00986	3.74731	162.402
1972	-0.0129472	4.00855	3.74053	162.446
1973	-0.0132987	4.00724	3.74064	162.489
1974	-0.0137064	4.00591	3.73586	162.531
1975	-0.0133438	4.0046	3.73308	162.574
1976	-0.01395	4.00327	3.73389	162.617
1977	-0.0145605	4.00193	3.73432	162.66
1978	-0.0164164	4.00056	3.73675	162.703
