#	<x>	stDevX	<E>	stDevE
0	2.89263	0	7.22175	0
1	2.74809	2.82036	10.5721	8.89691
2	2.57698	3.87386	8.18163	12.2449
3	2.48647	4.63504	9.75364	15.4712
4	2.18336	5.15501	9.94618	18.2701
5	2.02002	5.55572	10.2011	20.8239
6	1.82304	5.85449	8.59047	22.5587
7	1.42892	6.0057	7.35275	23.7521
8	0.858974	5.97693	7.16603	24.8228
9	0.245989	5.77934	8.35354	26.2018
10	-0.233513	5.47102	9.27347	27.7742
11	-0.266745	5.18616	8.8047	29.1358
12	-0.316745	4.91569	8.1751	30.2689
13	-0.294578	4.67509	8.15324	31.3543
14	-0.33098	4.44557	8.41106	32.4668
15	-0.468865	4.20051	8.61305	33.5908
16	-0.466351	3.97334	7.78172	34.4827
17	-0.442383	3.76676	6.49243	35.0565
18	-0.389785	3.58493	5.95327	35.5036
19	-0.385241	3.41504	5.32372	35.8129
20	-0.267348	3.27998	5.10741	36.0813
21	-0.20483	3.16554	4.64275	36.2588
22	-0.110252	3.07668	4.39006	36.3938
23	-0.0598438	3.00279	4.04054	36.4686
24	-0.0158411	2.94158	3.59915	36.4682
25	0.0392468	2.89431	3.11755	36.3882
26	0.0178402	2.84568	2.71983	36.248
27	0.0123553	2.79861	2.69697	36.1198
28	-0.0496281	2.74264	2.80366	36.0258
29	-0.193275	2.66345	3.11398	36.0003
30	-0.285796	2.5711	3.3144	36.0202
31	-0.301177	2.47952	3.47743	36.0764
32	-0.241251	2.4015	3.63433	36.166
33	-0.223277	2.32929	3.59324	36.2536
34	-0.256087	2.2541	3.43008	36.3189
35	-0.258815	2.18095	2.7152	36.2717
36	-0.308801	2.10203	2.61706	36.2164
37	-0.374478	2.015	2.59463	36.1651
38	-0.463807	1.91638	2.95875	36.1785
39	-0.457445	1.82148	2.77694	36.1687
40	-0.479437	1.72573	2.69021	36.151
41	-0.458771	1.63563	2.60704	36.1261
42	-0.428935	1.55231	2.59247	36.1044
43	-0.33769	1.48466	2.69758	36.1035
44	-0.265894	1.42925	2.79309	36.121
45	-0.282531	1.37278	2.72213	36.132
46	-0.285622	1.3172	2.81896	36.1608
47	-0.286454	1.26279	2.8877	36.2027
48	-0.233731	1.21706	2.94188	36.2551
49	-0.179715	1.17992	2.99987	36.3182
50	-0.0929136	1.15565	3.02785	36.3874
51	-0.0421359	1.13891	3.19978	36.4822
52	-0.0294169	1.12432	3.2128	36.5802
53	-0.0562368	1.10648	3.33817	36.6964
54	-0.0775816	1.0862	3.34848	36.8149
55	-0.0578104	1.06898	3.29407	36.927
56	-0.0598065	1.05188	3.2402	37.0328
57	-0.0599399	1.03513	2.98842	37.1069
58	-0.0446342	1.02071	2.87371	37.1675
59	-0.0509681	1.00579	2.66002	37.2023
60	-0.0437086	0.992099	2.5319	37.2227
61	-0.0535961	0.977447	2.27638	37.213
62	-0.0507279	0.963444	2.05464	37.1781
63	-0.0506121	0.949731	1.91047	37.1281
64	-0.044223	0.93707	1.87898	37.0771
65	-0.0570578	0.923084	1.78864	37.018
66	-0.0424385	0.911128	1.61338	36.9406
67	-0.0654039	0.896632	1.60859	36.8657
68	-0.0496182	0.884277	1.6143	36.7944
69	-0.0352971	0.873842	1.66863	36.7325
70	-0.0233968	0.864998	1.70309	36.6773
71	-0.0268953	0.855907	1.75841	36.6311
72	-0.0232443	0.847405	1.77681	36.5894
73	-0.01155	0.840405	1.74602	36.5463
74	-0.0130149	0.833367	1.85999	36.5185
75	-0.0189862	0.825777	1.91906	36.4994
76	0.0196475	0.822692	1.94033	36.4844
77	0.0340425	0.8213	1.81129	36.4566
78	0.0294574	0.819446	1.69657	36.4178
79	0.00662644	0.81511	1.56488	36.3662
80	0.000379518	0.810168	1.42306	36.301
81	0.0288713	0.808443	1.41456	36.237
82	0.0621906	0.810403	1.54632	36.1894
83	0.0554616	0.811638	1.46793	36.1352
84	0.0540162	0.812731	1.43351	36.0791
85	0.070155	0.815569	1.45586	36.0273
86	0.0659469	0.817953	1.31931	35.9627
87	0.0840109	0.82225	1.25805	35.8935
88	0.093103	0.827484	1.09195	35.8087
89	0.111423	0.834605	1.17523	35.7346
90	0.145971	0.845276	1.2393	35.6691
91	0.148655	0.856134	1.18373	35.5996
92	0.126421	0.864607	1.25013	35.5387
93	0.108249	0.871151	1.14309	35.4685
94	0.100548	0.876865	1.19469	35.4052
95	0.0949478	0.881974	1.20385	35.3445
96	0.113765	0.888955	1.22726	35.2878
97	0.118735	0.896388	1.08966	35.2186
98	0.119641	0.903859	1.09634	35.1518
99	0.131282	0.912437	1.018	35.0786
100	0.107303	0.918578	0.889587	34.9944
101	0.0351099	0.917568	1.13387	34.9358
102	-0.0220917	0.910981	1.31423	34.8964
103	-0.0671175	0.900083	1.47598	34.8739
104	-0.095284	0.886574	1.49059	34.8538
105	-0.1403	0.86886	1.68352	34.8533
106	-0.182037	0.847313	1.8499	34.8696
107	-0.221739	0.82218	2.00991	34.9018
108	-0.243179	0.79525	2.08536	34.9416
109	-0.236731	0.769191	2.10504	34.9837
110	-0.227138	0.744289	2.12578	35.0281
111	-0.217437	0.720535	2.1421	35.0743
112	-0.208779	0.697815	2.13675	35.1202
113	-0.18011	0.67798	2.19131	35.1716
114	-0.16065	0.660136	2.23321	35.227
115	-0.128606	0.64542	2.29826	35.2886
116	-0.100306	0.633447	2.33092	35.3534
117	-0.085648	0.622929	2.30111	35.4155
118	-0.0793545	0.613084	2.15644	35.4645
119	-0.0638605	0.604741	2.17224	35.5151
120	-0.048213	0.597893	2.15493	35.5644
121	-0.048923	0.591047	2.15638	35.6139
122	-0.0571039	0.583531	2.1261	35.661
123	-0.063987	0.575469	2.09648	35.7056
124	-0.0727389	0.566702	2.12123	35.7526
125	-0.0634119	0.55884	2.10748	35.7986
126	-0.078917	0.549678	2.15549	35.849
127	-0.0818294	0.540339	2.19055	35.9027
128	-0.0845511	0.530841	2.19821	35.9571
129	-0.0866385	0.521242	2.20597	36.0124
130	-0.0960723	0.510902	2.23136	36.0699
131	-0.0887237	0.501285	2.29998	36.1335
132	-0.0849564	0.492073	2.30266	36.1973
133	-0.0714204	0.4841	2.33882	36.2643
134	-0.0423721	0.478684	2.45598	36.3414
135	-0.00868726	0.476192	2.51975	36.4238
136	0.00909483	0.475238	2.50439	36.5048
137	0.0266636	0.475787	2.52323	36.5872
138	0.0408641	0.477538	2.47803	36.6658
139	0.0355475	0.478836	2.50843	36.7468
140	0.0224903	0.479034	2.47368	36.8248
141	0.019076	0.478952	2.50747	36.9055
142	0.0078284	0.477938	2.54199	36.9889
143	-0.00386667	0.475966	2.58771	37.0761
144	-0.00760817	0.473704	2.55231	37.1601
145	-0.00114951	0.471995	2.59002	37.2471
146	-0.00390173	0.470078	2.53756	37.3297
147	-0.00680815	0.46794	2.51666	37.4104
148	-0.0191684	0.464812	2.5119	37.4906
149	-0.0244978	0.461277	2.51781	37.5711
150	-0.0368758	0.456767	2.5402	37.6534
151	-0.0514942	0.451109	2.52838	37.7346
152	-0.0612397	0.444707	2.45799	37.8099
153	-0.0594995	0.438491	2.41488	37.8817
154	-0.0557167	0.432623	2.34617	37.948
155	-0.0473504	0.427464	2.34601	38.0142
156	-0.0483653	0.422262	2.27812	38.0749
157	-0.0573756	0.416382	2.24554	38.1331
158	-0.0519117	0.410975	2.21782	38.1891
159	-0.039242	0.406604	2.22587	38.2457
160	-0.0213414	0.40367	2.22623	38.3024
161	-0.00364518	0.402145	2.26126	38.3619
162	0.0209753	0.402555	2.31496	38.4255
163	0.0407485	0.404506	2.34319	38.4913
164	0.0471463	0.406945	2.24051	38.5491
165	0.0552374	0.409999	2.22038	38.6053
166	0.0602178	0.413423	2.10736	38.6528
167	0.0583158	0.416683	2.01723	38.6935
168	0.069583	0.420793	2.01655	38.7342
169	0.0583311	0.424021	2.06187	38.7784
170	0.0481915	0.426462	2.09766	38.8255
171	0.0577972	0.429622	2.09193	38.8722
172	0.0709705	0.433765	2.05058	38.9158
173	0.0624132	0.437242	2.01731	38.9569
174	0.0458609	0.439455	2.0052	38.9972
175	0.0362254	0.440935	2.01263	39.0382
176	0.040834	0.442755	1.98625	39.0773
177	0.0542532	0.445572	2.01635	39.1187
178	0.0703148	0.449574	2.06589	39.1639
179	0.0662697	0.453256	2.02434	39.206
180	0.075412	0.457599	2.01464	39.2475
181	0.0864418	0.462737	2.02562	39.2898
182	0.0986726	0.468752	2.04464	39.3337
183	0.120126	0.476315	2.08543	39.3805
184	0.120492	0.483868	2.06959	39.4263
185	0.117396	0.491157	1.98975	39.4662
186	0.101955	0.497285	1.97985	39.5055
187	0.0917989	0.502645	2.03785	39.5491
188	0.0851425	0.507497	2.06943	39.595
189	0.0864278	0.512421	2.0738	39.6413
190	0.0993221	0.518252	2.11879	39.6909
191	0.104239	0.524411	2.11001	39.7398
192	0.115646	0.531361	2.1265	39.7899
193	0.114779	0.538216	2.10207	39.8383
194	0.101916	0.544121	2.07529	39.8848
195	0.0887512	0.549061	1.99479	39.9255
196	0.0770542	0.553149	1.95745	39.9637
197	0.0710411	0.556794	1.93771	40.0005
198	0.0747181	0.560683	1.94005	40.0376
199	0.07885	0.564848	1.97479	40.0772
200	0.07029	0.568394	1.93634	40.1141
201	0.0718143	0.572033	1.97117	40.1535
202	0.0797178	0.57621	2.00385	40.1953
203	0.0799279	0.580386	2.02486	40.2385
204	0.0811877	0.584632	2.04951	40.2836
205	0.0843321	0.589079	2.038	40.3278
206	0.0861141	0.593633	2.01191	40.3702
207	0.0907658	0.598489	1.99272	40.4114
208	0.0981533	0.603836	1.93706	40.4487
209	0.0965904	0.609053	1.93462	40.4859
210	0.0996454	0.614458	1.93662	40.5234
211	0.101085	0.61994	1.9688	40.563
212	0.0977913	0.625175	2.00439	40.6052
213	0.0965876	0.630307	2.00653	40.6475
214	0.0906107	0.635011	2.02112	40.6908
215	0.0885848	0.63956	2.02931	40.7347
216	0.0795711	0.64348	2.04191	40.7794
217	0.0859411	0.647817	1.98353	40.8203
218	0.0887566	0.652327	1.9114	40.8563
219	0.081897	0.656358	1.9301	40.8936
220	0.082222	0.660397	1.8973	40.9287
221	0.0897964	0.664928	1.89258	40.9636
222	0.103177	0.670336	1.89373	40.9985
223	0.109213	0.676125	1.92276	41.0355
224	0.111041	0.682014	1.93777	41.0735
225	0.11909	0.688414	1.97768	41.1142
226	0.124338	0.695138	2.01194	41.1572
227	0.131642	0.702317	2.02616	41.2012
228	0.127466	0.709194	2.00258	41.2435
229	0.127853	0.716069	2.01519	41.2868
230	0.128564	0.722965	2.03725	41.3314
231	0.12561	0.729641	1.98319	41.3726
232	0.137432	0.737064	1.97395	41.4131
233	0.14748	0.745115	2.02097	41.4567
234	0.152557	0.753465	2.00714	41.4995
235	0.150196	0.76163	2.02069	41.5431
236	0.142818	0.769286	2.05016	41.5886
237	0.138928	0.776661	1.99516	41.6306
238	0.13105	0.783501	1.93852	41.6689
239	0.132988	0.79044	1.90667	41.7052
240	0.132341	0.797312	1.86617	41.7389
241	0.127705	0.803862	1.77193	41.7666
242	0.122424	0.810051	1.70715	41.7902
243	0.121486	0.816157	1.67531	41.8119
244	0.117399	0.821982	1.68302	41.8341
245	0.118967	0.827886	1.68088	41.8563
246	0.119048	0.833775	1.6508	41.8766
247	0.130557	0.840372	1.67209	41.8984
248	0.13413	0.847173	1.67859	41.9207
249	0.138353	0.854216	1.70613	41.9448
250	0.13551	0.861056	1.71964	41.9698
251	0.139174	0.868103	1.73741	41.996
252	0.13365	0.874778	1.62742	42.0154
253	0.133807	0.88144	1.51183	42.0276
254	0.134291	0.88811	1.50181	42.0393
255	0.131103	0.894559	1.47868	42.0497
256	0.131113	0.900986	1.48423	42.0605
257	0.122098	0.906832	1.51459	42.0734
258	0.12611	0.912907	1.50731	42.0859
259	0.129171	0.919152	1.47442	42.0964
260	0.130219	0.925441	1.45574	42.1059
261	0.120948	0.931138	1.43492	42.1143
262	0.115119	0.936458	1.39298	42.1202
263	0.105214	0.941153	1.41527	42.1276
264	0.0956213	0.945245	1.40924	42.1347
265	0.0989635	0.94953	1.41991	42.1427
266	0.1012	0.953938	1.44732	42.1524
267	0.0980395	0.958141	1.43564	42.1615
268	0.101636	0.962551	1.4571	42.172
269	0.103838	0.967081	1.4559	42.1826
270	0.11303	0.972155	1.46999	42.1941
271	0.114187	0.977284	1.50166	42.2076
272	0.114434	0.982412	1.52392	42.2226
273	0.122422	0.988006	1.56799	42.2403
274	0.117554	0.993291	1.59022	42.2594
275	0.107465	0.997953	1.62006	42.2804
276	0.0904696	1.00158	1.67557	42.3048
277	0.0796245	1.00455	1.70396	42.331
278	0.0794573	1.00751	1.71932	42.358
279	0.0805995	1.01052	1.73651	42.3862
280	0.0893439	1.01405	1.76387	42.416
281	0.0898488	1.01759	1.73141	42.4439
282	0.0853337	1.02087	1.72037	42.4712
283	0.0882057	1.0243	1.68445	42.4964
284	0.086823	1.02764	1.67019	42.5208
285	0.0919196	1.03127	1.6652	42.545
286	0.0975273	1.03523	1.64687	42.5681
287	0.0996417	1.0393	1.65404	42.5917
288	0.0951138	1.04309	1.64615	42.6149
289	0.0980002	1.04704	1.64432	42.638
290	0.102016	1.05122	1.64788	42.6613
291	0.0989489	1.0552	1.65988	42.6854
292	0.0967484	1.05905	1.66862	42.7101
293	0.0987133	1.063	1.65058	42.7338
294	0.0933541	1.06663	1.6361	42.7566
295	0.0985933	1.07055	1.62464	42.7788
296	0.0999344	1.07454	1.58496	42.7988
297	0.0999266	1.07852	1.58569	42.8189
298	0.107651	1.08294	1.58397	42.8389
299	0.105477	1.08722	1.57475	42.8585
300	0.101049	1.09123	1.56978	42.8778
301	0.104487	1.09543	1.58486	42.898
302	0.105176	1.09966	1.60041	42.9192
303	0.114554	1.10442	1.63344	42.9423
304	0.128313	1.10994	1.67067	42.9676
305	0.140175	1.11614	1.68537	42.9937
306	0.147968	1.12275	1.66748	43.0189
307	0.154621	1.12973	1.65088	43.0431
308	0.154689	1.13669	1.62079	43.0657
309	0.153301	1.14356	1.6381	43.0893
310	0.150413	1.15024	1.65164	43.1137
311	0.150919	1.15693	1.63052	43.137
312	0.151254	1.16362	1.62654	43.16
313	0.154891	1.1705	1.59046	43.1811
314	0.165714	1.17797	1.60753	43.2031
315	0.173968	1.18588	1.60881	43.2253
316	0.177863	1.19399	1.60948	43.2475
317	0.17986	1.20219	1.62231	43.2705
318	0.178316	1.21027	1.63588	43.2943
319	0.169497	1.21785	1.67065	43.32
320	0.169351	1.22539	1.69886	43.3474
321	0.168931	1.23289	1.7351	43.3768
322	0.162676	1.24003	1.76764	43.408
323	0.162732	1.24715	1.79109	43.4405
324	0.162896	1.25425	1.82157	43.4747
325	0.166324	1.26153	1.81476	43.5086
326	0.175093	1.26928	1.84746	43.5442
327	0.178467	1.27718	1.85745	43.5804
328	0.184584	1.28541	1.88575	43.6181
329	0.195422	1.29421	1.93676	43.6586
330	0.197122	1.30307	1.93456	43.699
331	0.204995	1.31235	1.95591	43.7405
332	0.208682	1.3218	1.973	43.7829
333	0.208476	1.33122	1.97647	43.8255
334	0.209172	1.34065	1.97433	43.868
335	0.206723	1.34992	1.99158	43.9113
336	0.211724	1.35944	2.01142	43.9557
337	0.205505	1.36859	2.0219	44.0007
338	0.198548	1.37734	2.03551	44.0463
339	0.198646	1.38608	2.02886	44.0915
340	0.192189	1.39444	2.02445	44.1365
341	0.186168	1.40246	2.04019	44.1823
342	0.182836	1.41028	2.0623	44.2292
343	0.17132	1.41746	2.10793	44.2786
344	0.163887	1.42422	2.14004	44.3296
345	0.16038	1.43078	2.1663	44.3819
346	0.158693	1.43723	2.16618	44.4342
347	0.157375	1.44359	2.18677	44.4876
348	0.14902	1.44949	2.22195	44.5428
349	0.145954	1.45521	2.19943	44.5967
350	0.149227	1.4611	2.22938	44.6521
351	0.154484	1.46725	2.26364	44.7093
352	0.158686	1.47361	2.29149	44.7679
353	0.1616	1.48011	2.30699	44.8272
354	0.166277	1.48684	2.31813	44.8871
355	0.178394	1.4942	2.36533	44.9494
356	0.181516	1.50171	2.38329	45.0125
357	0.182537	1.50925	2.40597	45.0768
358	0.182358	1.51676	2.42772	45.1421
359	0.187018	1.5245	2.43271	45.2075
360	0.195938	1.53269	2.44501	45.2736
361	0.201777	1.54117	2.41741	45.338
362	0.206568	1.54988	2.41013	45.402
363	0.206259	1.55855	2.39726	45.4653
364	0.201393	1.56695	2.39652	45.5284
365	0.193923	1.57493	2.40102	45.5917
366	0.182329	1.5823	2.41919	45.6558
367	0.180988	1.58957	2.40002	45.7188
368	0.178796	1.59672	2.37924	45.7807
369	0.179953	1.60391	2.37108	45.842
370	0.176218	1.61089	2.34313	45.9019
371	0.173385	1.6177	2.29771	45.9593
372	0.177978	1.62474	2.25552	46.0144
373	0.182845	1.63202	2.2116	46.0672
374	0.190342	1.63966	2.17485	46.1181
375	0.191924	1.64737	2.14371	46.1673
376	0.195258	1.65523	2.13498	46.216
377	0.197807	1.66321	2.12161	46.264
378	0.199689	1.67126	2.11268	46.3114
379	0.195796	1.6791	2.09022	46.3577
380	0.189452	1.68659	2.06789	46.4028
381	0.191085	1.69415	2.03978	46.4464
382	0.196003	1.70195	2.04497	46.4902
383	0.196043	1.70973	2.03546	46.5336
384	0.199801	1.71768	2.03211	46.5767
385	0.203116	1.72579	2.03266	46.6198
386	0.202775	1.73385	2.02107	46.6623
387	0.20005	1.74177	2.0338	46.7054
388	0.199904	1.74966	2.04236	46.7489
389	0.197174	1.75739	2.04973	46.7927
390	0.193817	1.76493	2.05184	46.8366
391	0.191788	1.77236	2.03599	46.8797
392	0.183826	1.77937	2.03581	46.9227
393	0.183246	1.78634	2.0548	46.9667
394	0.182987	1.79328	2.07408	47.0116
395	0.182789	1.80019	2.09382	47.0574
396	0.182545	1.80708	2.11693	47.1044
397	0.181925	1.81392	2.12894	47.1519
398	0.179468	1.82062	2.12699	47.1993
399	0.182916	1.82749	2.13798	47.2471
400	0.193256	1.83485	2.15715	47.2959
401	0.200155	1.84254	2.16991	47.3453
402	0.205675	1.8505	2.18625	47.3954
403	0.203686	1.85833	2.17045	47.4448
404	0.201746	1.86605	2.17522	47.4942
405	0.201511	1.87375	2.16953	47.5434
406	0.203422	1.88152	2.16543	47.5923
407	0.201569	1.88919	2.15582	47.6407
408	0.202196	1.89687	2.16142	47.6893
409	0.20162	1.9045	2.16428	47.738
410	0.202245	1.91215	2.16918	47.7869
411	0.196516	1.91951	2.19809	47.8372
412	0.194056	1.92673	2.21416	47.8882
413	0.187989	1.93363	2.23452	47.9401
414	0.178303	1.94005	2.26784	47.9937
415	0.170612	1.94607	2.29237	48.0484
416	0.165591	1.95184	2.30514	48.1036
417	0.152792	1.95698	2.34176	48.1606
418	0.145539	1.96175	2.34719	48.2177
419	0.142921	1.96638	2.36383	48.2756
420	0.13934	1.97084	2.38392	48.3344
421	0.137209	1.97518	2.40164	48.394
422	0.138423	1.97957	2.42044	48.4545
423	0.135387	1.9838	2.44595	48.5161
424	0.132575	1.9879	2.47295	48.5789
425	0.126159	1.99167	2.50647	48.6433
426	0.122013	1.99524	2.51881	48.7082
427	0.123159	1.99886	2.53033	48.7736
428	0.119534	2.0023	2.52672	48.8387
429	0.114409	2.00549	2.51903	48.9033
430	0.113447	2.00862	2.51276	48.9676
431	0.113104	2.01174	2.51024	49.0316
432	0.115923	2.01498	2.51824	49.096
433	0.11282	2.01808	2.48028	49.1585
434	0.103444	2.02071	2.50254	49.2219
435	0.0974463	2.02306	2.51483	49.2859
436	0.0970969	2.02539	2.51741	49.3498
437	0.0892174	2.02734	2.53648	49.4147
438	0.0886633	2.02926	2.54903	49.48
439	0.0897747	2.03124	2.55458	49.5455
440	0.0932207	2.03337	2.56086	49.6112
441	0.0958878	2.03563	2.56303	49.677
442	0.0964617	2.03791	2.54791	49.7419
443	0.09719	2.04023	2.53511	49.8062
444	0.0945766	2.04242	2.54292	49.8707
445	0.100987	2.04491	2.57014	49.9365
446	0.107348	2.0477	2.56398	50.0019
447	0.107885	2.05051	2.55434	50.0667
448	0.10767	2.05331	2.52966	50.1303
449	0.106991	2.05607	2.52954	50.1938
450	0.100143	2.0585	2.54275	50.2578
451	0.0930907	2.0606	2.55755	50.3225
452	0.0928987	2.06269	2.56399	50.3874
453	0.0911067	2.06469	2.58036	50.4529
454	0.092712	2.06677	2.58913	50.5188
455	0.0949989	2.06895	2.60055	50.5852
456	0.0947291	2.07112	2.61347	50.6521
457	0.0927291	2.07319	2.62218	50.7192
458	0.0868509	2.07498	2.60599	50.7856
459	0.0764415	2.07629	2.63543	50.8532
460	0.0698513	2.07729	2.60452	50.9193
461	0.0687805	2.07825	2.58501	50.9844
462	0.0662969	2.07908	2.56829	51.0487
463	0.0628917	2.07976	2.56042	51.1125
464	0.0571362	2.08018	2.55015	51.1758
465	0.0531211	2.08041	2.5581	51.2393
466	0.0460401	2.08031	2.56257	51.303
467	0.0402186	2.07995	2.55161	51.3661
468	0.0365029	2.07942	2.53487	51.4284
469	0.0321132	2.07869	2.53493	51.4905
470	0.0275488	2.07775	2.53874	51.5528
471	0.0213532	2.07654	2.55239	51.6157
472	0.0165371	2.07511	2.55644	51.6786
473	0.00929138	2.07335	2.58367	51.7427
474	0.00517008	2.07141	2.60442	51.8077
475	0.00322677	2.06938	2.61886	51.8733
476	0.000965787	2.06726	2.62777	51.9392
477	-0.000956851	2.06506	2.63284	52.0053
478	-0.00200787	2.06281	2.6427	52.0717
479	-0.0049324	2.06044	2.66417	52.139
480	-0.00448713	2.0581	2.68687	52.2073
481	-0.00630534	2.05568	2.69955	52.276
482	-0.00609375	2.05328	2.70019	52.3447
483	-0.00442231	2.05096	2.70144	52.4134
484	-0.00588526	2.04858	2.69995	52.4819
485	-0.0104824	2.046	2.68024	52.5495
486	-0.0128468	2.04332	2.67463	52.6167
487	-0.0126555	2.04066	2.65096	52.6827
488	-0.0112242	2.03807	2.64157	52.7483
489	-0.0116734	2.03547	2.61601	52.8126
490	-0.0116995	2.03287	2.60774	52.8765
491	-0.0116359	2.03028	2.6043	52.9401
492	-0.0135846	2.02762	2.58782	53.0029
493	-0.010329	2.0251	2.57004	53.0649
494	-0.00957682	2.02263	2.53952	53.1254
495	-0.00959011	2.02017	2.4797	53.1831
496	-0.00624976	2.01786	2.46816	53.2403
497	-0.0042179	2.01564	2.43534	53.296
498	-0.00494495	2.01341	2.39737	53.3499
499	-0.0134281	2.0108	2.35999	53.402
500	-0.0153172	2.00811	2.33762	53.4531
501	-0.0144825	2.00547	2.32146	53.5035
502	-0.0156824	2.00278	2.30432	53.553
503	-0.0165508	2.00006	2.29167	53.602
504	-0.013362	1.99749	2.29393	53.6509
505	-0.0144706	1.99487	2.29122	53.6998
506	-0.0167652	1.99216	2.29807	53.7488
507	-0.0160404	1.98949	2.29362	53.7977
508	-0.0152585	1.98687	2.28137	53.8459
509	-0.0109362	1.98444	2.28985	53.8945
510	-0.00625054	1.98222	2.30888	53.9439
511	-0.00248929	1.98018	2.32306	53.9939
512	0.00149653	1.97832	2.33039	54.0441
513	0.00334016	1.97655	2.33792	54.0946
514	6.0341e-05	1.97463	2.31731	54.1442
515	0.000556509	1.97275	2.31961	54.1938
516	0.00763524	1.97118	2.33291	54.244
517	0.0132896	1.96986	2.3319	54.2941
518	0.0219193	1.96893	2.35165	54.345
519	0.0255353	1.96815	2.35593	54.396
520	0.0253715	1.96738	2.36223	54.4473
521	0.0196011	1.96635	2.35012	54.4979
522	0.0160794	1.96518	2.30646	54.5467
523	0.0124655	1.96385	2.29802	54.595
524	0.00982575	1.96241	2.315	54.644
525	0.00821298	1.96091	2.32209	54.6933
526	0.0128511	1.95961	2.33565	54.7431
527	0.0171116	1.9585	2.33439	54.7929
528	0.0185839	1.95746	2.31924	54.8419
529	0.0144178	1.95624	2.31594	54.8907
530	0.0134369	1.95498	2.30677	54.9391
531	0.0132721	1.95372	2.32022	54.9881
532	0.016647	1.95261	2.30576	55.0363
533	0.0194998	1.95163	2.29619	55.0841
534	0.0214427	1.95073	2.29322	55.1318
535	0.0195011	1.94976	2.30774	55.18
536	0.0162248	1.94865	2.32003	55.2287
537	0.0172134	1.94758	2.33076	55.2779
538	0.0162385	1.94647	2.32592	55.3268
539	0.0174293	1.94542	2.33048	55.3758
540	0.0170061	1.94436	2.32707	55.4246
541	0.0132422	1.94313	2.33461	55.4738
542	0.0097434	1.94177	2.32799	55.5226
543	0.00718288	1.94029	2.33757	55.5717
544	0.0060366	1.93877	2.32376	55.6203
545	0.00911667	1.93739	2.31469	55.6684
546	0.00967548	1.93603	2.3031	55.7159
547	0.0120083	1.93478	2.30315	55.7635
548	0.0118602	1.93353	2.30038	55.8108
549	0.00998633	1.9322	2.30483	55.8584
550	0.00696591	1.93074	2.28355	55.9049
551	0.00736792	1.92931	2.27594	55.9512
552	0.00915078	1.92796	2.2451	55.996
553	0.00827003	1.92657	2.24496	56.0408
554	0.0110876	1.92531	2.2506	56.0859
555	0.0100537	1.924	2.25971	56.1313
556	0.0118326	1.92278	2.26814	56.177
557	0.0148847	1.92169	2.27032	56.2227
558	0.01483	1.9206	2.27802	56.2687
559	0.017157	1.91961	2.27533	56.3146
560	0.0113606	1.91838	2.29034	56.3611
561	0.00746236	1.91699	2.29338	56.4077
562	0.00768858	1.91562	2.2938	56.4543
563	0.0101763	1.91435	2.27706	56.5001
564	0.0149366	1.91328	2.28474	56.5462
565	0.0172915	1.91232	2.28475	56.5922
566	0.0146951	1.91125	2.29966	56.6389
567	0.0131886	1.91013	2.30467	56.6857
568	0.0101582	1.90888	2.31489	56.7329
569	0.00770763	1.90753	2.32113	56.7804
570	0.00556839	1.90609	2.32536	56.8279
571	0.00723183	1.90473	2.32533	56.8755
572	0.00942593	1.90346	2.31816	56.9227
573	0.00956114	1.90221	2.30647	56.9693
574	0.00649099	1.90082	2.30482	57.0159
575	0.000744033	1.89921	2.32297	57.0632
576	-0.00523572	1.89735	2.35017	57.1115
577	-0.0102646	1.89528	2.37041	57.1607
578	-0.0148908	1.89303	2.37393	57.21
579	-0.0213206	1.89051	2.39493	57.2601
580	-0.0240036	1.88789	2.40152	57.3104
581	-0.0262291	1.88519	2.39846	57.3606
582	-0.0283661	1.8824	2.37851	57.4099
583	-0.0254901	1.87974	2.37491	57.459
584	-0.0236639	1.87715	2.36832	57.5078
585	-0.0264145	1.87446	2.35982	57.5562
586	-0.0285713	1.87169	2.33553	57.6035
587	-0.0306018	1.86884	2.33213	57.6507
588	-0.0303983	1.866	2.32423	57.6975
589	-0.0298635	1.8632	2.32183	57.7442
590	-0.027983	1.86047	2.31781	57.7906
591	-0.0301463	1.85766	2.31576	57.837
592	-0.0295608	1.85489	2.31351	57.8832
593	-0.027858	1.85219	2.31642	57.9295
594	-0.028709	1.84946	2.31617	57.9758
595	-0.0293496	1.84671	2.3109	58.0218
596	-0.0309149	1.8439	2.31119	58.0678
597	-0.0337081	1.84098	2.31464	58.1138
598	-0.0354042	1.838	2.32764	58.1604
599	-0.0394279	1.83486	2.33134	58.2071
600	-0.0393271	1.83173	2.34298	58.2542
601	-0.0411663	1.82854	2.35539	58.3018
602	-0.0423755	1.8253	2.36745	58.3499
603	-0.0449787	1.82196	2.37183	58.3981
604	-0.0498176	1.81843	2.38636	58.4468
605	-0.0515682	1.81484	2.39598	58.4959
606	-0.0545435	1.81114	2.40939	58.5455
607	-0.0533504	1.80749	2.42018	58.5955
608	-0.0514391	1.80392	2.42188	58.6455
609	-0.0489566	1.80047	2.42176	58.6954
610	-0.0471123	1.79709	2.43107	58.7457
611	-0.0462028	1.79376	2.43122	58.796
612	-0.0464719	1.79042	2.43931	58.8465
613	-0.0443102	1.78718	2.44796	58.8974
614	-0.0431806	1.78399	2.46016	58.9487
615	-0.0460266	1.78069	2.47049	59.0003
616	-0.0434686	1.7775	2.47843	59.0523
617	-0.04149	1.77439	2.47933	59.1042
618	-0.0403425	1.77134	2.47649	59.156
619	-0.0392639	1.76834	2.48511	59.2081
620	-0.0398268	1.76532	2.49744	59.2606
621	-0.0381985	1.76237	2.50677	59.3134
622	-0.0394426	1.75938	2.51565	59.3666
623	-0.0396414	1.75639	2.51963	59.4199
624	-0.0376841	1.75348	2.5238	59.4733
625	-0.0344056	1.7507	2.52763	59.5268
626	-0.0324549	1.74801	2.52751	59.5802
627	-0.0298183	1.74544	2.54284	59.6342
628	-0.0326578	1.74275	2.55775	59.6888
629	-0.0331091	1.74005	2.55718	59.7433
630	-0.0313597	1.73742	2.54208	59.7971
631	-0.0311026	1.73482	2.55334	59.8513
632	-0.0306171	1.73223	2.55888	59.9057
633	-0.0264215	1.72982	2.56214	59.9602
634	-0.0211869	1.72762	2.55126	60.0142
635	-0.0133905	1.72573	2.54365	60.0679
636	-0.00922382	1.72401	2.54371	60.1215
637	-0.008218	1.72234	2.54787	60.1752
638	-0.00470402	1.72081	2.55885	60.2294
639	-0.00827491	1.71914	2.56345	60.2836
640	-0.00704069	1.71752	2.56141	60.3377
641	-0.0111414	1.71574	2.565	60.3919
642	-0.00837572	1.71408	2.56681	60.4462
643	-0.00773435	1.71245	2.5527	60.4998
644	-0.00927283	1.71076	2.54118	60.553
645	-0.00990333	1.70904	2.52338	60.6054
646	-0.0104043	1.70732	2.50596	60.657
647	-0.0047834	1.70581	2.50282	60.7085
648	-0.00217863	1.70441	2.48708	60.7593
649	-0.00195827	1.70303	2.47767	60.8098
650	-0.000486195	1.7017	2.47888	60.8602
651	0.00279745	1.70051	2.49224	60.9111
652	0.00490603	1.6994	2.48786	60.9618
653	0.002055	1.69818	2.48332	61.0123
654	-0.000497224	1.69687	2.4796	61.0626
655	-5.20815e-05	1.69557	2.47697	61.1127
656	0.00285608	1.6944	2.47838	61.1629
657	0.0026522	1.69321	2.47496	61.2129
658	-0.000265797	1.69192	2.48546	61.2632
659	0.000909804	1.69068	2.47637	61.3132
660	0.00400686	1.68955	2.46704	61.3627
661	0.00611418	1.68852	2.46689	61.4123
662	0.00862112	1.68758	2.47267	61.462
663	0.00695385	1.68658	2.47747	61.5118
664	0.00469519	1.68549	2.47894	61.5617
665	0.00327631	1.68436	2.47943	61.6115
666	0.00497605	1.68329	2.48253	61.6614
667	0.00257859	1.68213	2.48782	61.7115
668	0.00520514	1.68108	2.49738	61.7619
669	0.00775241	1.68012	2.50007	61.8124
670	0.00868513	1.67921	2.50827	61.8631
671	0.00578909	1.67818	2.51641	61.9142
672	0.00539562	1.67714	2.51389	61.965
673	0.00764975	1.6762	2.52798	62.0164
674	0.0104821	1.67536	2.52911	62.0678
675	0.0116416	1.67457	2.51454	62.1186
676	0.0121472	1.6738	2.49624	62.1686
677	0.00923485	1.67292	2.49222	62.2185
678	0.0076574	1.67198	2.49519	62.2684
679	0.00593714	1.67098	2.48338	62.3178
680	0.0069651	1.67002	2.47248	62.3668
681	0.00635224	1.66904	2.45792	62.4152
682	0.00268848	1.66793	2.46028	62.4636
683	-0.00197383	1.66663	2.47559	62.5126
684	-0.00475449	1.66524	2.46317	62.5611
685	-0.00649861	1.66378	2.4534	62.6091
686	-0.00314595	1.66245	2.46335	62.6575
687	-0.00126325	1.66119	2.47163	62.7062
688	-0.000123871	1.65998	2.4722	62.7548
689	0.00112212	1.65882	2.46511	62.8032
690	-0.00183801	1.65756	2.46825	62.8516
691	-0.00473654	1.65618	2.47505	62.9003
692	-0.00277418	1.65488	2.49013	62.9495
693	-0.00327242	1.65356	2.49344	62.9987
694	-0.00357878	1.65224	2.5019	63.0483
695	-0.00410301	1.6509	2.48929	63.0974
696	-0.00216009	1.64963	2.48893	63.1463
697	0.001423	1.64851	2.48434	63.1951
698	0.00316971	1.64745	2.47209	63.2434
699	0.00745952	1.64656	2.46992	63.2916
700	0.00802316	1.64569	2.45892	63.3393
701	0.00704651	1.64478	2.45101	63.3867
702	0.0049996	1.6438	2.45061	63.434
703	0.00726326	1.64291	2.46086	63.4817
704	0.0101009	1.64212	2.46602	63.5295
705	0.00866376	1.64129	2.47242	63.5775
706	0.00433099	1.64029	2.4896	63.6262
707	0.00414633	1.63929	2.48434	63.6746
708	0.00398109	1.63828	2.48658	63.7231
709	0.00433126	1.63729	2.48198	63.7713
710	0.00450399	1.63631	2.48278	63.8196
711	0.00764223	1.63545	2.49159	63.8681
712	0.0130698	1.6348	2.50265	63.917
713	0.0184234	1.63434	2.52536	63.9668
714	0.019059	1.63391	2.53576	64.0168
715	0.0221714	1.6336	2.55602	64.0676
716	0.0240376	1.63336	2.57282	64.119
717	0.0259172	1.63319	2.58502	64.1708
718	0.0229164	1.63291	2.58981	64.2228
719	0.0218668	1.63259	2.58752	64.2746
720	0.019076	1.63217	2.59088	64.3265
721	0.0192999	1.63176	2.58801	64.3782
722	0.018415	1.63131	2.56744	64.4292
723	0.0164635	1.6308	2.55206	64.4795
724	0.011999	1.63012	2.55059	64.5297
725	0.00940729	1.62935	2.54669	64.5798
726	0.00625475	1.62846	2.54403	64.6297
727	0.00332422	1.62747	2.53597	64.6793
728	0.00432805	1.62651	2.53447	64.7288
729	0.00518016	1.62559	2.52649	64.7779
730	0.00863018	1.6248	2.52965	64.8272
731	0.00904388	1.62403	2.51342	64.8758
732	0.00834583	1.62323	2.50394	64.924
733	0.0112637	1.62254	2.51728	64.9726
734	0.0106069	1.62183	2.51758	65.0213
735	0.00939852	1.62107	2.52569	65.0702
736	0.00931441	1.62032	2.53576	65.1194
737	0.00834881	1.61953	2.5481	65.1691
738	0.00813966	1.61873	2.56039	65.2192
739	0.00837795	1.61795	2.57328	65.2697
740	0.0086471	1.61717	2.5719	65.3201
741	0.00564908	1.61629	2.57625	65.3706
742	0.00443813	1.61537	2.57846	65.4212
743	0.00285376	1.61439	2.58625	65.4721
744	0.00109702	1.61335	2.59632	65.5232
745	-0.00102428	1.61223	2.59419	65.5743
746	-0.00387865	1.61101	2.57685	65.6246
747	-0.00707196	1.60967	2.56721	65.6746
748	-0.00968871	1.60825	2.54983	65.7239
749	-0.00993805	1.60681	2.53917	65.7728
750	-0.0073815	1.60547	2.53945	65.8217
751	-0.00379747	1.60427	2.55297	65.871
752	-0.0011379	1.60316	2.5563	65.9204
753	-0.000749294	1.60207	2.56176	65.9699
754	-0.000641966	1.60099	2.56626	66.0196
755	-0.00181512	1.59987	2.5723	66.0695
756	-0.00303721	1.5987	2.56283	66.119
757	-0.00297545	1.59754	2.56289	66.1685
758	-0.00452086	1.59632	2.55841	66.2177
759	-0.00632631	1.59505	2.56514	66.2672
760	-0.00959359	1.59365	2.56951	66.3168
761	-0.013369	1.59212	2.56386	66.3661
762	-0.0128949	1.59061	2.56328	66.4154
763	-0.0146397	1.58905	2.56082	66.4646
764	-0.0146447	1.58748	2.55804	66.5136
765	-0.0145687	1.58592	2.55826	66.5626
766	-0.0135363	1.5844	2.56024	66.6116
767	-0.0130599	1.58289	2.56526	66.6608
768	-0.0122977	1.58142	2.56773	66.71
769	-0.00842541	1.58009	2.57763	66.7596
770	-0.00913367	1.57874	2.58082	66.8092
771	-0.0074343	1.57745	2.57073	66.8585
772	-0.00707629	1.57618	2.57719	66.9079
773	-0.00778956	1.57488	2.58773	66.9577
774	-0.00667025	1.57363	2.60097	67.0079
775	-0.00849883	1.57231	2.61498	67.0586
776	-0.0109937	1.5709	2.62484	67.1096
777	-0.0127988	1.56944	2.63685	67.1609
778	-0.0135204	1.56795	2.64153	67.2125
779	-0.0148184	1.56641	2.65182	67.2643
780	-0.0141983	1.5649	2.65431	67.3162
781	-0.0151952	1.56336	2.65784	67.3682
782	-0.0184972	1.5617	2.67031	67.4206
783	-0.0192335	1.56002	2.67967	67.4733
784	-0.0206806	1.55829	2.68203	67.526
785	-0.0229205	1.55648	2.68397	67.5787
786	-0.0224171	1.5547	2.6848	67.6315
787	-0.0218456	1.55293	2.68513	67.6842
788	-0.0236997	1.55111	2.68977	67.7371
789	-0.0236365	1.54929	2.69709	67.7901
790	-0.0226927	1.5475	2.69675	67.8431
791	-0.0199265	1.54582	2.70311	67.8963
792	-0.0188905	1.54417	2.71273	67.9498
793	-0.0173573	1.54259	2.72001	68.0036
794	-0.0187588	1.54095	2.7104	68.0569
795	-0.0211011	1.53924	2.71286	68.1103
796	-0.0224262	1.53748	2.70317	68.1633
797	-0.0268588	1.53557	2.70025	68.2161
798	-0.027779	1.53362	2.69206	68.2687
799	-0.027515	1.53169	2.69054	68.3211
800	-0.0276815	1.52976	2.68489	68.3733
801	-0.0266855	1.52787	2.6823	68.4254
802	-0.0280579	1.52593	2.68892	68.4776
803	-0.0282016	1.52398	2.67702	68.5295
804	-0.0259516	1.52213	2.6736	68.5811
805	-0.0255096	1.52028	2.67614	68.6328
806	-0.0255429	1.51844	2.6789	68.6846
807	-0.0269985	1.51656	2.68269	68.7364
808	-0.0239077	1.51478	2.68	68.7881
809	-0.0191915	1.51317	2.67412	68.8396
810	-0.0155296	1.51169	2.63266	68.8896
811	-0.0108986	1.51038	2.60094	68.9384
812	-0.00797125	1.50917	2.58446	68.9867
813	-0.00538562	1.50806	2.58244	69.0348
814	-0.00324952	1.50702	2.58498	69.083
815	-0.000409717	1.50609	2.59475	69.1315
816	0.00174259	1.50523	2.59866	69.1801
817	0.00135721	1.50435	2.60978	69.229
818	0.0019546	1.5035	2.6143	69.2781
819	0.0026419	1.50268	2.62084	69.3273
820	0.00382495	1.5019	2.63055	69.3769
821	0.00709095	1.50123	2.63473	69.4266
822	0.00783493	1.5006	2.62862	69.476
823	0.00946376	1.50002	2.62539	69.5253
824	0.0079542	1.49938	2.62172	69.5744
825	0.00658988	1.49871	2.61646	69.6233
826	0.00585153	1.498	2.61223	69.6721
827	0.00215347	1.49718	2.62138	69.7211
828	-0.00104003	1.49624	2.6325	69.7704
829	-0.00369982	1.49521	2.64512	69.8202
830	-0.005421	1.49412	2.65693	69.8703
831	-0.00789271	1.49295	2.66344	69.9207
832	-0.0111344	1.49167	2.66841	69.9711
833	-0.0138187	1.4903	2.6688	70.0216
834	-0.0163006	1.48884	2.67221	70.0721
835	-0.0175664	1.48735	2.67246	70.1226
836	-0.0193984	1.48579	2.68037	70.1733
837	-0.0222019	1.48414	2.69271	70.2245
838	-0.0251792	1.48238	2.69708	70.2757
839	-0.0243369	1.48066	2.70401	70.3272
840	-0.0265934	1.47887	2.71189	70.3789
841	-0.0276618	1.47704	2.71462	70.4306
842	-0.0329239	1.47503	2.72515	70.4827
843	-0.0368025	1.47289	2.73578	70.5351
844	-0.0407037	1.47062	2.73014	70.5872
845	-0.0438279	1.46824	2.72968	70.6393
846	-0.0471286	1.46576	2.73746	70.6917
847	-0.0497992	1.46319	2.75068	70.7444
848	-0.0494655	1.46063	2.75637	70.7974
849	-0.0485629	1.45811	2.76145	70.8504
850	-0.0458504	1.45568	2.76459	70.9035
851	-0.045323	1.45327	2.76559	70.9566
852	-0.0448555	1.45089	2.76447	71.0097
853	-0.0440991	1.44853	2.76716	71.0628
854	-0.0453574	1.44614	2.76239	71.1157
855	-0.0447403	1.44376	2.77133	71.1688
856	-0.0454618	1.44137	2.77518	71.2221
857	-0.0462039	1.43895	2.77645	71.2754
858	-0.0472804	1.4365	2.78529	71.3289
859	-0.0498047	1.43397	2.78053	71.3822
860	-0.0528234	1.43134	2.7815	71.4355
861	-0.0515008	1.42876	2.78096	71.4888
862	-0.0529281	1.42613	2.76008	71.5413
863	-0.0531529	1.4235	2.74817	71.5934
864	-0.0522704	1.4209	2.74808	71.6454
865	-0.0535622	1.41826	2.7526	71.6976
866	-0.0551667	1.41557	2.75292	71.7497
867	-0.0564965	1.41284	2.74745	71.8016
868	-0.0592141	1.41002	2.74065	71.8533
869	-0.0614825	1.40713	2.73195	71.9046
870	-0.0625356	1.4042	2.72562	71.9556
871	-0.0623701	1.40129	2.71274	72.0062
872	-0.0643149	1.39831	2.70264	72.0564
873	-0.0691666	1.39517	2.70112	72.1066
874	-0.0731202	1.39191	2.7126	72.157
875	-0.0763717	1.38853	2.7149	72.2076
876	-0.0784523	1.3851	2.72442	72.2584
877	-0.0799755	1.38161	2.73176	72.3094
878	-0.0816539	1.37807	2.74086	72.3607
879	-0.0802066	1.37459	2.73441	72.4117
880	-0.0795692	1.37113	2.73073	72.4626
881	-0.0780111	1.36773	2.71661	72.513
882	-0.0793022	1.36429	2.71796	72.5634
883	-0.0801157	1.36082	2.71927	72.6138
884	-0.08051	1.35735	2.71901	72.6642
885	-0.0810239	1.35386	2.72476	72.7147
886	-0.0819164	1.35035	2.72098	72.765
887	-0.0815297	1.34686	2.72467	72.8155
888	-0.0785042	1.34347	2.72644	72.8659
889	-0.0786714	1.34008	2.71581	72.916
890	-0.0811756	1.33661	2.72923	72.9665
891	-0.0838183	1.33306	2.73329	73.0171
892	-0.0864893	1.32942	2.73617	73.0678
893	-0.087238	1.32576	2.72766	73.1181
894	-0.0888622	1.32205	2.71878	73.1681
895	-0.0912987	1.31826	2.71963	73.2182
896	-0.0916692	1.31447	2.71136	73.2679
897	-0.0939361	1.31061	2.71068	73.3175
898	-0.0940904	1.30674	2.71218	73.3672
899	-0.0967399	1.30279	2.71465	73.4169
900	-0.0986636	1.29879	2.72191	73.4668
901	-0.0994149	1.29476	2.72407	73.5168
902	-0.0989805	1.29075	2.72352	73.5667
903	-0.098039	1.28678	2.71429	73.6162
904	-0.0992245	1.28277	2.71252	73.6657
905	-0.102191	1.27867	2.71647	73.7153
906	-0.104301	1.27451	2.71167	73.7647
907	-0.106563	1.27027	2.7093	73.814
908	-0.106798	1.26603	2.71213	73.8633
909	-0.107518	1.26177	2.70998	73.9125
910	-0.106925	1.25754	2.70906	73.9617
911	-0.10719	1.25331	2.71183	74.0109
912	-0.109202	1.24901	2.7152	74.0603
913	-0.109389	1.24471	2.71718	74.1096
914	-0.108849	1.24043	2.71566	74.1589
915	-0.108984	1.23616	2.72385	74.2084
916	-0.110209	1.23185	2.73348	74.2582
917	-0.111167	1.22751	2.74296	74.3082
918	-0.110046	1.22321	2.73851	74.3581
919	-0.112466	1.21884	2.74377	74.4081
920	-0.111156	1.21452	2.73821	74.458
921	-0.111597	1.21019	2.72453	74.5073
922	-0.111257	1.20587	2.72065	74.5565
923	-0.110114	1.2016	2.7258	74.6058
924	-0.109996	1.19734	2.72042	74.6549
925	-0.110645	1.19306	2.72588	74.7041
926	-0.111133	1.18877	2.71346	74.7529
927	-0.109754	1.18453	2.71688	74.8018
928	-0.108269	1.18034	2.72721	74.851
929	-0.105345	1.17625	2.72765	74.9002
930	-0.103174	1.17224	2.73242	74.9495
931	-0.102609	1.16825	2.74142	74.9991
932	-0.0993943	1.16438	2.74456	75.0488
933	-0.0953979	1.16063	2.74983	75.0985
934	-0.0913502	1.15703	2.76398	75.1488
935	-0.0869281	1.15357	2.78042	75.1995
936	-0.0830578	1.15024	2.79472	75.2506
937	-0.0802341	1.14701	2.79322	75.3017
938	-0.0794655	1.14381	2.78802	75.3526
939	-0.0783865	1.14065	2.7808	75.4032
940	-0.076111	1.13756	2.7788	75.4537
941	-0.0746008	1.13453	2.77642	75.5041
942	-0.0758524	1.13146	2.78404	75.5547
943	-0.0768098	1.12836	2.78998	75.6055
944	-0.0763652	1.12528	2.79201	75.6563
945	-0.0759529	1.12222	2.79464	75.7071
946	-0.0766831	1.11914	2.80493	75.7583
947	-0.0772691	1.11604	2.81492	75.8097
948	-0.0792719	1.11288	2.82762	75.8616
949	-0.08077	1.10968	2.83635	75.9136
950	-0.0777179	1.10657	2.85089	75.9662
951	-0.0730586	1.10363	2.86961	76.0192
952	-0.0733056	1.10067	2.86834	76.0723
953	-0.0720173	1.09777	2.86577	76.1252
954	-0.0718172	1.09487	2.86815	76.1781
955	-0.0716526	1.09198	2.86954	76.231
956	-0.0697232	1.08916	2.8733	76.2841
957	-0.0671102	1.08642	2.87978	76.3373
958	-0.0657954	1.08373	2.8679	76.3901
959	-0.0644508	1.08109	2.86763	76.4428
960	-0.0637635	1.07847	2.87221	76.4957
961	-0.0625363	1.0759	2.87627	76.5487
962	-0.0596788	1.07342	2.88248	76.6018
963	-0.0578008	1.071	2.88245	76.6549
964	-0.057058	1.06861	2.87498	76.7077
965	-0.0555173	1.06627	2.8713	76.7603
966	-0.0581418	1.06385	2.86697	76.8128
967	-0.0609264	1.06135	2.85659	76.865
968	-0.0639545	1.05875	2.84268	76.9166
969	-0.0668177	1.05606	2.84333	76.9682
970	-0.0679941	1.05333	2.84353	77.0198
971	-0.067363	1.05063	2.8509	77.0716
972	-0.0670855	1.04794	2.85142	77.1234
973	-0.0676278	1.04524	2.85262	77.1752
974	-0.0664056	1.04258	2.84387	77.2267
975	-0.0674515	1.03989	2.82195	77.2775
976	-0.0688602	1.03715	2.81452	77.3279
977	-0.0695514	1.0344	2.80655	77.3781
978	-0.0666502	1.03174	2.79687	77.428
979	-0.0645987	1.02915	2.79978	77.4779
980	-0.0607134	1.02669	2.80624	77.528
981	-0.0614712	1.02421	2.79749	77.5778
982	-0.0610764	1.02174	2.8034	77.6277
983	-0.0602573	1.0193	2.8031	77.6776
984	-0.0596379	1.01689	2.79914	77.7274
985	-0.0604012	1.01445	2.78291	77.7765
986	-0.062052	1.01196	2.76611	77.8252
987	-0.0638237	1.00942	2.76082	77.8736
988	-0.0644231	1.00686	2.75148	77.9217
989	-0.0656308	1.00427	2.73898	77.9694
990	-0.0662905	1.00166	2.73224	78.0168
991	-0.0658781	0.999064	2.72278	78.064
992	-0.0659809	0.996468	2.71856	78.1109
993	-0.0664329	0.993861	2.70877	78.1575
994	-0.0653767	0.991291	2.70953	78.2041
995	-0.0660911	0.9887	2.7072	78.2506
996	-0.0664228	0.986102	2.70434	78.297
997	-0.0666984	0.983498	2.70938	78.3435
998	-0.0660696	0.980917	2.7032	78.3898
999	-0.067253	0.978301	2.70644	78.4362
1000	-0.0682371	0.975657	2.71543	78.4829
1001	-0.0678185	0.97303	2.72114	78.5296
1002	-0.0662624	0.970454	2.72465	78.5765
1003	-0.0653612	0.967909	2.72321	78.6233
1004	-0.0639883	0.96541	2.72097	78.67
1005	-0.0637003	0.962923	2.72861	78.7169
1006	-0.0636757	0.96044	2.7269	78.7638
1007	-0.0648544	0.957922	2.72353	78.8105
1008	-0.0656737	0.955382	2.71655	78.8569
1009	-0.0650141	0.952864	2.70753	78.9031
1010	-0.0667557	0.950295	2.70988	78.9493
1011	-0.0681722	0.947684	2.71015	78.9954
1012	-0.0712131	0.94498	2.71958	79.0419
1013	-0.0746351	0.942172	2.7326	79.0887
1014	-0.0758489	0.939328	2.73159	79.1355
1015	-0.0769484	0.936454	2.72929	79.1821
1016	-0.0744021	0.933662	2.73915	79.2291
1017	-0.0730606	0.930915	2.74207	79.2761
1018	-0.072783	0.928179	2.74278	79.3231
1019	-0.0736073	0.925421	2.74499	79.3702
1020	-0.0723437	0.922705	2.73685	79.4169
1021	-0.0734229	0.919959	2.73028	79.4635
1022	-0.074432	0.917183	2.7266	79.5099
1023	-0.0788694	0.914272	2.71557	79.5559
1024	-0.0828297	0.911241	2.71934	79.602
1025	-0.0856828	0.908123	2.71586	79.648
1026	-0.0861457	0.904995	2.71135	79.6938
1027	-0.0860207	0.901873	2.70335	79.7393
1028	-0.0872176	0.898718	2.69697	79.7847
1029	-0.0875403	0.895555	2.69262	79.8298
1030	-0.0873603	0.892402	2.68905	79.8748
1031	-0.0879962	0.889232	2.68776	79.9198
1032	-0.0861784	0.886122	2.68516	79.9646
1033	-0.086156	0.883016	2.68131	80.0093
1034	-0.0873292	0.879876	2.68729	80.0542
1035	-0.0870166	0.87675	2.69054	80.0992
1036	-0.0876827	0.873606	2.69711	80.1443
1037	-0.0899319	0.870395	2.70339	80.1896
1038	-0.0883939	0.867236	2.71157	80.2351
1039	-0.0884414	0.864078	2.71856	80.2808
1040	-0.0887201	0.860915	2.70555	80.3261
1041	-0.0890179	0.857746	2.70055	80.3712
1042	-0.0913402	0.854508	2.69293	80.416
1043	-0.09427	0.851183	2.69033	80.4608
1044	-0.0935121	0.847884	2.6816	80.5052
1045	-0.0932625	0.844597	2.68644	80.5498
1046	-0.0915759	0.841365	2.68704	80.5943
1047	-0.0901043	0.838182	2.68731	80.6389
1048	-0.0901922	0.835	2.68209	80.6833
1049	-0.0913326	0.831785	2.68622	80.7277
1050	-0.0915418	0.828567	2.67933	80.7719
1051	-0.0908551	0.825374	2.67977	80.8162
1052	-0.0903866	0.822198	2.68078	80.8604
1053	-0.0891896	0.819062	2.67419	80.9044
1054	-0.0866511	0.816008	2.66997	80.9482
1055	-0.0850769	0.813005	2.6633	80.9919
1056	-0.0826823	0.810079	2.66573	81.0355
1057	-0.0823952	0.807164	2.66251	81.0791
1058	-0.0834419	0.804221	2.66153	81.1226
1059	-0.08518	0.801226	2.65687	81.1659
1060	-0.0861316	0.798206	2.65789	81.2092
1061	-0.0877777	0.795138	2.66016	81.2526
1062	-0.0877665	0.792074	2.66415	81.2961
1063	-0.0855838	0.789079	2.67346	81.3398
1064	-0.0850028	0.786106	2.67458	81.3836
1065	-0.0843233	0.783156	2.67263	81.4273
1066	-0.0828521	0.780254	2.66021	81.4705
1067	-0.0809618	0.777413	2.64973	81.5135
1068	-0.082174	0.774537	2.65605	81.5566
1069	-0.0823812	0.771658	2.65438	81.5996
1070	-0.0839003	0.768736	2.64346	81.6423
1071	-0.0840122	0.765813	2.63239	81.6846
1072	-0.0842878	0.762884	2.62097	81.7265
1073	-0.0868164	0.759881	2.6192	81.7684
1074	-0.0870487	0.756874	2.61903	81.8102
1075	-0.0890225	0.75381	2.62107	81.8521
1076	-0.0889313	0.750752	2.61844	81.8939
1077	-0.0882352	0.747718	2.62104	81.9357
1078	-0.0871253	0.74472	2.62613	81.9777
1079	-0.0882816	0.741691	2.63253	82.0198
1080	-0.0873919	0.738691	2.6388	82.0621
1081	-0.0858019	0.735743	2.62967	82.1041
1082	-0.0832216	0.732876	2.6371	82.1464
1083	-0.0796489	0.73012	2.63232	82.1884
1084	-0.0766294	0.727458	2.63557	82.2305
1085	-0.07578	0.724825	2.6309	82.2725
1086	-0.0749403	0.72222	2.61876	82.3141
1087	-0.075706	0.719594	2.61776	82.3556
1088	-0.0792589	0.716863	2.62957	82.3975
1089	-0.0808803	0.714086	2.6371	82.4395
1090	-0.0810407	0.711307	2.64372	82.4818
1091	-0.0820589	0.708499	2.6472	82.5241
1092	-0.0808495	0.705731	2.65172	82.5666
1093	-0.0810884	0.702958	2.64819	82.6089
1094	-0.082677	0.70014	2.65185	82.6513
1095	-0.0808125	0.697381	2.6605	82.6939
1096	-0.079836	0.694654	2.66218	82.7366
1097	-0.0767145	0.692024	2.66452	82.7793
1098	-0.0761004	0.689415	2.65933	82.8219
1099	-0.0761337	0.686807	2.65857	82.8644
1100	-0.0760753	0.684204	2.66503	82.907
1101	-0.0771757	0.68157	2.66662	82.9497
1102	-0.0763623	0.678963	2.65975	82.9922
1103	-0.0748738	0.676403	2.66324	83.0348
1104	-0.0742675	0.673864	2.66767	83.0774
1105	-0.0744599	0.671321	2.67424	83.1203
1106	-0.0743798	0.668784	2.68147	83.1633
1107	-0.0723912	0.666309	2.68014	83.2063
1108	-0.0726483	0.663828	2.68101	83.2493
1109	-0.0739385	0.661311	2.67965	83.2922
1110	-0.0746226	0.658775	2.68661	83.3353
1111	-0.0743372	0.656251	2.68088	83.3782
1112	-0.0749401	0.653711	2.68954	83.4214
1113	-0.074163	0.651197	2.69414	83.4646
1114	-0.0749119	0.648663	2.69989	83.5081
1115	-0.0757746	0.646105	2.69092	83.5512
1116	-0.077123	0.64351	2.67803	83.5939
1117	-0.078398	0.640878	2.6678	83.6363
1118	-0.0783481	0.638251	2.66371	83.6785
1119	-0.0775271	0.635651	2.66405	83.7208
1120	-0.0782273	0.633032	2.66411	83.763
1121	-0.0782636	0.630415	2.67114	83.8054
1122	-0.0770144	0.627837	2.67201	83.8478
1123	-0.0759964	0.625292	2.67099	83.8902
1124	-0.076659	0.62273	2.66735	83.9324
1125	-0.0778953	0.620133	2.67524	83.9748
1126	-0.0787642	0.617513	2.68273	84.0175
1127	-0.079339	0.614878	2.6879	84.0603
1128	-0.0784405	0.612273	2.68959	84.1031
1129	-0.0771735	0.609707	2.68293	84.1457
1130	-0.0768639	0.607153	2.67769	84.1881
1131	-0.0758953	0.604631	2.67952	84.2305
1132	-0.0775307	0.602062	2.66823	84.2726
1133	-0.0777146	0.59949	2.66046	84.3144
1134	-0.0785336	0.596896	2.64463	84.3558
1135	-0.0776856	0.594329	2.63529	84.3968
1136	-0.0754688	0.591831	2.63698	84.4379
1137	-0.0727005	0.589417	2.64466	84.4792
1138	-0.071358	0.587045	2.65132	84.5207
1139	-0.0684136	0.584762	2.66153	84.5624
1140	-0.0660442	0.582552	2.66205	84.6042
1141	-0.0656253	0.580356	2.66338	84.6459
1142	-0.0651106	0.578177	2.66113	84.6876
1143	-0.0628276	0.576068	2.65411	84.729
1144	-0.06234	0.573975	2.63838	84.77
1145	-0.0650237	0.571805	2.62592	84.8106
1146	-0.0666591	0.569588	2.62608	84.8511
1147	-0.0689525	0.567306	2.62798	84.8917
1148	-0.072035	0.564935	2.6324	84.9324
1149	-0.0728247	0.562543	2.63441	84.9732
1150	-0.074334	0.560109	2.63325	85.0139
1151	-0.0745447	0.557671	2.62884	85.0544
1152	-0.0753839	0.55521	2.6168	85.0946
1153	-0.0752035	0.552757	2.61439	85.1347
1154	-0.0747558	0.550319	2.61483	85.1748
1155	-0.0758066	0.547852	2.61417	85.2148
1156	-0.0769115	0.545356	2.61849	85.2549
1157	-0.0774823	0.542844	2.62369	85.2952
1158	-0.0762999	0.54037	2.6222	85.3354
1159	-0.0755125	0.537921	2.6226	85.3757
1160	-0.0758023	0.535466	2.62722	85.416
1161	-0.079392	0.532908	2.63878	85.4566
1162	-0.081403	0.530293	2.64724	85.4975
1163	-0.0824238	0.52765	2.65439	85.5386
1164	-0.0838786	0.524967	2.65291	85.5796
1165	-0.0857771	0.522232	2.65023	85.6205
1166	-0.0860086	0.519491	2.65166	85.6614
1167	-0.0861878	0.516748	2.65129	85.7023
1168	-0.0863564	0.514003	2.65108	85.7432
1169	-0.0856756	0.51128	2.65067	85.784
1170	-0.0859933	0.50855	2.6344	85.8244
1171	-0.0861259	0.505818	2.62931	85.8645
1172	-0.0856211	0.503104	2.63127	85.9048
1173	-0.0850703	0.500408	2.62686	85.9448
1174	-0.0840327	0.497745	2.61851	85.9846
1175	-0.0810514	0.495171	2.61524	86.0243
1176	-0.0792786	0.49265	2.61071	86.0639
1177	-0.0788728	0.490144	2.61034	86.1034
1178	-0.0787025	0.487646	2.60867	86.1428
1179	-0.0774853	0.485184	2.60311	86.1821
1180	-0.0774995	0.482725	2.60775	86.2215
1181	-0.0742561	0.480362	2.6112	86.261
1182	-0.0718331	0.478071	2.60354	86.3002
1183	-0.0704815	0.475822	2.61007	86.3396
1184	-0.0701045	0.473586	2.61757	86.3792
1185	-0.0734298	0.471255	2.6278	86.4191
1186	-0.0747137	0.468889	2.62964	86.459
1187	-0.0771122	0.466455	2.63561	86.4991
1188	-0.0787604	0.463976	2.63795	86.5392
1189	-0.0794637	0.461479	2.62991	86.579
1190	-0.0793851	0.458986	2.62596	86.6188
1191	-0.0810008	0.456448	2.62432	86.6584
1192	-0.0827951	0.453861	2.62263	86.6981
1193	-0.0835181	0.451255	2.61197	86.7373
1194	-0.0844436	0.448625	2.607	86.7764
1195	-0.0869712	0.445924	2.61201	86.8157
1196	-0.089171	0.443161	2.62368	86.8552
1197	-0.0923653	0.440309	2.63389	86.8951
1198	-0.0938271	0.437417	2.63993	86.9351
1199	-0.0938466	0.434527	2.64415	86.9752
1200	-0.0931217	0.43166	2.64796	87.0154
1201	-0.0918134	0.428833	2.64881	87.0556
1202	-0.0917144	0.426012	2.65142	87.0958
1203	-0.0931907	0.423151	2.65232	87.1361
1204	-0.0929038	0.4203	2.6566	87.1764
1205	-0.0956058	0.417374	2.66585	87.217
1206	-0.100047	0.414323	2.679	87.258
1207	-0.103818	0.411165	2.69074	87.2993
1208	-0.105959	0.407949	2.69249	87.3406
1209	-0.108714	0.404657	2.70261	87.3822
1210	-0.109683	0.401339	2.70225	87.4238
1211	-0.110987	0.397987	2.705	87.4654
1212	-0.111005	0.394637	2.71211	87.5072
1213	-0.110325	0.39131	2.71571	87.5491
1214	-0.109425	0.388011	2.72305	87.5912
1215	-0.109792	0.384704	2.7238	87.6333
1216	-0.108837	0.381428	2.72603	87.6754
1217	-0.10674	0.378214	2.73262	87.7177
1218	-0.10507	0.375051	2.73469	87.76
1219	-0.104274	0.371913	2.73944	87.8025
1220	-0.103228	0.368808	2.72029	87.8444
1221	-0.102931	0.365714	2.71384	87.8861
1222	-0.102905	0.362623	2.72077	87.9279
1223	-0.105405	0.359463	2.72279	87.9698
1224	-0.106849	0.356265	2.71782	88.0116
1225	-0.107746	0.353044	2.71468	88.0532
1226	-0.106926	0.349849	2.71226	88.0947
1227	-0.105595	0.346694	2.71868	88.1364
1228	-0.105107	0.343557	2.7238	88.1783
1229	-0.104804	0.34043	2.73194	88.2203
1230	-0.103639	0.337339	2.74026	88.2626
1231	-0.101796	0.334303	2.75026	88.3051
1232	-0.1004	0.33131	2.75361	88.3477
1233	-0.102942	0.328246	2.75781	88.3904
1234	-0.104705	0.325135	2.75794	88.4331
1235	-0.107045	0.32196	2.75824	88.4757
1236	-0.107198	0.318783	2.75519	88.5183
1237	-0.105329	0.315662	2.76474	88.5611
1238	-0.104573	0.312565	2.7726	88.6041
1239	-0.104369	0.309477	2.77985	88.6473
1240	-0.104628	0.306383	2.78649	88.6907
1241	-0.104349	0.3033	2.78973	88.7342
1242	-0.104439	0.300217	2.79016	88.7776
1243	-0.102183	0.297201	2.79491	88.8211
1244	-0.10161	0.294203	2.79543	88.8647
1245	-0.101218	0.291219	2.79832	88.9083
1246	-0.100207	0.288265	2.80086	88.9519
1247	-0.0974035	0.285394	2.80787	88.9958
1248	-0.0968859	0.282539	2.80224	89.0394
1249	-0.0953037	0.279732	2.79346	89.0828
1250	-0.093743	0.276971	2.79187	89.1261
1251	-0.0917355	0.274269	2.78941	89.1694
1252	-0.0915661	0.271573	2.78798	89.2125
1253	-0.0918465	0.268873	2.79103	89.2558
1254	-0.0900331	0.266225	2.7958	89.2991
1255	-0.0883582	0.263627	2.79816	89.3425
1256	-0.0851567	0.261121	2.8086	89.3862
1257	-0.0813856	0.258724	2.80766	89.4298
1258	-0.078594	0.256407	2.80595	89.4734
1259	-0.0769039	0.25414	2.80838	89.517
1260	-0.0754446	0.251915	2.808	89.5605
1261	-0.0746417	0.249715	2.81245	89.6042
1262	-0.0750948	0.247504	2.80783	89.6477
1263	-0.074886	0.245301	2.80683	89.6912
1264	-0.0729285	0.243154	2.80266	89.7346
1265	-0.0703825	0.241081	2.80913	89.7781
1266	-0.0689733	0.239049	2.81477	89.8217
1267	-0.0679827	0.237046	2.81366	89.8653
1268	-0.0681525	0.235041	2.81498	89.9089
1269	-0.0665595	0.233081	2.81188	89.9524
1270	-0.0646036	0.231178	2.81264	89.9959
1271	-0.0642083	0.229288	2.81466	90.0394
1272	-0.065126	0.227373	2.81898	90.083
1273	-0.0657476	0.225443	2.81997	90.1267
1274	-0.0645966	0.223546	2.8252	90.1704
1275	-0.0647631	0.221646	2.82756	90.2143
1276	-0.0659253	0.219715	2.83054	90.2581
1277	-0.0671175	0.217753	2.82565	90.3019
1278	-0.0656501	0.215833	2.82633	90.3456
1279	-0.0649838	0.213933	2.82912	90.3893
1280	-0.0652271	0.212028	2.83135	90.4332
1281	-0.064404	0.210147	2.83559	90.4771
1282	-0.0640979	0.208276	2.83476	90.521
1283	-0.0637216	0.206418	2.83259	90.5647
1284	-0.0626918	0.204589	2.83902	90.6087
1285	-0.0622258	0.202775	2.84117	90.6527
1286	-0.0630218	0.20094	2.84385	90.6967
1287	-0.064885	0.199055	2.84905	90.7409
1288	-0.0671563	0.197108	2.84782	90.785
1289	-0.0685361	0.195124	2.84	90.8289
1290	-0.0684409	0.193145	2.82935	90.8724
1291	-0.0685929	0.191162	2.82326	90.9158
1292	-0.0718486	0.189091	2.82477	90.9592
1293	-0.0750467	0.186933	2.82086	91.0025
1294	-0.0759338	0.184751	2.81505	91.0455
1295	-0.0762283	0.182563	2.80455	91.0883
1296	-0.074113	0.180436	2.79215	91.1307
1297	-0.0717077	0.178377	2.79076	91.1731
1298	-0.0704958	0.176353	2.78697	91.2153
1299	-0.0689074	0.174375	2.77726	91.2572
1300	-0.0693056	0.172387	2.77772	91.2991
1301	-0.068816	0.170415	2.78198	91.3412
1302	-0.0700815	0.168409	2.78696	91.3833
1303	-0.0717803	0.166357	2.79148	91.4256
1304	-0.0742493	0.164239	2.79831	91.468
1305	-0.0752445	0.162095	2.80199	91.5105
1306	-0.0748441	0.159963	2.8052	91.5531
1307	-0.0753919	0.157818	2.80569	91.5956
1308	-0.0738977	0.155716	2.81087	91.6383
1309	-0.0707216	0.153704	2.82525	91.6814
1310	-0.0671693	0.151791	2.83236	91.7247
1311	-0.0646336	0.149949	2.83978	91.7681
1312	-0.0632475	0.148147	2.83908	91.8115
1313	-0.0644836	0.146313	2.82905	91.8546
1314	-0.0675545	0.144395	2.8225	91.8975
1315	-0.069961	0.142412	2.82312	91.9404
1316	-0.0702228	0.140424	2.81747	91.9831
1317	-0.0712767	0.138408	2.81282	92.0257
1318	-0.0699054	0.136432	2.80574	92.068
1319	-0.0686848	0.13449	2.80706	92.1104
1320	-0.0706968	0.132495	2.81427	92.153
1321	-0.0722213	0.130459	2.82	92.1957
1322	-0.0745737	0.128361	2.82091	92.2384
1323	-0.0753693	0.126242	2.82328	92.2811
1324	-0.0761261	0.124103	2.82526	92.3239
1325	-0.0764386	0.121958	2.82531	92.3667
1326	-0.0752029	0.119849	2.82338	92.4094
1327	-0.0745667	0.117758	2.81833	92.4519
1328	-0.0746926	0.115666	2.81148	92.4942
1329	-0.0749253	0.113569	2.80505	92.5364
1330	-0.0764069	0.111433	2.79965	92.5783
1331	-0.0767049	0.10929	2.79704	92.6202
1332	-0.0774598	0.107128	2.80316	92.6622
1333	-0.0760395	0.105007	2.79899	92.7041
1334	-0.0763825	0.102878	2.79759	92.746
1335	-0.075335	0.100779	2.79149	92.7876
1336	-0.0743117	0.0987097	2.79879	92.8295
1337	-0.0749404	0.0966249	2.80369	92.8714
1338	-0.0741675	0.0945627	2.80332	92.9133
1339	-0.0736206	0.092517	2.80027	92.9551
1340	-0.0736337	0.0904725	2.79931	92.9969
1341	-0.0743739	0.0884094	2.79732	93.0386
1342	-0.0738259	0.0863627	2.80089	93.0804
1343	-0.0740716	0.0843109	2.80443	93.1223
1344	-0.0731595	0.0822855	2.80392	93.1641
1345	-0.0731115	0.0802629	2.80453	93.2059
1346	-0.0741872	0.0782125	2.80776	93.2478
1347	-0.0753837	0.076131	2.80301	93.2896
1348	-0.0765015	0.0740207	2.80378	93.3313
1349	-0.0754834	0.0719397	2.79817	93.3729
1350	-0.0754663	0.0698607	2.7918	93.4143
1351	-0.0767108	0.0677494	2.78993	93.4556
1352	-0.0755811	0.0656703	2.79464	93.497
1353	-0.075258	0.0636016	2.78575	93.5382
1354	-0.072945	0.0615972	2.78643	93.5794
1355	-0.0701307	0.0596707	2.79411	93.6207
1356	-0.071217	0.0577162	2.79389	93.6621
1357	-0.0727356	0.0557219	2.78557	93.7032
1358	-0.0729499	0.0537233	2.78397	93.7442
1359	-0.0727801	0.0517308	2.78305	93.7852
1360	-0.074265	0.0496995	2.78939	93.8264
1361	-0.0745374	0.0476623	2.79281	93.8676
1362	-0.0739832	0.0456416	2.79626	93.9089
1363	-0.0732255	0.0436429	2.80042	93.9503
1364	-0.074688	0.0416061	2.8046	93.9918
1365	-0.0763283	0.0395265	2.8063	94.0333
1366	-0.0770506	0.0374288	2.80823	94.0748
1367	-0.0775837	0.0353183	2.81277	94.1165
1368	-0.0772789	0.0332175	2.81745	94.1582
1369	-0.0751314	0.0311763	2.82502	94.2002
1370	-0.0731359	0.0291905	2.82939	94.2422
1371	-0.0710672	0.0272619	2.83595	94.2845
1372	-0.0723613	0.0252998	2.83583	94.3266
1373	-0.072827	0.0233266	2.8388	94.3689
1374	-0.0728944	0.021353	2.84313	94.4112
1375	-0.0733282	0.0193692	2.84537	94.4536
1376	-0.0724767	0.0174098	2.84854	94.4961
1377	-0.071212	0.0154858	2.84482	94.5384
1378	-0.0680936	0.0136472	2.85345	94.581
1379	-0.0670009	0.0118393	2.84385	94.6233
1380	-0.067254	0.0100259	2.84722	94.6656
1381	-0.0670087	0.0082204	2.84739	94.7079
1382	-0.0684203	0.00637828	2.84962	94.7503
1383	-0.0678508	0.00455279	2.85347	94.7928
1384	-0.0689119	0.00270013	2.85723	94.8353
1385	-0.0697845	0.000825365	2.84819	94.8776
1386	-0.0698747	0.00105047	2.83422	94.9195
1387	-0.0687432	0.00289459	2.83608	94.9614
1388	-0.068261	0.00472445	2.83525	95.0033
1389	-0.0685857	0.0065617	2.83239	95.0451
1390	-0.0678337	0.00837748	2.83289	95.0869
1391	-0.0657648	0.0101365	2.83154	95.1286
1392	-0.0634579	0.0118325	2.83002	95.1703
1393	-0.0616737	0.0134795	2.83344	95.212
1394	-0.0600381	0.0150816	2.83412	95.2538
1395	-0.0600699	0.0166833	2.83431	95.2955
1396	-0.0618179	0.0183307	2.83175	95.3371
1397	-0.062067	0.0199835	2.83447	95.3788
1398	-0.0631189	0.0216633	2.83865	95.4206
1399	-0.0636569	0.0233563	2.83701	95.4624
1400	-0.0644678	0.0250697	2.83648	95.5041
1401	-0.0639415	0.0267679	2.83748	95.5458
1402	-0.0643653	0.0284761	2.82784	95.5872
1403	-0.0660437	0.0302279	2.81738	95.6284
1404	-0.0646633	0.0319417	2.82119	95.6696
1405	-0.0647806	0.0336573	2.82117	95.7108
1406	-0.065257	0.0353845	2.82578	95.7521
1407	-0.06515	0.0371076	2.82804	95.7935
1408	-0.0644216	0.03881	2.82425	95.8347
1409	-0.0635014	0.0404868	2.8216	95.8759
1410	-0.0627012	0.0421411	2.82104	95.917
1411	-0.0628512	0.0437982	2.8273	95.9582
1412	-0.0613133	0.0454132	2.83202	95.9996
1413	-0.061971	0.0470446	2.83267	96.041
1414	-0.0608906	0.0486462	2.83264	96.0824
1415	-0.0605571	0.0502377	2.83423	96.1237
1416	-0.058959	0.0517857	2.83831	96.1652
1417	-0.0590745	0.0533357	2.84091	96.2067
1418	-0.0598926	0.0549063	2.84237	96.2483
1419	-0.0605428	0.056493	2.84784	96.29
1420	-0.0609582	0.0580897	2.85147	96.3317
1421	-0.0611356	0.0596899	2.85701	96.3736
1422	-0.0613683	0.0612952	2.86048	96.4156
1423	-0.0612279	0.0628957	2.86591	96.4576
1424	-0.0608383	0.0644847	2.8709	96.4998
1425	-0.0596081	0.0660401	2.87782	96.5422
1426	-0.0603728	0.0676146	2.88488	96.5847
1427	-0.0624492	0.0692429	2.89447	96.6275
1428	-0.0627006	0.0708768	2.90117	96.6704
1429	-0.0611384	0.0724682	2.90568	96.7135
1430	-0.0613091	0.074063	2.90989	96.7566
1431	-0.0623761	0.0756849	2.91528	96.7998
1432	-0.062024	0.0772964	2.91731	96.8431
1433	-0.0613929	0.0788902	2.91601	96.8863
1434	-0.0604687	0.0804584	2.91725	96.9296
1435	-0.0600484	0.0820145	2.91787	96.9728
1436	-0.0601602	0.0835724	2.91426	97.0159
1437	-0.0612553	0.0851581	2.9133	97.059
1438	-0.061913	0.0867601	2.90783	97.1019
1439	-0.0627847	0.0883839	2.91304	97.145
1440	-0.0646331	0.0900553	2.91593	97.1881
1441	-0.067862	0.0918106	2.92919	97.2315
1442	-0.0693219	0.0936031	2.93444	97.2751
1443	-0.0706131	0.0954283	2.93864	97.3187
1444	-0.0715814	0.0972777	2.94375	97.3625
1445	-0.0723253	0.0991454	2.94874	97.4063
1446	-0.0701788	0.100955	2.94811	97.4502
1447	-0.0686975	0.102725	2.9514	97.4941
1448	-0.0661147	0.104426	2.96176	97.5382
1449	-0.0638256	0.106066	2.97048	97.5826
1450	-0.0628891	0.10768	2.97047	97.6269
1451	-0.0614615	0.109255	2.969	97.6712
1452	-0.0608627	0.110813	2.96955	97.7155
1453	-0.0592176	0.112328	2.97518	97.7599
1454	-0.056299	0.113765	2.98661	97.8046
1455	-0.0527518	0.115108	3.00051	97.8496
1456	-0.0504636	0.11639	3.00291	97.8947
1457	-0.0487497	0.117626	3.00487	97.9398
1458	-0.0480561	0.118843	3.00908	97.985
1459	-0.0486563	0.120076	3.01117	98.0303
1460	-0.0500012	0.121342	3.01245	98.0755
1461	-0.0524295	0.122672	3.01451	98.1208
1462	-0.0541367	0.124045	3.01784	98.1662
1463	-0.0565154	0.125479	3.0205	98.2116
1464	-0.0572714	0.126932	3.01689	98.2569
1465	-0.0599253	0.128453	3.01605	98.3021
1466	-0.06107	0.130003	3.00355	98.347
1467	-0.0623923	0.131587	2.99694	98.3918
1468	-0.0630776	0.133187	2.99545	98.4364
1469	-0.0637081	0.134803	2.99964	98.4812
1470	-0.063844	0.136421	3.00463	98.526
1471	-0.0650726	0.138071	3.01112	98.571
1472	-0.0634375	0.139676	3.01547	98.6161
1473	-0.0617336	0.141236	3.01474	98.6612
1474	-0.0611216	0.142779	3.0147	98.7062
1475	-0.0597734	0.144286	3.01484	98.7512
1476	-0.0588062	0.145767	3.01312	98.7962
1477	-0.0579715	0.147225	3.0099	98.8411
1478	-0.05785	0.148679	3.00857	98.8859
1479	-0.0576473	0.150127	3.00524	98.9306
1480	-0.0579049	0.15158	3.0049	98.9752
1481	-0.0595711	0.153076	3.0057	99.0199
1482	-0.0618998	0.154631	3.01002	99.0647
1483	-0.0646997	0.156258	3.01882	99.1097
1484	-0.0673265	0.157952	3.02393	99.1548
1485	-0.0702219	0.15972	3.03518	99.2001
1486	-0.0731143	0.161562	3.04654	99.2458
1487	-0.0733762	0.163409	3.05196	99.2915
1488	-0.0733101	0.165253	3.0563	99.3374
1489	-0.0733123	0.167097	3.05938	99.3833
1490	-0.0732936	0.168938	3.06223	99.4293
1491	-0.0724826	0.170757	3.06188	99.4752
1492	-0.0722727	0.17257	3.0675	99.5213
1493	-0.0716455	0.174365	3.07272	99.5674
1494	-0.0694858	0.176104	3.08313	99.6139
1495	-0.0699814	0.177853	3.08859	99.6604
1496	-0.0707815	0.179623	3.09378	99.7071
1497	-0.0706343	0.181387	3.09379	99.7537
1498	-0.0695438	0.183122	3.09155	99.8003
1499	-0.0713558	0.184903	3.08666	99.8467
1500	-0.0734255	0.186736	3.08731	99.8931
1501	-0.0764505	0.188646	3.09101	99.9396
1502	-0.0796617	0.190637	3.10222	99.9864
1503	-0.0814993	0.192675	3.10917	100.033
1504	-0.082467	0.194736	3.11201	100.08
1505	-0.0829047	0.196807	3.11005	100.127
1506	-0.082179	0.198858	3.1095	100.174
1507	-0.0812205	0.200883	3.1142	100.221
1508	-0.0810978	0.202903	3.11035	100.268
1509	-0.0823266	0.204954	3.11463	100.315
1510	-0.0814279	0.20698	3.12247	100.362
1511	-0.0826951	0.209038	3.12866	100.409
1512	-0.0815788	0.211066	3.13207	100.457
1513	-0.0821579	0.213107	3.12233	100.504
1514	-0.0824123	0.215153	3.12172	100.551
1515	-0.0836582	0.21723	3.12251	100.598
1516	-0.0829947	0.219289	3.11905	100.645
1517	-0.0835849	0.221361	3.12061	100.691
1518	-0.0852226	0.223474	3.12495	100.739
1519	-0.0841409	0.225558	3.12327	100.785
1520	-0.0840996	0.22764	3.11653	100.832
1521	-0.0853198	0.229751	3.11734	100.879
1522	-0.0861769	0.231883	3.12333	100.926
1523	-0.0848981	0.233981	3.12977	100.973
1524	-0.0824786	0.236016	3.13994	101.02
1525	-0.0810534	0.238013	3.14351	101.068
1526	-0.0819117	0.24003	3.14295	101.115
1527	-0.0831224	0.242078	3.14736	101.162
1528	-0.0820523	0.244096	3.15189	101.21
1529	-0.0812372	0.246093	3.15493	101.257
1530	-0.0807632	0.248076	3.1568	101.305
1531	-0.0811419	0.250067	3.15598	101.353
1532	-0.0827573	0.252099	3.15973	101.4
1533	-0.0839819	0.25416	3.16481	101.448
1534	-0.082931	0.256193	3.16681	101.496
1535	-0.0811271	0.258179	3.1725	101.544
1536	-0.0813403	0.260169	3.17101	101.591
1537	-0.0814093	0.26216	3.17032	101.639
1538	-0.082736	0.264183	3.16974	101.687
1539	-0.085528	0.266276	3.17265	101.735
1540	-0.0875308	0.268419	3.17386	101.783
1541	-0.0883403	0.270581	3.17182	101.83
1542	-0.0891717	0.272763	3.17327	101.878
1543	-0.090159	0.274968	3.17272	101.926
1544	-0.0919619	0.277218	3.17398	101.974
1545	-0.0910551	0.279443	3.17634	102.022
1546	-0.0896903	0.281633	3.18141	102.069
1547	-0.0903191	0.283837	3.18201	102.117
1548	-0.0893911	0.286016	3.17886	102.165
1549	-0.0888374	0.288179	3.17832	102.213
1550	-0.0885818	0.290335	3.17576	102.261
1551	-0.0892355	0.292506	3.17438	102.308
1552	-0.0888864	0.294666	3.1743	102.356
1553	-0.0893184	0.296837	3.17826	102.403
1554	-0.0901672	0.299027	3.18129	102.451
1555	-0.0907968	0.301232	3.18432	102.499
1556	-0.0904234	0.303426	3.18578	102.547
1557	-0.0916915	0.305651	3.18797	102.595
1558	-0.0926348	0.307899	3.18167	102.642
1559	-0.0922806	0.310136	3.17155	102.69
1560	-0.0901337	0.312317	3.16536	102.737
1561	-0.0875463	0.314431	3.16602	102.784
1562	-0.0846336	0.316471	3.1736	102.832
1563	-0.0824462	0.318454	3.17716	102.879
1564	-0.0804291	0.320385	3.18115	102.927
1565	-0.0783976	0.322263	3.18293	102.974
1566	-0.0760304	0.32408	3.18657	103.022
1567	-0.0756441	0.325887	3.18205	103.069
1568	-0.0776719	0.327743	3.18247	103.117
1569	-0.0786335	0.329623	3.18171	103.164
1570	-0.0811702	0.331565	3.18508	103.212
1571	-0.0825281	0.33354	3.18574	103.259
1572	-0.0844329	0.335563	3.18927	103.307
1573	-0.0855269	0.337611	3.18578	103.354
1574	-0.085218	0.339651	3.17981	103.402
1575	-0.0841411	0.341662	3.17452	103.449
1576	-0.0852269	0.343699	3.17015	103.496
1577	-0.0865125	0.345767	3.16525	103.543
1578	-0.0876345	0.347862	3.16479	103.589
1579	-0.0883606	0.349975	3.16564	103.636
1580	-0.089061	0.352103	3.16782	103.683
1581	-0.0887659	0.354223	3.16755	103.73
1582	-0.0892582	0.356354	3.17172	103.777
1583	-0.0890749	0.358479	3.17461	103.824
1584	-0.0881116	0.360578	3.17882	103.871
1585	-0.0881792	0.362678	3.17951	103.918
1586	-0.0881037	0.364775	3.18112	103.965
1587	-0.0860314	0.366818	3.18594	104.012
1588	-0.0860013	0.36886	3.18836	104.06
1589	-0.0866237	0.370915	3.19324	104.107
1590	-0.0879227	0.373003	3.19884	104.155
1591	-0.0870691	0.375067	3.20048	104.202
1592	-0.086115	0.377106	3.2051	104.25
1593	-0.0850155	0.379117	3.2105	104.297
1594	-0.084382	0.38111	3.21089	104.345
1595	-0.0835888	0.383082	3.20222	104.392
1596	-0.0827951	0.385034	3.20482	104.44
1597	-0.0831706	0.386993	3.20677	104.487
1598	-0.0840312	0.388973	3.20397	104.535
1599	-0.0863723	0.39101	3.21028	104.582
1600	-0.0857255	0.39303	3.21417	104.63
1601	-0.0838526	0.395002	3.2205	104.678
1602	-0.0836393	0.396967	3.22587	104.726
1603	-0.084893	0.398962	3.23207	104.774
1604	-0.0857907	0.400979	3.23227	104.822
1605	-0.0860597	0.403001	3.23154	104.87
1606	-0.0856494	0.405011	3.22909	104.918
1607	-0.0852168	0.40701	3.22827	104.966
1608	-0.0847499	0.408996	3.22465	105.013
1609	-0.0863857	0.411021	3.21805	105.061
1610	-0.0883726	0.413094	3.22084	105.109
1611	-0.0900728	0.415209	3.22667	105.156
1612	-0.0913748	0.417355	3.22096	105.204
1613	-0.0915773	0.419504	3.22527	105.252
1614	-0.0913445	0.421647	3.22116	105.299
1615	-0.0924363	0.423815	3.2174	105.347
1616	-0.0925979	0.425986	3.21496	105.394
1617	-0.0926858	0.428158	3.22073	105.442
1618	-0.0936802	0.430354	3.21405	105.489
1619	-0.093258	0.432537	3.20787	105.536
1620	-0.0920785	0.43469	3.20958	105.583
1621	-0.0924831	0.436852	3.19926	105.63
1622	-0.0935816	0.439039	3.18982	105.677
1623	-0.0931848	0.441216	3.17903	105.723
1624	-0.090946	0.443336	3.177	105.769
1625	-0.0891222	0.445409	3.17095	105.815
1626	-0.0871809	0.447433	3.17004	105.861
1627	-0.0862665	0.449433	3.16872	105.907
1628	-0.0859098	0.451423	3.1523	105.953
1629	-0.0856603	0.453405	3.14906	105.999
1630	-0.0861888	0.4554	3.15287	106.044
1631	-0.0867831	0.457408	3.15347	106.09
1632	-0.0879575	0.459444	3.14928	106.135
1633	-0.0882637	0.461486	3.14968	106.181
1634	-0.0886918	0.463538	3.148	106.226
1635	-0.0896699	0.465613	3.15076	106.271
1636	-0.0899107	0.467692	3.15145	106.317
1637	-0.0887632	0.469742	3.15673	106.362
1638	-0.0867742	0.471741	3.16253	106.408
1639	-0.085675	0.473713	3.16737	106.454
1640	-0.0855471	0.47568	3.16928	106.5
1641	-0.0863471	0.477665	3.1691	106.545
1642	-0.0871606	0.479669	3.17058	106.591
1643	-0.0877785	0.481688	3.16768	106.637
1644	-0.0883858	0.48372	3.16894	106.682
1645	-0.086958	0.485716	3.17064	106.728
1646	-0.0851757	0.487667	3.17379	106.774
1647	-0.0843681	0.489596	3.1758	106.82
1648	-0.085091	0.491543	3.17337	106.866
1649	-0.0836156	0.493452	3.17413	106.911
1650	-0.0837946	0.495364	3.17629	106.957
1651	-0.0832218	0.497261	3.17957	107.003
1652	-0.0831396	0.499155	3.17847	107.049
1653	-0.0825525	0.501033	3.16989	107.094
1654	-0.0833764	0.502931	3.17106	107.14
1655	-0.0830486	0.504819	3.17237	107.186
1656	-0.0817143	0.506674	3.16286	107.231
1657	-0.0798188	0.508481	3.16731	107.276
1658	-0.0797768	0.510286	3.16885	107.322
1659	-0.0802259	0.5121	3.17023	107.367
1660	-0.0816553	0.513949	3.16759	107.413
1661	-0.0819691	0.515805	3.16679	107.458
1662	-0.0812932	0.517643	3.16429	107.503
1663	-0.0820931	0.519499	3.16552	107.549
1664	-0.0810164	0.521328	3.16865	107.594
1665	-0.0817506	0.523174	3.17397	107.639
1666	-0.0837847	0.525069	3.17792	107.685
1667	-0.0846622	0.526984	3.17796	107.73
1668	-0.0856762	0.528922	3.17135	107.776
1669	-0.0847873	0.530838	3.17028	107.821
1670	-0.0835718	0.532723	3.17095	107.866
1671	-0.0816467	0.53456	3.17481	107.912
1672	-0.0812294	0.536386	3.17693	107.957
1673	-0.0807369	0.538198	3.17222	108.002
1674	-0.0808775	0.540013	3.17767	108.048
1675	-0.0809187	0.541828	3.17814	108.093
1676	-0.079774	0.543614	3.18327	108.139
1677	-0.0792358	0.545386	3.18749	108.184
1678	-0.0795554	0.547165	3.18841	108.23
1679	-0.080611	0.548968	3.18936	108.275
1680	-0.0808281	0.550776	3.19044	108.321
1681	-0.080615	0.552577	3.19378	108.367
1682	-0.0801585	0.554366	3.19639	108.412
1683	-0.0782107	0.556107	3.19696	108.458
1684	-0.0790493	0.557867	3.19245	108.504
1685	-0.0802649	0.559656	3.18948	108.549
1686	-0.0814595	0.561473	3.1914	108.595
1687	-0.0820888	0.563304	3.19192	108.64
1688	-0.0834321	0.565167	3.19154	108.686
1689	-0.0852702	0.567073	3.19498	108.731
1690	-0.0864979	0.569009	3.1975	108.777
1691	-0.0863265	0.570939	3.18107	108.822
1692	-0.086051	0.572861	3.17552	108.867
1693	-0.0863068	0.574788	3.17385	108.912
1694	-0.0872596	0.576738	3.17765	108.957
1695	-0.0870166	0.57868	3.17344	109.002
1696	-0.0863693	0.580606	3.17139	109.047
1697	-0.085993	0.582521	3.17244	109.092
1698	-0.0845635	0.5844	3.17659	109.137
1699	-0.0838725	0.586262	3.17953	109.182
1700	-0.0833672	0.588111	3.18357	109.227
1701	-0.0823209	0.589933	3.1888	109.272
1702	-0.0822404	0.591752	3.18729	109.317
1703	-0.0809856	0.59354	3.18204	109.362
1704	-0.0807977	0.595322	3.17369	109.407
1705	-0.0817407	0.597126	3.17372	109.452
1706	-0.0815	0.598923	3.17051	109.496
1707	-0.0817094	0.600725	3.16286	109.541
1708	-0.0810762	0.602509	3.15568	109.585
1709	-0.0815538	0.604305	3.14012	109.629
1710	-0.0809516	0.606085	3.13261	109.673
1711	-0.0811616	0.607869	3.12713	109.716
1712	-0.0809383	0.609647	3.1302	109.76
1713	-0.0808961	0.611422	3.12956	109.803
1714	-0.0819844	0.613223	3.13412	109.847
1715	-0.0827131	0.615041	3.13592	109.891
1716	-0.0826812	0.616857	3.12906	109.934
1717	-0.0818712	0.618652	3.12381	109.978
1718	-0.0816924	0.620442	3.12638	110.021
1719	-0.0820046	0.622238	3.13249	110.065
1720	-0.0819552	0.624032	3.13641	110.108
1721	-0.0825145	0.625839	3.13883	110.152
1722	-0.0829598	0.627656	3.1378	110.195
1723	-0.0808557	0.62942	3.14177	110.239
1724	-0.0785005	0.631128	3.14648	110.283
1725	-0.0774307	0.632808	3.15203	110.327
1726	-0.0764282	0.634464	3.15578	110.371
1727	-0.0756897	0.6361	3.15638	110.415
1728	-0.0736102	0.637686	3.16027	110.459
1729	-0.0717998	0.639228	3.16329	110.503
1730	-0.0712541	0.640755	3.16184	110.547
1731	-0.0716844	0.642292	3.16515	110.591
1732	-0.0717334	0.64383	3.16819	110.635
1733	-0.0702812	0.645331	3.16988	110.68
1734	-0.0700327	0.646826	3.16862	110.724
1735	-0.0706022	0.648334	3.1724	110.768
1736	-0.0699698	0.649826	3.17124	110.812
1737	-0.0701699	0.651322	3.16768	110.856
1738	-0.0699084	0.652811	3.16541	110.9
1739	-0.0681041	0.654255	3.16907	110.944
1740	-0.0650682	0.655626	3.17835	110.989
1741	-0.0629641	0.656947	3.18728	111.033
1742	-0.0615095	0.658231	3.19286	111.078
1743	-0.0617848	0.659521	3.19454	111.123
1744	-0.0617667	0.660811	3.19371	111.167
1745	-0.0624302	0.662115	3.19194	111.212
1746	-0.0633513	0.663441	3.19358	111.256
1747	-0.0636951	0.664774	3.19498	111.301
1748	-0.0643654	0.666123	3.19614	111.345
1749	-0.0653343	0.667494	3.19789	111.39
1750	-0.0657055	0.668873	3.19576	111.435
1751	-0.0672807	0.67029	3.19679	111.479
1752	-0.0683787	0.671731	3.19833	111.524
1753	-0.0699954	0.673211	3.19601	111.568
1754	-0.0717478	0.674731	3.20322	111.613
1755	-0.0708612	0.67623	3.20984	111.658
1756	-0.0706895	0.677723	3.20961	111.703
1757	-0.0717108	0.67924	3.21432	111.747
1758	-0.0719886	0.680763	3.214	111.792
1759	-0.071971	0.682285	3.2168	111.837
1760	-0.0726833	0.683823	3.22024	111.882
1761	-0.072957	0.685366	3.22125	111.927
1762	-0.0735353	0.686923	3.22236	111.972
1763	-0.0741933	0.688494	3.22597	112.017
1764	-0.0723186	0.69002	3.22848	112.062
1765	-0.0716971	0.691531	3.2307	112.107
1766	-0.0711239	0.693027	3.23001	112.153
1767	-0.0714303	0.694529	3.22936	112.198
1768	-0.072528	0.696057	3.23066	112.243
1769	-0.0728411	0.697591	3.22892	112.288
1770	-0.0730108	0.699129	3.22769	112.333
1771	-0.0725111	0.700653	3.22548	112.378
1772	-0.0730743	0.702191	3.22325	112.423
1773	-0.0734633	0.703737	3.22092	112.467
1774	-0.0733804	0.70528	3.21556	112.512
1775	-0.0727682	0.706808	3.21279	112.557
1776	-0.0734018	0.70835	3.20648	112.601
1777	-0.0748964	0.709926	3.21089	112.645
1778	-0.0749098	0.711502	3.21056	112.69
1779	-0.0751379	0.713083	3.21361	112.734
1780	-0.076021	0.714684	3.20785	112.779
1781	-0.0756369	0.716275	3.20557	112.823
1782	-0.0747341	0.717843	3.20884	112.867
1783	-0.0741888	0.719398	3.20893	112.912
1784	-0.0729435	0.720923	3.21055	112.956
1785	-0.0744609	0.722482	3.213	113
1786	-0.0761079	0.72408	3.21613	113.045
1787	-0.0754075	0.725661	3.21892	113.089
1788	-0.0759978	0.727254	3.22323	113.134
1789	-0.0762452	0.728853	3.22507	113.179
1790	-0.0755567	0.730434	3.22675	113.223
1791	-0.0745165	0.73199	3.23096	113.268
1792	-0.0734468	0.73352	3.23522	113.313
1793	-0.0730898	0.735041	3.23411	113.358
1794	-0.07257	0.736549	3.23623	113.402
1795	-0.0726006	0.738056	3.23986	113.447
1796	-0.0729442	0.739571	3.24148	113.492
1797	-0.0721573	0.741067	3.24057	113.537
1798	-0.0717647	0.742553	3.23871	113.582
1799	-0.0720219	0.744044	3.23842	113.626
1800	-0.0731162	0.74556	3.23645	113.671
1801	-0.0732848	0.747079	3.23461	113.716
1802	-0.0738612	0.748611	3.23309	113.76
1803	-0.0723561	0.750106	3.23474	113.805
1804	-0.0701902	0.75155	3.23669	113.85
1805	-0.0683263	0.75295	3.23617	113.894
1806	-0.0663353	0.754301	3.24042	113.939
1807	-0.0648997	0.755619	3.2436	113.984
1808	-0.0651391	0.756941	3.24667	114.029
1809	-0.0649001	0.758257	3.24574	114.073
1810	-0.0645445	0.759564	3.24308	114.118
1811	-0.0659432	0.760903	3.2382	114.163
1812	-0.0661002	0.762246	3.22756	114.207
1813	-0.0670631	0.76361	3.22818	114.251
1814	-0.0690356	0.765019	3.22918	114.296
1815	-0.0710491	0.766476	3.23261	114.34
1816	-0.0724269	0.767964	3.23199	114.384
1817	-0.0726616	0.769456	3.22993	114.429
1818	-0.0737346	0.770973	3.22393	114.473
1819	-0.0734634	0.772483	3.21827	114.517
1820	-0.073815	0.774	3.20814	114.56
1821	-0.0736231	0.775512	3.20498	114.604
1822	-0.0742686	0.777038	3.20185	114.648
1823	-0.0735067	0.778546	3.19195	114.691
1824	-0.0745683	0.780078	3.19128	114.734
1825	-0.0743454	0.781604	3.19152	114.778
1826	-0.0753878	0.783153	3.19345	114.821
1827	-0.0760304	0.784717	3.19076	114.864
1828	-0.0765201	0.786291	3.18889	114.907
1829	-0.0769646	0.787875	3.18896	114.95
1830	-0.0779614	0.789482	3.1864	114.993
1831	-0.0790774	0.791113	3.19062	115.037
1832	-0.0807328	0.792783	3.19385	115.08
1833	-0.0816806	0.794473	3.19411	115.123
1834	-0.0829321	0.796192	3.19869	115.166
1835	-0.0831187	0.797915	3.19854	115.21
1836	-0.0828705	0.799631	3.19392	115.253
1837	-0.0833191	0.801356	3.19485	115.296
1838	-0.0847344	0.803114	3.19596	115.339
1839	-0.0851853	0.804881	3.19378	115.382
1840	-0.0864125	0.806676	3.18559	115.425
1841	-0.0873946	0.808493	3.18695	115.468
1842	-0.0880842	0.810325	3.18875	115.511
1843	-0.0889619	0.812176	3.19043	115.554
1844	-0.0901233	0.814054	3.19225	115.597
1845	-0.0908279	0.815947	3.19057	115.64
1846	-0.0915402	0.817856	3.1841	115.683
1847	-0.0907288	0.819744	3.18304	115.725
1848	-0.0913726	0.821647	3.1764	115.768
1849	-0.0907379	0.823534	3.17848	115.81
1850	-0.0898192	0.825399	3.17683	115.853
1851	-0.0889357	0.827242	3.17708	115.896
1852	-0.0890867	0.829088	3.17567	115.938
1853	-0.0889573	0.83093	3.17717	115.981
1854	-0.0887853	0.832767	3.16773	116.023
1855	-0.0891158	0.834611	3.15984	116.065
1856	-0.0895252	0.836463	3.15442	116.107
1857	-0.0905082	0.838337	3.15527	116.149
1858	-0.0902405	0.840204	3.15406	116.191
1859	-0.0900486	0.842066	3.15439	116.233
1860	-0.0887576	0.843897	3.15412	116.275
1861	-0.0874832	0.845697	3.15936	116.317
1862	-0.086227	0.847467	3.1634	116.359
1863	-0.0864673	0.849242	3.16144	116.401
1864	-0.0874063	0.851038	3.16395	116.443
1865	-0.0873165	0.852831	3.16634	116.485
1866	-0.0870628	0.854617	3.16662	116.527
1867	-0.0871555	0.856404	3.1682	116.569
1868	-0.0867057	0.858181	3.16693	116.611
1869	-0.0869947	0.859962	3.16579	116.653
1870	-0.0868705	0.86174	3.16914	116.695
1871	-0.0880345	0.863545	3.16661	116.737
1872	-0.0893214	0.865377	3.16392	116.779
1873	-0.0891759	0.867206	3.16453	116.821
1874	-0.0893541	0.869038	3.16744	116.863
1875	-0.0879111	0.870835	3.17326	116.905
1876	-0.0859925	0.872588	3.17468	116.947
1877	-0.084109	0.874296	3.17883	116.989
1878	-0.0828399	0.875974	3.17925	117.032
1879	-0.0823584	0.87764	3.17122	117.074
1880	-0.08293	0.879319	3.16985	117.116
1881	-0.0824972	0.880986	3.17225	117.158
1882	-0.0830268	0.882665	3.17519	117.2
1883	-0.084335	0.884373	3.17663	117.242
1884	-0.0853932	0.886105	3.17837	117.284
1885	-0.085933	0.887849	3.17924	117.326
1886	-0.0841442	0.88955	3.1849	117.368
1887	-0.0827659	0.891219	3.1837	117.41
1888	-0.0812149	0.892851	3.1831	117.452
1889	-0.0795335	0.894444	3.18772	117.495
1890	-0.0787126	0.896017	3.18958	117.537
1891	-0.0769293	0.897549	3.19426	117.579
1892	-0.0762362	0.899063	3.19736	117.622
1893	-0.0756767	0.900565	3.1991	117.664
1894	-0.0764244	0.902082	3.20398	117.707
1895	-0.077825	0.903631	3.20922	117.749
1896	-0.0776235	0.905175	3.19587	117.792
1897	-0.0766168	0.906695	3.19418	117.834
1898	-0.0754712	0.908188	3.19394	117.876
1899	-0.0739465	0.909645	3.19258	117.919
1900	-0.0733045	0.911086	3.18257	117.96
1901	-0.0725709	0.91251	3.17786	118.002
1902	-0.0714669	0.913909	3.17389	118.044
1903	-0.069612	0.915264	3.17682	118.086
1904	-0.0681601	0.916585	3.18039	118.128
1905	-0.0683152	0.917909	3.17597	118.17
1906	-0.0678764	0.919222	3.17821	118.211
1907	-0.0671309	0.920518	3.18251	118.253
1908	-0.0660974	0.921789	3.18669	118.295
1909	-0.0639459	0.923011	3.19096	118.337
1910	-0.0632087	0.924215	3.19362	118.379
1911	-0.0623585	0.925399	3.19099	118.421
1912	-0.0620979	0.926577	3.19454	118.463
1913	-0.0636858	0.92779	3.19764	118.505
1914	-0.0639256	0.929008	3.19583	118.548
1915	-0.0639898	0.930228	3.19072	118.59
1916	-0.0631233	0.931426	3.18922	118.631
1917	-0.0626001	0.932613	3.19164	118.673
1918	-0.0628129	0.933803	3.19235	118.715
1919	-0.0626067	0.934989	3.19507	118.757
1920	-0.0610049	0.936137	3.19781	118.799
1921	-0.0600465	0.937263	3.1971	118.841
1922	-0.0595131	0.938376	3.19783	118.883
1923	-0.0594974	0.939488	3.19698	118.925
1924	-0.0602326	0.940617	3.19338	118.967
1925	-0.060885	0.94176	3.19262	119.009
1926	-0.0614121	0.942914	3.19503	119.051
1927	-0.0621758	0.944085	3.19775	119.093
1928	-0.0627349	0.945269	3.20045	119.135
1929	-0.0644473	0.94649	3.20381	119.177
1930	-0.0656393	0.947739	3.20711	119.219
1931	-0.0662672	0.949001	3.21018	119.261
1932	-0.0659773	0.950256	3.20833	119.303
1933	-0.065595	0.951501	3.21185	119.346
1934	-0.0651981	0.952737	3.21373	119.388
1935	-0.0666781	0.954006	3.21696	119.43
1936	-0.0670472	0.955283	3.21108	119.472
1937	-0.0656251	0.956527	3.21477	119.514
1938	-0.0642704	0.95774	3.20961	119.556
1939	-0.0631655	0.958927	3.20532	119.598
1940	-0.0629342	0.960108	3.20573	119.64
1941	-0.0638648	0.96131	3.20704	119.682
1942	-0.063812	0.96251	3.20784	119.724
1943	-0.0651661	0.96374	3.21236	119.766
1944	-0.0660616	0.96499	3.21336	119.808
1945	-0.0652967	0.966222	3.21747	119.851
1946	-0.0641909	0.967428	3.21839	119.893
1947	-0.0641161	0.968632	3.22356	119.935
1948	-0.0628036	0.969806	3.23082	119.977
1949	-0.0621166	0.970964	3.23239	120.02
1950	-0.0612064	0.9721	3.23412	120.062
1951	-0.0602093	0.973214	3.23725	120.105
1952	-0.0608506	0.974341	3.23689	120.147
1953	-0.0620282	0.975495	3.24023	120.19
1954	-0.0626711	0.976663	3.24071	120.232
1955	-0.0638503	0.977856	3.2444	120.275
1956	-0.0643944	0.979062	3.2456	120.318
1957	-0.0647045	0.980274	3.2476	120.36
1958	-0.0660055	0.981515	3.25075	120.403
1959	-0.0671743	0.982781	3.24011	120.445
1960	-0.0675119	0.984055	3.23743	120.488
1961	-0.0673685	0.985325	3.22978	120.53
1962	-0.0665608	0.986576	3.22783	120.572
1963	-0.0657016	0.987807	3.22506	120.614
1964	-0.0657426	0.989038	3.22091	120.656
1965	-0.0666376	0.99029	3.21912	120.698
1966	-0.0661228	0.991528	3.22126	120.74
1967	-0.0662002	0.992769	3.21848	120.782
1968	-0.0655948	0.993994	3.21234	120.824
1969	-0.0656236	0.99522	3.21017	120.865
1970	-0.0655291	0.996444	3.20765	120.907
1971	-0.0649599	0.997654	3.20415	120.948
1972	-0.065223	0.998869	3.20352	120.99
1973	-0.0648474	1.00008	3.20208	121.031
1974	-0.0638895	1.00126	3.19559	121.073
1975	-0.0636557	1.00244	3.19657	121.114
1976	-0.0636875	1.00362	3.19799	121.155
1977	-0.0640469	1.0048	3.19913	121.196
1978	-0.0648836	1.00601	3.19946	121.238
